File Format, WaveformXYValues
Format Version, 1
Instrument, N1045A,04F,LOJ
SwVersion, A.06.71.21
SerialNumber, MY56260108
Date, 11/29/2023 13:18:43 GMT+08:00

Source Name, Channel 1A

Points, 2048
Signal Type, Unspecified
Channel Bandwidth, 2E+10
Channel Noise, 6.66857143682292E-05
X Units, Second
Y Units, Volt
Data, 
1.73636E-07, -0.000749137361097032
1.73637953125E-07, -0.000699920304159708
1.7363990625E-07, -0.00111590580096626
1.73641859375E-07, -0.000637111076287262
1.736438125E-07, -0.000714766815513579
1.73645765625E-07, -0.000735834022058786
1.7364771875E-07, -0.000733741683919813
1.73649671875E-07, -0.00073044110764402
1.73651625E-07, -0.00101411576213182
1.73653578125E-07, -0.000924452454469357
1.7365553125E-07, -0.000785507959795237
1.73657484375E-07, -0.000860335467776769
1.736594375E-07, -0.00099183244532688
1.73661390625E-07, -0.00104006271021312
1.7366334375E-07, -0.000883474370386378
1.73665296875E-07, -0.00124061209074923
1.7366725E-07, -0.00106964268663295
1.73669203125E-07, -0.00113380114972798
1.7367115625E-07, -0.00108334818082719
1.73673109375E-07, -0.0011735583397196
1.736750625E-07, -0.00102290513415079
1.73677015625E-07, -0.00119724675477578
1.7367896875E-07, -0.00110663746663349
1.73680921875E-07, -0.000968560532713501
1.73682875E-07, -0.00126397587074035
1.73684828125E-07, -0.00113634599563269
1.7368678125E-07, -0.00123449803027957
1.73688734375E-07, -0.00130665348621011
1.736906875E-07, -0.00144478664522412
1.73692640625E-07, -0.00108323861685596
1.7369459375E-07, -0.00136464574810541
1.73696546875E-07, -0.00133703306845034
1.736985E-07, -0.00111265546215388
1.73700453125E-07, -0.00109775742390207
1.7370240625E-07, -0.00115084427460652
1.73704359375E-07, -0.0010886261787373
1.737063125E-07, -0.00120990841951404
1.73708265625E-07, -0.00133942780502312
1.7371021875E-07, -0.00115873532304652
1.73712171875E-07, -0.000943300825319923
1.73714125E-07, -0.00124356311620467
1.73716078125E-07, -0.0014050683768847
1.7371803125E-07, -0.00129557592427089
1.73719984375E-07, -0.00101379776780864
1.737219375E-07, -0.00159607684218273
1.73723890625E-07, -0.0013776410101142
1.7372584375E-07, -0.00151484587108098
1.73727796875E-07, -0.00129318142946311
1.7372975E-07, -0.00167761721084171
1.73731703125E-07, -0.0014477892573688
1.7373365625E-07, -0.00131358377608875
1.73735609375E-07, -0.00123551909531674
1.737375625E-07, -0.00168239320947599
1.73739515625E-07, -0.00131231957412776
1.7374146875E-07, -0.00144444276287395
1.73743421875E-07, -0.00131945643958004
1.73745375E-07, -0.00126632601223406
1.73747328125E-07, -0.00121503719157527
1.7374928125E-07, -0.00146330936401885
1.73751234375E-07, -0.001558559425933
1.737531875E-07, -0.0017309284873529
1.73755140625E-07, -0.00128559189629844
1.7375709375E-07, -0.00166719692270675
1.73759046875E-07, -0.00168612045301329
1.73761E-07, -0.00150774839036056
1.73762953125E-07, -0.00158502568205341
1.7376490625E-07, -0.00163959492395288
1.73766859375E-07, -0.00166212812008669
1.737688125E-07, -0.00157495534303924
1.73770765625E-07, -0.00163157499151084
1.7377271875E-07, -0.00177207369920732
1.73774671875E-07, -0.0015908236433648
1.73776625E-07, -0.00176001744073675
1.73778578125E-07, -0.00140322037442465
1.7378053125E-07, -0.00167629232361873
1.73782484375E-07, -0.00160655567622638
1.737844375E-07, -0.00172772573804676
1.73786390625E-07, -0.00160603431490847
1.7378834375E-07, -0.00150292327752734
1.73790296875E-07, -0.00163314838651672
1.7379225E-07, -0.0017465660595697
1.73794203125E-07, -0.00160366882653212
1.7379615625E-07, -0.00183687078170255
1.73798109375E-07, -0.00188452294402201
1.738000625E-07, -0.0018594491049343
1.73802015625E-07, -0.00189502051073826
1.7380396875E-07, -0.00195026566541471
1.73805921875E-07, -0.00225729031765114
1.73807875E-07, -0.00213601710031818
1.73809828125E-07, -0.0016800517300927
1.7381178125E-07, -0.00197242118334082
1.73813734375E-07, -0.00208263550132947
1.738156875E-07, -0.00244282822748312
1.73817640625E-07, -0.00212521700640768
1.7381959375E-07, -0.00224429536935697
1.73821546875E-07, -0.00254229375163115
1.738235E-07, -0.00197968854386393
1.73825453125E-07, -0.00275327219547714
1.7382740625E-07, -0.002381908715984
1.73829359375E-07, -0.00244255236574041
1.738313125E-07, -0.00253902650444325
1.73833265625E-07, -0.00256939464884772
1.7383521875E-07, -0.0026735438055134
1.73837171875E-07, -0.0026017977820452
1.73839125E-07, -0.00267807229158676
1.73841078125E-07, -0.00284726716716381
1.7384303125E-07, -0.00300384435074986
1.73844984375E-07, -0.00259180596908274
1.738469375E-07, -0.00327124133760345
1.73848890625E-07, -0.00267510184834334
1.7385084375E-07, -0.00285784778467248
1.73852796875E-07, -0.00309363525251763
1.7385475E-07, -0.00311053963881965
1.73856703125E-07, -0.00320007326270385
1.7385865625E-07, -0.00339845202466852
1.73860609375E-07, -0.00337527689545039
1.738625625E-07, -0.00328778420439646
1.73864515625E-07, -0.00345458500077465
1.7386646875E-07, -0.00364502619346289
1.73868421875E-07, -0.00381709168350323
1.73870375E-07, -0.00338824923732382
1.73872328125E-07, -0.00354411938462601
1.7387428125E-07, -0.0037492614580542
1.73876234375E-07, -0.00391823929441061
1.738781875E-07, -0.00372103487072909
1.73880140625E-07, -0.00401268749881797
1.7388209375E-07, -0.0040194047080212
1.73884046875E-07, -0.0043844035868671
1.73886E-07, -0.00445061241203314
1.73887953125E-07, -0.00424774410822924
1.7388990625E-07, -0.00407905077742503
1.73891859375E-07, -0.00463277691406105
1.738938125E-07, -0.00424234201658402
1.73895765625E-07, -0.00439154736937135
1.7389771875E-07, -0.00496887366389908
1.73899671875E-07, -0.00452139346924857
1.73901625E-07, -0.00476726660723798
1.73903578125E-07, -0.00489337235434877
1.7390553125E-07, -0.00496523638866574
1.73907484375E-07, -0.00508298796641091
1.739094375E-07, -0.00493140038204406
1.73911390625E-07, -0.00523525793093513
1.7391334375E-07, -0.00481930950206684
1.73915296875E-07, -0.00502298467848461
1.7391725E-07, -0.00534035057373592
1.73919203125E-07, -0.00536175309610904
1.7392115625E-07, -0.00559254468429387
1.73923109375E-07, -0.00521793226625742
1.739250625E-07, -0.00540673161690326
1.73927015625E-07, -0.00524348219588816
1.7392896875E-07, -0.00522016213598437
1.73930921875E-07, -0.00588437203125565
1.73932875E-07, -0.00525315702426317
1.73934828125E-07, -0.00559414150961571
1.7393678125E-07, -0.00508046346576235
1.73938734375E-07, -0.00553607244837643
1.739406875E-07, -0.00549264799885742
1.73942640625E-07, -0.00548360497092022
1.7394459375E-07, -0.00560131748712115
1.73946546875E-07, -0.00575052117035711
1.739485E-07, -0.00559004194908968
1.73950453125E-07, -0.00548339853084591
1.7395240625E-07, -0.00572794042024435
1.73954359375E-07, -0.00526142610207528
1.739563125E-07, -0.00546850601040968
1.73958265625E-07, -0.00535724839380586
1.7396021875E-07, -0.0055573877403165
1.73962171875E-07, -0.0034748413034561
1.73964125E-07, -0.00535314522698005
1.73966078125E-07, -0.0034916683645429
1.7396803125E-07, -0.00521235251760033
1.73969984375E-07, -0.00535112169468101
1.739719375E-07, -0.00523437152673087
1.73973890625E-07, -0.00476401589001502
1.7397584375E-07, -0.00449878025294906
1.73977796875E-07, -0.00487371234004408
1.7397975E-07, -0.0049110035520681
1.73981703125E-07, -0.00423765639534542
1.7398365625E-07, -0.00467146213749161
1.73985609375E-07, -0.00441295844301177
1.739875625E-07, -0.00459758292207243
1.73989515625E-07, -0.00406858764273536
1.7399146875E-07, -0.00429319407974211
1.73993421875E-07, -0.0037105331352402
1.73995375E-07, -0.00383434737948101
1.73997328125E-07, -0.00377659032284999
1.7399928125E-07, -0.00345635841032833
1.74001234375E-07, -0.00326459137400215
1.740031875E-07, -0.00317489741352038
1.74005140625E-07, -0.00340989384121235
1.7400709375E-07, -0.00251349714127767
1.74009046875E-07, -0.00220660561130241
1.74011E-07, -0.00201682838146522
1.74012953125E-07, -0.00159669020424366
1.7401490625E-07, -0.00207541968566327
1.74016859375E-07, -0.00191887274061778
1.740188125E-07, -0.0015573079331568
1.74020765625E-07, -0.000815826471617081
1.7402271875E-07, 0.000697136665384863
1.74024671875E-07, -0.000545515659937618
1.74026625E-07, -6.75769344468322E-05
1.74028578125E-07, 8.29281564280023E-05
1.7403053125E-07, 0.0014783784912438
1.74032484375E-07, 0.002121185252067
1.740344375E-07, 0.00133441552788912
1.74036390625E-07, 0.00115762259095624
1.7403834375E-07, 0.00226047812811615
1.74040296875E-07, 0.00144264189175555
1.7404225E-07, 0.00116177418224538
1.74044203125E-07, 0.00314253317085425
1.7404615625E-07, 0.00338309842606839
1.74048109375E-07, 0.00326498338454695
1.740500625E-07, 0.00281270641232296
1.74052015625E-07, 0.00402253969291662
1.7405396875E-07, 0.00470494191515692
1.74055921875E-07, 0.00487473156951021
1.74057875E-07, 0.00563221187075228
1.74059828125E-07, 0.00423518608569033
1.7406178125E-07, 0.00651513369364132
1.74063734375E-07, 0.0062042836600206
1.740656875E-07, 0.00649262638729342
1.74067640625E-07, 0.00772795924787766
1.7406959375E-07, 0.00804631798713433
1.74071546875E-07, 0.00885944506855756
1.740735E-07, 0.00917634427675386
1.74075453125E-07, 0.00877296654121638
1.7407740625E-07, 0.0097805503105361
1.74079359375E-07, 0.00909892211111515
1.740813125E-07, 0.0100904732462351
1.74083265625E-07, 0.0125811054486478
1.7408521875E-07, 0.0105995392473067
1.74087171875E-07, 0.0123741604877198
1.74089125E-07, 0.0118990702874541
1.74091078125E-07, 0.0149125064157056
1.7409303125E-07, 0.0146447531231004
1.74094984375E-07, 0.0143836078674336
1.740969375E-07, 0.0153624221591324
1.74098890625E-07, 0.0164331424873683
1.7410084375E-07, 0.0169516746189486
1.74102796875E-07, 0.0170324221611281
1.7410475E-07, 0.0174605465187782
1.74106703125E-07, 0.0196367241015318
1.7410865625E-07, 0.0191093232032363
1.74110609375E-07, 0.0194662889436211
1.741125625E-07, 0.0184170908212226
1.74114515625E-07, 0.0201128177498414
1.7411646875E-07, 0.0204775693149554
1.74118421875E-07, 0.0217542830046429
1.74120375E-07, 0.0211250558868035
1.74122328125E-07, 0.0230732948768962
1.7412428125E-07, 0.0222996308471676
1.74126234375E-07, 0.0243125519232547
1.741281875E-07, 0.0242469452784545
1.74130140625E-07, 0.0248605121369714
1.7413209375E-07, 0.0248117624143559
1.74134046875E-07, 0.0258572947341179
1.74136E-07, 0.0254529769626511
1.74137953125E-07, 0.0273959823831137
1.7413990625E-07, 0.027682938072949
1.74141859375E-07, 0.0274962622507284
1.741438125E-07, 0.0291587239007774
1.74145765625E-07, 0.0280171158157497
1.7414771875E-07, 0.029363892434919
1.74149671875E-07, 0.0291147067750147
1.74151625E-07, 0.030531717775194
1.74153578125E-07, 0.0300795089523065
1.7415553125E-07, 0.0295458210120611
1.74157484375E-07, 0.0305853258043136
1.741594375E-07, 0.0318961522510572
1.74161390625E-07, 0.0338090246331251
1.7416334375E-07, 0.0323475377752861
1.74165296875E-07, 0.0322286854856595
1.7416725E-07, 0.0331699889432811
1.74169203125E-07, 0.0324917881346325
1.7417115625E-07, 0.0343344494853701
1.74173109375E-07, 0.0333753707763257
1.741750625E-07, 0.0343412812165627
1.74177015625E-07, 0.0343421042747754
1.7417896875E-07, 0.0340766840276446
1.74180921875E-07, 0.0326500715903046
1.74182875E-07, 0.03468219428634
1.74184828125E-07, 0.0342897388455311
1.7418678125E-07, 0.0349200185317413
1.74188734375E-07, 0.0340484219636708
1.741906875E-07, 0.0342799931259061
1.74192640625E-07, 0.0338200826485608
1.7419459375E-07, 0.0345357632721518
1.74196546875E-07, 0.033792060267701
1.741985E-07, 0.0333482001713783
1.74200453125E-07, 0.033661487589781
1.7420240625E-07, 0.0311367855505309
1.74204359375E-07, 0.0331911563451145
1.742063125E-07, 0.0337161897994335
1.74208265625E-07, 0.0333655396111246
1.7421021875E-07, 0.0333436191828961
1.74212171875E-07, 0.0300985518239381
1.74214125E-07, 0.0297310564315574
1.74216078125E-07, 0.0289519852074806
1.7421803125E-07, 0.0292965493468757
1.74219984375E-07, 0.029237855119321
1.742219375E-07, 0.0288869850966917
1.74223890625E-07, 0.0280793484664253
1.7422584375E-07, 0.02852054752733
1.74227796875E-07, 0.0275176976566597
1.7422975E-07, 0.0278725030469781
1.74231703125E-07, 0.0233676910733003
1.7423365625E-07, 0.0254899232538856
1.74235609375E-07, 0.0258054847672132
1.742375625E-07, 0.016792235998888
1.74239515625E-07, 0.0217791728321072
1.7424146875E-07, 0.0186517307999043
1.74243421875E-07, 0.0191106636813424
1.74245375E-07, 0.0164761371551822
1.74247328125E-07, 0.0176723191395009
1.7424928125E-07, 0.0157794777121244
1.74251234375E-07, 0.0148630679722163
1.742531875E-07, 0.0139416389841855
1.74255140625E-07, 0.0132303932259747
1.7425709375E-07, 0.00568800795884007
1.74259046875E-07, 0.0122834939320055
1.74261E-07, 0.00627286383255444
1.74262953125E-07, 0.00451068983725432
1.7426490625E-07, 0.00299481389144124
1.74266859375E-07, 0.000599396779190598
1.742688125E-07, -0.00132892889371489
1.74270765625E-07, 0.000262518620875807
1.7427271875E-07, -0.00208169893534136
1.74274671875E-07, 0.00133264596630578
1.74276625E-07, -0.00857162301525243
1.74278578125E-07, -0.00814499011725239
1.7428053125E-07, -0.0143720352705522
1.74282484375E-07, -0.0128535188264952
1.742844375E-07, -0.0115050127875277
1.74286390625E-07, -0.0174039410867511
1.7428834375E-07, -0.0186396943385982
1.74290296875E-07, -0.0147245833718192
1.7429225E-07, -0.0254536051387332
1.74294203125E-07, -0.0261894860386177
1.7429615625E-07, -0.0220452183161104
1.74298109375E-07, -0.0337861944425199
1.743000625E-07, -0.0327214580141709
1.74302015625E-07, -0.0272016179386256
1.7430396875E-07, -0.0376632921910951
1.74305921875E-07, -0.0352799606793339
1.74307875E-07, -0.0484164157726856
1.74309828125E-07, -0.0370086015467286
1.7431178125E-07, -0.042721141220656
1.74313734375E-07, -0.0488107400343685
1.743156875E-07, -0.0450109613849402
1.74317640625E-07, -0.0500498443381007
1.7431959375E-07, -0.0514817080779482
1.74321546875E-07, -0.0578073436069739
1.743235E-07, -0.0536171657732085
1.74325453125E-07, -0.0525917522434761
1.7432740625E-07, -0.0613061982742122
1.74329359375E-07, -0.0667443304722635
1.743313125E-07, -0.072192551730775
1.74333265625E-07, -0.0686172199647814
1.7433521875E-07, -0.0736581014257725
1.74337171875E-07, -0.0706579239882839
1.74339125E-07, -0.0775905401034732
1.74341078125E-07, -0.0843364173774235
1.7434303125E-07, -0.0807656758163124
1.74344984375E-07, -0.0731824260228511
1.743469375E-07, -0.0873897656409511
1.74348890625E-07, -0.0883593500587373
1.7435084375E-07, -0.0895506418094571
1.74352796875E-07, -0.0920389364174311
1.7435475E-07, -0.0952950951411081
1.74356703125E-07, -0.0974886415427512
1.7435865625E-07, -0.103987816396208
1.74360609375E-07, -0.095045535571059
1.743625625E-07, -0.101995769516823
1.74364515625E-07, -0.106601974391486
1.7436646875E-07, -0.104790033152535
1.74368421875E-07, -0.112326979375895
1.74370375E-07, -0.110617802301281
1.74372328125E-07, -0.108133962889059
1.7437428125E-07, -0.113728264955987
1.74376234375E-07, -0.117595900839279
1.743781875E-07, -0.117038124967063
1.74380140625E-07, -0.114307393446784
1.7438209375E-07, -0.118562163053532
1.74384046875E-07, -0.121230907101268
1.74386E-07, -0.113688700663021
1.74387953125E-07, -0.122488653896926
1.7438990625E-07, -0.121758690868621
1.74391859375E-07, -0.121522847840299
1.743938125E-07, -0.124223261946521
1.74395765625E-07, -0.118293235379704
1.7439771875E-07, -0.122092242422103
1.74399671875E-07, -0.117756542187075
1.74401625E-07, -0.111355438118501
1.74403578125E-07, -0.11913802452865
1.7440553125E-07, -0.119135037492342
1.74407484375E-07, -0.116245265973244
1.744094375E-07, -0.119935953107139
1.74411390625E-07, -0.111695877160972
1.7441334375E-07, -0.11790761396331
1.74415296875E-07, -0.113470975144107
1.7441725E-07, -0.113448366011312
1.74419203125E-07, -0.110920709412539
1.7442115625E-07, -0.110156879618384
1.74423109375E-07, -0.103881771299814
1.744250625E-07, -0.110831561781607
1.74427015625E-07, -0.103379310539156
1.7442896875E-07, -0.0931357672836918
1.74430921875E-07, -0.106927112105585
1.74432875E-07, -0.0924404042314678
1.74434828125E-07, -0.094381182315993
1.7443678125E-07, -0.0888763206537799
1.74438734375E-07, -0.0847767352084029
1.744406875E-07, -0.0941729954462511
1.74442640625E-07, -0.0838274097963563
1.7444459375E-07, -0.0778569490573428
1.74446546875E-07, -0.0761483418336734
1.744485E-07, -0.0775532455119065
1.74450453125E-07, -0.0728568697808134
1.7445240625E-07, -0.0642246013628372
1.74454359375E-07, -0.0533827343957373
1.744563125E-07, -0.0654055320118571
1.74458265625E-07, -0.0562073480829782
1.7446021875E-07, -0.0517574439710424
1.74462171875E-07, -0.0422948988638878
1.74464125E-07, -0.0428295365576384
1.74466078125E-07, -0.0503120329192737
1.7446803125E-07, -0.0400654251448038
1.74469984375E-07, -0.0294742528901342
1.744719375E-07, -0.016866095553113
1.74473890625E-07, -0.0143875406120234
1.7447584375E-07, -0.0231539521754245
1.74477796875E-07, -0.0144157000464982
1.7447975E-07, -0.0125163359058245
1.74481703125E-07, 0.00186382378021279
1.7448365625E-07, 0.00597569798127923
1.74485609375E-07, 0.00316524219502644
1.744875625E-07, 0.014079286645702
1.74489515625E-07, 0.020353143940585
1.7449146875E-07, 0.0229447748711901
1.74493421875E-07, 0.0208040762556681
1.74495375E-07, 0.0231051333731246
1.74497328125E-07, 0.0318285692650179
1.7449928125E-07, 0.0408201283987664
1.74501234375E-07, 0.0465183304402566
1.745031875E-07, 0.0360025607051766
1.74505140625E-07, 0.0499402503635264
1.7450709375E-07, 0.0548832476008165
1.74509046875E-07, 0.0499313981938616
1.74511E-07, 0.0538604456337537
1.74512953125E-07, 0.0547225338135332
1.7451490625E-07, 0.0579611940323396
1.74516859375E-07, 0.0725116921209665
1.745188125E-07, 0.0639875900102522
1.74520765625E-07, 0.0724815266626804
1.7452271875E-07, 0.0772774659860285
1.74524671875E-07, 0.078650322506811
1.74526625E-07, 0.0819472754859592
1.74528578125E-07, 0.0820203510176684
1.7453053125E-07, 0.0829649908782543
1.74532484375E-07, 0.0857684665312821
1.745344375E-07, 0.0943244420939261
1.74536390625E-07, 0.0878816483376679
1.7453834375E-07, 0.0939222468414073
1.74540296875E-07, 0.0870097729745179
1.7454225E-07, 0.0929477455995109
1.74544203125E-07, 0.0983894245936571
1.7454615625E-07, 0.101901496000004
1.74548109375E-07, 0.0965133104759702
1.745500625E-07, 0.0972378507571215
1.74552015625E-07, 0.0956330551682225
1.7455396875E-07, 0.100189708817793
1.74555921875E-07, 0.0972554955826765
1.74557875E-07, 0.100046061989951
1.74559828125E-07, 0.101758124020748
1.7456178125E-07, 0.0997219821300732
1.74563734375E-07, 0.101147162486346
1.745656875E-07, 0.100542852865742
1.74567640625E-07, 0.0962879928867795
1.7456959375E-07, 0.0927209817962224
1.74571546875E-07, 0.0950258258000754
1.745735E-07, 0.092937297345743
1.74575453125E-07, 0.0966283856944547
1.7457740625E-07, 0.0938923575942817
1.74579359375E-07, 0.0862196433647829
1.745813125E-07, 0.0845224009167518
1.74583265625E-07, 0.0867290822592316
1.7458521875E-07, 0.0856339595536379
1.74587171875E-07, 0.0819802675587747
1.74589125E-07, 0.0767734146555243
1.74591078125E-07, 0.0786390298584571
1.7459303125E-07, 0.0757496644148556
1.74594984375E-07, 0.0789139011089403
1.745969375E-07, 0.0734689640182633
1.74598890625E-07, 0.0713534026752826
1.7460084375E-07, 0.0720408899311503
1.74602796875E-07, 0.0692909589828659
1.7460475E-07, 0.0676311457557322
1.74606703125E-07, 0.0649003946424687
1.7460865625E-07, 0.0589912441294667
1.74610609375E-07, 0.0647386756280652
1.746125625E-07, 0.0555500940213263
1.74614515625E-07, 0.051525971067204
1.7461646875E-07, 0.0571490101248642
1.74618421875E-07, 0.0515104386050001
1.74620375E-07, 0.0563771563422646
1.74622328125E-07, 0.0467818505775879
1.7462428125E-07, 0.0426614984210631
1.74626234375E-07, 0.0500949856235388
1.746281875E-07, 0.0416750046322036
1.74630140625E-07, 0.0419876817606212
1.7463209375E-07, 0.0377332410400991
1.74634046875E-07, 0.0350989852545977
1.74636E-07, 0.0395307678711532
1.74637953125E-07, 0.0355330667787936
1.7463990625E-07, 0.0380822230824283
1.74641859375E-07, 0.0323781293104366
1.746438125E-07, 0.0310918481108074
1.74645765625E-07, 0.0337106455052673
1.7464771875E-07, 0.0286103079281303
1.74649671875E-07, 0.0257491369732546
1.74651625E-07, 0.0239435946319337
1.74653578125E-07, 0.0263441879895516
1.7465553125E-07, 0.024082558772995
1.74657484375E-07, 0.0240767754327368
1.746594375E-07, 0.02434165301491
1.74661390625E-07, 0.0218108569515498
1.7466334375E-07, 0.0234396093953182
1.74665296875E-07, 0.0210605350762476
1.7466725E-07, 0.0230109069447704
1.74669203125E-07, 0.0201724012873227
1.7467115625E-07, 0.0196541919249617
1.74673109375E-07, 0.0230167194103776
1.746750625E-07, 0.019486680880288
1.74677015625E-07, 0.0184871777807821
1.7467896875E-07, 0.0209459518085561
1.74680921875E-07, 0.0190873274360659
1.74682875E-07, 0.0189340321220458
1.74684828125E-07, 0.0229271504545474
1.7468678125E-07, 0.0186006847213874
1.74688734375E-07, 0.0169578106285279
1.746906875E-07, 0.018862441889793
1.74692640625E-07, 0.019510051267482
1.7469459375E-07, 0.0195058076057823
1.74696546875E-07, 0.0215174444658012
1.746985E-07, 0.0183094305780814
1.74700453125E-07, 0.0185795366360054
1.7470240625E-07, 0.0191422990827097
1.74704359375E-07, 0.0212185255881388
1.747063125E-07, 0.0191154557475336
1.74708265625E-07, 0.0187952686983323
1.7471021875E-07, 0.0190300503667485
1.74712171875E-07, 0.0191456507169278
1.74714125E-07, 0.0193769420788594
1.74716078125E-07, 0.0191126418586377
1.7471803125E-07, 0.0191873734740217
1.74719984375E-07, 0.0194767728387913
1.747219375E-07, 0.0199729283317217
1.74723890625E-07, 0.0185378386973999
1.7472584375E-07, 0.0188753841906579
1.74727796875E-07, 0.0190047863356896
1.7472975E-07, 0.0191637734165955
1.74731703125E-07, 0.017949130993419
1.7473365625E-07, 0.0181859464036531
1.74735609375E-07, 0.018470403861228
1.747375625E-07, 0.0175724309123226
1.74739515625E-07, 0.0180785572037863
1.7474146875E-07, 0.0181169763299923
1.74743421875E-07, 0.0168564870125565
1.74745375E-07, 0.0179749537759902
1.74747328125E-07, 0.0157311414925169
1.7474928125E-07, 0.0155138833487231
1.74751234375E-07, 0.0158361374590827
1.747531875E-07, 0.0156463195674817
1.74755140625E-07, 0.014528929880513
1.7475709375E-07, 0.0145852263480705
1.74759046875E-07, 0.0163260611039045
1.74761E-07, 0.0138306917137636
1.74762953125E-07, 0.0123756737326976
1.7476490625E-07, 0.0119124472428359
1.74766859375E-07, 0.0118043106337519
1.747688125E-07, 0.00932725941684462
1.74770765625E-07, 0.0100881879157481
1.7477271875E-07, 0.0096256943662381
1.74774671875E-07, 0.00889825928237582
1.74776625E-07, 0.0079624927224082
1.74778578125E-07, 0.00900570873535423
1.7478053125E-07, 0.00781926140835665
1.74782484375E-07, 0.00792721661084424
1.747844375E-07, 0.00373766582824977
1.74786390625E-07, 0.00590436306062213
1.7478834375E-07, 0.00411976529229119
1.74790296875E-07, 0.00389779620270294
1.7479225E-07, 0.001806434295353
1.74794203125E-07, 0.00211936099768296
1.7479615625E-07, 0.00253894876543369
1.74798109375E-07, 0.00243299842724404
1.748000625E-07, 0.00183990509163745
1.74802015625E-07, 0.000490618509851478
1.7480396875E-07, -0.000836695314423574
1.74805921875E-07, -0.000798476699795561
1.74807875E-07, -0.00141001411358376
1.74809828125E-07, -0.00292242097125424
1.7481178125E-07, -0.00154883145215325
1.74813734375E-07, -0.00470926279998434
1.748156875E-07, -0.00358220047891433
1.74817640625E-07, -0.00468344074775833
1.7481959375E-07, -0.00595196745719996
1.74821546875E-07, -0.00614980622408258
1.748235E-07, -0.005498744902251
1.74825453125E-07, -0.00569449823058406
1.7482740625E-07, -0.00644913592845668
1.74829359375E-07, -0.00641549583174658
1.748313125E-07, -0.00701801681335149
1.74833265625E-07, -0.00730213026948767
1.7483521875E-07, -0.00782163591781199
1.74837171875E-07, -0.00802867932721488
1.74839125E-07, -0.0086951310332901
1.74841078125E-07, -0.00627936427554606
1.7484303125E-07, -0.00863421670677605
1.74844984375E-07, -0.00853520786557045
1.748469375E-07, -0.00742508039373403
1.74848890625E-07, -0.00910790762493525
1.7485084375E-07, -0.00787395711800971
1.74852796875E-07, -0.00868904827253647
1.7485475E-07, -0.00917827625055465
1.74856703125E-07, -0.00945746821544138
1.7485865625E-07, -0.00933438312702847
1.74860609375E-07, -0.00925287613228653
1.748625625E-07, -0.00844955252895548
1.74864515625E-07, -0.00794251721240682
1.7486646875E-07, -0.00889057648530834
1.74868421875E-07, -0.00856198708033546
1.74870375E-07, -0.00869138626143359
1.74872328125E-07, -0.00797370586243193
1.7487428125E-07, -0.00806188209657504
1.74876234375E-07, -0.00773884532737623
1.748781875E-07, -0.00738166008082771
1.74880140625E-07, -0.00735016185261036
1.7488209375E-07, -0.00685284122792273
1.74884046875E-07, -0.00644231300081269
1.74886E-07, -0.0069864898242063
1.74887953125E-07, -0.00613790317587512
1.7488990625E-07, -0.00593492305390375
1.74891859375E-07, -0.00541373941485456
1.748938125E-07, -0.00527802942831597
1.74895765625E-07, -0.00550881709503135
1.7489771875E-07, -0.00527989518801075
1.74899671875E-07, -0.00434778200140205
1.74901625E-07, -0.00380054374550314
1.74903578125E-07, -0.00382911724881987
1.7490553125E-07, -0.00462484563687774
1.74907484375E-07, -0.00304502339281037
1.749094375E-07, -0.00310205908373409
1.74911390625E-07, -0.00254119242182283
1.7491334375E-07, -0.00245256084531164
1.74915296875E-07, -0.00320738145508821
1.7491725E-07, -0.00214172755767416
1.74919203125E-07, -0.00188640374100719
1.7492115625E-07, -0.001985170691007
1.74923109375E-07, -0.00101089909618608
1.749250625E-07, -0.00135573122096423
1.74927015625E-07, -0.000786895451441484
1.7492896875E-07, -0.000536022483155514
1.74930921875E-07, -0.00115228312134909
1.74932875E-07, -0.000345236956052754
1.74934828125E-07, -0.000304451848367516
1.7493678125E-07, 9.39105899513339E-05
1.74938734375E-07, 0.000367175092956236
1.749406875E-07, -0.00100326299281479
1.74942640625E-07, 0.0005955953684808
1.7494459375E-07, 0.001001183852861
1.74946546875E-07, 0.000740234368944517
1.749485E-07, 0.000912641296785691
1.74950453125E-07, 0.0010458168415321
1.7495240625E-07, 0.000803667186233238
1.74954359375E-07, -5.60433414331721E-05
1.749563125E-07, 0.001235782064448
1.74958265625E-07, 0.00115330906739528
1.7496021875E-07, 0.00156376067626195
1.74962171875E-07, 0.00133206878657736
1.74964125E-07, 0.000960502460774257
1.74966078125E-07, 0.000479985788219849
1.7496803125E-07, 0.000755171922008988
1.74969984375E-07, 0.00151001446464223
1.749719375E-07, 0.00150370495295894
1.74973890625E-07, 0.00124706521459224
1.7497584375E-07, 0.00104133532074323
1.74977796875E-07, 0.00111725920752766
1.7497975E-07, 0.000582662409886853
1.74981703125E-07, 0.000394939552153725
1.7498365625E-07, 0.000711130552802247
1.74985609375E-07, 0.000805385081925684
1.749875625E-07, 0.000563649329669218
1.74989515625E-07, 0.0006145483143991
1.7499146875E-07, 0.000509853794917592
1.74993421875E-07, 0.000171236258806462
1.74995375E-07, -0.00113010449148205
1.74997328125E-07, -5.64878040313979E-05
1.7499928125E-07, -0.000286797261319115
1.75001234375E-07, -0.00116023009246242
1.750031875E-07, -0.000362850599258714
1.75005140625E-07, -0.0020589377942297
1.7500709375E-07, -0.00150226657506956
1.75009046875E-07, -0.00196848893998608
1.75011E-07, -0.00120377847903908
1.75012953125E-07, -0.00178299516032791
1.7501490625E-07, -0.00274001836497043
1.75016859375E-07, -0.00225982883507162
1.750188125E-07, -0.0031946708522515
1.75020765625E-07, -0.00252289979072942
1.7502271875E-07, -0.00421923607581692
1.75024671875E-07, -0.00363493451878877
1.75026625E-07, -0.00401235925710341
1.75028578125E-07, -0.00403321533031307
1.7503053125E-07, -0.00430090902206845
1.75032484375E-07, -0.00465318069787428
1.750344375E-07, -0.0051049233389204
1.75036390625E-07, -0.0063219650444991
1.7503834375E-07, -0.00696065934796046
1.75040296875E-07, -0.00653136543318337
1.7504225E-07, -0.00656188970083525
1.75044203125E-07, -0.00740437781239605
1.7504615625E-07, -0.00832107610804892
1.75048109375E-07, -0.00869673168435615
1.750500625E-07, -0.00874217875434747
1.75052015625E-07, -0.0102112305730862
1.7505396875E-07, -0.00984732140147433
1.75055921875E-07, -0.00980977949844312
1.75057875E-07, -0.0105846578744594
1.75059828125E-07, -0.0109014308970419
1.7506178125E-07, -0.0127755215573905
1.75063734375E-07, -0.012240544284739
1.750656875E-07, -0.0122656031283743
1.75067640625E-07, -0.0128074672786793
1.7506959375E-07, -0.0127322810496253
1.75071546875E-07, -0.0154020860745065
1.750735E-07, -0.0157126592053872
1.75075453125E-07, -0.0150912468768964
1.7507740625E-07, -0.0155075561335154
1.75079359375E-07, -0.0176848093493029
1.750813125E-07, -0.0155059308145765
1.75083265625E-07, -0.0171280426632093
1.7508521875E-07, -0.0184559066496189
1.75087171875E-07, -0.0196958304881283
1.75089125E-07, -0.0205558771675424
1.75091078125E-07, -0.0190948724832414
1.7509303125E-07, -0.0188712770889368
1.75094984375E-07, -0.0205326513941179
1.750969375E-07, -0.0217075433742616
1.75098890625E-07, -0.0232873451276294
1.7510084375E-07, -0.0210809643154431
1.75102796875E-07, -0.0228335060535389
1.7510475E-07, -0.0236313658388924
1.75106703125E-07, -0.024694730450681
1.7510865625E-07, -0.0255232179421691
1.75110609375E-07, -0.0258425329640062
1.751125625E-07, -0.0263190772979857
1.75114515625E-07, -0.0257272511027519
1.7511646875E-07, -0.0273530112324668
1.75118421875E-07, -0.0277270951468581
1.75120375E-07, -0.0267543179016901
1.75122328125E-07, -0.0285644597596664
1.7512428125E-07, -0.0285192004500097
1.75126234375E-07, -0.0276490095481826
1.751281875E-07, -0.0290681743327941
1.75130140625E-07, -0.0300596404949697
1.7513209375E-07, -0.0305450993817186
1.75134046875E-07, -0.0307503296824239
1.75136E-07, -0.0291391134901718
1.75137953125E-07, -0.030575839577323
1.7513990625E-07, -0.0310726476228978
1.75141859375E-07, -0.0300152871443474
1.751438125E-07, -0.0314783737586354
1.75145765625E-07, -0.0318877777732595
1.7514771875E-07, -0.0324510087544969
1.75149671875E-07, -0.0313363674454371
1.75151625E-07, -0.0317536337176006
1.75153578125E-07, -0.0317331519928735
1.7515553125E-07, -0.0318087050051565
1.75157484375E-07, -0.0323067242831918
1.751594375E-07, -0.0320883797612087
1.75161390625E-07, -0.0323820058310812
1.7516334375E-07, -0.0326190864165456
1.75165296875E-07, -0.0315742095369038
1.7516725E-07, -0.0330009226524943
1.75169203125E-07, -0.0327895420058951
1.7517115625E-07, -0.0331337947186975
1.75173109375E-07, -0.0326567345108406
1.751750625E-07, -0.0308150691524968
1.75177015625E-07, -0.0316995429516831
1.7517896875E-07, -0.032718159231086
1.75180921875E-07, -0.0314036238459844
1.75182875E-07, -0.0329292767943188
1.75184828125E-07, -0.0321184338249367
1.7518678125E-07, -0.0322224269061497
1.75188734375E-07, -0.0316278791001554
1.751906875E-07, -0.0323936949928469
1.75192640625E-07, -0.0305469484958348
1.7519459375E-07, -0.0312170925952072
1.75196546875E-07, -0.0312140975090787
1.751985E-07, -0.0306264222387377
1.75200453125E-07, -0.030497120349777
1.7520240625E-07, -0.029372385847987
1.75204359375E-07, -0.0300391034537381
1.752063125E-07, -0.0307536697774326
1.75208265625E-07, -0.0292469662669302
1.7521021875E-07, -0.0298249808744393
1.75212171875E-07, -0.0279814225659041
1.75214125E-07, -0.0285287879931543
1.75216078125E-07, -0.0301059651979641
1.7521803125E-07, -0.027891992048546
1.75219984375E-07, -0.0279752582420441
1.752219375E-07, -0.0282929379147112
1.75223890625E-07, -0.02750890668439
1.7522584375E-07, -0.0273828890782162
1.75227796875E-07, -0.0262325471849438
1.7522975E-07, -0.0261680516280044
1.75231703125E-07, -0.0241210957131366
1.7523365625E-07, -0.0248560935335053
1.75235609375E-07, -0.0261170228947226
1.752375625E-07, -0.0242971312699392
1.75239515625E-07, -0.0236680285404807
1.7524146875E-07, -0.0244210412793967
1.75243421875E-07, -0.0238174663434857
1.75245375E-07, -0.0235214700884184
1.75247328125E-07, -0.0227026641640851
1.7524928125E-07, -0.0226193499028377
1.75251234375E-07, -0.0234572296873986
1.752531875E-07, -0.0227133620679797
1.75255140625E-07, -0.0217539757127926
1.7525709375E-07, -0.0207923367594011
1.75259046875E-07, -0.020599909599484
1.75261E-07, -0.0217840662930747
1.75262953125E-07, -0.0200158434539092
1.7526490625E-07, -0.0199525120245121
1.75266859375E-07, -0.0198789854136884
1.752688125E-07, -0.0182501342142643
1.75270765625E-07, -0.019215831157896
1.7527271875E-07, -0.018592017825038
1.75274671875E-07, -0.0191474144759776
1.75276625E-07, -0.0186482778458856
1.75278578125E-07, -0.0158021797676751
1.7528053125E-07, -0.0178173085455916
1.75282484375E-07, -0.0166454370064964
1.752844375E-07, -0.0146067323961851
1.75286390625E-07, -0.0166619428392345
1.7528834375E-07, -0.0145899799767697
1.75290296875E-07, -0.0127939162603029
1.7529225E-07, -0.0148795609766695
1.75294203125E-07, -0.0136222147779396
1.7529615625E-07, -0.0139898655007709
1.75298109375E-07, -0.0131206662074646
1.753000625E-07, -0.0121722806217794
1.75302015625E-07, -0.0118113550100812
1.7530396875E-07, -0.0115415133428284
1.75305921875E-07, -0.0116950800146491
1.75307875E-07, -0.0109206126976623
1.75309828125E-07, -0.00991986631093383
1.7531178125E-07, -0.00920205907918405
1.75313734375E-07, -0.010113950970028
1.753156875E-07, -0.00981663643388659
1.75317640625E-07, -0.00838808710962814
1.7531959375E-07, -0.00825364904217015
1.75321546875E-07, -0.00905501274149596
1.753235E-07, -0.00772654034083181
1.75325453125E-07, -0.00900996913439039
1.7532740625E-07, -0.00654495229514186
1.75329359375E-07, -0.00674057272118672
1.753313125E-07, -0.00561739608515586
1.75333265625E-07, -0.00460143312181971
1.7533521875E-07, -0.0049937947683336
1.75337171875E-07, -0.0042769080663408
1.75339125E-07, -0.00475734163218001
1.75341078125E-07, -0.00521228790270978
1.7534303125E-07, -0.00340038710765679
1.75344984375E-07, -0.0040163811288573
1.753469375E-07, -0.00299285359913562
1.75348890625E-07, -0.00327215869328403
1.7535084375E-07, -0.00199141264002849
1.75352796875E-07, -0.00174901263694722
1.7535475E-07, -0.00179014762344247
1.75356703125E-07, -0.00113922449252699
1.7535865625E-07, -0.00108087871083419
1.75360609375E-07, -0.00171264746081178
1.753625625E-07, -0.000211315136317142
1.75364515625E-07, 0.000198922408721663
1.7536646875E-07, -0.000509623600141549
1.75368421875E-07, 0.000202899314410713
1.75370375E-07, 5.17263921949639E-05
1.75372328125E-07, 0.000642325510695256
1.7537428125E-07, 0.000668593348364938
1.75376234375E-07, -0.000407690370945888
1.753781875E-07, 0.00171692729681471
1.75380140625E-07, 0.00185657098129808
1.7538209375E-07, 0.00154510777089689
1.75384046875E-07, 0.00205647921325445
1.75386E-07, 0.00163292598418447
1.75387953125E-07, 0.0025303610901259
1.7538990625E-07, 0.00234776646708141
1.75391859375E-07, 0.0028490455850778
1.753938125E-07, 0.0030649158897459
1.75395765625E-07, 0.00289905410978794
1.7539771875E-07, 0.0028527818732593
1.75399671875E-07, 0.00378178667647866
1.75401625E-07, 0.00337681939634917
1.75403578125E-07, 0.00444648739649704
1.7540553125E-07, 0.00383254058259835
1.75407484375E-07, 0.00428338459467568
1.754094375E-07, 0.0039356517591623
1.75411390625E-07, 0.00403970525791815
1.7541334375E-07, 0.0039982241905808
1.75415296875E-07, 0.00465746113044658
1.7541725E-07, 0.00463818533570781
1.75419203125E-07, 0.00533475894920961
1.7542115625E-07, 0.0056988992135786
1.75423109375E-07, 0.00634358278517502
1.754250625E-07, 0.0059403904923859
1.75427015625E-07, 0.00571113526450174
1.7542896875E-07, 0.00622038156316126
1.75430921875E-07, 0.00593793154275866
1.75432875E-07, 0.00649155800433988
1.75434828125E-07, 0.00594994546694063
1.7543678125E-07, 0.00642891956975251
1.75438734375E-07, 0.00604687186251412
1.754406875E-07, 0.00716001666759244
1.75442640625E-07, 0.00684291013667675
1.7544459375E-07, 0.00759849159541197
1.75446546875E-07, 0.00690615328195455
1.754485E-07, 0.0074000548756063
1.75450453125E-07, 0.00799017128541065
1.7545240625E-07, 0.00810132424141191
1.75454359375E-07, 0.0082566600502756
1.754563125E-07, 0.00868776673551731
1.75458265625E-07, 0.00884359021188966
1.7546021875E-07, 0.00886042918026978
1.75462171875E-07, 0.0097487916018095
1.75464125E-07, 0.00923549914088532
1.75466078125E-07, 0.00899868885073462
1.7546803125E-07, 0.0100524560986409
1.75469984375E-07, 0.0100619280060832
1.754719375E-07, 0.0100831640118117
1.75473890625E-07, 0.00974505163128347
1.7547584375E-07, 0.0108380299495268
1.75477796875E-07, 0.0114633762097141
1.7547975E-07, 0.0107773449019972
1.75481703125E-07, 0.0109012841085886
1.7548365625E-07, 0.0113680374470749
1.75485609375E-07, 0.0118825255219932
1.754875625E-07, 0.0131577385400887
1.75489515625E-07, 0.01215475625351
1.7549146875E-07, 0.0113264351384101
1.75493421875E-07, 0.0124233544414956
1.75495375E-07, 0.013048729925436
1.75497328125E-07, 0.0131669595627616
1.7549928125E-07, 0.0127316447882507
1.75501234375E-07, 0.0132497361325585
1.755031875E-07, 0.013131901332574
1.75505140625E-07, 0.0138243085757767
1.7550709375E-07, 0.0140313433990863
1.75509046875E-07, 0.014007239250922
1.75511E-07, 0.0142502289477046
1.75512953125E-07, 0.0145141351161119
1.7551490625E-07, 0.0143197597349187
1.75516859375E-07, 0.0145028778438812
1.755188125E-07, 0.0144198109650922
1.75520765625E-07, 0.0149728458880205
1.7552271875E-07, 0.0148321310510358
1.75524671875E-07, 0.0143742123088045
1.75526625E-07, 0.014681075921105
1.75528578125E-07, 0.0140277786610303
1.7553053125E-07, 0.0149738316056746
1.75532484375E-07, 0.0143595871880101
1.755344375E-07, 0.0146479616495343
1.75536390625E-07, 0.0144400876483239
1.7553834375E-07, 0.0146199462450209
1.75540296875E-07, 0.0142091235694312
1.7554225E-07, 0.0142070814483662
1.75544203125E-07, 0.0146160118214638
1.7554615625E-07, 0.0144425742705772
1.75548109375E-07, 0.0140912549368115
1.755500625E-07, 0.0137041574508755
1.75552015625E-07, 0.0141764414346074
1.7555396875E-07, 0.0128176160375631
1.75555921875E-07, 0.0132153016001779
1.75557875E-07, 0.0130983963263593
1.75559828125E-07, 0.0129690280382924
1.7556178125E-07, 0.0130528275165292
1.75563734375E-07, 0.0125778979722599
1.755656875E-07, 0.0121924463302895
1.75567640625E-07, 0.0120049033196256
1.7556959375E-07, 0.0117347147633896
1.75571546875E-07, 0.0120789229200845
1.755735E-07, 0.0111534706042754
1.75575453125E-07, 0.010500489465963
1.7557740625E-07, 0.0101921620668236
1.75579359375E-07, 0.00970269835525098
1.755813125E-07, 0.011186355338164
1.75583265625E-07, 0.0106559956134204
1.7558521875E-07, 0.00972705098965471
1.75587171875E-07, 0.00978060408782368
1.75589125E-07, 0.00933659900567674
1.75591078125E-07, 0.00958320676349312
1.7559303125E-07, 0.00840339936947589
1.75594984375E-07, 0.00793502300734775
1.755969375E-07, 0.00851134460930662
1.75598890625E-07, 0.00759407031111073
1.7560084375E-07, 0.0071609885544402
1.75602796875E-07, 0.00706752116262492
1.7560475E-07, 0.00649531268165653
1.75606703125E-07, 0.00710865371302592
1.7560865625E-07, 0.00629427382277921
1.75610609375E-07, 0.00615598072993682
1.756125625E-07, 0.00606142239182971
1.75614515625E-07, 0.00519318263604142
1.7561646875E-07, 0.00594110031098902
1.75618421875E-07, 0.00548074592478714
1.75620375E-07, 0.00506611193720329
1.75622328125E-07, 0.0055963991376214
1.7562428125E-07, 0.00506817161539073
1.75626234375E-07, 0.0048581272000497
1.756281875E-07, 0.00461731605674934
1.75630140625E-07, 0.00501945935064092
1.7563209375E-07, 0.00448691966725076
1.75634046875E-07, 0.00440536982399727
1.75636E-07, 0.00428117909481268
1.75637953125E-07, 0.00392904607632635
1.7563990625E-07, 0.004371958728952
1.75641859375E-07, 0.00397658881984813
1.756438125E-07, 0.00386153086291051
1.75645765625E-07, 0.00378439553456303
1.7564771875E-07, 0.00374292605196271
1.75649671875E-07, 0.00427250295446495
1.75651625E-07, 0.00382473598359781
1.75653578125E-07, 0.00368352957329042
1.7565553125E-07, 0.00404705430478254
1.75657484375E-07, 0.00454953298393357
1.756594375E-07, 0.00432114840664427
1.75661390625E-07, 0.00411263044385193
1.7566334375E-07, 0.00453395197809339
1.75665296875E-07, 0.00457099562602269
1.7566725E-07, 0.00442698055876438
1.75669203125E-07, 0.00516742319850796
1.7567115625E-07, 0.00476110814042619
1.75673109375E-07, 0.00460587358499532
1.756750625E-07, 0.00505675801848735
1.75677015625E-07, 0.00473543625413891
1.7567896875E-07, 0.00500718169456317
1.75680921875E-07, 0.0049471136166044
1.75682875E-07, 0.0046259632172476
1.75684828125E-07, 0.00536290870486111
1.7568678125E-07, 0.00478076433716371
1.75688734375E-07, 0.00571553443916284
1.756906875E-07, 0.00539082211149678
1.75692640625E-07, 0.00624757382846914
1.7569459375E-07, 0.00589429605347985
1.75696546875E-07, 0.00581082314929845
1.756985E-07, 0.00620899878247688
1.75700453125E-07, 0.00664104861349779
1.7570240625E-07, 0.00655422116194843
1.75704359375E-07, 0.00710732379380481
1.757063125E-07, 0.00691100006339251
1.75708265625E-07, 0.00706940887726103
1.7571021875E-07, 0.00726199938376243
1.75712171875E-07, 0.00747659054704704
1.75714125E-07, 0.00740394568848567
1.75716078125E-07, 0.00742160655215614
1.7571803125E-07, 0.00717186428756554
1.75719984375E-07, 0.00789977084581969
1.757219375E-07, 0.00814384897668248
1.75723890625E-07, 0.00853407938575074
1.7572584375E-07, 0.00756100260921176
1.75727796875E-07, 0.00869394411577682
1.7572975E-07, 0.00855619788042654
1.75731703125E-07, 0.00832840032732154
1.7573365625E-07, 0.0087479971005053
1.75735609375E-07, 0.00891208798369697
1.757375625E-07, 0.00876929100442506
1.75739515625E-07, 0.00921637666716177
1.7574146875E-07, 0.00862929502728344
1.75743421875E-07, 0.00896811193993347
1.75745375E-07, 0.00909822361901737
1.75747328125E-07, 0.00901958210911074
1.7574928125E-07, 0.00929810218242066
1.75751234375E-07, 0.00888793001136499
1.757531875E-07, 0.00923510744627086
1.75755140625E-07, 0.00964239088576071
1.7575709375E-07, 0.00954823488178294
1.75759046875E-07, 0.00914405738707411
1.75761E-07, 0.00957392782327487
1.75762953125E-07, 0.00983944201359663
1.7576490625E-07, 0.0101475839983088
1.75766859375E-07, 0.0100261740343143
1.757688125E-07, 0.0100222866079991
1.75770765625E-07, 0.010068532577163
1.7577271875E-07, 0.0102458818894275
1.75774671875E-07, 0.0101575537648413
1.75776625E-07, 0.0101695083227316
1.75778578125E-07, 0.0102599322599555
1.7578053125E-07, 0.0104142371164681
1.75782484375E-07, 0.010802129499956
1.757844375E-07, 0.0104959153472384
1.75786390625E-07, 0.0103101554160444
1.7578834375E-07, 0.0104755296558208
1.75790296875E-07, 0.0108312117347619
1.7579225E-07, 0.0108229037769162
1.75794203125E-07, 0.0108251297863803
1.7579615625E-07, 0.0108159149955081
1.75798109375E-07, 0.0109603414942542
1.758000625E-07, 0.0108575914621153
1.75802015625E-07, 0.0109802232509668
1.7580396875E-07, 0.011130494559448
1.75805921875E-07, 0.0111472585308211
1.75807875E-07, 0.0112352473400991
1.75809828125E-07, 0.0109420932146976
1.7581178125E-07, 0.0110755495282236
1.75813734375E-07, 0.0114744801894511
1.758156875E-07, 0.0114669881983102
1.75817640625E-07, 0.011506692771312
1.7581959375E-07, 0.0115131358465752
1.75821546875E-07, 0.0115052259767797
1.758235E-07, 0.0116149919862956
1.75825453125E-07, 0.0115627554122724
1.7582740625E-07, 0.0116992723671958
1.75829359375E-07, 0.0118308949190022
1.758313125E-07, 0.011520172524659
1.75833265625E-07, 0.0118445334861273
1.7583521875E-07, 0.011857282767988
1.75837171875E-07, 0.0120893287375913
1.75839125E-07, 0.0121870230198857
1.75841078125E-07, 0.0119349077981312
1.7584303125E-07, 0.0121041224074418
1.75844984375E-07, 0.0118678425495726
1.758469375E-07, 0.0123279091830081
1.75848890625E-07, 0.0123754192814538
1.7585084375E-07, 0.0123697185251304
1.75852796875E-07, 0.0124913362043627
1.7585475E-07, 0.0120630799946046
1.75856703125E-07, 0.0120282674445009
1.7585865625E-07, 0.0125503521173948
1.75860609375E-07, 0.012332390148509
1.758625625E-07, 0.0124711445646582
1.75864515625E-07, 0.0124744729119775
1.7586646875E-07, 0.0120823042304224
1.75868421875E-07, 0.012417123296326
1.75870375E-07, 0.0127605568957496
1.75872328125E-07, 0.0125068323553936
1.7587428125E-07, 0.0126213758556067
1.75876234375E-07, 0.0125491634827698
1.758781875E-07, 0.0123815573950724
1.75880140625E-07, 0.0124764460014142
1.7588209375E-07, 0.0125851281951394
1.75884046875E-07, 0.0122959888592581
1.75886E-07, 0.0125535702675564
1.75887953125E-07, 0.0124415004033032
1.7588990625E-07, 0.0123006107217631
1.75891859375E-07, 0.0111383363264737
1.758938125E-07, 0.0117745983085658
1.75895765625E-07, 0.0123169693088477
1.7589771875E-07, 0.0125291915366599
1.75899671875E-07, 0.0119051014715786
1.75901625E-07, 0.0122236060915232
1.75903578125E-07, 0.0121566402688552
1.7590553125E-07, 0.0116880457983562
1.75907484375E-07, 0.012192433432314
1.759094375E-07, 0.0117653430252739
1.75911390625E-07, 0.0122389506240518
1.7591334375E-07, 0.0107534397562094
1.75915296875E-07, 0.0115512630394368
1.7591725E-07, 0.0113384656743111
1.75919203125E-07, 0.010323386424641
1.7592115625E-07, 0.0109499272413537
1.75923109375E-07, 0.0110567182120816
1.759250625E-07, 0.0101216887878367
1.75927015625E-07, 0.0111604177718178
1.7592896875E-07, 0.0103597313008814
1.75930921875E-07, 0.00908942039709678
1.75932875E-07, 0.00894674512915803
1.75934828125E-07, 0.00946458053694241
1.7593678125E-07, 0.0099109072515414
1.75938734375E-07, 0.00880263287035407
1.759406875E-07, 0.00894183961419232
1.75942640625E-07, 0.00883664589388777
1.7594459375E-07, 0.00794936133065495
1.75946546875E-07, 0.00866556226436272
1.759485E-07, 0.00751221580212688
1.75950453125E-07, 0.00666134298955447
1.7595240625E-07, 0.00697445185523124
1.75954359375E-07, 0.00644653621322392
1.759563125E-07, 0.00669739322456426
1.75958265625E-07, 0.00532563883960037
1.7596021875E-07, 0.00607488363727531
1.75962171875E-07, 0.00592751121401479
1.75964125E-07, 0.00420977966389433
1.75966078125E-07, 0.00494508012604578
1.7596803125E-07, 0.00387758282719773
1.75969984375E-07, 0.00451824327883107
1.759719375E-07, 0.00352605289570931
1.75973890625E-07, 0.00223702641777256
1.7597584375E-07, 0.00303022891187344
1.75977796875E-07, 0.00125526001799079
1.7597975E-07, 0.000909487708666434
1.75981703125E-07, 0.00176659564330457
1.7598365625E-07, 0.000694729815769032
1.75985609375E-07, -4.66498919948362E-05
1.759875625E-07, -0.000618866650601818
1.75989515625E-07, -5.53842871818216E-05
1.7599146875E-07, -0.00079885498791708
1.75993421875E-07, -0.0022060369377019
1.75995375E-07, -0.00230306855820535
1.75997328125E-07, -0.0027248683690362
1.7599928125E-07, -0.00384972984519284
1.76001234375E-07, -0.0032803799082105
1.760031875E-07, -0.00272264047049602
1.76005140625E-07, -0.00297017322070138
1.7600709375E-07, -0.00320014540305697
1.76009046875E-07, -0.00543116739632037
1.76011E-07, -0.00452066628715716
1.76012953125E-07, -0.00589982335444452
1.7601490625E-07, -0.00562763884676771
1.76016859375E-07, -0.00487381043867229
1.760188125E-07, -0.0064771308050793
1.76020765625E-07, -0.00740117913465199
1.7602271875E-07, -0.00915001895867066
1.76024671875E-07, -0.00822339289033412
1.76026625E-07, -0.00599813556161794
1.76028578125E-07, -0.00873758946508668
1.7603053125E-07, -0.00976029536995462
1.76032484375E-07, -0.0113170098637029
1.760344375E-07, -0.0108358419943607
1.76036390625E-07, -0.0111953140365774
1.7603834375E-07, -0.0111118381099263
1.76040296875E-07, -0.0111870310208267
1.7604225E-07, -0.0123207616843226
1.76044203125E-07, -0.0122892951350526
1.7604615625E-07, -0.0142902450255172
1.76048109375E-07, -0.0134200007744948
1.760500625E-07, -0.0136552412440853
1.76052015625E-07, -0.0130555830724585
1.7605396875E-07, -0.0137084000520692
1.76055921875E-07, -0.0149312991175164
1.76057875E-07, -0.015257088163696
1.76059828125E-07, -0.0149840545712941
1.7606178125E-07, -0.0157429410782147
1.76063734375E-07, -0.0161870232827963
1.760656875E-07, -0.0150582632696372
1.76067640625E-07, -0.0161079779271209
1.7606959375E-07, -0.016041160792798
1.76071546875E-07, -0.0167053372874946
1.760735E-07, -0.0169966479945876
1.76075453125E-07, -0.0164383060277117
1.7607740625E-07, -0.0159364922128341
1.76079359375E-07, -0.015720350337571
1.760813125E-07, -0.0166299787307143
1.76083265625E-07, -0.0163127456861649
1.7608521875E-07, -0.0166555376218308
1.76087171875E-07, -0.0172919064817012
1.76089125E-07, -0.01632418534125
1.76091078125E-07, -0.0174647353805763
1.7609303125E-07, -0.0173467201581538
1.76094984375E-07, -0.0166019028761543
1.760969375E-07, -0.0169565175886947
1.76098890625E-07, -0.0158766020299485
1.7610084375E-07, -0.0162005538764546
1.76102796875E-07, -0.0167319846741592
1.7610475E-07, -0.0155635785643593
1.76106703125E-07, -0.0154516197396544
1.7610865625E-07, -0.0155286513418103
1.76110609375E-07, -0.0152059023475181
1.761125625E-07, -0.0148333539716825
1.76114515625E-07, -0.0151406723678305
1.7611646875E-07, -0.0145768306934484
1.76118421875E-07, -0.0148728282033399
1.76120375E-07, -0.014507529275378
1.76122328125E-07, -0.0144339782655575
1.7612428125E-07, -0.0141165770772951
1.76126234375E-07, -0.013609282585301
1.761281875E-07, -0.0126460089689533
1.76130140625E-07, -0.0126092203548306
1.7613209375E-07, -0.0127348734952456
1.76134046875E-07, -0.012599954031062
1.76136E-07, -0.0109523658141429
1.76137953125E-07, -0.0112831702225588
1.7613990625E-07, -0.011597067780038
1.76141859375E-07, -0.0114224735557806
1.761438125E-07, -0.0106242879660093
1.76145765625E-07, -0.00903044775049888
1.7614771875E-07, -0.00939777965382436
1.76149671875E-07, -0.00984471117707795
1.76151625E-07, -0.0102527484661667
1.76153578125E-07, -0.00859673222248238
1.7615553125E-07, -0.00865874007435361
1.76157484375E-07, -0.00841989247807131
1.761594375E-07, -0.00807372959053357
1.76161390625E-07, -0.00814716215326253
1.7616334375E-07, -0.0081346981456783
1.76165296875E-07, -0.00684055438833178
1.7616725E-07, -0.00826687814006549
1.76169203125E-07, -0.0063418878126804
1.7617115625E-07, -0.00744473942177594
1.76173109375E-07, -0.00620911718570705
1.761750625E-07, -0.00650763344705391
1.76177015625E-07, -0.00742427924157559
1.7617896875E-07, -0.00581111771416816
1.76180921875E-07, -0.00603518711781254
1.76182875E-07, -0.00555001832510156
1.76184828125E-07, -0.0053543951454572
1.7618678125E-07, -0.00625597887056167
1.76188734375E-07, -0.00625553551895955
1.761906875E-07, -0.00568786316287581
1.76192640625E-07, -0.00568792478604872
1.7619459375E-07, -0.00532517558587164
1.76196546875E-07, -0.00582271736952227
1.761985E-07, -0.00532529031572789
1.76200453125E-07, -0.0059780764813881
1.7620240625E-07, -0.00516555214932191
1.76204359375E-07, -0.00558328170255122
1.762063125E-07, -0.00558546870298958
1.76208265625E-07, -0.00594023121089001
1.7621021875E-07, -0.00592780540917648
1.76212171875E-07, -0.00600194239683624
1.76214125E-07, -0.00601137972417909
1.76216078125E-07, -0.00605009710189124
1.7621803125E-07, -0.00626271089933417
1.76219984375E-07, -0.00657227437127653
1.762219375E-07, -0.00617595775490306
1.76223890625E-07, -0.00639959452234533
1.7622584375E-07, -0.00683129811859427
1.76227796875E-07, -0.00653785493683842
1.7622975E-07, -0.0072359727139267
1.76231703125E-07, -0.00702470766743565
1.7623365625E-07, -0.00748274833831935
1.76235609375E-07, -0.00761439072770141
1.762375625E-07, -0.00792218036562356
1.76239515625E-07, -0.00833378488837371
1.7624146875E-07, -0.00832179515611595
1.76243421875E-07, -0.00876586111370246
1.76245375E-07, -0.00823448384473208
1.76247328125E-07, -0.00819066106009693
1.7624928125E-07, -0.00909902888054371
1.76251234375E-07, -0.00922666375841156
1.762531875E-07, -0.00927382371700149
1.76255140625E-07, -0.00909584340459775
1.7625709375E-07, -0.00915682655480489
1.76259046875E-07, -0.00962626111325498
1.76261E-07, -0.00989869435877466
1.76262953125E-07, -0.00969431383040537
1.7626490625E-07, -0.010208832335984
1.76266859375E-07, -0.00958620912332729
1.762688125E-07, -0.00973498429114488
1.76270765625E-07, -0.0102685777415259
1.7627271875E-07, -0.00996594525287677
1.76274671875E-07, -0.0101916117665837
1.76276625E-07, -0.0103611586755959
1.76278578125E-07, -0.0107597398392016
1.7628053125E-07, -0.0107259542564558
1.76282484375E-07, -0.0100201167503951
1.762844375E-07, -0.0104918977349522
1.76286390625E-07, -0.0106481479348387
1.7628834375E-07, -0.010341863458993
1.76290296875E-07, -0.0103524814526483
1.7629225E-07, -0.0102773731255983
1.76294203125E-07, -0.0100195795576284
1.7629615625E-07, -0.0103052826637066
1.76298109375E-07, -0.0100081132926581
1.763000625E-07, -0.0103426050107761
1.76302015625E-07, -0.010205719571152
1.7630396875E-07, -0.0105239531727105
1.76305921875E-07, -0.0100649808324966
1.76307875E-07, -0.00979654909704259
1.76309828125E-07, -0.00994402929878026
1.7631178125E-07, -0.0092791264894468
1.76313734375E-07, -0.00978332175308789
1.763156875E-07, -0.0093925747287555
1.76317640625E-07, -0.00934310611700802
1.7631959375E-07, -0.00937119878305793
1.76321546875E-07, -0.00897225755699921
1.763235E-07, -0.00881628189416993
1.76325453125E-07, -0.00855871331896973
1.7632740625E-07, -0.00892109509123848
1.76329359375E-07, -0.00864881870182547
1.763313125E-07, -0.00838982738298679
1.76333265625E-07, -0.00789000921259766
1.7633521875E-07, -0.00836656946885467
1.76337171875E-07, -0.0081430745293697
1.76339125E-07, -0.00784882840232356
1.76341078125E-07, -0.00722590760797915
1.7634303125E-07, -0.00713113258499792
1.76344984375E-07, -0.00738876494922554
1.763469375E-07, -0.00751741711808342
1.76348890625E-07, -0.00672155336166108
1.7635084375E-07, -0.00650320113058693
1.76352796875E-07, -0.0062565153938799
1.7635475E-07, -0.0065738043122503
1.76356703125E-07, -0.00652895952213016
1.7635865625E-07, -0.00555406082082228
1.76360609375E-07, -0.00598330675075117
1.763625625E-07, -0.00643647128057889
1.76364515625E-07, -0.00524312163411554
1.7636646875E-07, -0.00592410659823121
1.76368421875E-07, -0.00504956794578249
1.76370375E-07, -0.00544904645119924
1.76372328125E-07, -0.0053652185486164
1.7637428125E-07, -0.0051506451541792
1.76376234375E-07, -0.0049048122876188
1.763781875E-07, -0.0048213469604683
1.76380140625E-07, -0.00444010673957436
1.7638209375E-07, -0.00457099840727627
1.76384046875E-07, -0.00461397288997006
1.76386E-07, -0.00453764903975644
1.76387953125E-07, -0.00451286185548137
1.7638990625E-07, -0.00431051206150583
1.76391859375E-07, -0.00410629334906168
1.763938125E-07, -0.00404135928686957
1.76395765625E-07, -0.00394106556168897
1.7639771875E-07, -0.00399213644037466
1.76399671875E-07, -0.00402184680281103
1.76401625E-07, -0.0040827121978239
1.76403578125E-07, -0.00382436684436865
1.7640553125E-07, -0.00377430304193712
1.76407484375E-07, -0.0038224148457638
1.764094375E-07, -0.00412404007052254
1.76411390625E-07, -0.003975882743436
1.7641334375E-07, -0.00383319416401216
1.76415296875E-07, -0.00367079974077815
1.7641725E-07, -0.00375563214378834
1.76419203125E-07, -0.00378424324071211
1.7642115625E-07, -0.00347132486329545
1.76423109375E-07, -0.00348180378143971
1.764250625E-07, -0.00366408900325313
1.76427015625E-07, -0.00370886317100418
1.7642896875E-07, -0.00381169642642537
1.76430921875E-07, -0.00361393805383265
1.76432875E-07, -0.00386866913698615
1.76434828125E-07, -0.00357150701635474
1.7643678125E-07, -0.00376511855636839
1.76438734375E-07, -0.00381331174509985
1.764406875E-07, -0.00367877076414218
1.76442640625E-07, -0.00377360345486251
1.7644459375E-07, -0.00382603004844262
1.76446546875E-07, -0.00361690962740098
1.764485E-07, -0.00395409302271932
1.76450453125E-07, -0.00368134218942536
1.7645240625E-07, -0.00368291445022838
1.76454359375E-07, -0.00357316767670753
1.764563125E-07, -0.00364925467865391
1.76458265625E-07, -0.00351150159129959
1.7646021875E-07, -0.00378449201049654
1.76462171875E-07, -0.00432460156129371
1.76464125E-07, -0.00387251356268404
1.76466078125E-07, -0.003884521128093
1.7646803125E-07, -0.00372141327209216
1.76469984375E-07, -0.00392629535464813
1.764719375E-07, -0.0036758978193179
1.76473890625E-07, -0.0034687058960926
1.7647584375E-07, -0.00377644243345358
1.76477796875E-07, -0.00383834621287236
1.7647975E-07, -0.00372506525962595
1.76481703125E-07, -0.00387216527021461
1.7648365625E-07, -0.00371186526252219
1.76485609375E-07, -0.00367850382864342
1.764875625E-07, -0.003843664146209
1.76489515625E-07, -0.00371918045601682
1.7649146875E-07, -0.00350926473683593
1.76493421875E-07, -0.00376514687017203
1.76495375E-07, -0.00363266904029372
1.76497328125E-07, -0.00345348920255772
1.7649928125E-07, -0.00339474749450135
1.76501234375E-07, -0.00349914983426175
1.765031875E-07, -0.00365352267767897
1.76505140625E-07, -0.00329226262552862
1.7650709375E-07, -0.0033001867459897
1.76509046875E-07, -0.00332136969260087
1.76511E-07, -0.00322534871222629
1.76512953125E-07, -0.00319132043678653
1.7651490625E-07, -0.00348408459252186
1.76516859375E-07, -0.00367624645067976
1.765188125E-07, -0.00306933340320767
1.76520765625E-07, -0.00330967794395892
1.7652271875E-07, -0.00319546716208513
1.76524671875E-07, -0.00316853028759919
1.76526625E-07, -0.00314715376533302
1.76528578125E-07, -0.00318274119847539
1.7653053125E-07, -0.00299198833238665
1.76532484375E-07, -0.00303926962696738
1.765344375E-07, -0.00318437945522006
1.76536390625E-07, -0.00311339802450854
1.7653834375E-07, -0.00288365078982033
1.76540296875E-07, -0.00316468504662896
1.7654225E-07, -0.002932891457592
1.76544203125E-07, -0.0030115879747681
1.7654615625E-07, -0.00248548548684526
1.76548109375E-07, -0.00276516045224727
1.765500625E-07, -0.00293407158298787
1.76552015625E-07, -0.00308859487790164
1.7655396875E-07, -0.00292597992189617
1.76555921875E-07, -0.00284564708836124
1.76557875E-07, -0.00298452019596888
1.76559828125E-07, -0.00301286403902826
1.7656178125E-07, -0.00317084651974141
1.76563734375E-07, -0.00305248240565262
1.765656875E-07, -0.003025246331796
1.76567640625E-07, -0.00314513779445397
1.7656959375E-07, -0.00285267906849799
1.76571546875E-07, -0.00303930758130989
1.765735E-07, -0.00290675729255268
1.76575453125E-07, -0.00340811860949909
1.7657740625E-07, -0.00313685114028778
1.76579359375E-07, -0.00323090368682411
1.765813125E-07, -0.00320349015346964
1.76583265625E-07, -0.00306139287302451
1.7658521875E-07, -0.00313844233958183
1.76587171875E-07, -0.00319054089123789
1.76589125E-07, -0.00350505081744634
1.76591078125E-07, -0.00322394561756848
1.7659303125E-07, -0.0033917520573578
1.76594984375E-07, -0.00323047249968476
1.765969375E-07, -0.00329595105155227
1.76598890625E-07, -0.00326229383003286
1.7660084375E-07, -0.00320606080890697
1.76602796875E-07, -0.00343319093167811
1.7660475E-07, -0.00324871895565533
1.76606703125E-07, -0.00344463313005161
1.7660865625E-07, -0.00328687089514538
1.76610609375E-07, -0.00357658213179746
1.766125625E-07, -0.00340528537822389
1.76614515625E-07, -0.00352525487822824
1.7661646875E-07, -0.00291941339550971
1.76618421875E-07, -0.00341655848761895
1.76620375E-07, -0.00297887803643313
1.76622328125E-07, -0.00335409440291705
1.7662428125E-07, -0.00338412304558351
1.76626234375E-07, -0.0033315342575699
1.766281875E-07, -0.00338883330379003
1.76630140625E-07, -0.00353200304133295
1.7663209375E-07, -0.00311521324508773
1.76634046875E-07, -0.00357438623914804
1.76636E-07, -0.00321306152865566
1.76637953125E-07, -0.00336349199291505
1.7663990625E-07, -0.00320754483290963
1.76641859375E-07, -0.00307151216878279
1.766438125E-07, -0.00315663624754258
1.76645765625E-07, -0.00319512410780425
1.7664771875E-07, -0.00318578860198784
1.76649671875E-07, -0.00324597831100706
1.76651625E-07, -0.00313093391262602
1.76653578125E-07, -0.0032521250002586
1.7665553125E-07, -0.00321430286322978
1.76657484375E-07, -0.00295455952374412
1.766594375E-07, -0.00303294662672021
1.76661390625E-07, -0.00290384843200245
1.7666334375E-07, -0.00300590780121034
1.76665296875E-07, -0.00307097922540837
1.7666725E-07, -0.00315570252714547
1.76669203125E-07, -0.00293071032086362
1.7667115625E-07, -0.00313255687260817
1.76673109375E-07, -0.00301066349143359
1.766750625E-07, -0.00291572379696932
1.76677015625E-07, -0.00277431678329536
1.7667896875E-07, -0.00374579538862441
1.76680921875E-07, -0.00317264881467898
1.76682875E-07, -0.0031815807175991
1.76684828125E-07, -0.00312217607596735
1.7668678125E-07, -0.00313193953610072
1.76688734375E-07, -0.00307860207052962
1.766906875E-07, -0.00289806192373822
1.76692640625E-07, -0.00326959224963118
1.7669459375E-07, -0.00321086917481817
1.76696546875E-07, -0.00294813896492523
1.766985E-07, -0.00315199281673685
1.76700453125E-07, -0.00296542557132933
1.7670240625E-07, -0.00335252683969701
1.76704359375E-07, -0.00325443598008093
1.767063125E-07, -0.00328462550463701
1.76708265625E-07, -0.00303794187530225
1.7671021875E-07, -0.00338250413168714
1.76712171875E-07, -0.00325144076251003
1.76714125E-07, -0.00349953726377888
1.76716078125E-07, -0.00360764891998052
1.7671803125E-07, -0.00334113127272576
1.76719984375E-07, -0.00343385249972149
1.767219375E-07, -0.00362473755218232
1.76723890625E-07, -0.00353929091179692
1.7672584375E-07, -0.00341837507172741
1.76727796875E-07, -0.0036612662597457
1.7672975E-07, -0.0034872258229997
1.76731703125E-07, -0.00374419521383947
1.7673365625E-07, -0.00351480507088991
1.76735609375E-07, -0.00389975497457172
1.767375625E-07, -0.00405327434944513
1.76739515625E-07, -0.00387277786977918
1.7674146875E-07, -0.00320192152524007
1.76743421875E-07, -0.00408622127940737
1.76745375E-07, -0.00392680467240016
1.76747328125E-07, -0.00391617210465895
1.7674928125E-07, -0.00418766189741192
1.76751234375E-07, -0.00387133978613706
1.767531875E-07, -0.00399206152367381
1.76755140625E-07, -0.0036209153590221
1.7675709375E-07, -0.00381596719048551
1.76759046875E-07, -0.00388646416950084
1.76761E-07, -0.00347146716469593
1.76762953125E-07, -0.00366719861190466
1.7676490625E-07, -0.00336867074926539
1.76766859375E-07, -0.00331138147294174
1.767688125E-07, -0.00313558641279152
1.76770765625E-07, -0.00347082815302083
1.7677271875E-07, -0.00356532644383887
1.76774671875E-07, -0.0029842412162945
1.76776625E-07, -0.00319232772973737
1.76778578125E-07, -0.00290351281837315
1.7678053125E-07, -0.00282501547402715
1.76782484375E-07, -0.00294456748053564
1.767844375E-07, -0.00239918258638533
1.76786390625E-07, -0.0019454441603713
1.7678834375E-07, -0.00184064927091906
1.76790296875E-07, -0.00151550488409154
1.7679225E-07, -0.00186755316953408
1.76794203125E-07, -0.00123011430690693
1.7679615625E-07, -0.000916911500590643
1.76798109375E-07, -0.000793493816094363
1.768000625E-07, -0.000720499278008073
1.76802015625E-07, -0.000716144069640745
1.7680396875E-07, 0.000308853526874218
1.76805921875E-07, 0.00104276585365666
1.76807875E-07, 0.000163324032129729
1.76809828125E-07, 0.00211966365098125
1.7681178125E-07, 0.00207019282025898
1.76813734375E-07, 0.000917134100838979
1.768156875E-07, 0.00214184481233454
1.76817640625E-07, 0.00133952346473099
1.7681959375E-07, 0.00282400418315923
1.76821546875E-07, 0.00275713743698604
1.768235E-07, 0.00354944734258295
1.76825453125E-07, 0.0033797382017628
1.7682740625E-07, 0.00348905875074839
1.76829359375E-07, 0.00392385358861837
1.768313125E-07, 0.00425576863641877
1.76833265625E-07, 0.00390279750386161
1.7683521875E-07, 0.00433176998445383
1.76837171875E-07, 0.0040806231826132
1.76839125E-07, 0.00491985211821197
1.76841078125E-07, 0.00456332196684789
1.7684303125E-07, 0.00449203463448237
1.76844984375E-07, 0.00524221594811574
1.768469375E-07, 0.00464260820855853
1.76848890625E-07, 0.00548997883535335
1.7685084375E-07, 0.00520057739172022
1.76852796875E-07, 0.00484674158027272
1.7685475E-07, 0.00475583429456688
1.76856703125E-07, 0.00476564682251285
1.7685865625E-07, 0.00448645136530391
1.76860609375E-07, 0.00510390495549538
1.768625625E-07, 0.00537210344121623
1.76864515625E-07, 0.00439854843914152
1.7686646875E-07, 0.00448572517015374
1.76868421875E-07, 0.00445104670657332
1.76870375E-07, 0.00433772563774679
1.76872328125E-07, 0.00434025871361949
1.7687428125E-07, 0.00357591230975365
1.76876234375E-07, 0.00382541961545879
1.768781875E-07, 0.00416296058926633
1.76880140625E-07, 0.00368073511599599
1.7688209375E-07, 0.00343794447606665
1.76884046875E-07, 0.00307310464356746
1.76886E-07, 0.00200839851704413
1.76887953125E-07, 0.00273062940101563
1.7688990625E-07, 0.00225510577848103
1.76891859375E-07, 0.00198067381303344
1.768938125E-07, 0.00249569833234041
1.76895765625E-07, 0.000935828704259114
1.7689771875E-07, 0.00222708343498478
1.76899671875E-07, 0.000651870471653621
1.76901625E-07, 0.00012594121653872
1.76903578125E-07, 0.000499828338504671
1.7690553125E-07, -0.000459263339980773
1.76907484375E-07, -0.000372381615093754
1.769094375E-07, -0.000918890483116549
1.76911390625E-07, -0.00132276029951587
1.7691334375E-07, -0.001054562239226
1.76915296875E-07, -0.00111272878381034
1.7691725E-07, -0.00134964369789066
1.76919203125E-07, -0.00218414207753349
1.7692115625E-07, -0.00220235185612489
1.76923109375E-07, -0.00247642122184124
1.769250625E-07, -0.00141980230267435
1.76927015625E-07, -0.00239707893602142
1.7692896875E-07, -0.00257443891001086
1.76930921875E-07, -0.00292205375470767
1.76932875E-07, -0.00278715945438137
1.76934828125E-07, -0.00279462150912569
1.7693678125E-07, -0.00317419010826297
1.76938734375E-07, -0.00335066893374465
1.769406875E-07, -0.0031405106809261
1.76942640625E-07, -0.00282820212365352
1.7694459375E-07, -0.00280126093123489
1.76946546875E-07, -0.00333319853889913
1.769485E-07, -0.00341913305733031
1.76950453125E-07, -0.00241032854627319
1.7695240625E-07, -0.00308551750978243
1.76954359375E-07, -0.00270568214604772
1.769563125E-07, -0.0020014633888044
1.76958265625E-07, -0.00301418791397796
1.7696021875E-07, -0.00267060844273214
1.76962171875E-07, -0.00299144199180153
1.76964125E-07, -0.00210762208741093
1.76966078125E-07, -0.00203302918421267
1.7696803125E-07, -0.00212352336282571
1.76969984375E-07, -0.0018520214905249
1.769719375E-07, -0.00172872883002533
1.76973890625E-07, -0.000854915792204323
1.7697584375E-07, -0.00114747575900661
1.76977796875E-07, -0.00150696079692735
1.7697975E-07, -0.000902241532077349
1.76981703125E-07, -0.000719194282718258
1.7698365625E-07, -0.000571675684441068
1.76985609375E-07, -0.000518461435385375
1.769875625E-07, -0.000708071730550691
1.76989515625E-07, 0.000126393227591953
1.7699146875E-07, 0.000298049599884978
1.76993421875E-07, 0.000179414211727846
1.76995375E-07, 0.000641457945619121
1.76997328125E-07, 0.000227958227647768
1.7699928125E-07, 0.0010877942302293
1.77001234375E-07, 0.000632460618410632
1.770031875E-07, 0.000888102868268881
1.77005140625E-07, 0.000809078189820719
1.7700709375E-07, 0.0010143974154146
1.77009046875E-07, 0.00154630529680396
1.77011E-07, 0.00143867424038694
1.77012953125E-07, 0.00152187847766742
1.7701490625E-07, 0.00125684842268267
1.77016859375E-07, 0.00169993712137015
1.770188125E-07, 0.00197992667587787
1.77020765625E-07, 0.00195064903189244
1.7702271875E-07, 0.0018207555562571
1.77024671875E-07, 0.00200510291435769
1.77026625E-07, 0.0022585284545211
1.77028578125E-07, 0.00220608873790385
1.7703053125E-07, 0.00207682965452436
1.77032484375E-07, 0.00221159984092025
1.770344375E-07, 0.00228086536701692
1.77036390625E-07, 0.00224931605630443
1.7703834375E-07, 0.00151939195379517
1.77040296875E-07, 0.00250690725115732
1.7704225E-07, 0.00260854136988683
1.77044203125E-07, 0.00263255731802449
1.7704615625E-07, 0.00228484556126993
1.77048109375E-07, 0.00250616303041739
1.770500625E-07, 0.00228774184211474
1.77052015625E-07, 0.00255498364704661
1.7705396875E-07, 0.00262476914401814
1.77055921875E-07, 0.00243940360499259
1.77057875E-07, 0.00222641967741718
1.77059828125E-07, 0.00247481286314413
1.7706178125E-07, 0.00265082776646889
1.77063734375E-07, 0.00280244791123305
1.770656875E-07, 0.002787276024534
1.77067640625E-07, 0.00261163262766646
1.7706959375E-07, 0.00273472156075231
1.77071546875E-07, 0.00267260914901466
1.770735E-07, 0.00260082852042266
1.77075453125E-07, 0.00304586440617913
1.7707740625E-07, 0.00300701600324558
1.77079359375E-07, 0.00300176198756946
1.770813125E-07, 0.00341634870079429
1.77083265625E-07, 0.00260604164669156
1.7708521875E-07, 0.00314658801206796
1.77087171875E-07, 0.00313804645693068
1.77089125E-07, 0.00322171624832043
1.77091078125E-07, 0.00363721917865793
1.7709303125E-07, 0.00397134265073634
1.77094984375E-07, 0.00358420401658296
1.770969375E-07, 0.00383715508523405
1.77098890625E-07, 0.00409585897220599
1.7710084375E-07, 0.00423477986488816
1.77102796875E-07, 0.00369441182407816
1.7710475E-07, 0.00435748908970473
1.77106703125E-07, 0.00454469804831767
1.7710865625E-07, 0.00408361185366935
1.77110609375E-07, 0.00481237131618148
1.771125625E-07, 0.00484044953943881
1.77114515625E-07, 0.00536379638319626
1.7711646875E-07, 0.0057225394590041
1.77118421875E-07, 0.00524910135470688
1.77120375E-07, 0.0050156770316742
1.77122328125E-07, 0.00583126078643157
1.7712428125E-07, 0.00611708826112336
1.77126234375E-07, 0.00607659748657433
1.771281875E-07, 0.00618223484061441
1.77130140625E-07, 0.00653756899701945
1.7713209375E-07, 0.00581005022333054
1.77134046875E-07, 0.0068518667525771
1.77136E-07, 0.00680228806248232
1.77137953125E-07, 0.00655382543897147
1.7713990625E-07, 0.00668961619823249
1.77141859375E-07, 0.00708939275290013
1.771438125E-07, 0.00747899182096688
1.77145765625E-07, 0.00722200880895188
1.7714771875E-07, 0.00693531585049724
1.77149671875E-07, 0.00757305934743231
1.77151625E-07, 0.00762856640077745
1.77153578125E-07, 0.00779094770374272
1.7715553125E-07, 0.00772280779854267
1.77157484375E-07, 0.00760421455466921
1.771594375E-07, 0.00820859529811842
1.77161390625E-07, 0.0081606445134623
1.7716334375E-07, 0.00797029612458294
1.77165296875E-07, 0.00822966764855045
1.7716725E-07, 0.00859330871862661
1.77169203125E-07, 0.00836171718711407
1.7717115625E-07, 0.00811832667101262
1.77173109375E-07, 0.00830901416849814
1.771750625E-07, 0.0081226026728898
1.77177015625E-07, 0.00844205616855095
1.7717896875E-07, 0.00844467909023088
1.77180921875E-07, 0.00843450094228414
1.77182875E-07, 0.00872571444824698
1.77184828125E-07, 0.00843656209917675
1.7718678125E-07, 0.00841631337990999
1.77188734375E-07, 0.0084803538840027
1.771906875E-07, 0.0081991722851367
1.77192640625E-07, 0.00848029506422322
1.7719459375E-07, 0.00778627454513408
1.77196546875E-07, 0.00813862423006979
1.771985E-07, 0.00808851968803634
1.77200453125E-07, 0.00801739917050787
1.7720240625E-07, 0.00803354320615418
1.77204359375E-07, 0.00790779635034254
1.772063125E-07, 0.00808387884330489
1.77208265625E-07, 0.00782964251615707
1.7721021875E-07, 0.00739534475626456
1.77212171875E-07, 0.00758603154000006
1.77214125E-07, 0.0075039850139368
1.77216078125E-07, 0.0069350034422249
1.7721803125E-07, 0.00738334316956765
1.77219984375E-07, 0.00692581580197411
1.772219375E-07, 0.00666213224708807
1.77223890625E-07, 0.00697949279534307
1.7722584375E-07, 0.00679233222398033
1.77227796875E-07, 0.00682367535843047
1.7722975E-07, 0.00600830306716211
1.77231703125E-07, 0.0065162900739012
1.7723365625E-07, 0.00589690375586871
1.77235609375E-07, 0.0062029620045553
1.772375625E-07, 0.00555736628342029
1.77239515625E-07, 0.00538809466291913
1.7724146875E-07, 0.00530156879016762
1.77243421875E-07, 0.00541138410380183
1.77245375E-07, 0.00583479278862029
1.77247328125E-07, 0.00511382331212898
1.7724928125E-07, 0.00486162941354541
1.77251234375E-07, 0.00492950645146624
1.772531875E-07, 0.00535046181545458
1.77255140625E-07, 0.00459536452730377
1.7725709375E-07, 0.00463138589645147
1.77259046875E-07, 0.00449673376754807
1.77261E-07, 0.00460983582721814
1.77262953125E-07, 0.00453195186499085
1.7726490625E-07, 0.00378716217601967
1.77266859375E-07, 0.00367587542558736
1.772688125E-07, 0.00396630700421648
1.77270765625E-07, 0.00365588296127367
1.7727271875E-07, 0.00383416639165708
1.77274671875E-07, 0.00392389898776412
1.77276625E-07, 0.00338965719409916
1.77278578125E-07, 0.0033631760787711
1.7728053125E-07, 0.0038646595662588
1.77282484375E-07, 0.00324034219502853
1.772844375E-07, 0.00320812338996047
1.77286390625E-07, 0.00290033729700335
1.7728834375E-07, 0.00299503773165841
1.77290296875E-07, 0.00284580973194433
1.7729225E-07, 0.00295043426288197
1.77294203125E-07, 0.00286044483248049
1.7729615625E-07, 0.00263594925336325
1.77298109375E-07, 0.00284556643034198
1.773000625E-07, 0.00267694872804641
1.77302015625E-07, 0.00270810287731042
1.7730396875E-07, 0.00221498811727581
1.77305921875E-07, 0.00235073232923516
1.77307875E-07, 0.00258790713292744
1.77309828125E-07, 0.00251358222304204
1.7731178125E-07, 0.00234012011880374
1.77313734375E-07, 0.0020350963197324
1.773156875E-07, 0.00192110024142711
1.77317640625E-07, 0.00205762246657741
1.7731959375E-07, 0.00239455630420656
1.77321546875E-07, 0.00184023692858674
1.773235E-07, 0.00195116320141915
1.77325453125E-07, 0.00193208188843768
1.7732740625E-07, 0.00202732133800302
1.77329359375E-07, 0.00196401506359143
1.773313125E-07, 0.00181063523203188
1.77333265625E-07, 0.00183832868844001
1.7733521875E-07, 0.00143014276362009
1.77337171875E-07, 0.00182882362277949
1.77339125E-07, 0.0016161826844534
1.77341078125E-07, 0.00143123056627109
1.7734303125E-07, 0.00171103751847075
1.77344984375E-07, 0.00142894287468506
1.773469375E-07, 0.00169416691184838
1.77348890625E-07, 0.00141120255178656
1.7735084375E-07, 0.00105220969805701
1.77352796875E-07, 0.00121080610689022
1.7735475E-07, 0.00133676860731072
1.77356703125E-07, 0.000939599967934759
1.7735865625E-07, 0.00124719289694371
1.77360609375E-07, 0.000781082813339563
1.773625625E-07, 0.000754419952187162
1.77364515625E-07, 0.00111176150932225
1.7736646875E-07, 0.0011444254831347
1.77368421875E-07, 0.000853849971479829
1.77370375E-07, 0.000768150232519855
1.77372328125E-07, 0.000656948895897348
1.7737428125E-07, 0.000877424108344254
1.77376234375E-07, 0.000479774353560063
1.773781875E-07, 0.000418275654797541
1.77380140625E-07, 0.000280350707947326
1.7738209375E-07, 0.000295024619483643
1.77384046875E-07, 0.000412812932477724
1.77386E-07, 0.0005759496633697
1.77387953125E-07, 0.000181609127505105
1.7738990625E-07, 7.76311780034924E-05
1.77391859375E-07, -0.000432365996122465
1.773938125E-07, -0.000287428296483994
1.77395765625E-07, -6.17166669883968E-05
1.7739771875E-07, -0.000176635447249856
1.77399671875E-07, -9.09116189583966E-05
1.77401625E-07, -0.000622499014143238
1.77403578125E-07, -0.000287665951552924
1.7740553125E-07, -0.000726520353438563
1.77407484375E-07, -0.000562987384186832
1.774094375E-07, -0.000629803037985304
1.77411390625E-07, -0.000485574744502394
1.7741334375E-07, -0.000807021845736124
1.77415296875E-07, -0.000724806125924035
1.7741725E-07, -0.00116972143195971
1.77419203125E-07, -0.00120053572468359
1.7742115625E-07, -0.00121188597630105
1.77423109375E-07, -0.00144302612871635
1.774250625E-07, -0.00118738745516022
1.77427015625E-07, -0.00127608962241648
1.7742896875E-07, -0.0015155982117997
1.77430921875E-07, -0.00138579385856703
1.77432875E-07, -0.00189693017255501
1.77434828125E-07, -0.00166797483892279
1.7743678125E-07, -0.00219034498913207
1.77438734375E-07, -0.00203436371368519
1.774406875E-07, -0.00215613816005002
1.77442640625E-07, -0.00200801226759489
1.7744459375E-07, -0.00256885291706473
1.77446546875E-07, -0.00268077090980107
1.774485E-07, -0.00252604362191042
1.77450453125E-07, -0.0029697311751552
1.7745240625E-07, -0.00297920176733553
1.77454359375E-07, -0.00309798758822914
1.774563125E-07, -0.0030898610879727
1.77458265625E-07, -0.00329966021879299
1.7746021875E-07, -0.00345979468962962
1.77462171875E-07, -0.00373784672974346
1.77464125E-07, -0.00379462280429526
1.77466078125E-07, -0.0039699099080146
1.7746803125E-07, -0.00333970395183493
1.77469984375E-07, -0.00397165750638697
1.774719375E-07, -0.00406497927460834
1.77473890625E-07, -0.00455912248035813
1.7747584375E-07, -0.0044428119636485
1.77477796875E-07, -0.0038626060855468
1.7747975E-07, -0.00457035412170755
1.77481703125E-07, -0.00430601380428834
1.7748365625E-07, -0.0046436289357902
1.77485609375E-07, -0.00478764832188616
1.774875625E-07, -0.00505292901202602
1.77489515625E-07, -0.00515049333875206
1.7749146875E-07, -0.00472588770715641
1.77493421875E-07, -0.00493914114883501
1.77495375E-07, -0.00510331299998772
1.77497328125E-07, -0.00510974025152836
1.7749928125E-07, -0.00521057088623526
1.77501234375E-07, -0.00479111832482299
1.775031875E-07, -0.00520471407381272
1.77505140625E-07, -0.00537016514342351
1.7750709375E-07, -0.00504287216430761
1.77509046875E-07, -0.00525745026858406
1.77511E-07, -0.00532289846872696
1.77512953125E-07, -0.00511994324551565
1.7751490625E-07, -0.0055188919931876
1.77516859375E-07, -0.00519820864085801
1.775188125E-07, -0.00528424336230223
1.77520765625E-07, -0.00513424370224023
1.7752271875E-07, -0.00521625272386109
1.77524671875E-07, -0.00501965726896696
1.77526625E-07, -0.005557069787949
1.77528578125E-07, -0.00542812986131838
1.7753053125E-07, -0.00524220180897375
1.77532484375E-07, -0.00531063979308873
1.775344375E-07, -0.00468834955735976
1.77536390625E-07, -0.00487779843712799
1.7753834375E-07, -0.00570454530842645
1.77540296875E-07, -0.00476468956331599
1.7754225E-07, -0.00504694529055492
1.77544203125E-07, -0.00495551913428146
1.7754615625E-07, -0.00466296583143572
1.77548109375E-07, -0.00505075918131126
1.775500625E-07, -0.00449484602551018
1.77552015625E-07, -0.00472940868611863
1.7755396875E-07, -0.00465806502324573
1.77555921875E-07, -0.0044731414893672
1.77557875E-07, -0.00427213790079134
1.77559828125E-07, -0.00446826370164174
1.7756178125E-07, -0.0045080513749181
1.77563734375E-07, -0.00436808392007568
1.775656875E-07, -0.00384283861876679
1.77567640625E-07, -0.00398084822209721
1.7756959375E-07, -0.00416240781962836
1.77571546875E-07, -0.00377261008812032
1.775735E-07, -0.00378178754780936
1.77575453125E-07, -0.00377895665106719
1.7757740625E-07, -0.00335662560731108
1.77579359375E-07, -0.00328181460548937
1.775813125E-07, -0.00367135755005589
1.77583265625E-07, -0.00358402582803971
1.7758521875E-07, -0.00371314495310724
1.77587171875E-07, -0.00306994566884869
1.77589125E-07, -0.00332333387176762
1.77591078125E-07, -0.00315608725706611
1.7759303125E-07, -0.00310543522274251
1.77594984375E-07, -0.00304354379349724
1.775969375E-07, -0.00270589227129053
1.77598890625E-07, -0.00273221307165001
1.7760084375E-07, -0.00278532153112957
1.77602796875E-07, -0.00303773804162427
1.7760475E-07, -0.00256521303662888
1.77606703125E-07, -0.0025132027501177
1.7760865625E-07, -0.00260298755185046
1.77610609375E-07, -0.00223941102067058
1.776125625E-07, -0.00230517582147295
1.77614515625E-07, -0.00201425135076382
1.7761646875E-07, -0.00224641632034317
1.77618421875E-07, -0.00282793289045752
1.77620375E-07, -0.00189140762537889
1.77622328125E-07, -0.00202252048226152
1.7762428125E-07, -0.00190439895774509
1.77626234375E-07, -0.00204005137438248
1.776281875E-07, -0.00200020718922552
1.77630140625E-07, -0.0019076514254789
1.7763209375E-07, -0.00173211241709677
1.77634046875E-07, -0.00178184032585483


