File Format, WaveformXYValues
Format Version, 1
Instrument, N1045A,04F,LOJ
SwVersion, A.06.71.21
SerialNumber, MY56260108
Date, 11/29/2023 13:48:31 GMT+08:00

Source Name, Channel 1A

Points, 2048
Signal Type, Unspecified
Channel Bandwidth, 2E+10
Channel Noise, 6.66857143682292E-05
X Units, Second
Y Units, Volt
Data, 
1.73636E-07, -0.00220331982672789
1.73637953125E-07, -0.00191413059454451
1.7363990625E-07, -0.00140788966065143
1.73641859375E-07, -0.00154550961132599
1.736438125E-07, -0.00170070496571665
1.73645765625E-07, -0.00255852385826109
1.7364771875E-07, -0.00179260955547333
1.73649671875E-07, -0.00160451015997944
1.73651625E-07, -0.000461371835217711
1.73653578125E-07, -0.000859587134413802
1.7365553125E-07, -0.00166590183279606
1.73657484375E-07, -0.0017463635020131
1.736594375E-07, -0.00141737036768144
1.73661390625E-07, -0.00164661482630759
1.7366334375E-07, -0.00146390142592318
1.73665296875E-07, -0.00157864390576902
1.7366725E-07, -0.00143205157043756
1.73669203125E-07, -0.00180401335904544
1.7367115625E-07, -0.00111161516632205
1.73673109375E-07, -0.00154500017174419
1.736750625E-07, -0.00180908319028737
1.73677015625E-07, -0.00101611657331844
1.7367896875E-07, -0.00191565065900465
1.73680921875E-07, -0.00159050386309257
1.73682875E-07, -0.0013152335666232
1.73684828125E-07, -0.00150564560767175
1.7368678125E-07, -0.00158207758179392
1.73688734375E-07, -0.00130170602409413
1.736906875E-07, -0.00193043126892632
1.73692640625E-07, -0.00185191611486283
1.7369459375E-07, -0.00167917643546441
1.73696546875E-07, -0.00228547838326761
1.736985E-07, -0.0014349819101196
1.73700453125E-07, -0.00176166655889218
1.7370240625E-07, -0.00173044650879302
1.73704359375E-07, -0.00199442254708875
1.737063125E-07, -0.00146542485668168
1.73708265625E-07, -0.00179221182149387
1.7371021875E-07, -0.00162449309342973
1.73712171875E-07, -0.00143743474591832
1.73714125E-07, -0.00162529729448229
1.73716078125E-07, -0.00164358740461649
1.7371803125E-07, -0.00133983391655957
1.73719984375E-07, -0.00190810175317554
1.737219375E-07, -0.00149629887227938
1.73723890625E-07, -0.00167277727376015
1.7372584375E-07, -0.0015242342002861
1.73727796875E-07, -0.00174063190691789
1.7372975E-07, -0.00164260929335791
1.73731703125E-07, -0.0015997635846178
1.7373365625E-07, -0.00173583210508064
1.73735609375E-07, -0.00163409788543504
1.737375625E-07, -0.0021544427874068
1.73739515625E-07, -0.00174938166649435
1.7374146875E-07, -0.00199118519543566
1.73743421875E-07, -0.00161739739004733
1.73745375E-07, -0.00162188876690529
1.73747328125E-07, -0.00186029429727969
1.7374928125E-07, -0.00189001093049196
1.73751234375E-07, -0.00171956971596574
1.737531875E-07, -0.00166965484110502
1.73755140625E-07, -0.00170933919781885
1.7375709375E-07, -0.0017740583324583
1.73759046875E-07, -0.00172145391085059
1.73761E-07, -0.00198421600079336
1.73762953125E-07, -0.00167567546248414
1.7376490625E-07, -0.0016062777466083
1.73766859375E-07, -0.00173153751110692
1.737688125E-07, -0.0017722115996452
1.73770765625E-07, -0.00181509884137199
1.7377271875E-07, -0.0017173791875568
1.73774671875E-07, -0.00177016325654756
1.73776625E-07, -0.0018549473789479
1.73778578125E-07, -0.00187939429841153
1.7378053125E-07, -0.0017843958732353
1.73782484375E-07, -0.00182260947925899
1.737844375E-07, -0.00198690961680624
1.73786390625E-07, -0.00190697114667606
1.7378834375E-07, -0.00212415309509678
1.73790296875E-07, -0.00199051719691986
1.7379225E-07, -0.00183909455844414
1.73794203125E-07, -0.001809944835647
1.7379615625E-07, -0.00159478245386629
1.73798109375E-07, -0.00174567036046252
1.738000625E-07, -0.00165679449352242
1.73802015625E-07, -0.00190843831490718
1.7380396875E-07, -0.00214632776828554
1.73805921875E-07, -0.00219057188224111
1.73807875E-07, -0.00186580061908098
1.73809828125E-07, -0.00180692896274529
1.7381178125E-07, -0.00209193814685843
1.73813734375E-07, -0.00178528026191971
1.738156875E-07, -0.00170358527023356
1.73817640625E-07, -0.00269368769612523
1.7381959375E-07, -0.00213740907968632
1.73821546875E-07, -0.00219979085185796
1.738235E-07, -0.00214242192886554
1.73825453125E-07, -0.00200132356678663
1.7382740625E-07, -0.00226395917267308
1.73829359375E-07, -0.0022757079597561
1.738313125E-07, -0.00199604906759625
1.73833265625E-07, -0.00236045263528322
1.7383521875E-07, -0.00193887837821478
1.73837171875E-07, -0.0027050047333135
1.73839125E-07, -0.00216984050947197
1.73841078125E-07, -0.00225611387898082
1.7384303125E-07, -0.00260934879332295
1.73844984375E-07, -0.00227675105916658
1.738469375E-07, -0.00274884962530568
1.73848890625E-07, -0.00233419434301564
1.7385084375E-07, -0.00242942331691925
1.73852796875E-07, -0.00229646061192127
1.7385475E-07, -0.003269139245291
1.73856703125E-07, -0.00209052301205383
1.7385865625E-07, -0.00252262630555832
1.73860609375E-07, -0.00290396445284957
1.738625625E-07, -0.0033996091993067
1.73864515625E-07, -0.00232598635352711
1.7386646875E-07, -0.00257806445050656
1.73868421875E-07, -0.0027862412403873
1.73870375E-07, -0.00309063787037103
1.73872328125E-07, -0.0025391710805626
1.7387428125E-07, -0.00260456596951307
1.73876234375E-07, -0.00269034798969024
1.738781875E-07, -0.00362938046447403
1.73880140625E-07, -0.00307644404508054
1.7388209375E-07, -0.00261802038257591
1.73884046875E-07, -0.00319095319024314
1.73886E-07, -0.00332954537767449
1.73887953125E-07, -0.00343860181314533
1.7388990625E-07, -0.003475052931603
1.73891859375E-07, -0.00346231345088734
1.738938125E-07, -0.00427063982625639
1.73895765625E-07, -0.00382552127626715
1.7389771875E-07, -0.00404074089525954
1.73899671875E-07, -0.00387163588848854
1.73901625E-07, -0.00445312565204174
1.73903578125E-07, -0.00425384604846563
1.7390553125E-07, -0.00381612162943067
1.73907484375E-07, -0.00419588313164695
1.739094375E-07, -0.00455255699052603
1.73911390625E-07, -0.00472917526987656
1.7391334375E-07, -0.00484634953916689
1.73915296875E-07, -0.00374366332843212
1.7391725E-07, -0.00411740663683522
1.73919203125E-07, -0.00421596141534415
1.7392115625E-07, -0.00446514764073637
1.73923109375E-07, -0.0046400326864149
1.739250625E-07, -0.00481448103721898
1.73927015625E-07, -0.00456701998040435
1.7392896875E-07, -0.00437606492154909
1.73930921875E-07, -0.00505739769813696
1.73932875E-07, -0.00511611160758063
1.73934828125E-07, -0.00483437754199279
1.7393678125E-07, -0.0050090425657586
1.73938734375E-07, -0.00504690211985795
1.739406875E-07, -0.00518465146113125
1.73942640625E-07, -0.00495553160368738
1.7394459375E-07, -0.00506647913347424
1.73946546875E-07, -0.005166182480634
1.739485E-07, -0.00492558135673018
1.73950453125E-07, -0.00492410921661977
1.7395240625E-07, -0.00552173552387922
1.73954359375E-07, -0.00539405976798134
1.739563125E-07, -0.00568097671859557
1.73958265625E-07, -0.00549208909693066
1.7396021875E-07, -0.00500676346253584
1.73962171875E-07, -0.00479565626362177
1.73964125E-07, -0.00586722437055484
1.73966078125E-07, -0.00490731116121449
1.7396803125E-07, -0.00541384487972962
1.73969984375E-07, -0.00499641178473619
1.739719375E-07, -0.00524097491204098
1.73973890625E-07, -0.00544889994304887
1.7397584375E-07, -0.00510369657843801
1.73977796875E-07, -0.00511220599519236
1.7397975E-07, -0.00514143724650059
1.73981703125E-07, -0.00504890153795889
1.7398365625E-07, -0.00506034498151187
1.73985609375E-07, -0.00473170030168669
1.739875625E-07, -0.00518557477062921
1.73989515625E-07, -0.00441759145996105
1.7399146875E-07, -0.00408787078583689
1.73993421875E-07, -0.00466537433640812
1.73995375E-07, -0.00470816353535608
1.73997328125E-07, -0.00490627772420703
1.7399928125E-07, -0.00413153058835676
1.74001234375E-07, -0.00412765566574874
1.740031875E-07, -0.00391901123461092
1.74005140625E-07, -0.00430712203146421
1.7400709375E-07, -0.00399240741002793
1.74009046875E-07, -0.0036776550022089
1.74011E-07, -0.00375367772400583
1.74012953125E-07, -0.00324992176617549
1.7401490625E-07, -0.00367523985548407
1.74016859375E-07, -0.00357801366199824
1.740188125E-07, -0.00241409597959159
1.74020765625E-07, -0.0033034689995933
1.7402271875E-07, -0.00271452393060766
1.74024671875E-07, -0.00301345910816893
1.74026625E-07, -0.00270003771869239
1.74028578125E-07, -0.00183090470556092
1.7403053125E-07, -0.00259552493903591
1.74032484375E-07, -0.0025466876222007
1.740344375E-07, -0.00139165090740534
1.74036390625E-07, -0.00140862794624795
1.7403834375E-07, -0.000168237205637161
1.74040296875E-07, -0.000331783936228225
1.7404225E-07, -0.000592214465161782
1.74044203125E-07, 9.94211180491894E-05
1.7404615625E-07, 0.000189632342861415
1.74048109375E-07, 0.000386120715357863
1.740500625E-07, 0.00203598333670363
1.74052015625E-07, 0.000364369083025002
1.7405396875E-07, 0.00135254820257311
1.74055921875E-07, 0.00219892989158609
1.74057875E-07, 0.00126731436538663
1.74059828125E-07, 0.00206122146404909
1.7406178125E-07, 0.00342063297307816
1.74063734375E-07, 0.00252398463255266
1.740656875E-07, 0.00332790837977933
1.74067640625E-07, 0.00408171414287155
1.7406959375E-07, 0.0029523521966859
1.74071546875E-07, 0.00450627662420564
1.740735E-07, 0.00347352472358701
1.74075453125E-07, 0.00567110442604653
1.7407740625E-07, 0.00585178222854624
1.74079359375E-07, 0.0053731869301246
1.740813125E-07, 0.00707434454075385
1.74083265625E-07, 0.00837958372555305
1.7408521875E-07, 0.00758216296150836
1.74087171875E-07, 0.00713668398315096
1.74089125E-07, 0.00793072680811906
1.74091078125E-07, 0.00837132768979858
1.7409303125E-07, 0.00987435942994567
1.74094984375E-07, 0.00836424927726273
1.740969375E-07, 0.00966175227649703
1.74098890625E-07, 0.0111418904224244
1.7410084375E-07, 0.00940462328227555
1.74102796875E-07, 0.0135516406040326
1.7410475E-07, 0.012367997653654
1.74106703125E-07, 0.0124413685491341
1.7410865625E-07, 0.0133151001614227
1.74110609375E-07, 0.0143013227339176
1.741125625E-07, 0.016474067326537
1.74114515625E-07, 0.0146895768511599
1.7411646875E-07, 0.0165848982551532
1.74118421875E-07, 0.0172692337466188
1.74120375E-07, 0.015583261692958
1.74122328125E-07, 0.0191708285937015
1.7412428125E-07, 0.0193559715828167
1.74126234375E-07, 0.0191567923627572
1.741281875E-07, 0.0183330610307338
1.74130140625E-07, 0.0184013998030679
1.7413209375E-07, 0.0216256769521666
1.74134046875E-07, 0.0208956871146223
1.74136E-07, 0.0196129510314457
1.74137953125E-07, 0.020660450388575
1.7413990625E-07, 0.0207629718672476
1.74141859375E-07, 0.0216991821303764
1.741438125E-07, 0.0244626190837804
1.74145765625E-07, 0.0239098653348396
1.7414771875E-07, 0.0255650992131149
1.74149671875E-07, 0.0250186200446018
1.74151625E-07, 0.0255701186319637
1.74153578125E-07, 0.0266714869685835
1.7415553125E-07, 0.0263569280263188
1.74157484375E-07, 0.0249239096813563
1.741594375E-07, 0.0282554201251429
1.74161390625E-07, 0.0273253774720531
1.7416334375E-07, 0.0285982143264805
1.74165296875E-07, 0.0287079318239082
1.7416725E-07, 0.029007708725443
1.74169203125E-07, 0.0291704403028865
1.7417115625E-07, 0.0278518658815579
1.74173109375E-07, 0.0311344209487354
1.741750625E-07, 0.0313075309011053
1.74177015625E-07, 0.0316081144644477
1.7417896875E-07, 0.0324838102123671
1.74180921875E-07, 0.0333213938834944
1.74182875E-07, 0.0332729236544331
1.74184828125E-07, 0.0319789001167345
1.7418678125E-07, 0.0321040848327512
1.74188734375E-07, 0.0341827747800746
1.741906875E-07, 0.0338819473604459
1.74192640625E-07, 0.0321014424967655
1.7419459375E-07, 0.0331780051263899
1.74196546875E-07, 0.0347365394011559
1.741985E-07, 0.0348858520472576
1.74200453125E-07, 0.0346395157880051
1.7420240625E-07, 0.0333132225967257
1.74204359375E-07, 0.0346520434049102
1.742063125E-07, 0.0349639397212223
1.74208265625E-07, 0.0317563597485446
1.7421021875E-07, 0.0305865795865901
1.74212171875E-07, 0.033917772980187
1.74214125E-07, 0.0343207299007805
1.74216078125E-07, 0.0337741321186725
1.7421803125E-07, 0.0336569265454358
1.74219984375E-07, 0.033252490398363
1.742219375E-07, 0.0332674445406634
1.74223890625E-07, 0.0290018056247649
1.7422584375E-07, 0.0309326844569376
1.74227796875E-07, 0.0315605968321337
1.7422975E-07, 0.0327587191847
1.74231703125E-07, 0.0277260435761471
1.7423365625E-07, 0.0274989507848194
1.74235609375E-07, 0.0301262717175996
1.742375625E-07, 0.030087466911128
1.74239515625E-07, 0.0303278050000998
1.7424146875E-07, 0.0288454616741933
1.74243421875E-07, 0.0265196916985231
1.74245375E-07, 0.0235090140949933
1.74247328125E-07, 0.0230366789370883
1.7424928125E-07, 0.0278988290513388
1.74251234375E-07, 0.0229892537795007
1.742531875E-07, 0.0229510127262895
1.74255140625E-07, 0.022665375914629
1.7425709375E-07, 0.0220622989996535
1.74259046875E-07, 0.0233323370004598
1.74261E-07, 0.0209187621752409
1.74262953125E-07, 0.0164626435821316
1.7426490625E-07, 0.020085494191612
1.74266859375E-07, 0.0157650401752199
1.742688125E-07, 0.0150345531536135
1.74270765625E-07, 0.0168505906821146
1.7427271875E-07, 0.0118176092825265
1.74274671875E-07, 0.0118504393815641
1.74276625E-07, 0.00963175855880229
1.74278578125E-07, 0.0110676077819866
1.7428053125E-07, 0.00588156731820377
1.74282484375E-07, -0.00024009290999638
1.742844375E-07, 0.00365125111737444
1.74286390625E-07, 0.0026326140490154
1.7428834375E-07, 0.00109557542986157
1.74290296875E-07, 0.00260227256487509
1.7429225E-07, -0.00228067354605335
1.74294203125E-07, -0.00619403816623303
1.7429615625E-07, -0.00237716566918063
1.74298109375E-07, -0.0072217075339957
1.743000625E-07, -0.00763088531918264
1.74302015625E-07, -0.00933404215989148
1.7430396875E-07, -0.0232776575883296
1.74305921875E-07, -0.0105385142595323
1.74307875E-07, -0.016215445821159
1.74309828125E-07, -0.0194086121826489
1.7431178125E-07, -0.0324649462284973
1.74313734375E-07, -0.02076546848887
1.743156875E-07, -0.0258981719289824
1.74317640625E-07, -0.0323455320801396
1.7431959375E-07, -0.0325083708667434
1.74321546875E-07, -0.0299983485167502
1.743235E-07, -0.0349031659916269
1.74325453125E-07, -0.0362538529972124
1.7432740625E-07, -0.0399794146441316
1.74329359375E-07, -0.0429989152180231
1.743313125E-07, -0.0477055547836696
1.74333265625E-07, -0.0384031184013357
1.7433521875E-07, -0.0458518863322998
1.74337171875E-07, -0.0497494954335705
1.74339125E-07, -0.0574673225538157
1.74341078125E-07, -0.0588951452742481
1.7434303125E-07, -0.0628017066059295
1.74344984375E-07, -0.0614320455008543
1.743469375E-07, -0.0626707089665152
1.74348890625E-07, -0.0664599684010746
1.7435084375E-07, -0.0698488910863018
1.74352796875E-07, -0.067453461157152
1.7435475E-07, -0.0741304781070888
1.74356703125E-07, -0.0717840560582882
1.7435865625E-07, -0.0787079007911285
1.74360609375E-07, -0.079723931187078
1.743625625E-07, -0.0801847016135146
1.74364515625E-07, -0.0867950206989917
1.7436646875E-07, -0.0910436521367919
1.74368421875E-07, -0.0823390963114427
1.74370375E-07, -0.0907613156269543
1.74372328125E-07, -0.0875694347608922
1.7437428125E-07, -0.0906473597118507
1.74376234375E-07, -0.100585181931355
1.743781875E-07, -0.100888148744162
1.74380140625E-07, -0.0968667294405783
1.7438209375E-07, -0.0993509532376321
1.74384046875E-07, -0.106498611792768
1.74386E-07, -0.103922997695269
1.74387953125E-07, -0.108757293545241
1.7438990625E-07, -0.110518029670491
1.74391859375E-07, -0.108412293001513
1.743938125E-07, -0.107636519443284
1.74395765625E-07, -0.114147905548553
1.7439771875E-07, -0.113621517204462
1.74399671875E-07, -0.114630789737843
1.74401625E-07, -0.115499642599394
1.74403578125E-07, -0.110800068753612
1.7440553125E-07, -0.117711629037463
1.74407484375E-07, -0.121099084497109
1.744094375E-07, -0.11981685962387
1.74411390625E-07, -0.123014748642581
1.7441334375E-07, -0.110290628660547
1.74415296875E-07, -0.114876586728641
1.7441725E-07, -0.121916514861353
1.74419203125E-07, -0.121250220701611
1.7442115625E-07, -0.122824369152803
1.74423109375E-07, -0.0986969467930745
1.744250625E-07, -0.119810098397418
1.74427015625E-07, -0.110655408073086
1.7442896875E-07, -0.114305701273426
1.74430921875E-07, -0.117863258451947
1.74432875E-07, -0.108712917935045
1.74434828125E-07, -0.115083693789629
1.7443678125E-07, -0.102867969467966
1.74438734375E-07, -0.107201360791737
1.744406875E-07, -0.11517546645904
1.74442640625E-07, -0.102188146912963
1.7444459375E-07, -0.101440078415379
1.74446546875E-07, -0.104118940002643
1.744485E-07, -0.102763550588088
1.74450453125E-07, -0.106793714168955
1.7445240625E-07, -0.0926841832210952
1.74454359375E-07, -0.0841149879275644
1.744563125E-07, -0.0898302186683556
1.74458265625E-07, -0.0844879007569475
1.7446021875E-07, -0.0982385069986822
1.74462171875E-07, -0.0786265144909263
1.74464125E-07, -0.0736694234689637
1.74466078125E-07, -0.0712422848689833
1.7446803125E-07, -0.0653697487987038
1.74469984375E-07, -0.0725622008229425
1.744719375E-07, -0.0719263582645405
1.74473890625E-07, -0.0629092730064748
1.7447584375E-07, -0.0533774821985435
1.74477796875E-07, -0.0372862883852166
1.7447975E-07, -0.0525172520153201
1.74481703125E-07, -0.0439923742562561
1.7448365625E-07, -0.0292779930896224
1.74485609375E-07, -0.0371771496906103
1.744875625E-07, -0.0341761288826797
1.74489515625E-07, -0.0222913990604161
1.7449146875E-07, -0.0246354364515466
1.74493421875E-07, -0.0280118303163507
1.74495375E-07, -0.0189099599911394
1.74497328125E-07, -0.0146845832609744
1.7449928125E-07, -0.0071539141292546
1.74501234375E-07, 0.0130998118990299
1.745031875E-07, 0.0087128409252553
1.74505140625E-07, 0.0100275089028292
1.7450709375E-07, 0.010676734642333
1.74509046875E-07, 0.0109123941936392
1.74511E-07, 0.0238270642502902
1.74512953125E-07, 0.0135857776067929
1.7451490625E-07, 0.0222126239341085
1.74516859375E-07, 0.04308173863814
1.745188125E-07, 0.0332851476123765
1.74520765625E-07, 0.0457686595733216
1.7452271875E-07, 0.0388893139643864
1.74524671875E-07, 0.0479366699258832
1.74526625E-07, 0.0616364183497817
1.74528578125E-07, 0.0565270630410187
1.7453053125E-07, 0.0457431677402725
1.74532484375E-07, 0.0629008932499171
1.745344375E-07, 0.0603361853276135
1.74536390625E-07, 0.0658418713139618
1.7453834375E-07, 0.064583403964427
1.74540296875E-07, 0.046751784315305
1.7454225E-07, 0.076789242766391
1.74544203125E-07, 0.0782646892764809
1.7454615625E-07, 0.0909382495782419
1.74548109375E-07, 0.063862122520153
1.745500625E-07, 0.0780826986670432
1.74552015625E-07, 0.0863400485780631
1.7455396875E-07, 0.0667752629420369
1.74555921875E-07, 0.0947480798908488
1.74557875E-07, 0.0973906216356829
1.74559828125E-07, 0.0940628377645027
1.7456178125E-07, 0.0951109090214139
1.74563734375E-07, 0.0947738284804518
1.745656875E-07, 0.0841280959370402
1.74567640625E-07, 0.0929698173293509
1.7456959375E-07, 0.0952894611090403
1.74571546875E-07, 0.096218195490903
1.745735E-07, 0.0980445316884259
1.74575453125E-07, 0.0924721228304927
1.7457740625E-07, 0.0974048085331376
1.74579359375E-07, 0.0933937087807245
1.745813125E-07, 0.100779711035407
1.74583265625E-07, 0.0953220248222206
1.7458521875E-07, 0.0931897641902245
1.74587171875E-07, 0.0815278353448369
1.74589125E-07, 0.0876601795920533
1.74591078125E-07, 0.0959761565817399
1.7459303125E-07, 0.0892985227422931
1.74594984375E-07, 0.0926858312886426
1.745969375E-07, 0.0940968443549497
1.74598890625E-07, 0.0896753000096164
1.7460084375E-07, 0.0802495326815646
1.74602796875E-07, 0.0870043353828047
1.7460475E-07, 0.0861409097907683
1.74606703125E-07, 0.0856878888307373
1.7460865625E-07, 0.0791958345488262
1.74610609375E-07, 0.0868149616124217
1.746125625E-07, 0.0822677736624751
1.74614515625E-07, 0.0750289344030261
1.7461646875E-07, 0.0663954879239156
1.74618421875E-07, 0.0673193101952127
1.74620375E-07, 0.0658948049185555
1.74622328125E-07, 0.071402569028184
1.7462428125E-07, 0.0653553098661609
1.74626234375E-07, 0.0598569733401037
1.746281875E-07, 0.0570278654643391
1.74630140625E-07, 0.0613310393170437
1.7463209375E-07, 0.0600905961907844
1.74634046875E-07, 0.056449995765209
1.74636E-07, 0.0580315852804207
1.74637953125E-07, 0.0493671345293249
1.7463990625E-07, 0.0505120480265327
1.74641859375E-07, 0.049519262565575
1.746438125E-07, 0.0478456688202091
1.74645765625E-07, 0.0476976294734833
1.7464771875E-07, 0.0426479746541596
1.74649671875E-07, 0.0382214095068932
1.74651625E-07, 0.0385025320344687
1.74653578125E-07, 0.0377879783422234
1.7465553125E-07, 0.0408101588910718
1.74657484375E-07, 0.0360046401003424
1.746594375E-07, 0.0314827028610031
1.74661390625E-07, 0.030231282876725
1.7466334375E-07, 0.0313572591461976
1.74665296875E-07, 0.0328432185151384
1.7466725E-07, 0.0336381160231797
1.74669203125E-07, 0.0287953002877246
1.7467115625E-07, 0.0251005477423019
1.74673109375E-07, 0.0268024949697197
1.746750625E-07, 0.0250880067278142
1.74677015625E-07, 0.0250917826669126
1.7467896875E-07, 0.0279500219499558
1.74680921875E-07, 0.0230945501718015
1.74682875E-07, 0.0251812462393055
1.74684828125E-07, 0.0231055532604828
1.7468678125E-07, 0.0192014269389618
1.74688734375E-07, 0.0212654213480867
1.746906875E-07, 0.0200814240985854
1.74692640625E-07, 0.0189242687580465
1.7469459375E-07, 0.0191885840305331
1.74696546875E-07, 0.0168640464630866
1.746985E-07, 0.0192441075526375
1.74700453125E-07, 0.0183905244205259
1.7470240625E-07, 0.0195793109383459
1.74704359375E-07, 0.0188655397818195
1.747063125E-07, 0.0192402555281327
1.74708265625E-07, 0.0209574778483916
1.7471021875E-07, 0.0187573066028356
1.74712171875E-07, 0.024067485207606
1.74714125E-07, 0.0195459135742189
1.74716078125E-07, 0.0183160455883088
1.7471803125E-07, 0.0202367692209864
1.74719984375E-07, 0.0171690046180395
1.747219375E-07, 0.0182883597517588
1.74723890625E-07, 0.0255333459118826
1.7472584375E-07, 0.0191242809324358
1.74727796875E-07, 0.0185460330206603
1.7472975E-07, 0.0185060879223275
1.74731703125E-07, 0.0189895395932968
1.7473365625E-07, 0.018958734711037
1.74735609375E-07, 0.0192417058088046
1.747375625E-07, 0.018745909962882
1.74739515625E-07, 0.0188918730411693
1.7474146875E-07, 0.0186756459431349
1.74743421875E-07, 0.0189263115995965
1.74745375E-07, 0.0191475769557102
1.74747328125E-07, 0.0185969246219291
1.7474928125E-07, 0.0172590274270759
1.74751234375E-07, 0.0170837335336391
1.747531875E-07, 0.0183374450204789
1.74755140625E-07, 0.0188947955964629
1.7475709375E-07, 0.0159949385809836
1.74759046875E-07, 0.0166145165203947
1.74761E-07, 0.0176610518926206
1.74762953125E-07, 0.016171297695747
1.7476490625E-07, 0.0169691680984745
1.74766859375E-07, 0.0134858635485992
1.747688125E-07, 0.0171345165823221
1.74770765625E-07, 0.0192899682625379
1.7477271875E-07, 0.0153436157759273
1.74774671875E-07, 0.0128626173430101
1.74776625E-07, 0.0148019257815982
1.74778578125E-07, 0.0133607176532036
1.7478053125E-07, 0.0141856193150465
1.74782484375E-07, 0.0120574759633402
1.747844375E-07, 0.0112208658271386
1.74786390625E-07, 0.0117525087093628
1.7478834375E-07, 0.0095165173738381
1.74790296875E-07, 0.011743251847592
1.7479225E-07, 0.00966063403903866
1.74794203125E-07, 0.00840736600345453
1.7479615625E-07, 0.0101557844066775
1.74798109375E-07, 0.00714215595125586
1.748000625E-07, 0.00645707104339968
1.74802015625E-07, 0.00614566968104971
1.7480396875E-07, 0.00694804046734328
1.74805921875E-07, 0.0061290201488497
1.74807875E-07, 0.00469152595800783
1.74809828125E-07, 0.00336734120983408
1.7481178125E-07, 0.00115556656660632
1.74813734375E-07, 0.00540854272730061
1.748156875E-07, 0.00210091426556773
1.74817640625E-07, 0.0039078443825284
1.7481959375E-07, 0.000829469777389173
1.74821546875E-07, -0.00142171136315641
1.748235E-07, -0.000470263873594431
1.74825453125E-07, -0.00170740816095195
1.7482740625E-07, 0.00185024966564816
1.74829359375E-07, -0.00162538743525777
1.748313125E-07, -0.00412278060805596
1.74833265625E-07, -0.00349365303262686
1.7483521875E-07, -0.00185952517248747
1.74837171875E-07, -0.00244458366358602
1.74839125E-07, -0.00354101145995575
1.74841078125E-07, -0.00468639263260804
1.7484303125E-07, -0.0028977166015747
1.74844984375E-07, -0.00627346030949644
1.748469375E-07, -0.00635451186935994
1.74848890625E-07, -0.00524332925932917
1.7485084375E-07, -0.00647481652838169
1.74852796875E-07, -0.00742961722873046
1.7485475E-07, -0.00765987438621508
1.74856703125E-07, -0.00742716613660623
1.7485865625E-07, -0.00717419409247047
1.74860609375E-07, -0.00733894029383411
1.748625625E-07, -0.00825162511703498
1.74864515625E-07, -0.00812784546887116
1.7486646875E-07, -0.00785306748527812
1.74868421875E-07, -0.00763493212633313
1.74870375E-07, -0.0089164053515233
1.74872328125E-07, -0.00825186720270099
1.7487428125E-07, -0.00659966360751153
1.74876234375E-07, -0.00828630111966122
1.748781875E-07, -0.0088771244970734
1.74880140625E-07, -0.00880035516071326
1.7488209375E-07, -0.00477856475486902
1.74884046875E-07, -0.00611274285667339
1.74886E-07, -0.00853797172572923
1.74887953125E-07, -0.00742343298987633
1.7488990625E-07, -0.00695792052131087
1.74891859375E-07, -0.00514987920349384
1.748938125E-07, -0.00837068113821368
1.74895765625E-07, -0.00725272029334274
1.7489771875E-07, -0.0065516806730556
1.74899671875E-07, -0.00698333347489538
1.74901625E-07, -0.0061721982362318
1.74903578125E-07, -0.0055405308051699
1.7490553125E-07, -0.00536173184008276
1.74907484375E-07, -0.00381500295975458
1.749094375E-07, -0.0032303133708063
1.74911390625E-07, -0.0042727129357478
1.7491334375E-07, -0.00189225064670488
1.74915296875E-07, -0.00350917571031355
1.7491725E-07, -0.00338522333736928
1.74919203125E-07, -0.00280278221740668
1.7492115625E-07, -0.00419259626739722
1.74923109375E-07, -0.00284154589204314
1.749250625E-07, -0.00316030996839248
1.74927015625E-07, -0.00271266133395448
1.7492896875E-07, -0.00170020042782044
1.74930921875E-07, -0.00309766746723853
1.74932875E-07, -0.00231052174063269
1.74934828125E-07, -0.00139181417096614
1.7493678125E-07, -0.00155790372852624
1.74938734375E-07, -0.000659488776496513
1.749406875E-07, -0.000994413235843288
1.74942640625E-07, -0.00109005494325371
1.7494459375E-07, -0.000610398794381285
1.74946546875E-07, 0.000345803326279329
1.749485E-07, 0.000732696542083274
1.74950453125E-07, 0.000515718674706987
1.7495240625E-07, 0.00055624098878955
1.74954359375E-07, 0.000540603656847404
1.749563125E-07, 0.000119716166178664
1.74958265625E-07, 0.00105023723495884
1.7496021875E-07, 0.000498342191554907
1.74962171875E-07, 0.00210558017792086
1.74964125E-07, 0.00130874032598992
1.74966078125E-07, 0.00189029144769827
1.7496803125E-07, 0.00149824123963507
1.74969984375E-07, 0.00201628377403233
1.749719375E-07, 0.00183327894455416
1.74973890625E-07, 0.00227715436378405
1.7497584375E-07, 0.00194087005921779
1.74977796875E-07, 0.00173951727095608
1.7497975E-07, 0.00226321195599559
1.74981703125E-07, 0.00183662161338683
1.7498365625E-07, 0.00190198572287854
1.74985609375E-07, 0.00182780038190803
1.749875625E-07, 0.0017676981283554
1.74989515625E-07, 0.00222121201939365
1.7499146875E-07, 0.00219359146694597
1.74993421875E-07, 0.00163203669300094
1.74995375E-07, 0.00221993521809958
1.74997328125E-07, 0.00195177597755585
1.7499928125E-07, 0.00168937664233097
1.75001234375E-07, 0.00135731298973679
1.750031875E-07, 0.00193094115486098
1.75005140625E-07, 0.0012732562963921
1.7500709375E-07, 0.000205206513005789
1.75009046875E-07, -0.00029247127052226
1.75011E-07, -0.000190866436303757
1.75012953125E-07, 0.000203744924085696
1.7501490625E-07, 0.000533369379784285
1.75016859375E-07, -0.000900199759593831
1.750188125E-07, -0.000775459181390661
1.75020765625E-07, -0.00137355007917588
1.7502271875E-07, -0.00267144105853134
1.75024671875E-07, -3.76979315756168E-05
1.75026625E-07, -0.00169203918821131
1.75028578125E-07, -0.00238383665295451
1.7503053125E-07, -0.00161166971751836
1.75032484375E-07, -0.000359402285206085
1.750344375E-07, -0.00109545653643668
1.75036390625E-07, -0.0019941490589989
1.7503834375E-07, -0.002633087146485
1.75040296875E-07, -0.00117502942587564
1.7504225E-07, -0.00327136213667573
1.75044203125E-07, -0.00255206335961753
1.7504615625E-07, -0.0033374384140396
1.75048109375E-07, -0.0042475080112598
1.750500625E-07, -0.00347059447507001
1.75052015625E-07, -0.00497072830719065
1.7505396875E-07, -0.00473455958965349
1.75055921875E-07, -0.00690507532807913
1.75057875E-07, -0.00654083505756749
1.75059828125E-07, -0.00559819667139335
1.7506178125E-07, -0.00776564719466389
1.75063734375E-07, -0.00627953349277645
1.750656875E-07, -0.0064289546895859
1.75067640625E-07, -0.00926733971180864
1.7506959375E-07, -0.00912646193739234
1.75071546875E-07, -0.00953679202540999
1.750735E-07, -0.0108817628956146
1.75075453125E-07, -0.00898122177882379
1.7507740625E-07, -0.0113237663856696
1.75079359375E-07, -0.0093859701778973
1.750813125E-07, -0.0106127332916581
1.75083265625E-07, -0.0120421809728348
1.7508521875E-07, -0.0121652422110124
1.75087171875E-07, -0.0147256671463706
1.75089125E-07, -0.0130345086901838
1.75091078125E-07, -0.0136372565567919
1.7509303125E-07, -0.0135672238118127
1.75094984375E-07, -0.0167058252963217
1.750969375E-07, -0.0167021455184548
1.75098890625E-07, -0.0162403335231289
1.7510084375E-07, -0.0150379861629835
1.75102796875E-07, -0.0178075418644965
1.7510475E-07, -0.0176796249165618
1.75106703125E-07, -0.0183660896250589
1.7510865625E-07, -0.0192313731980333
1.75110609375E-07, -0.0193982631001201
1.751125625E-07, -0.0209250491352809
1.75114515625E-07, -0.0203641810322203
1.7511646875E-07, -0.0207889879555109
1.75118421875E-07, -0.0218723416185487
1.75120375E-07, -0.0211435948253089
1.75122328125E-07, -0.0226747240527595
1.7512428125E-07, -0.0209302152996213
1.75126234375E-07, -0.0230568852166813
1.751281875E-07, -0.0239782372868032
1.75130140625E-07, -0.0244409214414497
1.7513209375E-07, -0.0243946548313958
1.75134046875E-07, -0.0257835686957884
1.75136E-07, -0.0267133113303022
1.75137953125E-07, -0.0257687461752242
1.7513990625E-07, -0.026425982347048
1.75141859375E-07, -0.0285733814910589
1.751438125E-07, -0.0278310843513816
1.75145765625E-07, -0.0286151523907558
1.7514771875E-07, -0.0280803617711156
1.75149671875E-07, -0.0296995684920228
1.75151625E-07, -0.0295107648077354
1.75153578125E-07, -0.0287376960364857
1.7515553125E-07, -0.0278639113215784
1.75157484375E-07, -0.030079977823228
1.751594375E-07, -0.0297890328616929
1.75161390625E-07, -0.0317527975268859
1.7516334375E-07, -0.0298387478908431
1.75165296875E-07, -0.0310645649013963
1.7516725E-07, -0.0316924386099893
1.75169203125E-07, -0.0312798844380483
1.7517115625E-07, -0.0307309535108175
1.75173109375E-07, -0.0321217276831773
1.751750625E-07, -0.0317469775850188
1.75177015625E-07, -0.0324682249732412
1.7517896875E-07, -0.0323019853778557
1.75180921875E-07, -0.0319516791414973
1.75182875E-07, -0.0330711399672577
1.75184828125E-07, -0.0328405901046835
1.7518678125E-07, -0.0322551232306322
1.75188734375E-07, -0.0325862656230492
1.751906875E-07, -0.0325290291413492
1.75192640625E-07, -0.032966711335637
1.7519459375E-07, -0.0326469443809919
1.75196546875E-07, -0.032693121074072
1.751985E-07, -0.0322139584939298
1.75200453125E-07, -0.0323251860613
1.7520240625E-07, -0.0316888145175107
1.75204359375E-07, -0.0313245186261454
1.752063125E-07, -0.0312582950095847
1.75208265625E-07, -0.03186590762687
1.7521021875E-07, -0.0316356787092479
1.75212171875E-07, -0.0313691951733782
1.75214125E-07, -0.0318240289671089
1.75216078125E-07, -0.0295358379059702
1.7521803125E-07, -0.0310033421851695
1.75219984375E-07, -0.0290380981841355
1.752219375E-07, -0.0300601055413279
1.75223890625E-07, -0.0294237549146494
1.7522584375E-07, -0.0298982395569526
1.75227796875E-07, -0.029377747075557
1.7522975E-07, -0.0290919060433633
1.75231703125E-07, -0.0276797009791456
1.7523365625E-07, -0.0294035869193391
1.75235609375E-07, -0.0290577563651342
1.752375625E-07, -0.0280524737791376
1.75239515625E-07, -0.0275089772645349
1.7524146875E-07, -0.0274765590076157
1.75243421875E-07, -0.0264488300482277
1.75245375E-07, -0.027518549099512
1.75247328125E-07, -0.0251409141033755
1.7524928125E-07, -0.0271555164857941
1.75251234375E-07, -0.0268980176701363
1.752531875E-07, -0.0243604659132161
1.75255140625E-07, -0.0259920780124159
1.7525709375E-07, -0.0252886868603926
1.75259046875E-07, -0.0239173542506938
1.75261E-07, -0.0248766019899248
1.75262953125E-07, -0.0226175447433547
1.7526490625E-07, -0.0232466974703847
1.75266859375E-07, -0.0235527230078447
1.752688125E-07, -0.02178769660573
1.75270765625E-07, -0.0214840871831211
1.7527271875E-07, -0.0218414212240364
1.75274671875E-07, -0.0207792858068631
1.75276625E-07, -0.0219235181154228
1.75278578125E-07, -0.0200422858499673
1.7528053125E-07, -0.021886109766162
1.75282484375E-07, -0.0204973412637049
1.752844375E-07, -0.0211416804339886
1.75286390625E-07, -0.0200923012471683
1.7528834375E-07, -0.0183497271899906
1.75290296875E-07, -0.0186852767666007
1.7529225E-07, -0.0172551102717421
1.75294203125E-07, -0.0180477589709094
1.7529615625E-07, -0.0186558405360188
1.75298109375E-07, -0.0184670027199727
1.753000625E-07, -0.0171128811103638
1.75302015625E-07, -0.0151667150622257
1.7530396875E-07, -0.0163536956011879
1.75305921875E-07, -0.0145825647771317
1.75307875E-07, -0.0157573694996624
1.75309828125E-07, -0.0157297005429857
1.7531178125E-07, -0.0142473023422911
1.75313734375E-07, -0.0122426250949365
1.753156875E-07, -0.0142216379350047
1.75317640625E-07, -0.0130310191025584
1.7531959375E-07, -0.0126487038229185
1.75321546875E-07, -0.0119951193248377
1.753235E-07, -0.0120458458945164
1.75325453125E-07, -0.0119118553171638
1.7532740625E-07, -0.0118007170221557
1.75329359375E-07, -0.00955624346349187
1.753313125E-07, -0.0103359058146745
1.75333265625E-07, -0.0106858984371663
1.7533521875E-07, -0.0103505643434493
1.75337171875E-07, -0.00765761623845005
1.75339125E-07, -0.00695350107793431
1.75341078125E-07, -0.00841812909481433
1.7534303125E-07, -0.00738121409171427
1.75344984375E-07, -0.00707646150609038
1.753469375E-07, -0.00730782537264778
1.75348890625E-07, -0.00612660901943944
1.7535084375E-07, -0.00659064060260597
1.75352796875E-07, -0.00577121658092511
1.7535475E-07, -0.00648475812912878
1.75356703125E-07, -0.00440001432561079
1.7535865625E-07, -0.00493710665563224
1.75360609375E-07, -0.00581031009096144
1.753625625E-07, -0.00318076574703946
1.75364515625E-07, -0.00510749704559092
1.7536646875E-07, -0.00308812675037524
1.75368421875E-07, -0.00247626223590072
1.75370375E-07, -0.00404534014751664
1.75372328125E-07, -0.00274183585338141
1.7537428125E-07, -0.00302535005756408
1.75376234375E-07, -0.00270448996675098
1.753781875E-07, -0.00136848999698345
1.75380140625E-07, -0.002118907161984
1.7538209375E-07, -0.00127895166481206
1.75384046875E-07, -0.0011767380427451
1.75386E-07, -0.00083885450183349
1.75387953125E-07, 0.000192250919971569
1.7538990625E-07, 0.000498238807003656
1.75391859375E-07, 0.000735007004288729
1.753938125E-07, 2.76078154575199E-05
1.75395765625E-07, 0.0012749104846926
1.7539771875E-07, 0.0010578862609044
1.75399671875E-07, -0.00035986525492472
1.75401625E-07, 0.00103476703055829
1.75403578125E-07, 0.00140803876108213
1.7540553125E-07, 0.000831843613101862
1.75407484375E-07, 0.00224579165321614
1.754094375E-07, 0.00194708289012205
1.75411390625E-07, 0.000498525302616858
1.7541334375E-07, 0.00225645756974112
1.75415296875E-07, 0.00235915954938005
1.7541725E-07, 0.00324777273651481
1.75419203125E-07, 0.00284947438516636
1.7542115625E-07, 0.00213329123851759
1.75423109375E-07, 0.00310138156735806
1.754250625E-07, 0.00195165148370881
1.75427015625E-07, 0.00246503878494211
1.7542896875E-07, 0.00411338777114669
1.75430921875E-07, 0.00364058818651416
1.75432875E-07, 0.00391007021522794
1.75434828125E-07, 0.00349926088821471
1.7543678125E-07, 0.00439586898180802
1.75438734375E-07, 0.00478645131879649
1.754406875E-07, 0.00449235012273043
1.75442640625E-07, 0.00411589049494625
1.7544459375E-07, 0.0050278666442415
1.75446546875E-07, 0.00467488128197752
1.754485E-07, 0.00556210628100775
1.75450453125E-07, 0.00525346842432338
1.7545240625E-07, 0.00548937979623918
1.75454359375E-07, 0.00637601297218047
1.754563125E-07, 0.00651850840411603
1.75458265625E-07, 0.00660120564120903
1.7546021875E-07, 0.00638401086836178
1.75462171875E-07, 0.00728612835447878
1.75464125E-07, 0.00655448973216679
1.75466078125E-07, 0.00744137300608269
1.7546803125E-07, 0.00703990521307158
1.75469984375E-07, 0.00630365387233804
1.754719375E-07, 0.00771091477076534
1.75473890625E-07, 0.00801014089978652
1.7547584375E-07, 0.0072169999931978
1.75477796875E-07, 0.00828442762934658
1.7547975E-07, 0.00877908318944317
1.75481703125E-07, 0.00878187925770977
1.7548365625E-07, 0.00916726165616872
1.75485609375E-07, 0.00917810240878244
1.754875625E-07, 0.00928157467146028
1.75489515625E-07, 0.00948792407801782
1.7549146875E-07, 0.00847258313890751
1.75493421875E-07, 0.00995079662546247
1.75495375E-07, 0.0101230737817286
1.75497328125E-07, 0.0104337544298903
1.7549928125E-07, 0.0111446283173547
1.75501234375E-07, 0.0109288973511721
1.755031875E-07, 0.011502266259494
1.75505140625E-07, 0.0114319181160262
1.7550709375E-07, 0.0118017329725611
1.75509046875E-07, 0.0119101806212874
1.75511E-07, 0.0118619374302245
1.75512953125E-07, 0.0122899369331283
1.7551490625E-07, 0.0120156254813644
1.75516859375E-07, 0.012917760367748
1.755188125E-07, 0.0117328714768155
1.75520765625E-07, 0.0131496301985478
1.7552271875E-07, 0.0134250216487179
1.75524671875E-07, 0.0127319851993237
1.75526625E-07, 0.0131979848909558
1.75528578125E-07, 0.0133634511495862
1.7553053125E-07, 0.0133718131076514
1.75532484375E-07, 0.0138220053904995
1.755344375E-07, 0.013297331661424
1.75536390625E-07, 0.013418961462537
1.7553834375E-07, 0.0133191930928912
1.75540296875E-07, 0.0140243820520988
1.7554225E-07, 0.014350581288685
1.75544203125E-07, 0.0136814503045894
1.7554615625E-07, 0.0141156994776342
1.75548109375E-07, 0.0143990813682799
1.755500625E-07, 0.0142870087138597
1.75552015625E-07, 0.0143785612538413
1.7555396875E-07, 0.0135056651560286
1.75555921875E-07, 0.0142967945827909
1.75557875E-07, 0.013838760097471
1.75559828125E-07, 0.0139360303360724
1.7556178125E-07, 0.0140071407872315
1.75563734375E-07, 0.0129448147590907
1.755656875E-07, 0.0134395952007002
1.75567640625E-07, 0.013054666225198
1.7556959375E-07, 0.0125672655638805
1.75571546875E-07, 0.0123516795226968
1.755735E-07, 0.0129318093682387
1.75575453125E-07, 0.0131207272958026
1.7557740625E-07, 0.0123620875806211
1.75579359375E-07, 0.0121993251658047
1.755813125E-07, 0.0123437090000418
1.75583265625E-07, 0.0115867165085523
1.7558521875E-07, 0.0108018910737364
1.75587171875E-07, 0.0109707666162015
1.75589125E-07, 0.0109215304886495
1.75591078125E-07, 0.0112786875904605
1.7559303125E-07, 0.0105118751786455
1.75594984375E-07, 0.00954133029049712
1.755969375E-07, 0.0105944588601779
1.75598890625E-07, 0.00932770503645536
1.7560084375E-07, 0.0106457104449687
1.75602796875E-07, 0.00893620261626977
1.7560475E-07, 0.00824616512876733
1.75606703125E-07, 0.00941946937431498
1.7560865625E-07, 0.00841408017536915
1.75610609375E-07, 0.00795461063071175
1.756125625E-07, 0.00751484232353216
1.75614515625E-07, 0.00813614465771756
1.7561646875E-07, 0.00827169561950858
1.75618421875E-07, 0.00685173226855292
1.75620375E-07, 0.00709234531884104
1.75622328125E-07, 0.00696392866300571
1.7562428125E-07, 0.00669123818619862
1.75626234375E-07, 0.00605750703904256
1.756281875E-07, 0.00593500847399629
1.75630140625E-07, 0.00648908008359767
1.7563209375E-07, 0.00516164417134419
1.75634046875E-07, 0.00598555529729446
1.75636E-07, 0.00612652962436138
1.75637953125E-07, 0.00506341697871888
1.7563990625E-07, 0.00501313792082557
1.75641859375E-07, 0.00435468715493056
1.756438125E-07, 0.00455582494629046
1.75645765625E-07, 0.0041614027117775
1.7564771875E-07, 0.00413248779842717
1.75649671875E-07, 0.00419062319040301
1.75651625E-07, 0.0043823379440225
1.75653578125E-07, 0.00397386598552361
1.7565553125E-07, 0.00280611980184411
1.75657484375E-07, 0.00300668240622166
1.756594375E-07, 0.00378902491240403
1.75661390625E-07, 0.00366886976617799
1.7566334375E-07, 0.00371113931640354
1.75665296875E-07, 0.00312823459765942
1.7566725E-07, 0.00325884600106553
1.75669203125E-07, 0.00448105332771129
1.7567115625E-07, 0.00314384511301992
1.75673109375E-07, 0.00320566010225409
1.756750625E-07, 0.00382384688658211
1.75677015625E-07, 0.00347257269324357
1.7567896875E-07, 0.00331397486222419
1.75680921875E-07, 0.00370043640640758
1.75682875E-07, 0.00342301211807212
1.75684828125E-07, 0.0037868251449092
1.7568678125E-07, 0.00415138808106365
1.75688734375E-07, 0.00402815968883391
1.756906875E-07, 0.00358353924171126
1.75692640625E-07, 0.00412665368503117
1.7569459375E-07, 0.00440418619930405
1.75696546875E-07, 0.00354397318662345
1.756985E-07, 0.00405927412894287
1.75700453125E-07, 0.00416233340208187
1.7570240625E-07, 0.00455943351069362
1.75704359375E-07, 0.00411608207800725
1.757063125E-07, 0.0046181793112227
1.75708265625E-07, 0.00457135980384429
1.7571021875E-07, 0.00487790638426683
1.75712171875E-07, 0.00491256639319814
1.75714125E-07, 0.00581198046305989
1.75716078125E-07, 0.00528922926887302
1.7571803125E-07, 0.00542595240372236
1.75719984375E-07, 0.00554296956794491
1.757219375E-07, 0.00607839961674688
1.75723890625E-07, 0.00615305387961365
1.7572584375E-07, 0.0057189740819673
1.75727796875E-07, 0.00625017741016183
1.7572975E-07, 0.00627496875831511
1.75731703125E-07, 0.00608266405897045
1.7573365625E-07, 0.00620691477391764
1.75735609375E-07, 0.00577073569607343
1.757375625E-07, 0.00674972261347241
1.75739515625E-07, 0.00682537455622636
1.7574146875E-07, 0.00625276588539792
1.75743421875E-07, 0.00672271560974565
1.75745375E-07, 0.00658448995695332
1.75747328125E-07, 0.00674268017905033
1.7574928125E-07, 0.00721830534786917
1.75751234375E-07, 0.00674406531287309
1.757531875E-07, 0.00730893377857437
1.75755140625E-07, 0.00762722601645458
1.7575709375E-07, 0.00735264849800564
1.75759046875E-07, 0.00777292962768145
1.75761E-07, 0.0080094605948463
1.75762953125E-07, 0.00784472706170235
1.7576490625E-07, 0.00812589095264361
1.75766859375E-07, 0.00803077183812636
1.757688125E-07, 0.00842765926035411
1.75770765625E-07, 0.0082699419562408
1.7577271875E-07, 0.00829168890208352
1.75774671875E-07, 0.00820656077654724
1.75776625E-07, 0.00833394578458255
1.75778578125E-07, 0.00851759062867172
1.7578053125E-07, 0.00864812709740827
1.75782484375E-07, 0.00837994255885185
1.757844375E-07, 0.00886198317216349
1.75786390625E-07, 0.00842319029432475
1.7578834375E-07, 0.00886626506589393
1.75790296875E-07, 0.00908911235501077
1.7579225E-07, 0.00928564673922195
1.75794203125E-07, 0.00891348055194264
1.7579615625E-07, 0.00821240488823559
1.75798109375E-07, 0.00954673914268005
1.758000625E-07, 0.00972292966072159
1.75802015625E-07, 0.00911129202890967
1.7580396875E-07, 0.00970465190791979
1.75805921875E-07, 0.00984748811127539
1.75807875E-07, 0.00982951840345276
1.75809828125E-07, 0.0096793762079483
1.7581178125E-07, 0.00987408496425478
1.75813734375E-07, 0.00986151976011553
1.758156875E-07, 0.0102810110898603
1.75817640625E-07, 0.0109227856054138
1.7581959375E-07, 0.0104160207253019
1.75821546875E-07, 0.0103572191178319
1.758235E-07, 0.0103261097886566
1.75825453125E-07, 0.0101474688889268
1.7582740625E-07, 0.010125414017806
1.75829359375E-07, 0.0109424382601437
1.758313125E-07, 0.0107247610017746
1.75833265625E-07, 0.0110602338121194
1.7583521875E-07, 0.0105443989835405
1.75837171875E-07, 0.0109458913915486
1.75839125E-07, 0.0108409137019769
1.75841078125E-07, 0.0105898341116108
1.7584303125E-07, 0.0114146544787729
1.75844984375E-07, 0.0110306799766495
1.758469375E-07, 0.0111317706436599
1.75848890625E-07, 0.0114858422894474
1.7585084375E-07, 0.0117883887025956
1.75852796875E-07, 0.0118512921815594
1.7585475E-07, 0.0119762594547923
1.75856703125E-07, 0.0118151575550741
1.7585865625E-07, 0.0119699494153693
1.75860609375E-07, 0.0117987541799068
1.758625625E-07, 0.0124234984296448
1.75864515625E-07, 0.0113516238016987
1.7586646875E-07, 0.0116135804692854
1.75868421875E-07, 0.0128179732532342
1.75870375E-07, 0.0124050841615809
1.75872328125E-07, 0.0107564545294559
1.7587428125E-07, 0.0125738616133643
1.75876234375E-07, 0.0126360220185256
1.758781875E-07, 0.0126022060240312
1.75880140625E-07, 0.0127353955004801
1.7588209375E-07, 0.0128276068431116
1.75884046875E-07, 0.0124149610475728
1.75886E-07, 0.012911146162391
1.75887953125E-07, 0.0128499708355756
1.7588990625E-07, 0.0122917511333321
1.75891859375E-07, 0.0132913742939681
1.758938125E-07, 0.0131692100921362
1.75895765625E-07, 0.0129729692908814
1.7589771875E-07, 0.0124061679770253
1.75899671875E-07, 0.0133115561551427
1.75901625E-07, 0.0127315731875419
1.75903578125E-07, 0.012473792833007
1.7590553125E-07, 0.0130923275053008
1.75907484375E-07, 0.0133040723910505
1.759094375E-07, 0.0135620021407338
1.75911390625E-07, 0.0130786752449709
1.7591334375E-07, 0.0128944456811312
1.75915296875E-07, 0.0130910943789869
1.7591725E-07, 0.0131108455864965
1.75919203125E-07, 0.0119539669732162
1.7592115625E-07, 0.012465139283393
1.75923109375E-07, 0.012884872062382
1.759250625E-07, 0.0131807066095342
1.75927015625E-07, 0.0125238634687046
1.7592896875E-07, 0.0122804317470723
1.75930921875E-07, 0.0121687358448988
1.75932875E-07, 0.0107601059749915
1.75934828125E-07, 0.0119025286387797
1.7593678125E-07, 0.0121799910083021
1.75938734375E-07, 0.0111693476019837
1.759406875E-07, 0.0114246159911732
1.75942640625E-07, 0.0119193226897255
1.7594459375E-07, 0.0114185807160522
1.75946546875E-07, 0.0114174973055301
1.759485E-07, 0.0116282014895424
1.75950453125E-07, 0.00945727455003789
1.7595240625E-07, 0.00995843063908809
1.75954359375E-07, 0.00990184391787587
1.759563125E-07, 0.0104277954516717
1.75958265625E-07, 0.010458894761071
1.7596021875E-07, 0.00858517528276806
1.75962171875E-07, 0.009094578988149
1.75964125E-07, 0.00998008888384131
1.75966078125E-07, 0.00915552232523074
1.7596803125E-07, 0.00800650578293288
1.75969984375E-07, 0.00912313691754147
1.759719375E-07, 0.00648101648853554
1.75973890625E-07, 0.00740719630223168
1.7597584375E-07, 0.00687734749418395
1.75977796875E-07, 0.00750146429057681
1.7597975E-07, 0.0060201248080421
1.75981703125E-07, 0.00562111177257215
1.7598365625E-07, 0.00531847944009345
1.75985609375E-07, 0.00506955092222777
1.759875625E-07, 0.00404251942930365
1.75989515625E-07, 0.00501681402990424
1.7599146875E-07, 0.00355476735804401
1.75993421875E-07, 0.00348289845145141
1.75995375E-07, 0.00298474823617951
1.75997328125E-07, 0.0029397840582845
1.7599928125E-07, 0.00182452899126784
1.76001234375E-07, 0.00352979651173847
1.760031875E-07, 0.00154959548209976
1.76005140625E-07, 0.00336371817791164
1.7600709375E-07, 0.00107934891794102
1.76009046875E-07, 0.000970461988646123
1.76011E-07, 0.000981719971134612
1.76012953125E-07, 7.62895560880156E-05
1.7601490625E-07, 0.000865600968859703
1.76016859375E-07, -0.000226372276102417
1.760188125E-07, -0.00172855996406002
1.76020765625E-07, -0.00212663783741088
1.7602271875E-07, -0.00256829423908788
1.76024671875E-07, -0.00317740541683583
1.76026625E-07, -0.00207784350350597
1.76028578125E-07, -0.00348997131501731
1.7603053125E-07, -0.00481521845849235
1.76032484375E-07, -0.00525065347095978
1.760344375E-07, -0.00607306695036092
1.76036390625E-07, -0.00417944684725473
1.7603834375E-07, -0.00696278874117382
1.76040296875E-07, -0.00726494827407694
1.7604225E-07, -0.00880155386018345
1.76044203125E-07, -0.00856633453770267
1.7604615625E-07, -0.00837083639734522
1.76048109375E-07, -0.0106536591391616
1.760500625E-07, -0.00874680749068456
1.76052015625E-07, -0.00844706364237851
1.7605396875E-07, -0.011569446060966
1.76055921875E-07, -0.0115657953785012
1.76057875E-07, -0.010587787725451
1.76059828125E-07, -0.0122299089161143
1.7606178125E-07, -0.0117377609046524
1.76063734375E-07, -0.0119431067660418
1.760656875E-07, -0.0116345507650768
1.76067640625E-07, -0.0131507017656693
1.7606959375E-07, -0.0130456880445511
1.76071546875E-07, -0.0133762158457385
1.760735E-07, -0.0138068432504692
1.76075453125E-07, -0.0143635714044836
1.7607740625E-07, -0.0141938411803453
1.76079359375E-07, -0.0153435840693626
1.760813125E-07, -0.0146899191663771
1.76083265625E-07, -0.0158688130334333
1.7608521875E-07, -0.015233440358607
1.76087171875E-07, -0.0151816426184989
1.76089125E-07, -0.0165912965269043
1.76091078125E-07, -0.016617331292801
1.7609303125E-07, -0.016008299095115
1.76094984375E-07, -0.0158854866547067
1.760969375E-07, -0.016503694492436
1.76098890625E-07, -0.017282129099888
1.7610084375E-07, -0.0164275301924202
1.76102796875E-07, -0.0170278997671971
1.7610475E-07, -0.014494142077707
1.76106703125E-07, -0.0167053438809571
1.7610865625E-07, -0.0168266030834151
1.76110609375E-07, -0.0165920299577389
1.761125625E-07, -0.015159793515606
1.76114515625E-07, -0.0166538720116067
1.7611646875E-07, -0.0156630703707798
1.76118421875E-07, -0.0163444274367349
1.76120375E-07, -0.0167457049330488
1.76122328125E-07, -0.0155648539061339
1.7612428125E-07, -0.0153590606516061
1.76126234375E-07, -0.0150555041790963
1.761281875E-07, -0.0152985773446602
1.76130140625E-07, -0.0146741274607663
1.7613209375E-07, -0.0147436586574928
1.76134046875E-07, -0.0147525112039001
1.76136E-07, -0.0136969366581381
1.76137953125E-07, -0.0141177200897497
1.7613990625E-07, -0.0131507998369901
1.76141859375E-07, -0.013760317858352
1.761438125E-07, -0.0131933246508198
1.76145765625E-07, -0.0133186046273017
1.7614771875E-07, -0.0116736885408419
1.76149671875E-07, -0.0131135331187616
1.76151625E-07, -0.0129276672824552
1.76153578125E-07, -0.0117454545904627
1.7615553125E-07, -0.0112314996331849
1.76157484375E-07, -0.0102169933148605
1.761594375E-07, -0.0106884182322042
1.76161390625E-07, -0.0113266444960618
1.7616334375E-07, -0.00918064649067368
1.76165296875E-07, -0.0102789373309657
1.7616725E-07, -0.00998213157008291
1.76169203125E-07, -0.00995240221669271
1.7617115625E-07, -0.00983163151529649
1.76173109375E-07, -0.00879518485945179
1.761750625E-07, -0.00919041773310746
1.76177015625E-07, -0.00832533907232697
1.7617896875E-07, -0.00851598297088437
1.76180921875E-07, -0.00739970035142817
1.76182875E-07, -0.00683401874924401
1.76184828125E-07, -0.00734523031715859
1.7618678125E-07, -0.00746870431500849
1.76188734375E-07, -0.00697156065151321
1.761906875E-07, -0.00724993527272467
1.76192640625E-07, -0.00652696252236127
1.7619459375E-07, -0.00712280609821208
1.76196546875E-07, -0.00640169725300716
1.761985E-07, -0.00517372192060347
1.76200453125E-07, -0.00642675072106408
1.7620240625E-07, -0.00594437275916156
1.76204359375E-07, -0.00536887578408614
1.762063125E-07, -0.0053973870743351
1.76208265625E-07, -0.00554776227812777
1.7621021875E-07, -0.00570647786304926
1.76212171875E-07, -0.00529133900393476
1.76214125E-07, -0.00542372690001414
1.76216078125E-07, -0.00613098385544089
1.7621803125E-07, -0.00587007701559186
1.76219984375E-07, -0.00520072567427891
1.762219375E-07, -0.00596183815569664
1.76223890625E-07, -0.00601344286921814
1.7622584375E-07, -0.00700385573935219
1.76227796875E-07, -0.00581866865508319
1.7622975E-07, -0.00619757132241942
1.76231703125E-07, -0.00580591112183289
1.7623365625E-07, -0.00618577454034033
1.76235609375E-07, -0.00653271069217362
1.762375625E-07, -0.00628504657100011
1.76239515625E-07, -0.00651847750755323
1.7624146875E-07, -0.00736037555888315
1.76243421875E-07, -0.00726813739339139
1.76245375E-07, -0.00703683888372154
1.76247328125E-07, -0.00664529459572243
1.7624928125E-07, -0.0075544898419958
1.76251234375E-07, -0.00826116494876832
1.762531875E-07, -0.00809822401691949
1.76255140625E-07, -0.0081690227095436
1.7625709375E-07, -0.0080032366971977
1.76259046875E-07, -0.00833155310164857
1.76261E-07, -0.00890880329941765
1.76262953125E-07, -0.00857080962257651
1.7626490625E-07, -0.009566851546598
1.76266859375E-07, -0.00896434492632904
1.762688125E-07, -0.00995169627694109
1.76270765625E-07, -0.00944072177736855
1.7627271875E-07, -0.0104765594428594
1.76274671875E-07, -0.00983158902207705
1.76276625E-07, -0.0100496515994095
1.76278578125E-07, -0.0105697555984654
1.7628053125E-07, -0.0094785690760995
1.76282484375E-07, -0.0108013495700079
1.762844375E-07, -0.0102517425152479
1.76286390625E-07, -0.0107592702449189
1.7628834375E-07, -0.0103620859619612
1.76290296875E-07, -0.0108251734136512
1.7629225E-07, -0.0102897831444092
1.76294203125E-07, -0.0113045667591484
1.7629615625E-07, -0.0097349941129274
1.76298109375E-07, -0.0111322389852356
1.763000625E-07, -0.0113229508841605
1.76302015625E-07, -0.010618034440002
1.7630396875E-07, -0.010444688461825
1.76305921875E-07, -0.0109082091465756
1.76307875E-07, -0.0110912259436791
1.76309828125E-07, -0.0112236506264272
1.7631178125E-07, -0.0115968297752195
1.76313734375E-07, -0.0110489699593464
1.763156875E-07, -0.0112347633809707
1.76317640625E-07, -0.0107100139089514
1.7631959375E-07, -0.0107056582455285
1.76321546875E-07, -0.0114128998660641
1.763235E-07, -0.0106955643347041
1.76325453125E-07, -0.0105678155677958
1.7632740625E-07, -0.0110332583582186
1.76329359375E-07, -0.0103971380677941
1.763313125E-07, -0.0103803340057084
1.76333265625E-07, -0.00987167272862116
1.7633521875E-07, -0.0103528878883183
1.76337171875E-07, -0.0102524622856016
1.76339125E-07, -0.00960778750574056
1.76341078125E-07, -0.00965651742758193
1.7634303125E-07, -0.00970824265800938
1.76344984375E-07, -0.00978641709217289
1.763469375E-07, -0.00982971135076881
1.76348890625E-07, -0.00924316819258889
1.7635084375E-07, -0.00884373606166235
1.76352796875E-07, -0.00914216739465686
1.7635475E-07, -0.00839486106993264
1.76356703125E-07, -0.00885393839756345
1.7635865625E-07, -0.00832527611424055
1.76360609375E-07, -0.00867953903331771
1.763625625E-07, -0.00860049786734696
1.76364515625E-07, -0.00788320122108622
1.7636646875E-07, -0.00706175061510243
1.76368421875E-07, -0.00773784935626734
1.76370375E-07, -0.00744513862937139
1.76372328125E-07, -0.00774001337880138
1.7637428125E-07, -0.00819867699178499
1.76376234375E-07, -0.00679231455828447
1.763781875E-07, -0.00644335228826676
1.76380140625E-07, -0.00671767704569802
1.7638209375E-07, -0.00625264477706375
1.76384046875E-07, -0.00638147836507875
1.76386E-07, -0.00623668103431376
1.76387953125E-07, -0.00636852747874464
1.7638990625E-07, -0.00679434229815128
1.76391859375E-07, -0.00683911397479508
1.763938125E-07, -0.00626585751297965
1.76395765625E-07, -0.00636389062297153
1.7639771875E-07, -0.00569017195327151
1.76399671875E-07, -0.00589537457897326
1.76401625E-07, -0.00525017937672637
1.76403578125E-07, -0.00546980258988795
1.7640553125E-07, -0.00578632324885191
1.76407484375E-07, -0.00623571984531868
1.764094375E-07, -0.00521586742134407
1.76411390625E-07, -0.00514218578476277
1.7641334375E-07, -0.00592278058932448
1.76415296875E-07, -0.0051700463292741
1.7641725E-07, -0.00526353886069806
1.76419203125E-07, -0.00515245628721042
1.7642115625E-07, -0.00518407669111657
1.76423109375E-07, -0.00518768375617026
1.764250625E-07, -0.00610740067904126
1.76427015625E-07, -0.00533893715944284
1.7642896875E-07, -0.00581411469754227
1.76430921875E-07, -0.00478581895296827
1.76432875E-07, -0.00510977170527129
1.76434828125E-07, -0.00480726173037781
1.7643678125E-07, -0.00573062269126629
1.76438734375E-07, -0.00512308739049924
1.764406875E-07, -0.00484443598032656
1.76442640625E-07, -0.00505887898695844
1.7644459375E-07, -0.00511423845320944
1.76446546875E-07, -0.00438452984809254
1.764485E-07, -0.00486296247920874
1.76450453125E-07, -0.00506097000009839
1.7645240625E-07, -0.0049151373126561
1.76454359375E-07, -0.00496114410370135
1.764563125E-07, -0.00511184527016133
1.76458265625E-07, -0.00508569041497095
1.7646021875E-07, -0.00491375069740603
1.76462171875E-07, -0.00496093404457345
1.76464125E-07, -0.00539793616042281
1.76466078125E-07, -0.00490329511381218
1.7646803125E-07, -0.00502636032173608
1.76469984375E-07, -0.00490281259537512
1.764719375E-07, -0.00504117970525726
1.76473890625E-07, -0.00518159954873161
1.7647584375E-07, -0.00487787049770636
1.76477796875E-07, -0.00530048965721242
1.7647975E-07, -0.00501739884483939
1.76481703125E-07, -0.00466420264405457
1.7648365625E-07, -0.00509474827058338
1.76485609375E-07, -0.00490034007113927
1.764875625E-07, -0.0048356439880813
1.76489515625E-07, -0.00511630856427565
1.7649146875E-07, -0.00490766578216916
1.76493421875E-07, -0.00424053723092747
1.76495375E-07, -0.0048043191993159
1.76497328125E-07, -0.00452584310487837
1.7649928125E-07, -0.00490802600480035
1.76501234375E-07, -0.00498284240598559
1.765031875E-07, -0.00479140897869707
1.76505140625E-07, -0.00525280792889226
1.7650709375E-07, -0.00475087944225565
1.76509046875E-07, -0.00456355989423617
1.76511E-07, -0.00445351175819862
1.76512953125E-07, -0.00490305809573718
1.7651490625E-07, -0.00470806379039459
1.76516859375E-07, -0.00454669607498176
1.765188125E-07, -0.00450744645625783
1.76520765625E-07, -0.00441410720425231
1.7652271875E-07, -0.00443980101605827
1.76524671875E-07, -0.00416514335076965
1.76526625E-07, -0.00422454139659991
1.76528578125E-07, -0.00404001638793828
1.7653053125E-07, -0.00371585437686896
1.76532484375E-07, -0.00398757040057901
1.765344375E-07, -0.00363069940018303
1.76536390625E-07, -0.0042895947209739
1.7653834375E-07, -0.00373763064512825
1.76540296875E-07, -0.00380982336884743
1.7654225E-07, -0.00339112113475541
1.76544203125E-07, -0.00348744860095932
1.7654615625E-07, -0.00335100661737907
1.76548109375E-07, -0.00376303124843823
1.765500625E-07, -0.00325096976730157
1.76552015625E-07, -0.00411857010360559
1.7655396875E-07, -0.00369788426276344
1.76555921875E-07, -0.00312202473028219
1.76557875E-07, -0.00357615940904585
1.76559828125E-07, -0.00321899043758174
1.7656178125E-07, -0.00335345015179959
1.76563734375E-07, -0.00294341331524729
1.765656875E-07, -0.00316246478840788
1.76567640625E-07, -0.0029780736838839
1.7656959375E-07, -0.0035396056032453
1.76571546875E-07, -0.00353106825328682
1.765735E-07, -0.00305151988125259
1.76575453125E-07, -0.00289024825177282
1.7657740625E-07, -0.0028684419298702
1.76579359375E-07, -0.00280447377989992
1.765813125E-07, -0.0027837020109399
1.76583265625E-07, -0.00311578671269071
1.7658521875E-07, -0.00336834600244603
1.76587171875E-07, -0.00313390330958883
1.76589125E-07, -0.00283853923703824
1.76591078125E-07, -0.00281996798637299
1.7659303125E-07, -0.00265675692421141
1.76594984375E-07, -0.0028172079831014
1.765969375E-07, -0.00267908184369811
1.76598890625E-07, -0.00277355440800137
1.7660084375E-07, -0.00273835406354691
1.76602796875E-07, -0.0028845339382363
1.7660475E-07, -0.00276599638899752
1.76606703125E-07, -0.00288293482435587
1.7660865625E-07, -0.00248470354728791
1.76610609375E-07, -0.00269170032036285
1.766125625E-07, -0.00276830151152489
1.76614515625E-07, -0.00271586079034049
1.7661646875E-07, -0.0026059482616004
1.76618421875E-07, -0.00257520645239726
1.76620375E-07, -0.00273539655777153
1.76622328125E-07, -0.00258616657662473
1.7662428125E-07, -0.00285706765635308
1.76626234375E-07, -0.00244521435257587
1.766281875E-07, -0.002637399470202
1.76630140625E-07, -0.00241524500094486
1.7663209375E-07, -0.00251877188105396
1.76634046875E-07, -0.00234854180030024
1.76636E-07, -0.00250518558218368
1.76637953125E-07, -0.00236229411104218
1.7663990625E-07, -0.00247510717157869
1.76641859375E-07, -0.00221981029711876
1.766438125E-07, -0.00253609527321032
1.76645765625E-07, -0.00225070729771725
1.7664771875E-07, -0.0021222878322823
1.76649671875E-07, -0.00214394699933311
1.76651625E-07, -0.00213266142026251
1.76653578125E-07, -0.00206261503825383
1.7665553125E-07, -0.00234175182820461
1.76657484375E-07, -0.00200812890459559
1.766594375E-07, -0.00185437388569714
1.76661390625E-07, -0.00219018990974255
1.7666334375E-07, -0.00199484537158455
1.76665296875E-07, -0.00164437138755345
1.7666725E-07, -0.00199154880456482
1.76669203125E-07, -0.00152600505562778
1.7667115625E-07, -0.00172691028230189
1.76673109375E-07, -0.00193305579396084
1.766750625E-07, -0.00184464397879026
1.76677015625E-07, -0.00186882175267421
1.7667896875E-07, -0.00142256438644492
1.76680921875E-07, -0.00183304874688746
1.76682875E-07, -0.0015296018345546
1.76684828125E-07, -0.00189141894994144
1.7668678125E-07, -0.00154212847852467
1.76688734375E-07, -0.0011651599586416
1.766906875E-07, -0.00116731169252024
1.76692640625E-07, -0.00138395350336549
1.7669459375E-07, -0.00153018678854348
1.76696546875E-07, -0.00136794451037037
1.766985E-07, -0.00156213050425217
1.76700453125E-07, -0.00107294605043074
1.7670240625E-07, -0.00115952939931704
1.76704359375E-07, -0.000732235851894233
1.767063125E-07, -0.00108385567353617
1.76708265625E-07, -0.000908407686021705
1.7671021875E-07, -0.00168966522981427
1.76712171875E-07, -0.00120507629229186
1.76714125E-07, -0.000584968876925235
1.76716078125E-07, -0.000526727891738168
1.7671803125E-07, -0.00160663524704971
1.76719984375E-07, -0.00105158966759299
1.767219375E-07, -0.000920428536216605
1.76723890625E-07, -0.000930567986506032
1.7672584375E-07, -0.000901013534832333
1.76727796875E-07, -0.000943989294878699
1.7672975E-07, -0.00159097956322566
1.76731703125E-07, -0.000659227104167211
1.7673365625E-07, -0.00134593578193779
1.76735609375E-07, -0.00109079531762635
1.767375625E-07, -0.000461154263606426
1.76739515625E-07, -0.000736912721324579
1.7674146875E-07, -0.0017024832387219
1.76743421875E-07, -0.00159824324915969
1.76745375E-07, -0.00129573357267883
1.76747328125E-07, -0.00189039455270372
1.7674928125E-07, -0.00235360426603962
1.76751234375E-07, -0.00181163127053103
1.767531875E-07, -0.00153213024756118
1.76755140625E-07, -0.00216382830659288
1.7675709375E-07, -0.00186024982476985
1.76759046875E-07, -0.00182080414027222
1.76761E-07, -0.00139036151754601
1.76762953125E-07, -0.00190524059371814
1.7676490625E-07, -0.00204445495224227
1.76766859375E-07, -0.00147462099653344
1.767688125E-07, -0.0012754885037952
1.76770765625E-07, -0.00237647844238777
1.7677271875E-07, -0.00156731605746198
1.76774671875E-07, -0.00234082293025221
1.76776625E-07, -0.00149620167255974
1.76778578125E-07, -0.00206034119745902
1.7678053125E-07, -0.00249644985782568
1.76782484375E-07, -0.00253797461595089
1.767844375E-07, -0.00162505002075999
1.76786390625E-07, -0.00257599181668979
1.7678834375E-07, -0.00174825152796615
1.76790296875E-07, -0.002064018131525
1.7679225E-07, -0.00231147900741712
1.76794203125E-07, -0.00181706745704792
1.7679615625E-07, -0.00133752436153013
1.76798109375E-07, -0.00276010530475298
1.768000625E-07, -0.00280154843961593
1.76802015625E-07, -0.00247819719777278
1.7680396875E-07, -0.00141199143987099
1.76805921875E-07, -0.00199295831371419
1.76807875E-07, -0.00165186937697933
1.76809828125E-07, -0.00214682601602043
1.7681178125E-07, -0.00207802960934147
1.76813734375E-07, -0.0023723305918665
1.768156875E-07, -0.00216273346894591
1.76817640625E-07, -0.00175287620625908
1.7681959375E-07, -0.00126838951317246
1.76821546875E-07, -0.00114493399220635
1.768235E-07, -0.000492748969604031
1.76825453125E-07, -0.00105250556245244
1.7682740625E-07, -0.000707177687746047
1.76829359375E-07, -0.000472088855713173
1.768313125E-07, -0.000627487623062893
1.76833265625E-07, -0.000496963530771662
1.7683521875E-07, 6.00039530624487E-05
1.76837171875E-07, -0.000345180446743601
1.76839125E-07, 0.000360593563567172
1.76841078125E-07, 0.00051803734644423
1.7684303125E-07, 0.00146370538164187
1.76844984375E-07, 0.00141493918574109
1.768469375E-07, 0.00175968224469423
1.76848890625E-07, 0.00259548007937841
1.7685084375E-07, 0.00200565045141686
1.76852796875E-07, 0.00236282095827592
1.7685475E-07, 0.00215006590950417
1.76856703125E-07, 0.00361123154852789
1.7685865625E-07, 0.00367044779332923
1.76860609375E-07, 0.00398924428328626
1.768625625E-07, 0.00427130739943948
1.76864515625E-07, 0.00409518800876864
1.7686646875E-07, 0.00462650637920591
1.76868421875E-07, 0.00559548344110654
1.76870375E-07, 0.00546211614322545
1.76872328125E-07, 0.00478080318663781
1.7687428125E-07, 0.00431279867966628
1.76876234375E-07, 0.00496094813072854
1.768781875E-07, 0.00573053449838005
1.76880140625E-07, 0.00607476016963734
1.7688209375E-07, 0.00652600534653447
1.76884046875E-07, 0.00733165126432707
1.76886E-07, 0.00680346914554616
1.76887953125E-07, 0.007038543796231
1.7688990625E-07, 0.00644160877115049
1.76891859375E-07, 0.00670392629020806
1.768938125E-07, 0.00704413315413523
1.76895765625E-07, 0.00796687873279721
1.7689771875E-07, 0.00715953222689077
1.76899671875E-07, 0.00743495010582323
1.76901625E-07, 0.00727444861496792
1.76903578125E-07, 0.00780506754699252
1.7690553125E-07, 0.00694958106708201
1.76907484375E-07, 0.00693454141144769
1.769094375E-07, 0.00689063587123152
1.76911390625E-07, 0.00757596067966338
1.7691334375E-07, 0.0061070157249115
1.76915296875E-07, 0.0069645200119009
1.7691725E-07, 0.00710253051899151
1.76919203125E-07, 0.00663979914275837
1.7692115625E-07, 0.00680089653148161
1.76923109375E-07, 0.00599385639234653
1.769250625E-07, 0.00613368481212328
1.76927015625E-07, 0.00625688514289359
1.7692896875E-07, 0.00629781216537503
1.76930921875E-07, 0.00541303609577504
1.76932875E-07, 0.00523584465169302
1.76934828125E-07, 0.0055833527072146
1.7693678125E-07, 0.00390750769642768
1.76938734375E-07, 0.00401836378850438
1.769406875E-07, 0.00427880911647155
1.76942640625E-07, 0.00459388105856346
1.7694459375E-07, 0.00374276572566002
1.76946546875E-07, 0.00282493786103543
1.769485E-07, 0.00269600228228308
1.76950453125E-07, 0.00264204917584214
1.7695240625E-07, 0.00284281624031298
1.76954359375E-07, 0.00202347159754732
1.769563125E-07, 0.00151953847433728
1.76958265625E-07, 0.00221171043783555
1.7696021875E-07, 0.000990118743701899
1.76962171875E-07, 0.00156457787442323
1.76964125E-07, 0.0007307371753969
1.76966078125E-07, -0.000370000663864807
1.7696803125E-07, 0.000818440951559612
1.76969984375E-07, 0.000794573569872599
1.769719375E-07, 0.000191226346674363
1.76973890625E-07, -0.000319005161372156
1.7697584375E-07, 0.000315566430678052
1.76977796875E-07, 0.000813839788487408
1.7697975E-07, -0.000548383814430231
1.76981703125E-07, -0.000813022827424276
1.7698365625E-07, -0.000856830823346486
1.76985609375E-07, -0.0011700940845476
1.769875625E-07, -0.00112561668176711
1.76989515625E-07, -0.000520036600820017
1.7699146875E-07, 0.000537433934908356
1.76993421875E-07, -0.00164889118506758
1.76995375E-07, -0.00182524092333431
1.76997328125E-07, -0.00148817372624134
1.7699928125E-07, -0.00116994178403319
1.77001234375E-07, -0.00109117001001487
1.770031875E-07, -0.00102121644244636
1.77005140625E-07, -0.00148429070656694
1.7700709375E-07, -0.0014821585394114
1.77009046875E-07, -0.00141015155283765
1.77011E-07, -0.00115772968801738
1.77012953125E-07, -0.00132285267913578
1.7701490625E-07, -0.00157319824145111
1.77016859375E-07, -0.000667765780236599
1.770188125E-07, -0.00166444906887097
1.77020765625E-07, -0.000751758773702736
1.7702271875E-07, -0.00201691897017752
1.77024671875E-07, -0.000892732014497971
1.77026625E-07, -0.00102681829453727
1.77028578125E-07, -0.00145319479406447
1.7703053125E-07, -0.00124456537359794
1.77032484375E-07, -0.00141944532083277
1.770344375E-07, -0.0006340208019461
1.77036390625E-07, -0.000224044371431113
1.7703834375E-07, -0.00122933120767755
1.77040296875E-07, -0.00118611965692216
1.7704225E-07, -0.00154123330722003
1.77044203125E-07, -0.00171882369263536
1.7704615625E-07, -0.000966734523330455
1.77048109375E-07, -0.00127389256684787
1.770500625E-07, -0.00106209440652197
1.77052015625E-07, -0.000912705073667064
1.7705396875E-07, -0.00121973043202873
1.77055921875E-07, -0.00107219796349004
1.77057875E-07, -0.00162609663231326
1.77059828125E-07, -0.00099120461118569
1.7706178125E-07, -0.0012232007314639
1.77063734375E-07, -0.00108440004124394
1.770656875E-07, -0.000345253271638933
1.77067640625E-07, -0.000443962880273142
1.7706959375E-07, -0.00135370575711599
1.77071546875E-07, -0.000460008523392263
1.770735E-07, -0.00120408054831033
1.77075453125E-07, -0.000911674159866145
1.7707740625E-07, -0.00113022437249943
1.77079359375E-07, -0.000214263156541334
1.770813125E-07, -0.000938256726103958
1.77083265625E-07, -0.000242922656347458
1.7708521875E-07, -0.00109961711366406
1.77087171875E-07, -0.000929829710385901
1.77089125E-07, -0.000638280047118724
1.77091078125E-07, -0.000852406923822337
1.7709303125E-07, -0.000631460284353984
1.77094984375E-07, -0.000325364828735736
1.770969375E-07, -0.000638926868416088
1.77098890625E-07, -9.19992670903778E-05
1.7710084375E-07, -0.000383535581184665
1.77102796875E-07, -0.00059014937232277
1.7710475E-07, -0.000265622843335213
1.77106703125E-07, 0.000417510863036418
1.7710865625E-07, 9.44768552389102E-05
1.77110609375E-07, 0.000644125690794005
1.771125625E-07, -2.41358068042309E-05
1.77114515625E-07, 0.000643744441920374
1.7711646875E-07, 0.000722350158859056
1.77118421875E-07, 0.000460147835351128
1.77120375E-07, 0.000841350206807587
1.77122328125E-07, 0.00065611845120181
1.7712428125E-07, 0.000792017054505797
1.77126234375E-07, 0.00112901728433205
1.771281875E-07, 0.00121903753610021
1.77130140625E-07, 0.00175273651739917
1.7713209375E-07, 0.00246269027293682
1.77134046875E-07, 0.00262305652092194
1.77136E-07, 0.00344155987396677
1.77137953125E-07, 0.00304725509191258
1.7713990625E-07, 0.00234912931060742
1.77141859375E-07, 0.0034320113872911
1.771438125E-07, 0.00427290097703351
1.77145765625E-07, 0.00383929833531735
1.7714771875E-07, 0.00386292250863014
1.77149671875E-07, 0.00485646038317179
1.77151625E-07, 0.00401900164817384
1.77153578125E-07, 0.0052239076016222
1.7715553125E-07, 0.00529007843016541
1.77157484375E-07, 0.00487763537550759
1.771594375E-07, 0.00565970377463504
1.77161390625E-07, 0.00556827481957752
1.7716334375E-07, 0.0064228854797297
1.77165296875E-07, 0.00575378984099881
1.7716725E-07, 0.00630901124986756
1.77169203125E-07, 0.00735631301353991
1.7717115625E-07, 0.00673184982709205
1.77173109375E-07, 0.0072940980810761
1.771750625E-07, 0.00725671562760655
1.77177015625E-07, 0.00761040527050364
1.7717896875E-07, 0.00785588238389789
1.77180921875E-07, 0.0084667997417009
1.77182875E-07, 0.00826626260483249
1.77184828125E-07, 0.00871554306145376
1.7718678125E-07, 0.00826544959060445
1.77188734375E-07, 0.00904064944608031
1.771906875E-07, 0.0093412430727161
1.77192640625E-07, 0.0090109205244434
1.7719459375E-07, 0.00941422047433614
1.77196546875E-07, 0.00982259487169618
1.771985E-07, 0.00895749870112165
1.77200453125E-07, 0.00961791605165725
1.7720240625E-07, 0.00935242184219651
1.77204359375E-07, 0.00916519965708916
1.772063125E-07, 0.00967025411560261
1.77208265625E-07, 0.00980987164271356
1.7721021875E-07, 0.00823310932362409
1.77212171875E-07, 0.00936603556557291
1.77214125E-07, 0.00940207470564331
1.77216078125E-07, 0.00938345531987935
1.7721803125E-07, 0.00963523846128787
1.77219984375E-07, 0.00977331398602468
1.772219375E-07, 0.00898820517707608
1.77223890625E-07, 0.00916239173547919
1.7722584375E-07, 0.00846452244360979
1.77227796875E-07, 0.00946799394779803
1.7722975E-07, 0.00921822112236777
1.77231703125E-07, 0.008474999356046
1.7723365625E-07, 0.00888162906637779
1.77235609375E-07, 0.00823700183827215
1.772375625E-07, 0.00790798664320154
1.77239515625E-07, 0.00659627050738746
1.7724146875E-07, 0.00800207497478992
1.77243421875E-07, 0.00812337293430163
1.77245375E-07, 0.00732645081010305
1.77247328125E-07, 0.0069780414311789
1.7724928125E-07, 0.00637365942759985
1.77251234375E-07, 0.006180597018136
1.772531875E-07, 0.00634895068710128
1.77255140625E-07, 0.00618021794393516
1.7725709375E-07, 0.00582797482899324
1.77259046875E-07, 0.00617502008498702
1.77261E-07, 0.00552163123005822
1.77262953125E-07, 0.00569709403188941
1.7726490625E-07, 0.00542646941273448
1.77266859375E-07, 0.00476903947870087
1.772688125E-07, 0.00410328022029493
1.77270765625E-07, 0.00475908752942051
1.7727271875E-07, 0.00487023445095787
1.77274671875E-07, 0.0033472755785111
1.77276625E-07, 0.002729901430809
1.77278578125E-07, 0.00435739535564916
1.7728053125E-07, 0.00284031338907803
1.77282484375E-07, 0.00230513764669198
1.772844375E-07, 0.00226563795479829
1.77286390625E-07, 0.00156130464590571
1.7728834375E-07, 0.00107613778633985
1.77290296875E-07, 0.00206555532718192
1.7729225E-07, 0.00105328677302968
1.77294203125E-07, 0.00139400976040047
1.7729615625E-07, 0.00140834748238402
1.77298109375E-07, 0.00111328589684601
1.773000625E-07, 0.00139180386145709
1.77302015625E-07, 0.000571406656684285
1.7730396875E-07, -0.000803629447671474
1.77305921875E-07, -0.000614692786595893
1.77307875E-07, 0.000190835025317175
1.77309828125E-07, -0.000426018600069403
1.7731178125E-07, -0.00061852912671935
1.77313734375E-07, -0.000819759424107953
1.773156875E-07, -0.000501899234405312
1.77317640625E-07, -0.000876552829082048
1.7731959375E-07, -0.00158240976370835
1.77321546875E-07, -0.00150201627205077
1.773235E-07, -0.00180378173639442
1.77325453125E-07, -0.0015689891426364
1.7732740625E-07, -0.00149528089233581
1.77329359375E-07, -0.00226308633705689
1.773313125E-07, -0.00196368905480057
1.77333265625E-07, -0.00211268633426808
1.7733521875E-07, -0.00173031442510979
1.77337171875E-07, -0.00230942459265163
1.77339125E-07, -0.00222541427823951
1.77341078125E-07, -0.00154820788766698
1.7734303125E-07, -0.002128551198777
1.77344984375E-07, -0.00234769571429604
1.773469375E-07, -0.0022216025826297
1.77348890625E-07, -0.00215142985148722
1.7735084375E-07, -0.00182098683654951
1.77352796875E-07, -0.00206829938464207
1.7735475E-07, -0.00143729396281652
1.77356703125E-07, -0.00216928534308966
1.7735865625E-07, -0.00214981950151785
1.77360609375E-07, -0.00269792157014514
1.773625625E-07, -0.00215762791435808
1.77364515625E-07, -0.00230343780728615
1.7736646875E-07, -0.00240698493460229
1.77368421875E-07, -0.00193362129891057
1.77370375E-07, -0.00215732079043233
1.77372328125E-07, -0.00182074363319249
1.7737428125E-07, -0.00239027607579544
1.77376234375E-07, -0.00231954132764781
1.773781875E-07, -0.00206302618873367
1.77380140625E-07, -0.00198057313451076
1.7738209375E-07, -0.00171840242889825
1.77384046875E-07, -0.00219882595078088
1.77386E-07, -0.00204327800964409
1.77387953125E-07, -0.00197979233555727
1.7738990625E-07, -0.00198648579252966
1.77391859375E-07, -0.00177318514053137
1.773938125E-07, -0.00178193660792758
1.77395765625E-07, -0.00189895239371322
1.7739771875E-07, -0.0021793223875129
1.77399671875E-07, -0.00173771371887962
1.77401625E-07, -0.00176275507762447
1.77403578125E-07, -0.00185302565309183
1.7740553125E-07, -0.00195245295629405
1.77407484375E-07, -0.00195134510414633
1.774094375E-07, -0.0019525765726699
1.77411390625E-07, -0.00181742515267772
1.7741334375E-07, -0.00144148343250086
1.77415296875E-07, -0.00191093942590048
1.7741725E-07, -0.00141588764295073
1.77419203125E-07, -0.00167782638284517
1.7742115625E-07, -0.00131996714528064
1.77423109375E-07, -0.00162841545960789
1.774250625E-07, -0.00181415958668338
1.77427015625E-07, -0.00174979443211115
1.7742896875E-07, -0.0014583081346732
1.77430921875E-07, -0.00164949996999985
1.77432875E-07, -0.00140157705090144
1.77434828125E-07, -0.00176360241717916
1.7743678125E-07, -0.00111671454093843
1.77438734375E-07, -0.00130436554926119
1.774406875E-07, -0.00174536409982597
1.77442640625E-07, -0.00128897237305182
1.7744459375E-07, -0.00109109200645556
1.77446546875E-07, -0.00149780330357049
1.774485E-07, -0.00130974582864386
1.77450453125E-07, -0.00144088253954305
1.7745240625E-07, -0.00133939071812022
1.77454359375E-07, -0.00176340982034093
1.774563125E-07, -0.00164660125571247
1.77458265625E-07, -0.00173757423929913
1.7746021875E-07, -0.00146144721842873
1.77462171875E-07, -0.00150812191251123
1.77464125E-07, -0.00163906074466647
1.77466078125E-07, -0.00119737594286471
1.7746803125E-07, -0.0019022786274832
1.77469984375E-07, -0.00185915944738532
1.774719375E-07, -0.00135166235420322
1.77473890625E-07, -0.00171333191855169
1.7747584375E-07, -0.00179160344896023
1.77477796875E-07, -0.00199051565251768
1.7747975E-07, -0.00188753303088999
1.77481703125E-07, -0.00228683820719724
1.7748365625E-07, -0.00228245419063002
1.77485609375E-07, -0.00140334524800288
1.774875625E-07, -0.00177280400115936
1.77489515625E-07, -0.00206058855076874
1.7749146875E-07, -0.00181973516364539
1.77493421875E-07, -0.00251646180838726
1.77495375E-07, -0.00238280377951769
1.77497328125E-07, -0.00200679543173426
1.7749928125E-07, -0.0020423325413253
1.77501234375E-07, -0.00255881370417082
1.775031875E-07, -0.00249321511333566
1.77505140625E-07, -0.00239008208097666
1.7750709375E-07, -0.00228545624089416
1.77509046875E-07, -0.00226621622683573
1.77511E-07, -0.00296090014297167
1.77512953125E-07, -0.00187546674114196
1.7751490625E-07, -0.00203284537953988
1.77516859375E-07, -0.00201166505654011
1.775188125E-07, -0.00256571334206192
1.77520765625E-07, -0.00282219564027705
1.7752271875E-07, -0.00179315906258007
1.77524671875E-07, -0.0025425917977888
1.77526625E-07, -0.00218988103135727
1.77528578125E-07, -0.00210064916349311
1.7753053125E-07, -0.00256789752067509
1.77532484375E-07, -0.00216834863567557
1.775344375E-07, -0.00176719817981783
1.77536390625E-07, -0.00235020193361268
1.7753834375E-07, -0.002190101292322
1.77540296875E-07, -0.0020341980491725
1.7754225E-07, -0.00118825392036391
1.77544203125E-07, -0.00240780282386447
1.7754615625E-07, -0.00255550745063097
1.77548109375E-07, -0.00194546195641077
1.775500625E-07, -0.0021525065662911
1.77552015625E-07, -0.00231138050892324
1.7755396875E-07, -0.00172494537703947
1.77555921875E-07, -0.00212906944437123
1.77557875E-07, -0.00178667442952131
1.77559828125E-07, -0.00174699619406906
1.7756178125E-07, -0.00154009604402698
1.77563734375E-07, -0.00212282351839504
1.775656875E-07, -0.00214723519127222
1.77567640625E-07, -0.00166248940034685
1.7756959375E-07, -0.00189002513544802
1.77571546875E-07, -0.00185262267566874
1.775735E-07, -0.00225990217507125
1.77575453125E-07, -0.00192032716143232
1.7757740625E-07, -0.00209134536801951
1.77579359375E-07, -0.00159067379243759
1.775813125E-07, -0.00114285109900316
1.77583265625E-07, -0.00141502519489795
1.7758521875E-07, -0.00165770316069109
1.77587171875E-07, -0.0015991021779412
1.77589125E-07, -0.00165431759697317
1.77591078125E-07, -0.000959382392849936
1.7759303125E-07, -0.00113008303322256
1.77594984375E-07, -0.0011586465522591
1.775969375E-07, -0.00120893444300979
1.77598890625E-07, -0.00112735185186787
1.7760084375E-07, -0.0013245023922258
1.77602796875E-07, -0.000993523162227931
1.7760475E-07, -0.000804658299636019
1.77606703125E-07, -0.000982736712372081
1.7760865625E-07, -0.0010671824396932
1.77610609375E-07, -0.000994195949463128
1.776125625E-07, -0.00093474849489379
1.77614515625E-07, -0.000613139901426992
1.7761646875E-07, -0.000716593302097437
1.77618421875E-07, -0.00028014237837522
1.77620375E-07, -0.000644867576445651
1.77622328125E-07, -0.000422425455590574
1.7762428125E-07, -0.000333427185842955
1.77626234375E-07, -0.000339802910846262
1.776281875E-07, -0.000249417906834027
1.77630140625E-07, -0.000708968934890008
1.7763209375E-07, -0.000214594902561193
1.77634046875E-07, -0.000105005209180562


