File Format, WaveformXYValues
Format Version, 1
Instrument, N1045A,04F,LOJ
SwVersion, A.06.71.21
SerialNumber, MY56260108
Date, 11/29/2023 13:51:46 GMT+08:00

Source Name, Channel 1A

Points, 2048
Signal Type, Unspecified
Channel Bandwidth, 2E+10
Channel Noise, 6.66857143682292E-05
X Units, Second
Y Units, Volt
Data, 
1.73636E-07, -0.00185563034702755
1.73637953125E-07, -0.00101016044560186
1.7363990625E-07, -0.00117648557065735
1.73641859375E-07, -0.0011316302796667
1.736438125E-07, -0.00167558494956808
1.73645765625E-07, -0.000667478406088472
1.7364771875E-07, -0.00103288538086716
1.73649671875E-07, -0.000772213345650243
1.73651625E-07, -0.000706264089300713
1.73653578125E-07, -0.00134025563448555
1.7365553125E-07, -0.00150172206709279
1.73657484375E-07, -0.00139123624773904
1.736594375E-07, -0.00134963451734043
1.73661390625E-07, -0.00121951506993955
1.7366334375E-07, -0.00114843438856149
1.73665296875E-07, -0.0011765903058521
1.7366725E-07, -0.000870149756746329
1.73669203125E-07, -0.00119614435358534
1.7367115625E-07, -0.00114204972022957
1.73673109375E-07, -0.00102256482881975
1.736750625E-07, -0.00120014628539903
1.73677015625E-07, -0.0010288742550829
1.7367896875E-07, -0.0011299729825626
1.73680921875E-07, -0.00143102791991479
1.73682875E-07, -0.00100280369445088
1.73684828125E-07, -0.00152773956966464
1.7368678125E-07, -0.00100191109484368
1.73688734375E-07, -0.00115972992961588
1.736906875E-07, -0.00154757918518247
1.73692640625E-07, -0.00130044836909765
1.7369459375E-07, -0.00136459578712248
1.73696546875E-07, -0.00129875224724983
1.736985E-07, -0.00148427273635014
1.73700453125E-07, -0.00142657924006536
1.7370240625E-07, -0.00134565655618565
1.73704359375E-07, -0.0015684884552698
1.737063125E-07, -0.00111917684150838
1.73708265625E-07, -0.00150738312568104
1.7371021875E-07, -0.00153901146095211
1.73712171875E-07, -0.00150947784857326
1.73714125E-07, -0.00127219205913147
1.73716078125E-07, -0.00121386096621248
1.7371803125E-07, -0.00124597775926436
1.73719984375E-07, -0.00159838350701162
1.737219375E-07, -0.00140696941815166
1.73723890625E-07, -0.00199887827025884
1.7372584375E-07, -0.00170029505671885
1.73727796875E-07, -0.00182162162472438
1.7372975E-07, -0.00172286919321852
1.73731703125E-07, -0.00156984163890408
1.7373365625E-07, -0.000689279920161231
1.73735609375E-07, -0.00228559151057282
1.737375625E-07, -0.000957435395011165
1.73739515625E-07, -0.00160442947365162
1.7374146875E-07, -0.00130735661618111
1.73743421875E-07, -0.00182968746387269
1.73745375E-07, -0.00165718776741758
1.73747328125E-07, -0.000769229107811631
1.7374928125E-07, -0.00129944814465111
1.73751234375E-07, -0.00233069135764578
1.737531875E-07, -0.000577790615693928
1.73755140625E-07, -0.000635586565845839
1.7375709375E-07, -0.00216387356171273
1.73759046875E-07, -0.00191791385708624
1.73761E-07, -0.00237507523390206
1.73762953125E-07, -0.00109969281755089
1.7376490625E-07, -0.00165159391158387
1.73766859375E-07, -0.00119335509434
1.737688125E-07, -0.0013182513025121
1.73770765625E-07, -0.00184792512906121
1.7377271875E-07, -0.000974065541018898
1.73774671875E-07, -0.00252047691316971
1.73776625E-07, -0.00232956255998622
1.73778578125E-07, -0.00206129704351381
1.7378053125E-07, -0.00166766442900228
1.73782484375E-07, -0.00192478662889759
1.737844375E-07, -0.00171154065775937
1.73786390625E-07, -0.00244182348749655
1.7378834375E-07, -0.000800580090799255
1.73790296875E-07, -0.00201388585153626
1.7379225E-07, -0.0018167107822541
1.73794203125E-07, -0.000724286632518492
1.7379615625E-07, -0.000990226035836871
1.73798109375E-07, -0.00201983099667767
1.738000625E-07, -0.00222455744696545
1.73802015625E-07, -0.0014623573694256
1.7380396875E-07, -0.00193020291987888
1.73805921875E-07, -0.00194563705817348
1.73807875E-07, -0.00310666517980535
1.73809828125E-07, -0.00226218438480549
1.7381178125E-07, -0.00225100917519713
1.73813734375E-07, -0.00100034771956084
1.738156875E-07, -0.00404067669129939
1.73817640625E-07, -0.00142297108615096
1.7381959375E-07, -0.00296697087959047
1.73821546875E-07, -0.00159813874751529
1.738235E-07, -0.00203802238753181
1.73825453125E-07, -0.00194254106479825
1.7382740625E-07, -0.00283738695031589
1.73829359375E-07, -0.0026011736448563
1.738313125E-07, -0.00267250361079705
1.73833265625E-07, -0.00221763585280974
1.7383521875E-07, -0.00182771036462011
1.73837171875E-07, -0.00248267440727388
1.73839125E-07, -0.00289001409249373
1.73841078125E-07, -0.00214184246705884
1.7384303125E-07, -0.00297181874646135
1.73844984375E-07, -0.00238619236145889
1.738469375E-07, -0.00352291655483992
1.73848890625E-07, -0.00292038363333114
1.7385084375E-07, -0.00309681486870174
1.73852796875E-07, -0.00355802230681741
1.7385475E-07, -0.00323138525194919
1.73856703125E-07, -0.00258834414723595
1.7385865625E-07, -0.00304570314267561
1.73860609375E-07, -0.00312548837151726
1.738625625E-07, -0.0036390779549178
1.73864515625E-07, -0.0025444397717789
1.7386646875E-07, -0.00287388369764872
1.73868421875E-07, -0.00340409779728997
1.73870375E-07, -0.00351703815162434
1.73872328125E-07, -0.00332747167916999
1.7387428125E-07, -0.00295218424308788
1.73876234375E-07, -0.00440937732774772
1.738781875E-07, -0.00381340603764863
1.73880140625E-07, -0.00396733093019745
1.7388209375E-07, -0.0034100077477257
1.73884046875E-07, -0.00440539703245972
1.73886E-07, -0.00398034294550137
1.73887953125E-07, -0.00438267199215022
1.7388990625E-07, -0.00414249733040097
1.73891859375E-07, -0.00420309088004613
1.738938125E-07, -0.00413919873411194
1.73895765625E-07, -0.00497025132345714
1.7389771875E-07, -0.00354470455135676
1.73899671875E-07, -0.00427544131046692
1.73901625E-07, -0.00461218739131001
1.73903578125E-07, -0.00483752934449066
1.7390553125E-07, -0.00388281511552139
1.73907484375E-07, -0.00390334588373762
1.739094375E-07, -0.0047914628016069
1.73911390625E-07, -0.00482678155170823
1.7391334375E-07, -0.00484435562163282
1.73915296875E-07, -0.00472184553337992
1.7391725E-07, -0.00485821749935521
1.73919203125E-07, -0.00425499024213378
1.7392115625E-07, -0.00532309550096231
1.73923109375E-07, -0.00493273352145682
1.739250625E-07, -0.00514327166817677
1.73927015625E-07, -0.004453780418969
1.7392896875E-07, -0.00497858438626433
1.73930921875E-07, -0.00493906098551024
1.73932875E-07, -0.00529164837064934
1.73934828125E-07, -0.00521440946122675
1.7393678125E-07, -0.00527929127065665
1.73938734375E-07, -0.00509548407330379
1.739406875E-07, -0.00519394265002976
1.73942640625E-07, -0.00522329203957368
1.7394459375E-07, -0.0052176416603742
1.73946546875E-07, -0.00502077338012878
1.739485E-07, -0.00530041120877804
1.73950453125E-07, -0.00525789958415564
1.7395240625E-07, -0.00551071320444924
1.73954359375E-07, -0.00490388581972477
1.739563125E-07, -0.00549640577520675
1.73958265625E-07, -0.00497620035535987
1.7396021875E-07, -0.00508876699682367
1.73962171875E-07, -0.00503965820673417
1.73964125E-07, -0.00524895005719272
1.73966078125E-07, -0.00483423040994804
1.7396803125E-07, -0.00509506459429099
1.73969984375E-07, -0.00510152148519667
1.739719375E-07, -0.00417705568097742
1.73973890625E-07, -0.00452266065057004
1.7397584375E-07, -0.00475736952515528
1.73977796875E-07, -0.00437388951488455
1.7397975E-07, -0.00501905173398847
1.73981703125E-07, -0.00458592628530889
1.7398365625E-07, -0.00478403115569179
1.73985609375E-07, -0.00362912351377792
1.739875625E-07, -0.00396717905369923
1.73989515625E-07, -0.0044147286985704
1.7399146875E-07, -0.00397556886993722
1.73993421875E-07, -0.00233388260455461
1.73995375E-07, -0.00364205181533667
1.73997328125E-07, -0.00313380927638299
1.7399928125E-07, -0.00372730701556635
1.74001234375E-07, -0.00311255528418475
1.740031875E-07, -0.00288382355709778
1.74005140625E-07, -0.0026283793403662
1.7400709375E-07, -0.00291038448567028
1.74009046875E-07, -0.00219027168645226
1.74011E-07, -0.00241778067597427
1.74012953125E-07, -0.00204398977233117
1.7401490625E-07, -0.0017632793378474
1.74016859375E-07, -0.000898848860199339
1.740188125E-07, -0.0003012867260694
1.74020765625E-07, -0.00151653607213969
1.7402271875E-07, -0.000367686856637523
1.74024671875E-07, -0.000329223528173108
1.74026625E-07, -0.000392074643411378
1.74028578125E-07, 1.52733731951458E-06
1.7403053125E-07, -1.16758437282404E-05
1.74032484375E-07, 0.000475427653380445
1.740344375E-07, 0.00061842444873781
1.74036390625E-07, 0.0016057032904979
1.7403834375E-07, 0.00113802345432791
1.74040296875E-07, 0.00107642836273298
1.7404225E-07, 0.00208051688676961
1.74044203125E-07, 0.00457088941198421
1.7404615625E-07, 0.00156268002541215
1.74048109375E-07, 0.00364661739104982
1.740500625E-07, 0.00335799306643851
1.74052015625E-07, 0.00474838417116053
1.7405396875E-07, 0.00448441689688241
1.74055921875E-07, 0.00362788817035365
1.74057875E-07, 0.00743885116996161
1.74059828125E-07, 0.00721736203549412
1.7406178125E-07, 0.00512238888897309
1.74063734375E-07, 0.00675435393807173
1.740656875E-07, 0.00621030554977611
1.74067640625E-07, 0.00891335630753696
1.7406959375E-07, 0.00832675066653423
1.74071546875E-07, 0.0085045012159121
1.740735E-07, 0.00849874944124139
1.74075453125E-07, 0.0108741761231559
1.7407740625E-07, 0.0101050306006414
1.74079359375E-07, 0.010644735308058
1.740813125E-07, 0.0101817296128808
1.74083265625E-07, 0.0108242012460932
1.7408521875E-07, 0.0109295679293464
1.74087171875E-07, 0.0123009630402622
1.74089125E-07, 0.0101537573065987
1.74091078125E-07, 0.0134941444604373
1.7409303125E-07, 0.0121883406746643
1.74094984375E-07, 0.0153592161200968
1.740969375E-07, 0.0119822726118947
1.74098890625E-07, 0.0151198393010546
1.7410084375E-07, 0.0143084102060042
1.74102796875E-07, 0.015324386221646
1.7410475E-07, 0.0171906438972545
1.74106703125E-07, 0.01630534166463
1.7410865625E-07, 0.0157265859799124
1.74110609375E-07, 0.00907071980175128
1.741125625E-07, 0.018008861302006
1.74114515625E-07, 0.0194142072023222
1.7411646875E-07, 0.0197916183101227
1.74118421875E-07, 0.0210062262640417
1.74120375E-07, 0.0219092883738509
1.74122328125E-07, 0.0198809511817024
1.7412428125E-07, 0.0190910910045417
1.74126234375E-07, 0.023612494574101
1.741281875E-07, 0.0241071331461409
1.74130140625E-07, 0.0245029784012605
1.7413209375E-07, 0.0248595705759457
1.74134046875E-07, 0.0247185532007791
1.74136E-07, 0.0261975460837345
1.74137953125E-07, 0.0249810865655281
1.7413990625E-07, 0.0263356805766102
1.74141859375E-07, 0.0277140214110859
1.741438125E-07, 0.0280862244676881
1.74145765625E-07, 0.0286108408317994
1.7414771875E-07, 0.0287161461422617
1.74149671875E-07, 0.0280019571314827
1.74151625E-07, 0.0282771475716234
1.74153578125E-07, 0.0294864204964764
1.7415553125E-07, 0.0317397301604935
1.74157484375E-07, 0.0310607060897943
1.741594375E-07, 0.0275355043074423
1.74161390625E-07, 0.0310090203365866
1.7416334375E-07, 0.0328931903974653
1.74165296875E-07, 0.033263425574302
1.7416725E-07, 0.0311447241190976
1.74169203125E-07, 0.03364802306912
1.7417115625E-07, 0.0337818694960343
1.74173109375E-07, 0.0341483294834733
1.741750625E-07, 0.0334307143700577
1.74177015625E-07, 0.0291408354063205
1.7417896875E-07, 0.0341083939975037
1.74180921875E-07, 0.0327550863452121
1.74182875E-07, 0.0302166779827386
1.74184828125E-07, 0.0323958257186382
1.7418678125E-07, 0.0340151743898365
1.74188734375E-07, 0.0337152611976638
1.741906875E-07, 0.0348335006917857
1.74192640625E-07, 0.0341472031700472
1.7419459375E-07, 0.0330154827241305
1.74196546875E-07, 0.0339179166136718
1.741985E-07, 0.0344704154998407
1.74200453125E-07, 0.0347765484018684
1.7420240625E-07, 0.0340563849062017
1.74204359375E-07, 0.0335821326929004
1.742063125E-07, 0.0334866686029811
1.74208265625E-07, 0.0306083094028383
1.7421021875E-07, 0.0318465960783828
1.74212171875E-07, 0.0267094604869375
1.74214125E-07, 0.0294919031394694
1.74216078125E-07, 0.0318282187358846
1.7421803125E-07, 0.0315349079854977
1.74219984375E-07, 0.0303496452023146
1.742219375E-07, 0.0291437300575322
1.74223890625E-07, 0.0294226350433423
1.7422584375E-07, 0.0285496107253787
1.74227796875E-07, 0.0211315643573047
1.7422975E-07, 0.0228520279573735
1.74231703125E-07, 0.0260936235899005
1.7423365625E-07, 0.0233481741311204
1.74235609375E-07, 0.023953020559066
1.742375625E-07, 0.0231166437643582
1.74239515625E-07, 0.0228361904851284
1.7424146875E-07, 0.0239754274933551
1.74243421875E-07, 0.0234634290727921
1.74245375E-07, 0.0196611599540411
1.74247328125E-07, 0.0211550549408206
1.7424928125E-07, 0.0137350805695088
1.74251234375E-07, 0.0164800948666813
1.742531875E-07, 0.0122336754114747
1.74255140625E-07, 0.010067692334073
1.7425709375E-07, 0.0101624642540405
1.74259046875E-07, 0.0112570565117114
1.74261E-07, 0.00554058217748909
1.74262953125E-07, 0.00622892049232779
1.7426490625E-07, 0.00687171956689845
1.74266859375E-07, 0.00554191705284761
1.742688125E-07, 0.00267250811039296
1.74270765625E-07, 0.00362633196462337
1.7427271875E-07, 0.00321688740032749
1.74274671875E-07, -0.00608244411499265
1.74276625E-07, -0.00752463234278176
1.74278578125E-07, -0.00312098198347115
1.7428053125E-07, -0.00712698810186246
1.74282484375E-07, -0.00931285751854296
1.742844375E-07, -0.0116876094874978
1.74286390625E-07, -0.0149231580799825
1.7428834375E-07, -0.0116914099442832
1.74290296875E-07, -0.0149772567311091
1.7429225E-07, -0.0178714956772765
1.74294203125E-07, -0.0196480355217966
1.7429615625E-07, -0.0177745004178746
1.74298109375E-07, -0.023042982874389
1.743000625E-07, -0.0285559750381241
1.74302015625E-07, -0.0350116904044158
1.7430396875E-07, -0.0328023074259806
1.74305921875E-07, -0.0362050609050615
1.74307875E-07, -0.0404148601096851
1.74309828125E-07, -0.0405776827915851
1.7431178125E-07, -0.0375777849818287
1.74313734375E-07, -0.0468093326476617
1.743156875E-07, -0.0429497827675734
1.74317640625E-07, -0.0463234162531833
1.7431959375E-07, -0.0492860394578054
1.74321546875E-07, -0.0584448068389015
1.743235E-07, -0.0523737207791445
1.74325453125E-07, -0.0566189332725161
1.7432740625E-07, -0.0536390121082255
1.74329359375E-07, -0.0644465073427312
1.743313125E-07, -0.0653034911576669
1.74333265625E-07, -0.0642073399853358
1.7433521875E-07, -0.0648727787633588
1.74337171875E-07, -0.0692398521306789
1.74339125E-07, -0.0752452119559098
1.74341078125E-07, -0.0707984167694437
1.7434303125E-07, -0.0831258198783155
1.74344984375E-07, -0.0769397001021642
1.743469375E-07, -0.0829735664912952
1.74348890625E-07, -0.0876532010906656
1.7435084375E-07, -0.0888088780481232
1.74352796875E-07, -0.087449445333966
1.7435475E-07, -0.0941214546662103
1.74356703125E-07, -0.0986176675789884
1.7435865625E-07, -0.0949599761876885
1.74360609375E-07, -0.0932272844884182
1.743625625E-07, -0.099392120662069
1.74364515625E-07, -0.100029548798664
1.7436646875E-07, -0.0929790618307023
1.74368421875E-07, -0.103951286863145
1.74370375E-07, -0.100163197687524
1.74372328125E-07, -0.10648002752671
1.7437428125E-07, -0.101533843279667
1.74376234375E-07, -0.107556549459282
1.743781875E-07, -0.114001255837446
1.74380140625E-07, -0.109249515454404
1.7438209375E-07, -0.112534588617617
1.74384046875E-07, -0.115382023659068
1.74386E-07, -0.107907908956557
1.74387953125E-07, -0.119169241409413
1.7438990625E-07, -0.109467269953032
1.74391859375E-07, -0.116466519874229
1.743938125E-07, -0.116817364530666
1.74395765625E-07, -0.122711157660649
1.7439771875E-07, -0.119542924618249
1.74399671875E-07, -0.1232139707888
1.74401625E-07, -0.121886833827065
1.74403578125E-07, -0.122944442869723
1.7440553125E-07, -0.11429294571416
1.74407484375E-07, -0.12065922622891
1.744094375E-07, -0.111238853513588
1.74411390625E-07, -0.119119884394348
1.7441334375E-07, -0.118040776751928
1.74415296875E-07, -0.117025977723443
1.7441725E-07, -0.117487056953841
1.74419203125E-07, -0.115931615369759
1.7442115625E-07, -0.107968079009694
1.74423109375E-07, -0.118508889319228
1.744250625E-07, -0.110684972116811
1.74427015625E-07, -0.112324254686031
1.7442896875E-07, -0.101188929531485
1.74430921875E-07, -0.0993378342816181
1.74432875E-07, -0.108657708775086
1.74434828125E-07, -0.10337875375596
1.7443678125E-07, -0.0912307321869772
1.74438734375E-07, -0.0957738849505688
1.744406875E-07, -0.0921068126175653
1.74442640625E-07, -0.0886924783972667
1.7444459375E-07, -0.0913403116394146
1.74446546875E-07, -0.0756517923625466
1.744485E-07, -0.0792899659881077
1.74450453125E-07, -0.0737964260827895
1.7445240625E-07, -0.0712690985738547
1.74454359375E-07, -0.072737718077129
1.744563125E-07, -0.0628182627761057
1.74458265625E-07, -0.0566434452058598
1.7446021875E-07, -0.0585985715669119
1.74462171875E-07, -0.0586606038624699
1.74464125E-07, -0.0457504297943349
1.74466078125E-07, -0.0412111418819967
1.7446803125E-07, -0.035274273622062
1.74469984375E-07, -0.0340996742722156
1.744719375E-07, -0.029821489907451
1.74473890625E-07, -0.0164265772232272
1.7447584375E-07, -0.0235066634781311
1.74477796875E-07, -0.0145785929909532
1.7447975E-07, -0.0107863193708664
1.74481703125E-07, -0.0029023639558256
1.7448365625E-07, -0.0129893575113263
1.74485609375E-07, 0.00156720604176858
1.744875625E-07, -0.00409442112961132
1.74489515625E-07, 0.0146746545862291
1.7449146875E-07, 0.0134628630190278
1.74493421875E-07, 0.0145212705860897
1.74495375E-07, 0.0149592844243756
1.74497328125E-07, 0.0316673155622725
1.7449928125E-07, 0.0277114226969792
1.74501234375E-07, 0.0396159447232009
1.745031875E-07, 0.0431271457955448
1.74505140625E-07, 0.0321413689839026
1.7450709375E-07, 0.0328311974380681
1.74509046875E-07, 0.0467662474448471
1.74511E-07, 0.0568002415886214
1.74512953125E-07, 0.0429190372365172
1.7451490625E-07, 0.0605578467707669
1.74516859375E-07, 0.065469348506047
1.745188125E-07, 0.067832844817008
1.74520765625E-07, 0.0719562880849769
1.7452271875E-07, 0.0730188648792293
1.74524671875E-07, 0.0716944120506655
1.74526625E-07, 0.0745322016952296
1.74528578125E-07, 0.0730784150913195
1.7453053125E-07, 0.0759088904905244
1.74532484375E-07, 0.0845778716531878
1.745344375E-07, 0.0931479019941977
1.74536390625E-07, 0.0920759479394984
1.7453834375E-07, 0.0909962069492274
1.74540296875E-07, 0.0937107412445655
1.7454225E-07, 0.0955813661318873
1.74544203125E-07, 0.0945455912529373
1.7454615625E-07, 0.091524740752421
1.74548109375E-07, 0.101160908160935
1.745500625E-07, 0.101716147633462
1.74552015625E-07, 0.091761742417661
1.7455396875E-07, 0.100375527837
1.74555921875E-07, 0.099992075007598
1.74557875E-07, 0.0997726758347691
1.74559828125E-07, 0.0957623347245468
1.7456178125E-07, 0.0937524985349825
1.74563734375E-07, 0.101429756966997
1.745656875E-07, 0.0994860616324343
1.74567640625E-07, 0.0877133507062748
1.7456959375E-07, 0.0951113142988549
1.74571546875E-07, 0.0989102607330123
1.745735E-07, 0.0939033947638335
1.74575453125E-07, 0.0942404826340617
1.7457740625E-07, 0.081070199479363
1.74579359375E-07, 0.0905683156956446
1.745813125E-07, 0.0901452683464526
1.74583265625E-07, 0.091556828058318
1.7458521875E-07, 0.0799252966963831
1.74587171875E-07, 0.0864056256024522
1.74589125E-07, 0.0847113282038359
1.74591078125E-07, 0.0787956288087145
1.7459303125E-07, 0.0801097657421142
1.74594984375E-07, 0.0814909421215883
1.745969375E-07, 0.0734130670417613
1.74598890625E-07, 0.0780690048590548
1.7460084375E-07, 0.073315632285874
1.74602796875E-07, 0.0755818328894574
1.7460475E-07, 0.0759621054582802
1.74606703125E-07, 0.0714964711151907
1.7460865625E-07, 0.0681026068627476
1.74610609375E-07, 0.0626281157423131
1.746125625E-07, 0.0666214607158
1.74614515625E-07, 0.0625101208553679
1.7461646875E-07, 0.0572853204330158
1.74618421875E-07, 0.0570399350554458
1.74620375E-07, 0.0493716558440358
1.74622328125E-07, 0.0565944627568704
1.7462428125E-07, 0.0575150183131415
1.74626234375E-07, 0.0530247420094935
1.746281875E-07, 0.0491957230567485
1.74630140625E-07, 0.0453819352741972
1.7463209375E-07, 0.0419388716727714
1.74634046875E-07, 0.0464122452243959
1.74636E-07, 0.0443945184382875
1.74637953125E-07, 0.0401788870036286
1.7463990625E-07, 0.0405224910696524
1.74641859375E-07, 0.0374332970948665
1.746438125E-07, 0.0328394520249817
1.74645765625E-07, 0.0311158659383102
1.7464771875E-07, 0.0300220997866773
1.74649671875E-07, 0.0304865438511245
1.74651625E-07, 0.0285408111437923
1.74653578125E-07, 0.0301263630434001
1.7465553125E-07, 0.0254985577122148
1.74657484375E-07, 0.0274533711800831
1.746594375E-07, 0.0270088858721572
1.74661390625E-07, 0.0251768660804749
1.7466334375E-07, 0.0274789358007763
1.74665296875E-07, 0.0231492532035291
1.7466725E-07, 0.0222398703003137
1.74669203125E-07, 0.0233559606692316
1.7467115625E-07, 0.0213536749655016
1.74673109375E-07, 0.0208293862542429
1.746750625E-07, 0.0192126857637953
1.74677015625E-07, 0.021929436522821
1.7467896875E-07, 0.0188889848570789
1.74680921875E-07, 0.0232739381591709
1.74682875E-07, 0.019243726656726
1.74684828125E-07, 0.0201981532292483
1.7468678125E-07, 0.0209200321973617
1.74688734375E-07, 0.0183040907173641
1.746906875E-07, 0.0184078501719219
1.74692640625E-07, 0.0187249892692479
1.7469459375E-07, 0.0188043454076598
1.74696546875E-07, 0.0185699076349016
1.746985E-07, 0.0190760675367074
1.74700453125E-07, 0.0194663131086648
1.7470240625E-07, 0.019732654140307
1.74704359375E-07, 0.0201419809432347
1.747063125E-07, 0.0208809228609553
1.74708265625E-07, 0.0201691168731555
1.7471021875E-07, 0.0224969047818367
1.74712171875E-07, 0.0204757224707866
1.74714125E-07, 0.0192459731013748
1.74716078125E-07, 0.0210699407225774
1.7471803125E-07, 0.0196324569868483
1.74719984375E-07, 0.018621879032017
1.747219375E-07, 0.0197670119523424
1.74723890625E-07, 0.0189515928409596
1.7472584375E-07, 0.0181620097579359
1.74727796875E-07, 0.0198050406216019
1.7472975E-07, 0.018941846939336
1.74731703125E-07, 0.0185554287992039
1.7473365625E-07, 0.0187443674933896
1.74735609375E-07, 0.0191713934892201
1.747375625E-07, 0.0182342352179043
1.74739515625E-07, 0.017907913536666
1.7474146875E-07, 0.0201167447996983
1.74743421875E-07, 0.019205756610601
1.74745375E-07, 0.0181184377165494
1.74747328125E-07, 0.0176510431977223
1.7474928125E-07, 0.0199114813867709
1.74751234375E-07, 0.0171339473621821
1.747531875E-07, 0.0170950487970717
1.74755140625E-07, 0.0154745616009054
1.7475709375E-07, 0.0157852876314119
1.74759046875E-07, 0.0141818431388235
1.74761E-07, 0.0142749704311113
1.74762953125E-07, 0.0144419362984484
1.7476490625E-07, 0.0129336887946279
1.74766859375E-07, 0.0121396228314532
1.747688125E-07, 0.0120970771417669
1.74770765625E-07, 0.0112684520495321
1.7477271875E-07, 0.0113466461562148
1.74774671875E-07, 0.01428627584171
1.74776625E-07, 0.0112987273703582
1.74778578125E-07, 0.0103927992487321
1.7478053125E-07, 0.0101159467775313
1.74782484375E-07, 0.00728986358290713
1.747844375E-07, 0.00882224872056994
1.74786390625E-07, 0.00770688718395726
1.7478834375E-07, 0.00552408841040282
1.74790296875E-07, 0.00510773617389787
1.7479225E-07, 0.00538770688955862
1.74794203125E-07, 0.00536695571445434
1.7479615625E-07, 0.00334381469980293
1.74798109375E-07, 0.00423490971533387
1.748000625E-07, 0.00306286874772867
1.74802015625E-07, 7.58753715025925E-05
1.7480396875E-07, 0.00133214583024596
1.74805921875E-07, -0.000319863133868467
1.74807875E-07, -0.00109975101643506
1.74809828125E-07, -0.00179991149798148
1.7481178125E-07, -0.00256231308129217
1.74813734375E-07, -0.00186960712148816
1.748156875E-07, -0.00316544930657267
1.74817640625E-07, -0.00396521192658456
1.7481959375E-07, -0.00350585749725562
1.74821546875E-07, -0.00431249977720513
1.748235E-07, -0.00468058476481112
1.74825453125E-07, -0.00542163616135119
1.7482740625E-07, -0.0065173588978109
1.74829359375E-07, -0.00593182078030647
1.748313125E-07, -0.00665864547318559
1.74833265625E-07, -0.00584135443673113
1.7483521875E-07, -0.0068011980208495
1.74837171875E-07, -0.00724910540437254
1.74839125E-07, -0.00762617707817419
1.74841078125E-07, -0.00692450372320567
1.7484303125E-07, -0.00863842365722485
1.74844984375E-07, -0.00602551056488801
1.748469375E-07, -0.00793524582623863
1.74848890625E-07, -0.00867406977089878
1.7485084375E-07, -0.00758143028114033
1.74852796875E-07, -0.00897433778069887
1.7485475E-07, -0.00875585045236731
1.74856703125E-07, -0.00800280372248743
1.7485865625E-07, -0.00807124042018523
1.74860609375E-07, -0.0083754407086034
1.748625625E-07, -0.00870899984541286
1.74864515625E-07, -0.00808028479298691
1.7486646875E-07, -0.00821088823829844
1.74868421875E-07, -0.00784536699389204
1.74870375E-07, -0.00762160584152216
1.74872328125E-07, -0.00801740848979282
1.7487428125E-07, -0.00722846024228813
1.74876234375E-07, -0.00764687169801074
1.748781875E-07, -0.00694988654429623
1.74880140625E-07, -0.00665491547689527
1.7488209375E-07, -0.0057954357809598
1.74884046875E-07, -0.00626996645689301
1.74886E-07, -0.0076730431735768
1.74887953125E-07, -0.00621030125599654
1.7488990625E-07, -0.00515925775305268
1.74891859375E-07, -0.00616911924047871
1.748938125E-07, -0.0046033362621342
1.74895765625E-07, -0.00483544621791295
1.7489771875E-07, -0.00561130860126966
1.74899671875E-07, -0.00535486581365245
1.74901625E-07, -0.0028724176603702
1.74903578125E-07, -0.00410363172488226
1.7490553125E-07, -0.00321883319413877
1.74907484375E-07, -0.00163408709965699
1.749094375E-07, -0.00268850653996167
1.74911390625E-07, -0.0035616614154067
1.7491334375E-07, -0.00280024519740822
1.74915296875E-07, -0.0018184013533026
1.7491725E-07, -0.00265214618862464
1.74919203125E-07, -0.0028957253137685
1.7492115625E-07, -0.000546275128759093
1.74923109375E-07, -0.000918991554198081
1.749250625E-07, -0.00121280761587054
1.74927015625E-07, -0.000772505230138177
1.7492896875E-07, -0.000288811655291766
1.74930921875E-07, -0.000829750940680729
1.74932875E-07, -0.00133097508117709
1.74934828125E-07, 0.000289276662382884
1.7493678125E-07, 6.84013712220919E-06
1.74938734375E-07, 0.000549484152057724
1.749406875E-07, 0.00179307506966984
1.74942640625E-07, -0.000262720646620693
1.7494459375E-07, 2.68294669564757E-05
1.74946546875E-07, 0.00125872823616086
1.749485E-07, -0.000583855367971662
1.74950453125E-07, 0.000430061226170263
1.7495240625E-07, 0.00112580112020148
1.74954359375E-07, 0.00056611807275847
1.749563125E-07, 0.00138931002612046
1.74958265625E-07, 0.00148188039401102
1.7496021875E-07, 0.00158923995048836
1.74962171875E-07, 0.000907742985883417
1.74964125E-07, 0.0013786073112776
1.74966078125E-07, 0.00208213219577379
1.7496803125E-07, 0.00249627414896173
1.74969984375E-07, 0.000823759906825029
1.749719375E-07, 0.00145817548549281
1.74973890625E-07, 0.00161008842660561
1.7497584375E-07, 0.00136194876260975
1.74977796875E-07, 0.00148804889884195
1.7497975E-07, 0.0013823901532887
1.74981703125E-07, -0.000128347987295942
1.7498365625E-07, 0.00114642944567623
1.74985609375E-07, 0.00116644213870435
1.749875625E-07, 0.0010091392417079
1.74989515625E-07, -0.000873430752685063
1.7499146875E-07, 7.71767304178493E-05
1.74993421875E-07, 0.000599539431441683
1.74995375E-07, 0.000498514106621631
1.74997328125E-07, 0.00028848248395888
1.7499928125E-07, -0.000108269612527911
1.75001234375E-07, -0.000450581401127243
1.750031875E-07, -0.00061136474419434
1.75005140625E-07, -0.00124118789533961
1.7500709375E-07, -0.00149703423556723
1.75009046875E-07, -0.00135025927204509
1.75011E-07, -0.00180688790071338
1.75012953125E-07, -0.00177212688809878
1.7501490625E-07, -0.00201161838535305
1.75016859375E-07, -0.00175391439172728
1.750188125E-07, -0.00337016577932491
1.75020765625E-07, -0.00298146146063134
1.7502271875E-07, -0.00299986985960774
1.75024671875E-07, -0.00381361129629034
1.75026625E-07, -0.00287930432184224
1.75028578125E-07, -0.0049123730982451
1.7503053125E-07, -0.00471604361457764
1.75032484375E-07, -0.00612481934762358
1.750344375E-07, -0.00512151505006514
1.75036390625E-07, -0.00577036410079713
1.7503834375E-07, -0.00579266996154425
1.75040296875E-07, -0.00703676381322999
1.7504225E-07, -0.00602604285077477
1.75044203125E-07, -0.00749282481783245
1.7504615625E-07, -0.00628482004146299
1.75048109375E-07, -0.00683912825559729
1.750500625E-07, -0.00732499249100583
1.75052015625E-07, -0.00782685856006881
1.7505396875E-07, -0.00991323729298055
1.75055921875E-07, -0.00854609536930798
1.75057875E-07, -0.00851022338985115
1.75059828125E-07, -0.0108282045739702
1.7506178125E-07, -0.011378622297828
1.75063734375E-07, -0.0102890401012534
1.750656875E-07, -0.011346916295475
1.75067640625E-07, -0.0115661404475726
1.7506959375E-07, -0.0119318182266942
1.75071546875E-07, -0.0152699033129281
1.750735E-07, -0.0138634802235135
1.75075453125E-07, -0.0147976906320363
1.7507740625E-07, -0.0147670868238783
1.75079359375E-07, -0.015563049668645
1.750813125E-07, -0.0171192067488359
1.75083265625E-07, -0.0159703452630494
1.7508521875E-07, -0.0173232834180381
1.75087171875E-07, -0.0173217605735725
1.75089125E-07, -0.0177019674056176
1.75091078125E-07, -0.0188995557253498
1.7509303125E-07, -0.0181938710457474
1.75094984375E-07, -0.0190617877594019
1.750969375E-07, -0.020578180008547
1.75098890625E-07, -0.0206245948105042
1.7510084375E-07, -0.0204602268863315
1.75102796875E-07, -0.0214510230733751
1.7510475E-07, -0.0236196269638436
1.75106703125E-07, -0.0233744940971562
1.7510865625E-07, -0.0234306163610842
1.75110609375E-07, -0.0239800014557835
1.751125625E-07, -0.0241854424447143
1.75114515625E-07, -0.024780745508065
1.7511646875E-07, -0.0255876769235241
1.75118421875E-07, -0.0253990834231853
1.75120375E-07, -0.0254865030403293
1.75122328125E-07, -0.026618280907702
1.7512428125E-07, -0.027573824575696
1.75126234375E-07, -0.027924107495012
1.751281875E-07, -0.0278757779888849
1.75130140625E-07, -0.0289790487996715
1.7513209375E-07, -0.028828689547177
1.75134046875E-07, -0.0295882512802148
1.75136E-07, -0.0301019464650445
1.75137953125E-07, -0.0289884310708731
1.7513990625E-07, -0.0301332863230144
1.75141859375E-07, -0.0303523666163322
1.751438125E-07, -0.0308879945615913
1.75145765625E-07, -0.0304101404847986
1.7514771875E-07, -0.031970358850621
1.75149671875E-07, -0.031815334071745
1.75151625E-07, -0.0307867590888766
1.75153578125E-07, -0.0324439239014497
1.7515553125E-07, -0.031905191749616
1.75157484375E-07, -0.032574516190646
1.751594375E-07, -0.0331408447283102
1.75161390625E-07, -0.0318332105321985
1.7516334375E-07, -0.0335238625753925
1.75165296875E-07, -0.0330132774963461
1.7516725E-07, -0.0339444504518634
1.75169203125E-07, -0.0334350144202926
1.7517115625E-07, -0.0334063411023114
1.75173109375E-07, -0.0325562782615572
1.751750625E-07, -0.0319151123111147
1.75177015625E-07, -0.0323617296027219
1.7517896875E-07, -0.0327761525993156
1.75180921875E-07, -0.0320411204413944
1.75182875E-07, -0.0317214758161287
1.75184828125E-07, -0.0317498265171196
1.7518678125E-07, -0.0338690329714049
1.75188734375E-07, -0.0334054857133515
1.751906875E-07, -0.0320367913838135
1.75192640625E-07, -0.0325207770773018
1.7519459375E-07, -0.0302984039856841
1.75196546875E-07, -0.0327914183392369
1.751985E-07, -0.0318331610258895
1.75200453125E-07, -0.0327017055935337
1.7520240625E-07, -0.0306850361736138
1.75204359375E-07, -0.0303435248229679
1.752063125E-07, -0.0292331300202566
1.75208265625E-07, -0.0290572264180287
1.7521021875E-07, -0.0298974140805857
1.75212171875E-07, -0.0305819033029396
1.75214125E-07, -0.0294393677947723
1.75216078125E-07, -0.0303403193980004
1.7521803125E-07, -0.0304182916173553
1.75219984375E-07, -0.0295879879618497
1.752219375E-07, -0.0279831852212241
1.75223890625E-07, -0.0279018944798429
1.7522584375E-07, -0.0288953056742533
1.75227796875E-07, -0.0283836082295702
1.7522975E-07, -0.0263332887326378
1.75231703125E-07, -0.0263058689073235
1.7523365625E-07, -0.0268307431787631
1.75235609375E-07, -0.0253940815112463
1.752375625E-07, -0.0261849678656279
1.75239515625E-07, -0.0232964420878171
1.7524146875E-07, -0.0260500786144164
1.75243421875E-07, -0.0258554619027816
1.75245375E-07, -0.0233747093279658
1.75247328125E-07, -0.024845433971249
1.7524928125E-07, -0.0234629797824436
1.75251234375E-07, -0.0221699979857405
1.752531875E-07, -0.0237129676197903
1.75255140625E-07, -0.0228301811838475
1.7525709375E-07, -0.0231398183741117
1.75259046875E-07, -0.0224352756849897
1.75261E-07, -0.0220240361311913
1.75262953125E-07, -0.0206945266426895
1.7526490625E-07, -0.0208271538986329
1.75266859375E-07, -0.0208044101001282
1.752688125E-07, -0.0213020466111881
1.75270765625E-07, -0.0201647513231851
1.7527271875E-07, -0.020113519825034
1.75274671875E-07, -0.0198106003323683
1.75276625E-07, -0.0195402101485357
1.75278578125E-07, -0.0179853041042478
1.7528053125E-07, -0.0186648261293548
1.75282484375E-07, -0.0146293887796937
1.752844375E-07, -0.0167213678477464
1.75286390625E-07, -0.0170044758695904
1.7528834375E-07, -0.0172466052051963
1.75290296875E-07, -0.0174588062279818
1.7529225E-07, -0.0159648749202034
1.75294203125E-07, -0.016311661768864
1.7529615625E-07, -0.0146233014406859
1.75298109375E-07, -0.0138218425288716
1.753000625E-07, -0.0142800727370364
1.75302015625E-07, -0.0137864389814741
1.7530396875E-07, -0.0130108758087667
1.75305921875E-07, -0.0122521219409054
1.75307875E-07, -0.0114097619995338
1.75309828125E-07, -0.0120705325647597
1.7531178125E-07, -0.0123234569808251
1.75313734375E-07, -0.0107029991598293
1.753156875E-07, -0.00968160517925167
1.75317640625E-07, -0.0112483961715351
1.7531959375E-07, -0.00924470371255026
1.75321546875E-07, -0.00909024535845897
1.753235E-07, -0.00839488207382083
1.75325453125E-07, -0.0095768793334057
1.7532740625E-07, -0.00825385069781553
1.75329359375E-07, -0.00825188119588207
1.753313125E-07, -0.00717850520806046
1.75333265625E-07, -0.00811979268823218
1.7533521875E-07, -0.00550574834019226
1.75337171875E-07, -0.00455638654407203
1.75339125E-07, -0.00575791020561852
1.75341078125E-07, -0.00610714027260465
1.7534303125E-07, -0.00442428583684245
1.75344984375E-07, -0.00397694299763058
1.753469375E-07, -0.00458272505661367
1.75348890625E-07, -0.00301137293244543
1.7535084375E-07, -0.00391629551859149
1.75352796875E-07, -0.00299756436407043
1.7535475E-07, -0.00251987057988028
1.75356703125E-07, -0.00236266746006052
1.7535865625E-07, -0.00209306370784848
1.75360609375E-07, -0.00111043263306191
1.753625625E-07, -0.00157121656954684
1.75364515625E-07, -0.000617525702414612
1.7536646875E-07, -8.95184206033599E-05
1.75368421875E-07, -0.000401867565790027
1.75370375E-07, 0.000544838626611417
1.75372328125E-07, 0.000357211452371124
1.7537428125E-07, 0.00185074008675159
1.75376234375E-07, 0.000354972247212698
1.753781875E-07, 0.000785615859242842
1.75380140625E-07, 0.000715069611336512
1.7538209375E-07, 0.000970665222494178
1.75384046875E-07, 0.000229891069716502
1.75386E-07, 0.00216043557806964
1.75387953125E-07, 0.00263956730483403
1.7538990625E-07, 0.00231645901747435
1.75391859375E-07, 0.00165198357341766
1.753938125E-07, 0.00287572333474724
1.75395765625E-07, 0.00275404621160068
1.7539771875E-07, 0.000766906863982209
1.75399671875E-07, 0.00330697751879149
1.75401625E-07, 0.00325386988326009
1.75403578125E-07, 0.000752849876240636
1.7540553125E-07, 0.00329042663839366
1.75407484375E-07, 0.00355046686517098
1.754094375E-07, 0.00432406309368069
1.75411390625E-07, 0.00433354423616387
1.7541334375E-07, 0.0050026850253533
1.75415296875E-07, 0.00478885981890838
1.7541725E-07, 0.00441441427606168
1.75419203125E-07, 0.00487141204686877
1.7542115625E-07, 0.00608881022622685
1.75423109375E-07, 0.00567951629463181
1.754250625E-07, 0.00529348963543493
1.75427015625E-07, 0.00488612399239914
1.7542896875E-07, 0.00419869125549526
1.75430921875E-07, 0.00632472470590474
1.75432875E-07, 0.00653071243183077
1.75434828125E-07, 0.00641657629511374
1.7543678125E-07, 0.00641087555074861
1.75438734375E-07, 0.00675809766812296
1.754406875E-07, 0.00542312252820069
1.75442640625E-07, 0.00596879099448827
1.7544459375E-07, 0.00757314930844067
1.75446546875E-07, 0.00759726412791815
1.754485E-07, 0.00667654170873389
1.75450453125E-07, 0.0068063103366473
1.7545240625E-07, 0.00853368186813753
1.75454359375E-07, 0.00777080088905003
1.754563125E-07, 0.00800239265291353
1.75458265625E-07, 0.00899634963265599
1.7546021875E-07, 0.00937872616412265
1.75462171875E-07, 0.00965725946182856
1.75464125E-07, 0.0085040455358412
1.75466078125E-07, 0.00923022097077853
1.7546803125E-07, 0.00901390572102478
1.75469984375E-07, 0.00998434481162962
1.754719375E-07, 0.00971876473853873
1.75473890625E-07, 0.0101741426961183
1.7547584375E-07, 0.0103883607017265
1.75477796875E-07, 0.0107089629955798
1.7547975E-07, 0.0111556166151083
1.75481703125E-07, 0.00975452220054182
1.7548365625E-07, 0.0111543607632734
1.75485609375E-07, 0.0115645271224307
1.754875625E-07, 0.0112753658956776
1.75489515625E-07, 0.0111363974727577
1.7549146875E-07, 0.0125242089786201
1.75493421875E-07, 0.0116820254127573
1.75495375E-07, 0.0129333408406497
1.75497328125E-07, 0.0125973614672072
1.7549928125E-07, 0.0138414166872822
1.75501234375E-07, 0.0138458790728922
1.755031875E-07, 0.013459093225637
1.75505140625E-07, 0.0125599771173175
1.7550709375E-07, 0.0134482059196041
1.75509046875E-07, 0.0127723195070088
1.75511E-07, 0.0144486879079066
1.75512953125E-07, 0.0126526291760609
1.7551490625E-07, 0.0141871562836063
1.75516859375E-07, 0.01382294631805
1.755188125E-07, 0.014537688588584
1.75520765625E-07, 0.0142099972518134
1.7552271875E-07, 0.0144044604449977
1.75524671875E-07, 0.0136533270281463
1.75526625E-07, 0.0142946714566424
1.75528578125E-07, 0.0152501523011501
1.7553053125E-07, 0.0150236778312745
1.75532484375E-07, 0.0141371612818653
1.755344375E-07, 0.0144373768494147
1.75536390625E-07, 0.0141565921921796
1.7553834375E-07, 0.0145458965755631
1.75540296875E-07, 0.0137598286071121
1.7554225E-07, 0.0135196963194651
1.75544203125E-07, 0.0131219935551265
1.7554615625E-07, 0.0130069798218694
1.75548109375E-07, 0.0140010467827739
1.755500625E-07, 0.0126677047020764
1.75552015625E-07, 0.0137303565398317
1.7555396875E-07, 0.0128925699943043
1.75555921875E-07, 0.0135692547148794
1.75557875E-07, 0.0134410459458891
1.75559828125E-07, 0.0121598069912581
1.7556178125E-07, 0.0126290323628163
1.75563734375E-07, 0.0118299155131774
1.755656875E-07, 0.0121042100956268
1.75567640625E-07, 0.0118585899065063
1.7556959375E-07, 0.0107688968367533
1.75571546875E-07, 0.0110694681463428
1.755735E-07, 0.0109710119828066
1.75575453125E-07, 0.010611475252341
1.7557740625E-07, 0.0107851148728913
1.75579359375E-07, 0.00999970162722712
1.755813125E-07, 0.00950620969874725
1.75583265625E-07, 0.0105108451087875
1.7558521875E-07, 0.00891142149564527
1.75587171875E-07, 0.0085392105873039
1.75589125E-07, 0.00897965148406384
1.75591078125E-07, 0.00848011588404285
1.7559303125E-07, 0.00891422184469165
1.75594984375E-07, 0.00709250320158338
1.755969375E-07, 0.0083450499082473
1.75598890625E-07, 0.00721545128294503
1.7560084375E-07, 0.00705277227468398
1.75602796875E-07, 0.00702139620565996
1.7560475E-07, 0.00698079497361821
1.75606703125E-07, 0.00594850271930618
1.7560865625E-07, 0.00657855862291444
1.75610609375E-07, 0.00554416728948124
1.756125625E-07, 0.00604541805308123
1.75614515625E-07, 0.00541731662079032
1.7561646875E-07, 0.00525241798622578
1.75618421875E-07, 0.00491954939337144
1.75620375E-07, 0.00397462817602152
1.75622328125E-07, 0.00494405030701007
1.7562428125E-07, 0.00475713436390084
1.75626234375E-07, 0.0043857009392416
1.756281875E-07, 0.00352064769790503
1.75630140625E-07, 0.00401365904433669
1.7563209375E-07, 0.00300869480415569
1.75634046875E-07, 0.00372894024868557
1.75636E-07, 0.00390967492201056
1.75637953125E-07, 0.00363584723879955
1.7563990625E-07, 0.00292180088915443
1.75641859375E-07, 0.00331668239341502
1.756438125E-07, 0.00334878958410006
1.75645765625E-07, 0.00320858318962314
1.7564771875E-07, 0.00331938627116719
1.75649671875E-07, 0.00348470813368587
1.75651625E-07, 0.0027386238257454
1.75653578125E-07, 0.00297091535040319
1.7565553125E-07, 0.00303141933628078
1.75657484375E-07, 0.00313815321861991
1.756594375E-07, 0.00324074586543268
1.75661390625E-07, 0.00217478884620869
1.7566334375E-07, 0.00398690063588654
1.75665296875E-07, 0.00391278038539422
1.7566725E-07, 0.00416513101515324
1.75669203125E-07, 0.00413075576105809
1.7567115625E-07, 0.00277431568866769
1.75673109375E-07, 0.00358894600508063
1.756750625E-07, 0.00377247967318561
1.75677015625E-07, 0.00375771996001064
1.7567896875E-07, 0.00387449581529696
1.75680921875E-07, 0.00510457645050076
1.75682875E-07, 0.00426146175054663
1.75684828125E-07, 0.00459242835865724
1.7568678125E-07, 0.00383323663715156
1.75688734375E-07, 0.00302809338161462
1.756906875E-07, 0.0056273568023046
1.75692640625E-07, 0.00466937082279133
1.7569459375E-07, 0.00528056661403228
1.75696546875E-07, 0.00513106333598087
1.756985E-07, 0.00414987621745107
1.75700453125E-07, 0.0057720035097053
1.7570240625E-07, 0.00568758042064093
1.75704359375E-07, 0.00474212459323064
1.757063125E-07, 0.0050725405363738
1.75708265625E-07, 0.00447032977217233
1.7571021875E-07, 0.0045029491455014
1.75712171875E-07, 0.00628053163962089
1.75714125E-07, 0.00602042322017112
1.75716078125E-07, 0.00561895977818277
1.7571803125E-07, 0.00593000044625353
1.75719984375E-07, 0.00660518091695995
1.757219375E-07, 0.00680144162143789
1.75723890625E-07, 0.00664569030297672
1.7572584375E-07, 0.00706785233683406
1.75727796875E-07, 0.00811570106408538
1.7572975E-07, 0.00797360559358364
1.75731703125E-07, 0.00802761785392064
1.7573365625E-07, 0.00688684887795847
1.75735609375E-07, 0.00677359112239774
1.757375625E-07, 0.00689707790140916
1.75739515625E-07, 0.00716317704647812
1.7574146875E-07, 0.00726283117517241
1.75743421875E-07, 0.00740986758583293
1.75745375E-07, 0.00750689913594799
1.75747328125E-07, 0.00779357596195618
1.7574928125E-07, 0.00709468551575923
1.75751234375E-07, 0.00825157671049583
1.757531875E-07, 0.00901272997903322
1.75755140625E-07, 0.00851376881490189
1.7575709375E-07, 0.00889979610510045
1.75759046875E-07, 0.00873721615332255
1.75761E-07, 0.00897499795107479
1.75762953125E-07, 0.00894573124210815
1.7576490625E-07, 0.00903364013870004
1.75766859375E-07, 0.00918335712151682
1.757688125E-07, 0.00875376631334894
1.75770765625E-07, 0.00922175800435328
1.7577271875E-07, 0.00931469261445144
1.75774671875E-07, 0.00925209123340546
1.75776625E-07, 0.00946841157523786
1.75778578125E-07, 0.00963505921685156
1.7578053125E-07, 0.00990578715448562
1.75782484375E-07, 0.00968979968028958
1.757844375E-07, 0.00968783044113075
1.75786390625E-07, 0.00971542414268884
1.7578834375E-07, 0.0102026296605155
1.75790296875E-07, 0.00962758123800547
1.7579225E-07, 0.0101113390775846
1.75794203125E-07, 0.0103550119467855
1.7579615625E-07, 0.0099708455078895
1.75798109375E-07, 0.00976768972047447
1.758000625E-07, 0.0104862229476208
1.75802015625E-07, 0.0104376641751132
1.7580396875E-07, 0.0107074157497651
1.75805921875E-07, 0.0105923843933347
1.75807875E-07, 0.0110948879381446
1.75809828125E-07, 0.010902019444987
1.7581178125E-07, 0.0109038437749949
1.75813734375E-07, 0.00973173720884395
1.758156875E-07, 0.0111125632892041
1.75817640625E-07, 0.0112035162673481
1.7581959375E-07, 0.0112469477011649
1.75821546875E-07, 0.0107318161773674
1.758235E-07, 0.0114843631324849
1.75825453125E-07, 0.0113599910139584
1.7582740625E-07, 0.0114625884825011
1.75829359375E-07, 0.0125278534850798
1.758313125E-07, 0.0110117892451108
1.75833265625E-07, 0.0114332256475953
1.7583521875E-07, 0.0118407267266993
1.75837171875E-07, 0.011727940899474
1.75839125E-07, 0.0119252701106713
1.75841078125E-07, 0.011747319348311
1.7584303125E-07, 0.0130150077118022
1.75844984375E-07, 0.0121637415916618
1.758469375E-07, 0.0123140817777839
1.75848890625E-07, 0.0121493439143038
1.7585084375E-07, 0.0132740827119851
1.75852796875E-07, 0.0116184741278708
1.7585475E-07, 0.0127710862701659
1.75856703125E-07, 0.0117827050236092
1.7585865625E-07, 0.011790995227715
1.75860609375E-07, 0.0129427683003713
1.758625625E-07, 0.0126919153048548
1.75864515625E-07, 0.0130184973345122
1.7586646875E-07, 0.0127932133343841
1.75868421875E-07, 0.0131503658647575
1.75870375E-07, 0.0131192295553536
1.75872328125E-07, 0.013036380626092
1.7587428125E-07, 0.0132187533728414
1.75876234375E-07, 0.012851692126313
1.758781875E-07, 0.0129118865732546
1.75880140625E-07, 0.0124384557476153
1.7588209375E-07, 0.0133106598476164
1.75884046875E-07, 0.0129500962452505
1.75886E-07, 0.0135018217898213
1.75887953125E-07, 0.0136178364221041
1.7588990625E-07, 0.0129072146358594
1.75891859375E-07, 0.0132587117711375
1.758938125E-07, 0.0134164485242304
1.75895765625E-07, 0.0127601546378664
1.7589771875E-07, 0.0126435355287087
1.75899671875E-07, 0.0130309906592804
1.75901625E-07, 0.012752400759488
1.75903578125E-07, 0.0128654242405473
1.7590553125E-07, 0.0129201786420976
1.75907484375E-07, 0.0122247778391194
1.759094375E-07, 0.0126415972273778
1.75911390625E-07, 0.0131829998625651
1.7591334375E-07, 0.0128244349014218
1.75915296875E-07, 0.0115517837166326
1.7591725E-07, 0.0118768545409445
1.75919203125E-07, 0.0121085694467183
1.7592115625E-07, 0.0112977677127947
1.75923109375E-07, 0.0103135807092237
1.759250625E-07, 0.0124856246450121
1.75927015625E-07, 0.0120815908520523
1.7592896875E-07, 0.0116097859671789
1.75930921875E-07, 0.0108101520181502
1.75932875E-07, 0.011129368175768
1.75934828125E-07, 0.0100941129777321
1.7593678125E-07, 0.00918095389059476
1.75938734375E-07, 0.0104437705053217
1.759406875E-07, 0.00949549280530719
1.75942640625E-07, 0.0117149220939469
1.7594459375E-07, 0.00895638875279605
1.75946546875E-07, 0.00946320477773072
1.759485E-07, 0.00789582275325097
1.75950453125E-07, 0.00878907336907021
1.7595240625E-07, 0.00834685194446191
1.75954359375E-07, 0.00894155843900254
1.759563125E-07, 0.00720305504096722
1.75958265625E-07, 0.00695148390875675
1.7596021875E-07, 0.00714907271856968
1.75962171875E-07, 0.00583499715647786
1.75964125E-07, 0.00480773283008389
1.75966078125E-07, 0.00573783312521857
1.7596803125E-07, 0.00625763626399565
1.75969984375E-07, 0.00486466650833209
1.759719375E-07, 0.00358086152828641
1.75973890625E-07, 0.00494993702752411
1.7597584375E-07, 0.00438109088759057
1.75977796875E-07, 0.00432968912524427
1.7597975E-07, 0.00283549332643378
1.75981703125E-07, 0.00255300020929662
1.7598365625E-07, 0.00180711887035699
1.75985609375E-07, 0.00110554207269345
1.759875625E-07, 0.00130602497654588
1.75989515625E-07, 0.00063951465162673
1.7599146875E-07, 0.000198604731994085
1.75993421875E-07, 0.000149090017334848
1.75995375E-07, -0.000748530981672197
1.75997328125E-07, -0.00095265214220246
1.7599928125E-07, -0.000632669898461496
1.76001234375E-07, -0.000131862669599495
1.760031875E-07, -0.00223525979608997
1.76005140625E-07, -0.00215999031163945
1.7600709375E-07, -0.00183772727633183
1.76009046875E-07, -0.00266125519987974
1.76011E-07, -0.00287039760449618
1.76012953125E-07, -0.00418082460912723
1.7601490625E-07, -0.00397767831359566
1.76016859375E-07, -0.00491469442608438
1.760188125E-07, -0.00468458240988276
1.76020765625E-07, -0.00731100352179747
1.7602271875E-07, -0.00538315559632164
1.76024671875E-07, -0.00764554913893244
1.76026625E-07, -0.00689625992402795
1.76028578125E-07, -0.0052481477276568
1.7603053125E-07, -0.00929183885725322
1.76032484375E-07, -0.00805532701431446
1.760344375E-07, -0.00963385985947775
1.76036390625E-07, -0.00887964595379778
1.7603834375E-07, -0.00965144781399029
1.76040296875E-07, -0.00996808729632037
1.7604225E-07, -0.0111997726545504
1.76044203125E-07, -0.0107735972886998
1.7604615625E-07, -0.0105294169661891
1.76048109375E-07, -0.011505521503123
1.760500625E-07, -0.0126073497887889
1.76052015625E-07, -0.0124466546426945
1.7605396875E-07, -0.0126583709485154
1.76055921875E-07, -0.0138107581493126
1.76057875E-07, -0.0135941366275435
1.76059828125E-07, -0.0117222051196769
1.7606178125E-07, -0.0140125974834722
1.76063734375E-07, -0.0144396590490058
1.760656875E-07, -0.0151850732044361
1.76067640625E-07, -0.0139080044161821
1.7606959375E-07, -0.0150874248043748
1.76071546875E-07, -0.0150563910481236
1.760735E-07, -0.0149182854047458
1.76075453125E-07, -0.0155610076228451
1.7607740625E-07, -0.0160053587875062
1.76079359375E-07, -0.015942097505209
1.760813125E-07, -0.015654719811558
1.76083265625E-07, -0.0151792697436629
1.7608521875E-07, -0.0160032372157569
1.76087171875E-07, -0.0162884689101723
1.76089125E-07, -0.015650837448795
1.76091078125E-07, -0.015990442386168
1.7609303125E-07, -0.0153582956754554
1.76094984375E-07, -0.0160750762434668
1.760969375E-07, -0.0154031650594257
1.76098890625E-07, -0.0156806183862769
1.7610084375E-07, -0.0148886135563604
1.76102796875E-07, -0.0158791727260005
1.7610475E-07, -0.0154896529746532
1.76106703125E-07, -0.014278862377981
1.7610865625E-07, -0.0145333776491365
1.76110609375E-07, -0.0148111762295722
1.761125625E-07, -0.0140446745933481
1.76114515625E-07, -0.0142170327549667
1.7611646875E-07, -0.0153524775884092
1.76118421875E-07, -0.0144168538951383
1.76120375E-07, -0.0135843740284555
1.76122328125E-07, -0.0137849318873832
1.7612428125E-07, -0.0139267179334909
1.76126234375E-07, -0.0133362129038702
1.761281875E-07, -0.0132926271718973
1.76130140625E-07, -0.0122209402601784
1.7613209375E-07, -0.0122862563896289
1.76134046875E-07, -0.0121644606295629
1.76136E-07, -0.0119971025921334
1.76137953125E-07, -0.0112548508061309
1.7613990625E-07, -0.011524622531776
1.76141859375E-07, -0.0104610867303951
1.761438125E-07, -0.0104656968114639
1.76145765625E-07, -0.0100652495761642
1.7614771875E-07, -0.00945274030281797
1.76149671875E-07, -0.00920003901028916
1.76151625E-07, -0.00859997893689014
1.76153578125E-07, -0.00954722499618946
1.7615553125E-07, -0.00821651038782385
1.76157484375E-07, -0.00723085327989388
1.761594375E-07, -0.00658803166075953
1.76161390625E-07, -0.00714573736583602
1.7616334375E-07, -0.00825496883054809
1.76165296875E-07, -0.00641651959388197
1.7616725E-07, -0.00720926883621091
1.76169203125E-07, -0.00768191346129486
1.7617115625E-07, -0.00694110472262686
1.76173109375E-07, -0.00577982022430693
1.761750625E-07, -0.00635841513885543
1.76177015625E-07, -0.00512495232279806
1.7617896875E-07, -0.00511342164160589
1.76180921875E-07, -0.00551081948730621
1.76182875E-07, -0.00693084178873872
1.76184828125E-07, -0.00606997035057376
1.7618678125E-07, -0.005709489076071
1.76188734375E-07, -0.0059994303982694
1.761906875E-07, -0.00614457143890627
1.76192640625E-07, -0.00615092544530412
1.7619459375E-07, -0.00500810198787335
1.76196546875E-07, -0.00608490823948852
1.761985E-07, -0.00517827809860891
1.76200453125E-07, -0.00537938861898668
1.7620240625E-07, -0.00559290804373246
1.76204359375E-07, -0.00526592190417857
1.762063125E-07, -0.00648606218537103
1.76208265625E-07, -0.00588078793857705
1.7621021875E-07, -0.00599495399103465
1.76212171875E-07, -0.00689902554952212
1.76214125E-07, -0.00595322409654753
1.76216078125E-07, -0.00563287427591661
1.7621803125E-07, -0.00673928392234457
1.76219984375E-07, -0.00671659573356957
1.762219375E-07, -0.00733201308400245
1.76223890625E-07, -0.00626052219280647
1.7622584375E-07, -0.00720340843240934
1.76227796875E-07, -0.00744861156564616
1.7622975E-07, -0.00772182232333402
1.76231703125E-07, -0.00772258604702095
1.7623365625E-07, -0.00704313945197288
1.76235609375E-07, -0.0072509612303571
1.762375625E-07, -0.00883494811246518
1.76239515625E-07, -0.00787124741542882
1.7624146875E-07, -0.00845603657288784
1.76243421875E-07, -0.00807609335468382
1.76245375E-07, -0.00802114584697723
1.76247328125E-07, -0.00891339992588169
1.7624928125E-07, -0.00862453279996873
1.76251234375E-07, -0.00894888316810684
1.762531875E-07, -0.00946053773773679
1.76255140625E-07, -0.00937884106299853
1.7625709375E-07, -0.00963827411533998
1.76259046875E-07, -0.00950787148247918
1.76261E-07, -0.00963698766673521
1.76262953125E-07, -0.010336386370199
1.7626490625E-07, -0.0103714171494244
1.76266859375E-07, -0.00988434263120041
1.762688125E-07, -0.0109204157033578
1.76270765625E-07, -0.0105255387276267
1.7627271875E-07, -0.0107622952584527
1.76274671875E-07, -0.0104612632239842
1.76276625E-07, -0.0104881069662055
1.76278578125E-07, -0.0106213999790105
1.7628053125E-07, -0.0108201991568135
1.76282484375E-07, -0.0106156995364491
1.762844375E-07, -0.010932377532509
1.76286390625E-07, -0.0108447170086997
1.7628834375E-07, -0.0113313702367851
1.76290296875E-07, -0.0108985554325239
1.7629225E-07, -0.0106246105338016
1.76294203125E-07, -0.0110556852597768
1.7629615625E-07, -0.0106178095745221
1.76298109375E-07, -0.0107674456361907
1.763000625E-07, -0.0109198677952441
1.76302015625E-07, -0.0109535042068822
1.7630396875E-07, -0.0109299571015503
1.76305921875E-07, -0.0104621114055062
1.76307875E-07, -0.010256678558362
1.76309828125E-07, -0.0107694803321011
1.7631178125E-07, -0.0103612819918341
1.76313734375E-07, -0.0104222264063318
1.763156875E-07, -0.0100970304215721
1.76317640625E-07, -0.0104697350720327
1.7631959375E-07, -0.0104039354976611
1.76321546875E-07, -0.00989161040355501
1.763235E-07, -0.00957296153516729
1.76325453125E-07, -0.00923065293095637
1.7632740625E-07, -0.00937064265092558
1.76329359375E-07, -0.0097138532117965
1.763313125E-07, -0.00896683009110582
1.76333265625E-07, -0.00949555973814437
1.7633521875E-07, -0.00852192072076879
1.76337171875E-07, -0.00890431174471288
1.76339125E-07, -0.00871159337073951
1.76341078125E-07, -0.00848291844351122
1.7634303125E-07, -0.00856010481184447
1.76344984375E-07, -0.00819432035399648
1.763469375E-07, -0.00868824629058649
1.76348890625E-07, -0.00800592926974223
1.7635084375E-07, -0.00723973501250825
1.76352796875E-07, -0.00766849178646014
1.7635475E-07, -0.00766042503076501
1.76356703125E-07, -0.00749899411118816
1.7635865625E-07, -0.00765867418814167
1.76360609375E-07, -0.00745467999795278
1.763625625E-07, -0.00732681978766624
1.76364515625E-07, -0.00678814707705568
1.7636646875E-07, -0.00649845832484625
1.76368421875E-07, -0.00632960086038453
1.76370375E-07, -0.00659463391571925
1.76372328125E-07, -0.00594320059444827
1.7637428125E-07, -0.00610472914978659
1.76376234375E-07, -0.00612238737021754
1.763781875E-07, -0.00604402107267168
1.76380140625E-07, -0.00603409095792245
1.7638209375E-07, -0.00608672503966264
1.76384046875E-07, -0.00538525120386271
1.76386E-07, -0.00560681508611774
1.76387953125E-07, -0.00551129958171957
1.7638990625E-07, -0.00530300308588405
1.76391859375E-07, -0.00531974777770003
1.763938125E-07, -0.00513476163237048
1.76395765625E-07, -0.00492972296625441
1.7639771875E-07, -0.00497892588131752
1.76399671875E-07, -0.00512259560438015
1.76401625E-07, -0.00472113071061107
1.76403578125E-07, -0.00521550910146149
1.7640553125E-07, -0.00483707287247603
1.76407484375E-07, -0.00544240656907789
1.764094375E-07, -0.00530464421721979
1.76411390625E-07, -0.00499285450299909
1.7641334375E-07, -0.00487529108591984
1.76415296875E-07, -0.00522691697686614
1.7641725E-07, -0.00505210286771405
1.76419203125E-07, -0.00533987322567274
1.7642115625E-07, -0.00521902386138407
1.76423109375E-07, -0.00484718005943745
1.764250625E-07, -0.00496447013640193
1.76427015625E-07, -0.00554173754706736
1.7642896875E-07, -0.0044945800519871
1.76430921875E-07, -0.00479371983406054
1.76432875E-07, -0.0047590541412216
1.76434828125E-07, -0.00524360599873569
1.7643678125E-07, -0.00499824977159289
1.76438734375E-07, -0.00497320781854137
1.764406875E-07, -0.00557320837376266
1.76442640625E-07, -0.00501209086832943
1.7644459375E-07, -0.00507251816233761
1.76446546875E-07, -0.00482131985112175
1.764485E-07, -0.00489687835977451
1.76450453125E-07, -0.00493995207866218
1.7645240625E-07, -0.00533990507904925
1.76454359375E-07, -0.00502491009994295
1.764563125E-07, -0.00492182795845814
1.76458265625E-07, -0.00527703641114001
1.7646021875E-07, -0.00455807465851719
1.76462171875E-07, -0.00506384587360774
1.76464125E-07, -0.00492339141306843
1.76466078125E-07, -0.00511829264422165
1.7646803125E-07, -0.00502684748714643
1.76469984375E-07, -0.00505932781569402
1.764719375E-07, -0.0048564267292217
1.76473890625E-07, -0.00473870777757717
1.7647584375E-07, -0.00515465190640307
1.76477796875E-07, -0.00510974369867109
1.7647975E-07, -0.00485828202329714
1.76481703125E-07, -0.00488830157056493
1.7648365625E-07, -0.00460009146384638
1.76485609375E-07, -0.00489632842747981
1.764875625E-07, -0.00481474913714389
1.76489515625E-07, -0.00500095441499037
1.7649146875E-07, -0.0047045902837117
1.76493421875E-07, -0.00493360831888379
1.76495375E-07, -0.00463490262655377
1.76497328125E-07, -0.00453774191664104
1.7649928125E-07, -0.00461737883085013
1.76501234375E-07, -0.0043694195900441
1.765031875E-07, -0.00478503605293887
1.76505140625E-07, -0.0042187661477903
1.7650709375E-07, -0.00461201425364687
1.76509046875E-07, -0.00426927831226705
1.76511E-07, -0.00453484829294241
1.76512953125E-07, -0.00444992723512015
1.7651490625E-07, -0.00412185601297284
1.76516859375E-07, -0.00427178892100907
1.765188125E-07, -0.00429915265546828
1.76520765625E-07, -0.00442196544862149
1.7652271875E-07, -0.00435569358746498
1.76524671875E-07, -0.00402088494610875
1.76526625E-07, -0.00401871537185622
1.76528578125E-07, -0.00395048218766619
1.7653053125E-07, -0.00386324468934474
1.76532484375E-07, -0.00407631216186842
1.765344375E-07, -0.00376853424970334
1.76536390625E-07, -0.00390567441430745
1.7653834375E-07, -0.00381076980965219
1.76540296875E-07, -0.00356809743127829
1.7654225E-07, -0.00401465608297579
1.76544203125E-07, -0.00349532653445493
1.7654615625E-07, -0.00362549855616422
1.76548109375E-07, -0.00352413344796062
1.765500625E-07, -0.00331258600258482
1.76552015625E-07, -0.0032471123356101
1.7655396875E-07, -0.00396988163542504
1.76555921875E-07, -0.00369040602574948
1.76557875E-07, -0.00396891273349738
1.76559828125E-07, -0.00363107002641304
1.7656178125E-07, -0.00349071371565998
1.76563734375E-07, -0.00353192230877213
1.765656875E-07, -0.00353415210715017
1.76567640625E-07, -0.0036804689274516
1.7656959375E-07, -0.0036039836152194
1.76571546875E-07, -0.00378073009567683
1.765735E-07, -0.00323014661407706
1.76575453125E-07, -0.00330412056563996
1.7657740625E-07, -0.00326388126284852
1.76579359375E-07, -0.0034214423324896
1.765813125E-07, -0.003380634449452
1.76583265625E-07, -0.0035957312126619
1.7658521875E-07, -0.00339343980982894
1.76587171875E-07, -0.00429430046215572
1.76589125E-07, -0.00333742940938601
1.76591078125E-07, -0.00353101134660959
1.7659303125E-07, -0.003463535608416
1.76594984375E-07, -0.00346670366377412
1.765969375E-07, -0.00350556234083266
1.76598890625E-07, -0.0034285122274173
1.7660084375E-07, -0.00300905746881862
1.76602796875E-07, -0.00317658626740474
1.7660475E-07, -0.00310032500415657
1.76606703125E-07, -0.00290590741172584
1.7660865625E-07, -0.00323992780587376
1.76610609375E-07, -0.0041573121749292
1.766125625E-07, -0.00342706361965622
1.76614515625E-07, -0.0033585322943488
1.7661646875E-07, -0.00278803202627315
1.76618421875E-07, -0.00356307404051371
1.76620375E-07, -0.00309477693175428
1.76622328125E-07, -0.00279256833161317
1.7662428125E-07, -0.0035241927869293
1.76626234375E-07, -0.00317183333373254
1.766281875E-07, -0.00405400759366264
1.76630140625E-07, -0.00241518422099329
1.7663209375E-07, -0.00314949330993263
1.76634046875E-07, -0.00265598245355019
1.76636E-07, -0.0034496076123998
1.76637953125E-07, -0.00298381269862779
1.7663990625E-07, -0.00311349311934767
1.76641859375E-07, -0.00318519960659228
1.766438125E-07, -0.00292082244827581
1.76645765625E-07, -0.00279926840046291
1.7664771875E-07, -0.00376350685342395
1.76649671875E-07, -0.00213953772137323
1.76651625E-07, -0.00311787731373896
1.76653578125E-07, -0.0027996020371332
1.7665553125E-07, -0.00311211172942585
1.76657484375E-07, -0.00256289932126884
1.766594375E-07, -0.0025335447858123
1.76661390625E-07, -0.00227789933410296
1.7666334375E-07, -0.00143942981225599
1.76665296875E-07, -0.00307972850358944
1.7666725E-07, -0.0026752307438777
1.76669203125E-07, -0.00322791430749659
1.7667115625E-07, -0.00256730153459056
1.76673109375E-07, -0.00196892110272967
1.766750625E-07, -0.00257388782105547
1.76677015625E-07, -0.00144393272293948
1.7667896875E-07, -0.00186504118236612
1.76680921875E-07, -0.00151647403306964
1.76682875E-07, -0.00306571774454414
1.76684828125E-07, -0.00144996963299907
1.7668678125E-07, -0.00210816731271595
1.76688734375E-07, -0.00198082089018044
1.766906875E-07, -0.00273197177074047
1.76692640625E-07, -0.0018566044824467
1.7669459375E-07, -0.00207984819773069
1.76696546875E-07, -0.00173762658337208
1.766985E-07, -0.00228763383172864
1.76700453125E-07, -0.00183637675682849
1.7670240625E-07, -0.00145424612754509
1.76704359375E-07, -0.00212148727758864
1.767063125E-07, -0.00180978766613051
1.76708265625E-07, -0.00152000535956156
1.7671021875E-07, -0.0010594365302687
1.76712171875E-07, -0.00230990319979193
1.76714125E-07, -0.00180770138741501
1.76716078125E-07, -0.00138159618669613
1.7671803125E-07, -0.00139570924061537
1.76719984375E-07, -0.00192554924414439
1.767219375E-07, -0.0014584053810303
1.76723890625E-07, -0.00176775442385369
1.7672584375E-07, -0.00216824329636548
1.76727796875E-07, -0.00155327297475837
1.7672975E-07, -0.00264623754968922
1.76731703125E-07, -0.0021885278339177
1.7673365625E-07, -0.00242468763553959
1.76735609375E-07, -0.00263861711634606
1.767375625E-07, -0.0011327437682088
1.76739515625E-07, -0.00222560687931016
1.7674146875E-07, -0.00238565500814755
1.76743421875E-07, -0.00214364555243114
1.76745375E-07, -0.00164315308268517
1.76747328125E-07, -0.00257993652579306
1.7674928125E-07, -0.00222787892209166
1.76751234375E-07, -0.00196361796286978
1.767531875E-07, -0.00204395713349511
1.76755140625E-07, -0.00209881936296557
1.7675709375E-07, -0.00167685176729803
1.76759046875E-07, -0.00210016451367508
1.76761E-07, -0.0022108979535116
1.76762953125E-07, -0.0021827583339357
1.7676490625E-07, -0.00150834592312834
1.76766859375E-07, -0.00182864382687112
1.767688125E-07, -0.00165674283438361
1.76770765625E-07, -0.00209435099014663
1.7677271875E-07, -0.00187542005755282
1.76774671875E-07, -0.00181405757210941
1.76776625E-07, -0.00139494644931002
1.76778578125E-07, -0.00139606159635284
1.7678053125E-07, -0.00130573706561205
1.76782484375E-07, -0.00159303469395366
1.767844375E-07, -0.000804075732093021
1.76786390625E-07, -0.00060374595750065
1.7678834375E-07, -0.00071768809148762
1.76790296875E-07, -0.00078137059143915
1.7679225E-07, 0.000494637306926872
1.76794203125E-07, -0.000199215170882665
1.7679615625E-07, -0.000151393253333374
1.76798109375E-07, 0.000249687089745053
1.768000625E-07, -8.9917265457125E-05
1.76802015625E-07, 0.000537317453222127
1.7680396875E-07, 0.00110615317015353
1.76805921875E-07, 0.00193177905465226
1.76807875E-07, 0.000470726066330193
1.76809828125E-07, 0.00152005667206641
1.7681178125E-07, 0.0018849914922527
1.76813734375E-07, 0.0021704575057975
1.768156875E-07, 0.00270357450129082
1.76817640625E-07, 0.00279188686388423
1.7681959375E-07, 0.00267027595502105
1.76821546875E-07, 0.00295492241676134
1.768235E-07, 0.0034578862187746
1.76825453125E-07, 0.00470225864995113
1.7682740625E-07, 0.00423878971335928
1.76829359375E-07, 0.00470254851391157
1.768313125E-07, 0.00491477878513534
1.76833265625E-07, 0.00432627657090168
1.7683521875E-07, 0.00458889263820889
1.76837171875E-07, 0.00494179020121824
1.76839125E-07, 0.00536427184859187
1.76841078125E-07, 0.00509639576821058
1.7684303125E-07, 0.0061567374820262
1.76844984375E-07, 0.00514966660385941
1.768469375E-07, 0.0060389523273629
1.76848890625E-07, 0.00600448807568857
1.7685084375E-07, 0.00679298145602239
1.76852796875E-07, 0.00680632880024739
1.7685475E-07, 0.00617508587813651
1.76856703125E-07, 0.00669540531208374
1.7685865625E-07, 0.00698787219002887
1.76860609375E-07, 0.00708265641031742
1.768625625E-07, 0.00659309792996129
1.76864515625E-07, 0.00690682825608247
1.7686646875E-07, 0.00704608524796592
1.76868421875E-07, 0.0063380489836625
1.76870375E-07, 0.00640415770303056
1.76872328125E-07, 0.00686398320067028
1.7687428125E-07, 0.00727085418288359
1.76876234375E-07, 0.00605410245015604
1.768781875E-07, 0.0066561053144534
1.76880140625E-07, 0.00635023941985583
1.7688209375E-07, 0.00592058779108207
1.76884046875E-07, 0.00582352182540514
1.76886E-07, 0.00595116354634146
1.76887953125E-07, 0.00567363876212542
1.7688990625E-07, 0.00573460955513654
1.76891859375E-07, 0.00539849329140486
1.768938125E-07, 0.00473608810902692
1.76895765625E-07, 0.00456648940523281
1.7689771875E-07, 0.00522715625592413
1.76899671875E-07, 0.00409578633464787
1.76901625E-07, 0.00442105242799248
1.76903578125E-07, 0.00334808052568444
1.7690553125E-07, 0.00306021791626978
1.76907484375E-07, 0.00325619999503366
1.769094375E-07, 0.0037126725938602
1.76911390625E-07, 0.00327011331310044
1.7691334375E-07, 0.00244630672024399
1.76915296875E-07, 0.00283842526156554
1.7691725E-07, 0.001225800638517
1.76919203125E-07, 0.00140377941211146
1.7692115625E-07, 0.00124709469484765
1.76923109375E-07, 0.00239648494758669
1.769250625E-07, 0.00126740885940261
1.76927015625E-07, 0.00107994650116022
1.7692896875E-07, 0.00175391671939591
1.76930921875E-07, 0.000102575702255841
1.76932875E-07, 0.000546755176709565
1.76934828125E-07, -0.000442085558338629
1.7693678125E-07, -0.000118086661473744
1.76938734375E-07, 7.62443246412754E-05
1.769406875E-07, -9.81422951225286E-05
1.76942640625E-07, -0.000649865640023351
1.7694459375E-07, -0.000502567719423393
1.76946546875E-07, -0.000933383936994106
1.769485E-07, -0.00147750844308194
1.76950453125E-07, -0.000706268870520388
1.7695240625E-07, -0.000568934630389798
1.76954359375E-07, -0.00158697397692882
1.769563125E-07, -0.00152211550159422
1.76958265625E-07, -0.00143366873863249
1.7696021875E-07, -0.00124647400588823
1.76962171875E-07, -0.000730909692552484
1.76964125E-07, -0.00168268062103305
1.76966078125E-07, -0.000913548917243219
1.7696803125E-07, -0.000444459868622092
1.76969984375E-07, -0.000914969845856038
1.769719375E-07, -0.00141295873350499
1.76973890625E-07, -0.00041273369539086
1.7697584375E-07, -0.00122765333465391
1.76977796875E-07, -0.00124283249589235
1.7697975E-07, -0.000978821420685494
1.76981703125E-07, -0.000532875597931541
1.7698365625E-07, -0.00149970222385493
1.76985609375E-07, -5.39085575752379E-05
1.769875625E-07, -9.90298655223852E-05
1.76989515625E-07, -3.56657555333652E-06
1.7699146875E-07, -9.28301678931482E-05
1.76993421875E-07, 0.00016996796294076
1.76995375E-07, -0.000240870332718582
1.76997328125E-07, -0.00064711965929097
1.7699928125E-07, 1.21150190757543E-06
1.77001234375E-07, 0.000226895609757799
1.770031875E-07, 0.000707431834575707
1.77005140625E-07, -5.87943581146421E-06
1.7700709375E-07, 0.000476371665797318
1.77009046875E-07, 0.000139484020243347
1.77011E-07, 0.000418013874179887
1.77012953125E-07, 0.00031928399668328
1.7701490625E-07, 0.000690382012757619
1.77016859375E-07, 0.00125411159369818
1.770188125E-07, 0.00073734363447727
1.77020765625E-07, 0.000667401471143642
1.7702271875E-07, 0.00108301695918299
1.77024671875E-07, 0.000937246966117577
1.77026625E-07, 0.00110247251054522
1.77028578125E-07, 0.000654363200241509
1.7703053125E-07, 0.00116273023055702
1.77032484375E-07, 0.00135970196094772
1.770344375E-07, 0.00108302273059261
1.77036390625E-07, 0.00121579168923983
1.7703834375E-07, 0.000899756241303792
1.77040296875E-07, 0.0015865709489675
1.7704225E-07, 0.00146763888867691
1.77044203125E-07, 0.00170776096117389
1.7704615625E-07, 0.00154260606927468
1.77048109375E-07, 0.0015080529974114
1.770500625E-07, 0.00186656492768645
1.77052015625E-07, 0.00166486999841777
1.7705396875E-07, 0.00204502764004608
1.77055921875E-07, 0.00195768795692625
1.77057875E-07, 0.00161930304565302
1.77059828125E-07, 0.00187101992331556
1.7706178125E-07, 0.00217233576733345
1.77063734375E-07, 0.00204023827078003
1.770656875E-07, 0.00189687671001516
1.77067640625E-07, 0.00182098149065142
1.7706959375E-07, 0.00205801169962462
1.77071546875E-07, 0.00202615266016555
1.770735E-07, 0.00234928386810947
1.77075453125E-07, 0.00216468466443578
1.7707740625E-07, 0.00213525242833328
1.77079359375E-07, 0.00207436127124021
1.770813125E-07, 0.00232433826267194
1.77083265625E-07, 0.00278802565577728
1.7708521875E-07, 0.00229624375050454
1.77087171875E-07, 0.00255220868307842
1.77089125E-07, 0.00247609921064147
1.77091078125E-07, 0.00225218872076481
1.7709303125E-07, 0.00305318538772503
1.77094984375E-07, 0.00263958737699002
1.770969375E-07, 0.002964061496005
1.77098890625E-07, 0.003061835558966
1.7710084375E-07, 0.00268767506221533
1.77102796875E-07, 0.0029001382453864
1.7710475E-07, 0.00341816754312614
1.77106703125E-07, 0.0032067763348393
1.7710865625E-07, 0.00368713962805489
1.77110609375E-07, 0.00353398806649836
1.771125625E-07, 0.00348713770703904
1.77114515625E-07, 0.00346459577410762
1.7711646875E-07, 0.003619554387269
1.77118421875E-07, 0.00368760689459428
1.77120375E-07, 0.00396480478648775
1.77122328125E-07, 0.00367771768672668
1.7712428125E-07, 0.00404198765815046
1.77126234375E-07, 0.00471865860279204
1.771281875E-07, 0.00431957054467556
1.77130140625E-07, 0.00438330294112169
1.7713209375E-07, 0.00453759862291674
1.77134046875E-07, 0.00485053771733916
1.77136E-07, 0.00516894208347113
1.77137953125E-07, 0.00489457195245408
1.7713990625E-07, 0.00495489016564754
1.77141859375E-07, 0.00476598375245075
1.771438125E-07, 0.00540125400077777
1.77145765625E-07, 0.00547086191060362
1.7714771875E-07, 0.00558432985490527
1.77149671875E-07, 0.00519617169547241
1.77151625E-07, 0.00538909187029651
1.77153578125E-07, 0.00587258393764914
1.7715553125E-07, 0.00563979795941264
1.77157484375E-07, 0.00586406639041127
1.771594375E-07, 0.00608857927733746
1.77161390625E-07, 0.00557193669793795
1.7716334375E-07, 0.00600609101061203
1.77165296875E-07, 0.0056642639903898
1.7716725E-07, 0.00611765178581795
1.77169203125E-07, 0.0058164237766349
1.7717115625E-07, 0.00604406114525216
1.77173109375E-07, 0.00613035757145972
1.771750625E-07, 0.00618511158978284
1.77177015625E-07, 0.00599238177670739
1.7717896875E-07, 0.00560129945256368
1.77180921875E-07, 0.00634306328962362
1.77182875E-07, 0.00578816998467436
1.77184828125E-07, 0.00614989108001075
1.7718678125E-07, 0.00594314955340002
1.77188734375E-07, 0.0058100523652714
1.771906875E-07, 0.00641661147693414
1.77192640625E-07, 0.00610726955597113
1.7719459375E-07, 0.00543935332610456
1.77196546875E-07, 0.00564880589479859
1.771985E-07, 0.00515214053608942
1.77200453125E-07, 0.00630564055205937
1.7720240625E-07, 0.00569184716351168
1.77204359375E-07, 0.00509959856910242
1.772063125E-07, 0.00471643494563326
1.77208265625E-07, 0.00502936516813193
1.7721021875E-07, 0.00509982631932091
1.77212171875E-07, 0.00432912111940794
1.77214125E-07, 0.00521624080671066
1.77216078125E-07, 0.00466413530728197
1.7721803125E-07, 0.00520237531522853
1.77219984375E-07, 0.00540857738027294
1.772219375E-07, 0.00470699399483133
1.77223890625E-07, 0.00480333103033475
1.7722584375E-07, 0.00350182501761406
1.77227796875E-07, 0.00443717903356543
1.7722975E-07, 0.00457641351183869
1.77231703125E-07, 0.0034949562381547
1.7723365625E-07, 0.00454867452355485
1.77235609375E-07, 0.00409096856404375
1.772375625E-07, 0.00288756189143886
1.77239515625E-07, 0.00379603136700312
1.7724146875E-07, 0.00319812422689014
1.77243421875E-07, 0.00300577662792788
1.77245375E-07, 0.003521346472075
1.77247328125E-07, 0.00331402319351312
1.7724928125E-07, 0.00237262591484021
1.77251234375E-07, 0.00305413585319322
1.772531875E-07, 0.00188328805785066
1.77255140625E-07, 0.0026914747184786
1.7725709375E-07, 0.00228387420372175
1.77259046875E-07, 0.0027840040235482
1.77261E-07, 0.00228421317748838
1.77262953125E-07, 0.00188553422784364
1.7726490625E-07, 0.00166784736239237
1.77266859375E-07, 0.00194896390226773
1.772688125E-07, 0.00187782434231044
1.77270765625E-07, 0.00180755229419886
1.7727271875E-07, 0.000804948398119608
1.77274671875E-07, 0.00135992295762125
1.77276625E-07, 0.00146656145145353
1.77278578125E-07, 0.00223875554491334
1.7728053125E-07, 0.000763785063105084
1.77282484375E-07, 0.00113362838477181
1.772844375E-07, 0.00145964255216009
1.77286390625E-07, 0.00127370663032875
1.7728834375E-07, 0.000809920598449309
1.77290296875E-07, 0.000831114753453803
1.7729225E-07, 0.00125849061804326
1.77294203125E-07, 0.000799119229856164
1.7729615625E-07, 0.000435656710847019
1.77298109375E-07, 0.000860069893736087
1.773000625E-07, 0.000683010515418075
1.77302015625E-07, 0.000595886905546009
1.7730396875E-07, 0.000496542172041791
1.77305921875E-07, 0.000573962029936401
1.77307875E-07, 0.000776999004416911
1.77309828125E-07, 0.000330058727581061
1.7731178125E-07, 0.000422157076128003
1.77313734375E-07, 0.000124688883838764
1.773156875E-07, 0.000194875080474567
1.77317640625E-07, 0.000359363610692527
1.7731959375E-07, 0.000411442275289426
1.77321546875E-07, 0.000201009310956282
1.773235E-07, 0.000519727544660657
1.77325453125E-07, 0.000507261554180073
1.7732740625E-07, -0.000331343363284593
1.77329359375E-07, 0.000256015276168927
1.773313125E-07, 0.000234513578501218
1.77333265625E-07, -0.000375951682757957
1.7733521875E-07, 0.000412732277953026
1.77337171875E-07, 0.000566620767704622
1.77339125E-07, -0.000131776238136883
1.77341078125E-07, -3.06342428316091E-05
1.7734303125E-07, 0.000184224705554537
1.77344984375E-07, 0.00064500629937565
1.773469375E-07, -0.000165246363650399
1.77348890625E-07, 0.000249527632547848
1.7735084375E-07, 4.16213705945803E-05
1.77352796875E-07, 0.000482086568482318
1.7735475E-07, 0.000317586613328017
1.77356703125E-07, -0.000174137469229256
1.7735865625E-07, 0.000102185212838746
1.77360609375E-07, 7.7190396230788E-05
1.773625625E-07, 0.000469517675921562
1.77364515625E-07, 0.000260619701802499
1.7736646875E-07, -2.67208123687235E-05
1.77368421875E-07, 7.24685221665569E-05
1.77370375E-07, 0.000229022922022347
1.77372328125E-07, 7.72588962881725E-05
1.7737428125E-07, 0.000236541943464223
1.77376234375E-07, 0.000135054439801894
1.773781875E-07, -7.56572736407339E-06
1.77380140625E-07, -6.28930185065939E-06
1.7738209375E-07, 0.00024425582455132
1.77384046875E-07, 1.19781206647435E-05
1.77386E-07, 6.16926424709871E-05
1.77387953125E-07, -0.000143248955921688
1.7738990625E-07, -0.000105108806759329
1.77391859375E-07, -0.000434661045107406
1.773938125E-07, -0.000319767708678853
1.77395765625E-07, -0.000592658929785637
1.7739771875E-07, -0.000403799846958546
1.77399671875E-07, -0.000776718387957241
1.77401625E-07, -0.00024701142123032
1.77403578125E-07, -0.000483562317852259
1.7740553125E-07, -0.000495186214065906
1.77407484375E-07, -0.00051591225224693
1.774094375E-07, -0.000894986671654788
1.77411390625E-07, -0.000940349893557533
1.7741334375E-07, -0.000780152175367356
1.77415296875E-07, -0.000844784180639778
1.7741725E-07, -0.000611498118253819
1.77419203125E-07, -0.00121341880280553
1.7742115625E-07, -0.000872684480214193
1.77423109375E-07, -0.00101130994002787
1.774250625E-07, -0.00143151556800804
1.77427015625E-07, -0.00116003248059832
1.7742896875E-07, -0.00143963132691457
1.77430921875E-07, -0.00153999678354766
1.77432875E-07, -0.00134361824369488
1.77434828125E-07, -0.00161065297874447
1.7743678125E-07, -0.00192974002456442
1.77438734375E-07, -0.00185654970947114
1.774406875E-07, -0.00208461537864162
1.77442640625E-07, -0.00131382405229602
1.7744459375E-07, -0.00258592611167784
1.77446546875E-07, -0.00180692253907192
1.774485E-07, -0.00257998090617736
1.77450453125E-07, -0.0026839420578385
1.7745240625E-07, -0.00263724176702061
1.77454359375E-07, -0.00208044119252881
1.774563125E-07, -0.00323268617123108
1.77458265625E-07, -0.00255973737717853
1.7746021875E-07, -0.00323454463625922
1.77462171875E-07, -0.00385469173040667
1.77464125E-07, -0.00255228019300134
1.77466078125E-07, -0.00335245078010079
1.7746803125E-07, -0.00312288837983453
1.77469984375E-07, -0.00303855948205924
1.774719375E-07, -0.00331610506187193
1.77473890625E-07, -0.0038444870241652
1.7747584375E-07, -0.00355562111308234
1.77477796875E-07, -0.00365428874468282
1.7747975E-07, -0.00354276391679341
1.77481703125E-07, -0.00420124812395142
1.7748365625E-07, -0.00290578741313171
1.77485609375E-07, -0.00407694502950306
1.774875625E-07, -0.00424717131391517
1.77489515625E-07, -0.00420689784026504
1.7749146875E-07, -0.00430894569951511
1.77493421875E-07, -0.00347556069196505
1.77495375E-07, -0.00332241140534573
1.77497328125E-07, -0.00415292774979299
1.7749928125E-07, -0.00357182854529677
1.77501234375E-07, -0.00376328495745928
1.775031875E-07, -0.00355005330487373
1.77505140625E-07, -0.00435319700102862
1.7750709375E-07, -0.00400298795080436
1.77509046875E-07, -0.00424475004145244
1.77511E-07, -0.0033209447526326
1.77512953125E-07, -0.00385704121836653
1.7751490625E-07, -0.00354979676881462
1.77516859375E-07, -0.00459772829369169
1.775188125E-07, -0.00445579002440779
1.77520765625E-07, -0.00423357277210373
1.7752271875E-07, -0.00443788571221652
1.77524671875E-07, -0.00405011263138815
1.77526625E-07, -0.00337475867820346
1.77528578125E-07, -0.00350793858787602
1.7753053125E-07, -0.00443736079481641
1.77532484375E-07, -0.00364536974226275
1.775344375E-07, -0.00295233670752945
1.77536390625E-07, -0.00373951584921569
1.7753834375E-07, -0.00355473142106497
1.77540296875E-07, -0.00373834485093152
1.7754225E-07, -0.0036697715990347
1.77544203125E-07, -0.00328659022250797
1.7754615625E-07, -0.00343680340933078
1.77548109375E-07, -0.00330833899763572
1.775500625E-07, -0.003228233184052
1.77552015625E-07, -0.00316190212538879
1.7755396875E-07, -0.00344030181238916
1.77555921875E-07, -0.00332402881287553
1.77557875E-07, -0.00307350958382616
1.77559828125E-07, -0.0027553531416485
1.7756178125E-07, -0.00317839572189454
1.77563734375E-07, -0.00303852969281029
1.775656875E-07, -0.00326795940095233
1.77567640625E-07, -0.00295020996215549
1.7756959375E-07, -0.00291500920474701
1.77571546875E-07, -0.00283547371024954
1.775735E-07, -0.00283915401411303
1.77575453125E-07, -0.00278431037727431
1.7757740625E-07, -0.00290379768349663
1.77579359375E-07, -0.00284931639955532
1.775813125E-07, -0.00315786880082492
1.77583265625E-07, -0.00240277648667652
1.7758521875E-07, -0.00315038800182622
1.77587171875E-07, -0.0026610996731889
1.77589125E-07, -0.00242974998142988
1.77591078125E-07, -0.00214152409356216
1.7759303125E-07, -0.00242944315447496
1.77594984375E-07, -0.00274847306843762
1.775969375E-07, -0.00205847018751404
1.77598890625E-07, -0.00241389255490733
1.7760084375E-07, -0.00201410022869343
1.77602796875E-07, -0.00222176793517029
1.7760475E-07, -0.00201821514721199
1.77606703125E-07, -0.00206690470834645
1.7760865625E-07, -0.00191027398450336
1.77610609375E-07, -0.00207361110992326
1.776125625E-07, -0.0017596152511916
1.77614515625E-07, -0.00179748570430917
1.7761646875E-07, -0.00175307216195025
1.77618421875E-07, -0.00155509550839975
1.77620375E-07, -0.00163714680657839
1.77622328125E-07, -0.00136765527666096
1.7762428125E-07, -0.00152680645120457
1.77626234375E-07, -0.00177716419472709
1.776281875E-07, -0.0017389197062774
1.77630140625E-07, -0.00132413448786137
1.7763209375E-07, -0.00114335007128671
1.77634046875E-07, -0.00143150227806558


