File Format, WaveformXYValues
Format Version, 1
Instrument, N1045A,04F,LOJ
SwVersion, A.06.71.21
SerialNumber, MY56260108
Date, 11/29/2023 13:52:16 GMT+08:00

Source Name, Channel 1A

Points, 2048
Signal Type, Unspecified
Channel Bandwidth, 2E+10
Channel Noise, 6.66857143682292E-05
X Units, Second
Y Units, Volt
Data, 
1.73636E-07, -0.000668507634066054
1.73637953125E-07, -0.000511212911531336
1.7363990625E-07, -0.000717094762562799
1.73641859375E-07, -0.00112788994613222
1.736438125E-07, -0.00112361007104158
1.73645765625E-07, -0.000938314451683339
1.7364771875E-07, -0.000963880140155567
1.73649671875E-07, -0.000751786124464343
1.73651625E-07, -0.000833717018037978
1.73653578125E-07, -0.000799028602263984
1.7365553125E-07, -0.000942406065374827
1.73657484375E-07, -0.000921171707422715
1.736594375E-07, -0.000606961801025694
1.73661390625E-07, -0.00210010428033483
1.7366334375E-07, -0.00100845666223776
1.73665296875E-07, -0.00124150583462912
1.7366725E-07, -0.00135468450681853
1.73669203125E-07, -0.000830952147033924
1.7367115625E-07, -0.00107534531146545
1.73673109375E-07, -0.000857657449119862
1.736750625E-07, -0.00114361938848284
1.73677015625E-07, -0.00108844387296229
1.7367896875E-07, -0.00154256040364005
1.73680921875E-07, -0.00041982126068198
1.73682875E-07, -0.000780227032051595
1.73684828125E-07, -0.00103949361465517
1.7368678125E-07, -0.0017009960184122
1.73688734375E-07, -0.000835186022832429
1.736906875E-07, -0.00133454701492457
1.73692640625E-07, -0.000741259378654484
1.7369459375E-07, -0.00145409907510953
1.73696546875E-07, -0.00116704877643927
1.736985E-07, -0.00150063890073005
1.73700453125E-07, -0.00163887838675384
1.7370240625E-07, -0.00114755359914754
1.73704359375E-07, -0.00124759694025106
1.737063125E-07, -0.0012380603364012
1.73708265625E-07, -0.000890504573691915
1.7371021875E-07, -0.00113758490273196
1.73712171875E-07, -0.00135493050509936
1.73714125E-07, -0.00145814307867378
1.73716078125E-07, -0.00105438830316676
1.7371803125E-07, -0.00131911821306245
1.73719984375E-07, -0.00104163592779189
1.737219375E-07, -0.00140435608138999
1.73723890625E-07, -0.00139427655833272
1.7372584375E-07, -0.00126664506150183
1.73727796875E-07, -0.00193740644483024
1.7372975E-07, -0.00099433145432194
1.73731703125E-07, -0.00146104038944858
1.7373365625E-07, -0.00114744472790196
1.73735609375E-07, -0.00139416451911014
1.737375625E-07, -0.00116815831445099
1.73739515625E-07, -0.00128217315693812
1.7374146875E-07, -0.00144559632677933
1.73743421875E-07, -0.00137842795087508
1.73745375E-07, -0.00143499018142173
1.73747328125E-07, -0.00147524688421298
1.7374928125E-07, -0.00170841500665042
1.73751234375E-07, -0.00125592834618545
1.737531875E-07, -0.00140366775504631
1.73755140625E-07, -0.00166254702986371
1.7375709375E-07, -0.00159897477904202
1.73759046875E-07, -0.00169074540288388
1.73761E-07, -0.000981380551634838
1.73762953125E-07, -0.00136635073926585
1.7376490625E-07, -0.0014830799968007
1.73766859375E-07, -0.00149095770461848
1.737688125E-07, -0.001498459040165
1.73770765625E-07, -0.00140824404200876
1.7377271875E-07, -0.00113010268838604
1.73774671875E-07, -0.00179484938064175
1.73776625E-07, -0.00139907192586787
1.73778578125E-07, -0.00170849812010786
1.7378053125E-07, -0.00146173834825694
1.73782484375E-07, -0.00166963341288735
1.737844375E-07, -0.00186815238405983
1.73786390625E-07, -0.00175992155763708
1.7378834375E-07, -0.00203090508567777
1.73790296875E-07, -0.0020350366519591
1.7379225E-07, -0.00155324919283241
1.73794203125E-07, -0.0021303029741481
1.7379615625E-07, -0.00172067849762493
1.73798109375E-07, -0.00188930252867781
1.738000625E-07, -0.00152562475061865
1.73802015625E-07, -0.00202594839607712
1.7380396875E-07, -0.00224969509185558
1.73805921875E-07, -0.00209619574716953
1.73807875E-07, -0.00210830627684905
1.73809828125E-07, -0.00216275763372279
1.7381178125E-07, -0.00264841782195957
1.73813734375E-07, -0.00217971935797894
1.738156875E-07, -0.0018885579954773
1.73817640625E-07, -0.00230300868313699
1.7381959375E-07, -0.00245583752300428
1.73821546875E-07, -0.0023772648666628
1.738235E-07, -0.00194909238207487
1.73825453125E-07, -0.00234259432451866
1.7382740625E-07, -0.00231074590168581
1.73829359375E-07, -0.00176426129393011
1.738313125E-07, -0.00249973636784106
1.73833265625E-07, -0.00212039036017804
1.7383521875E-07, -0.00256857929876679
1.73837171875E-07, -0.00298720428690616
1.73839125E-07, -0.00255452627269803
1.73841078125E-07, -0.0024938826446136
1.7384303125E-07, -0.0033291039097758
1.73844984375E-07, -0.00297435290509373
1.738469375E-07, -0.00301985200267701
1.73848890625E-07, -0.00306117744338914
1.7385084375E-07, -0.00289805573326209
1.73852796875E-07, -0.00304687277775766
1.7385475E-07, -0.00320291120080869
1.73856703125E-07, -0.00296539016184433
1.7385865625E-07, -0.00299007127175141
1.73860609375E-07, -0.00342858619416261
1.738625625E-07, -0.00334192765285233
1.73864515625E-07, -0.00344444322216354
1.7386646875E-07, -0.00353758707586448
1.73868421875E-07, -0.00349864713751796
1.73870375E-07, -0.00394615728288325
1.73872328125E-07, -0.00371446161234138
1.7387428125E-07, -0.00357788715123779
1.73876234375E-07, -0.00366892819263018
1.738781875E-07, -0.00395763233596643
1.73880140625E-07, -0.00422445708884437
1.7388209375E-07, -0.00357420874447704
1.73884046875E-07, -0.00439542769686132
1.73886E-07, -0.00401887333438415
1.73887953125E-07, -0.00448252439557761
1.7388990625E-07, -0.00397003178050452
1.73891859375E-07, -0.00382453144014885
1.738938125E-07, -0.00442777267472773
1.73895765625E-07, -0.00436676267457829
1.7389771875E-07, -0.00425739239731181
1.73899671875E-07, -0.00371108956846128
1.73901625E-07, -0.00414978875098389
1.73903578125E-07, -0.00509226925374262
1.7390553125E-07, -0.00506444367028482
1.73907484375E-07, -0.00456155135089856
1.739094375E-07, -0.00534766505512829
1.73911390625E-07, -0.00534804902421786
1.7391334375E-07, -0.00459816677540264
1.73915296875E-07, -0.00492539153070587
1.7391725E-07, -0.00465950715230784
1.73919203125E-07, -0.00503238718740547
1.7392115625E-07, -0.00537694356078764
1.73923109375E-07, -0.00536410539595887
1.739250625E-07, -0.00552280525884673
1.73927015625E-07, -0.0042355590748508
1.7392896875E-07, -0.00513583558762515
1.73930921875E-07, -0.00585888103819624
1.73932875E-07, -0.00501773923321361
1.73934828125E-07, -0.00412990466916749
1.7393678125E-07, -0.00519724872734472
1.73938734375E-07, -0.00506363600450303
1.739406875E-07, -0.00560142726744318
1.73942640625E-07, -0.00527901891746569
1.7394459375E-07, -0.00519654449511548
1.73946546875E-07, -0.0054020964586765
1.739485E-07, -0.00475806136904255
1.73950453125E-07, -0.00450826021796104
1.7395240625E-07, -0.0048947468425667
1.73954359375E-07, -0.00565144434692577
1.739563125E-07, -0.00519225819634606
1.73958265625E-07, -0.00490612412553062
1.7396021875E-07, -0.00462416085556723
1.73962171875E-07, -0.00533594472999985
1.73964125E-07, -0.00534932770903211
1.73966078125E-07, -0.00531605996368899
1.7396803125E-07, -0.00500814102016177
1.73969984375E-07, -0.00449266956039782
1.739719375E-07, -0.00464233258034544
1.73973890625E-07, -0.00519150842534121
1.7397584375E-07, -0.00382103126430106
1.73977796875E-07, -0.00523109695589897
1.7397975E-07, -0.00414778688562859
1.73981703125E-07, -0.00358827613884864
1.7398365625E-07, -0.00434044718491141
1.73985609375E-07, -0.00389127160166714
1.739875625E-07, -0.00368171448786675
1.73989515625E-07, -0.0031823001785556
1.7399146875E-07, -0.0021111715072856
1.73993421875E-07, -0.00338220733119302
1.73995375E-07, -0.00308285983300053
1.73997328125E-07, -0.00333204085300639
1.7399928125E-07, -0.000916264080756922
1.74001234375E-07, -0.00272409039547945
1.740031875E-07, -0.00352015123612198
1.74005140625E-07, -0.00272139810418167
1.7400709375E-07, 0.000713127321533712
1.74009046875E-07, -0.00249041034975683
1.74011E-07, -0.00157212554267232
1.74012953125E-07, -0.00322860759355897
1.7401490625E-07, -0.00129979586107113
1.74016859375E-07, -8.38564564236639E-05
1.740188125E-07, -0.000893821246279776
1.74020765625E-07, -0.00109228169897082
1.7402271875E-07, -0.00062396905229515
1.74024671875E-07, -0.000493759640289479
1.74026625E-07, -7.92153435417245E-06
1.74028578125E-07, -0.000388582964851576
1.7403053125E-07, 0.000916199628938453
1.74032484375E-07, 0.00157409565568659
1.740344375E-07, 0.00137145221306293
1.74036390625E-07, 0.00157547955566021
1.7403834375E-07, 0.00244810449084535
1.74040296875E-07, 0.00413932331215374
1.7404225E-07, 0.00314016193953337
1.74044203125E-07, 0.00293943329280337
1.7404615625E-07, 0.00458761222536315
1.74048109375E-07, 0.00463501842383577
1.740500625E-07, 0.00409642524997316
1.74052015625E-07, 0.00400779400211144
1.7405396875E-07, 0.00579231748815028
1.74055921875E-07, 0.00457580047892578
1.74057875E-07, 0.00559690920589235
1.74059828125E-07, 0.00611451951851363
1.7406178125E-07, 0.00571739639199766
1.74063734375E-07, 0.00678250890796947
1.740656875E-07, 0.00823132422607977
1.74067640625E-07, 0.00743635393897102
1.7406959375E-07, 0.00883309993364961
1.74071546875E-07, 0.00941680883793757
1.740735E-07, 0.00918975362284681
1.74075453125E-07, 0.0102973689329384
1.7407740625E-07, 0.0102860782752686
1.74079359375E-07, 0.0121797381744313
1.740813125E-07, 0.0115292198303401
1.74083265625E-07, 0.0102540791358749
1.7408521875E-07, 0.0114863076884074
1.74087171875E-07, 0.0133546556459166
1.74089125E-07, 0.0137038644449189
1.74091078125E-07, 0.0157123084256948
1.7409303125E-07, 0.0130074633936936
1.74094984375E-07, 0.0143497751761886
1.740969375E-07, 0.0151004144385752
1.74098890625E-07, 0.0165313112709139
1.7410084375E-07, 0.0174298843802118
1.74102796875E-07, 0.0173234763044648
1.7410475E-07, 0.0148436328699873
1.74106703125E-07, 0.0183551526623564
1.7410865625E-07, 0.0182462048932385
1.74110609375E-07, 0.0197917896518579
1.741125625E-07, 0.0190952269783552
1.74114515625E-07, 0.0204409896006952
1.7411646875E-07, 0.0210307524613773
1.74118421875E-07, 0.0220540436810625
1.74120375E-07, 0.0216146570299999
1.74122328125E-07, 0.0243418006894458
1.7412428125E-07, 0.0244259062095673
1.74126234375E-07, 0.0249229911524459
1.741281875E-07, 0.0230209286064322
1.74130140625E-07, 0.023567101610256
1.7413209375E-07, 0.0263578709799116
1.74134046875E-07, 0.0255296618703244
1.74136E-07, 0.0275218073675308
1.74137953125E-07, 0.0260190526301276
1.7413990625E-07, 0.027556785294282
1.74141859375E-07, 0.0288728819057213
1.741438125E-07, 0.0286953756485326
1.74145765625E-07, 0.0289931030829452
1.7414771875E-07, 0.0290447282900642
1.74149671875E-07, 0.0290540526672018
1.74151625E-07, 0.0309335911847154
1.74153578125E-07, 0.0299122229115506
1.7415553125E-07, 0.0313644081554433
1.74157484375E-07, 0.0309531164998361
1.741594375E-07, 0.0312556647480338
1.74161390625E-07, 0.0286400922181655
1.7416334375E-07, 0.0309642414482646
1.74165296875E-07, 0.0334446602421197
1.7416725E-07, 0.0298093186819614
1.74169203125E-07, 0.0333998222343116
1.7417115625E-07, 0.0348427912277464
1.74173109375E-07, 0.0336093535923434
1.741750625E-07, 0.0309774497822378
1.74177015625E-07, 0.030982256044218
1.7417896875E-07, 0.0340856427700811
1.74180921875E-07, 0.0345706133458369
1.74182875E-07, 0.0348230264639955
1.74184828125E-07, 0.0339051193381759
1.7418678125E-07, 0.0344809755803456
1.74188734375E-07, 0.0345021603756822
1.741906875E-07, 0.0334287533483139
1.74192640625E-07, 0.0342665019038647
1.7419459375E-07, 0.0334359380875129
1.74196546875E-07, 0.0347049307346846
1.741985E-07, 0.0300595953670875
1.74200453125E-07, 0.0315651432700373
1.7420240625E-07, 0.0326529554888063
1.74204359375E-07, 0.0290834360866228
1.742063125E-07, 0.0313437322962395
1.74208265625E-07, 0.0329184075398682
1.7421021875E-07, 0.0326590684502397
1.74212171875E-07, 0.0295424205979091
1.74214125E-07, 0.0315210408573253
1.74216078125E-07, 0.0271534839525972
1.7421803125E-07, 0.0269800623659317
1.74219984375E-07, 0.0289576026768586
1.742219375E-07, 0.0208417657423909
1.74223890625E-07, 0.02654206617964
1.7422584375E-07, 0.0179395282553945
1.74227796875E-07, 0.0268074541019179
1.7422975E-07, 0.0258388215178629
1.74231703125E-07, 0.0237991315382023
1.7423365625E-07, 0.0272320470119638
1.74235609375E-07, 0.0233762180912901
1.742375625E-07, 0.0190271462496867
1.74239515625E-07, 0.0166119871012093
1.7424146875E-07, 0.0150225748048138
1.74243421875E-07, 0.0222452646798145
1.74245375E-07, 0.0133379691259475
1.74247328125E-07, 0.00275625828297685
1.7424928125E-07, 0.014114124166108
1.74251234375E-07, 0.0114870235745275
1.742531875E-07, 0.0165875280929689
1.74255140625E-07, 0.0053008346397197
1.7425709375E-07, 0.00913234894680249
1.74259046875E-07, 0.0055397406961264
1.74261E-07, 0.00467617995168566
1.74262953125E-07, 0.00494167296763475
1.7426490625E-07, -0.000329302757487028
1.74266859375E-07, 0.00207442422274834
1.742688125E-07, 0.00462781644421487
1.74270765625E-07, -0.0038536279536109
1.7427271875E-07, -0.0015550745636508
1.74274671875E-07, -0.00643396428121384
1.74276625E-07, -0.004412374627962
1.74278578125E-07, -0.00478659992256624
1.7428053125E-07, -0.0163130129648902
1.74282484375E-07, -0.0147851900710987
1.742844375E-07, -0.0121215759088111
1.74286390625E-07, -0.0190928613119079
1.7428834375E-07, -0.0124925811763779
1.74290296875E-07, -0.0255666375587577
1.7429225E-07, -0.0237624233922642
1.74294203125E-07, -0.0229989531910269
1.7429615625E-07, -0.0271312185562124
1.74298109375E-07, -0.0295760199203091
1.743000625E-07, -0.0338178394986706
1.74302015625E-07, -0.03431471124015
1.7430396875E-07, -0.0289941021453075
1.74305921875E-07, -0.0435250731273566
1.74307875E-07, -0.0407595946055931
1.74309828125E-07, -0.0341373341991578
1.7431178125E-07, -0.0470993190725317
1.74313734375E-07, -0.0422160523816172
1.743156875E-07, -0.0584213643619715
1.74317640625E-07, -0.0551505495672872
1.7431959375E-07, -0.055949900948516
1.74321546875E-07, -0.0575735593048741
1.743235E-07, -0.0522898826282319
1.74325453125E-07, -0.0622853959402899
1.7432740625E-07, -0.0678855493691466
1.74329359375E-07, -0.0700784300565777
1.743313125E-07, -0.0718636082963045
1.74333265625E-07, -0.0731864055481714
1.7433521875E-07, -0.0726192223791723
1.74337171875E-07, -0.0790003519628543
1.74339125E-07, -0.08355466362949
1.74341078125E-07, -0.0804693120742866
1.7434303125E-07, -0.086387408687109
1.74344984375E-07, -0.0854174242824688
1.743469375E-07, -0.0869898835123549
1.74348890625E-07, -0.0803548643120941
1.7435084375E-07, -0.0984521819504393
1.74352796875E-07, -0.0930745444801769
1.7435475E-07, -0.0944835257001521
1.74356703125E-07, -0.0942366001024263
1.7435865625E-07, -0.0963886323624137
1.74360609375E-07, -0.0993436947712745
1.743625625E-07, -0.0993946686542116
1.74364515625E-07, -0.100491729822624
1.7436646875E-07, -0.0995624433567795
1.74368421875E-07, -0.108311394485552
1.74370375E-07, -0.105363546048859
1.74372328125E-07, -0.110395577361928
1.7437428125E-07, -0.112443655777731
1.74376234375E-07, -0.110413004425789
1.743781875E-07, -0.108829432996137
1.74380140625E-07, -0.113405548029401
1.7438209375E-07, -0.118963654278608
1.74384046875E-07, -0.114402536288282
1.74386E-07, -0.114842282274655
1.74387953125E-07, -0.119124995995354
1.7438990625E-07, -0.119421807516233
1.74391859375E-07, -0.11743931603103
1.743938125E-07, -0.120507921399353
1.74395765625E-07, -0.112605385272661
1.7439771875E-07, -0.11767330285812
1.74399671875E-07, -0.120405060550035
1.74401625E-07, -0.110114859875622
1.74403578125E-07, -0.111754361387208
1.7440553125E-07, -0.120662374224688
1.74407484375E-07, -0.117093264569771
1.744094375E-07, -0.116231975299534
1.74411390625E-07, -0.112155409130046
1.7441334375E-07, -0.106365539425352
1.74415296875E-07, -0.115611757517642
1.7441725E-07, -0.107335923723299
1.74419203125E-07, -0.109714554729995
1.7442115625E-07, -0.0951929708834864
1.74423109375E-07, -0.108078000244092
1.744250625E-07, -0.0998484524306532
1.74427015625E-07, -0.105546759815436
1.7442896875E-07, -0.0951193839438148
1.74430921875E-07, -0.0910951480823619
1.74432875E-07, -0.0845431245773715
1.74434828125E-07, -0.0943994986513327
1.7443678125E-07, -0.0833566156340422
1.74438734375E-07, -0.0962152249409557
1.744406875E-07, -0.0755289225361156
1.74442640625E-07, -0.0743562146297079
1.7444459375E-07, -0.0730572988497393
1.74446546875E-07, -0.0732242704176936
1.744485E-07, -0.0794657076259855
1.74450453125E-07, -0.0647518913001734
1.7445240625E-07, -0.0557900416404377
1.74454359375E-07, -0.0499514080009313
1.744563125E-07, -0.0504748569480688
1.74458265625E-07, -0.0626825838187784
1.7446021875E-07, -0.0482532234019882
1.74462171875E-07, -0.037628312525404
1.74464125E-07, -0.0398943835651992
1.74466078125E-07, -0.0204305876662353
1.7446803125E-07, -0.047835857349883
1.74469984375E-07, -0.0358580139848177
1.744719375E-07, -0.0171721570199807
1.74473890625E-07, -0.0363187603411869
1.7447584375E-07, -0.0260405731835094
1.74477796875E-07, -0.0135188155122841
1.7447975E-07, 0.00296468713175848
1.74481703125E-07, 0.0102082284263489
1.7448365625E-07, 0.00135497737893731
1.74485609375E-07, 0.00547868044728795
1.744875625E-07, 0.0146986420161454
1.74489515625E-07, 0.00982444984218269
1.7449146875E-07, 0.0271008978162164
1.74493421875E-07, 0.0224439390250999
1.74495375E-07, 0.0346319539298279
1.74497328125E-07, 0.0454840214400861
1.7449928125E-07, 0.041748896551355
1.74501234375E-07, 0.0384083275834993
1.745031875E-07, 0.048417893072465
1.74505140625E-07, 0.0464048680575452
1.7450709375E-07, 0.0544318405783363
1.74509046875E-07, 0.0503918492038933
1.74511E-07, 0.0579754639129559
1.74512953125E-07, 0.0588830731269458
1.7451490625E-07, 0.0642023249446326
1.74516859375E-07, 0.0637806764780521
1.745188125E-07, 0.0609301121274538
1.74520765625E-07, 0.0751926791418302
1.7452271875E-07, 0.0753538964536612
1.74524671875E-07, 0.079632464599407
1.74526625E-07, 0.0778014571395588
1.74528578125E-07, 0.0814303189069436
1.7453053125E-07, 0.0723507989774149
1.74532484375E-07, 0.0893289209317058
1.745344375E-07, 0.0934095945067516
1.74536390625E-07, 0.0841123480259041
1.7453834375E-07, 0.0783682150007226
1.74540296875E-07, 0.0959212579788115
1.7454225E-07, 0.0929024585020744
1.74544203125E-07, 0.0927297929782869
1.7454615625E-07, 0.0991644130799608
1.74548109375E-07, 0.0924617991107068
1.745500625E-07, 0.0988398507516582
1.74552015625E-07, 0.0987927371041661
1.7455396875E-07, 0.0896057006471825
1.74555921875E-07, 0.0916743095903585
1.74557875E-07, 0.0935823694210123
1.74559828125E-07, 0.0949494748640529
1.7456178125E-07, 0.0922740704374161
1.74563734375E-07, 0.0916193862252562
1.745656875E-07, 0.0914881649280729
1.74567640625E-07, 0.0951946021952735
1.7456959375E-07, 0.092841654875866
1.74571546875E-07, 0.0893203975172592
1.745735E-07, 0.095035020802676
1.74575453125E-07, 0.0919769978655059
1.7457740625E-07, 0.0940906114600846
1.74579359375E-07, 0.0907140197050347
1.745813125E-07, 0.075412321959909
1.74583265625E-07, 0.0895824106167046
1.7458521875E-07, 0.0839481442445081
1.74587171875E-07, 0.0804262223447971
1.74589125E-07, 0.0809476772434236
1.74591078125E-07, 0.0776671538931007
1.7459303125E-07, 0.0758257783058295
1.74594984375E-07, 0.0731368646570401
1.745969375E-07, 0.0717557873462292
1.74598890625E-07, 0.0758064814807222
1.7460084375E-07, 0.0687876990709082
1.74602796875E-07, 0.0666406784755107
1.7460475E-07, 0.0676230183451493
1.74606703125E-07, 0.0600363488217942
1.7460865625E-07, 0.0686808525248685
1.74610609375E-07, 0.0615699022714964
1.746125625E-07, 0.0572323520419174
1.74614515625E-07, 0.0549492007766555
1.7461646875E-07, 0.0488377994512635
1.74618421875E-07, 0.0577283505205574
1.74620375E-07, 0.0526479261685263
1.74622328125E-07, 0.0435715171480925
1.7462428125E-07, 0.0499634496687385
1.74626234375E-07, 0.0427542883906246
1.746281875E-07, 0.0469783398491462
1.74630140625E-07, 0.0415157881408492
1.7463209375E-07, 0.0360471262369455
1.74634046875E-07, 0.0484553698569773
1.74636E-07, 0.033331808016977
1.74637953125E-07, 0.0368176401675096
1.7463990625E-07, 0.0331911563422686
1.74641859375E-07, 0.0331513057541548
1.746438125E-07, 0.038345488222672
1.74645765625E-07, 0.0305029812047201
1.7464771875E-07, 0.0266810053063368
1.74649671875E-07, 0.0330609604167745
1.74651625E-07, 0.024955154788584
1.74653578125E-07, 0.0267784388011866
1.7465553125E-07, 0.0268461199809121
1.74657484375E-07, 0.0278024842189467
1.746594375E-07, 0.0222762852010311
1.74661390625E-07, 0.0230381146939101
1.7466334375E-07, 0.0238517705585794
1.74665296875E-07, 0.0269124919722243
1.7466725E-07, 0.0208480212973191
1.74669203125E-07, 0.0267048780546269
1.7467115625E-07, 0.0204103696541837
1.74673109375E-07, 0.0224994586550981
1.746750625E-07, 0.0210798248242413
1.74677015625E-07, 0.0209661924829639
1.7467896875E-07, 0.0194543116614021
1.74680921875E-07, 0.020177395780334
1.74682875E-07, 0.0206942105525562
1.74684828125E-07, 0.0208325355135964
1.7468678125E-07, 0.0196134090887518
1.74688734375E-07, 0.022765195393035
1.746906875E-07, 0.0208622953500823
1.74692640625E-07, 0.0194700171505371
1.7469459375E-07, 0.0193265792678809
1.74696546875E-07, 0.0185101737737731
1.746985E-07, 0.0184627110469257
1.74700453125E-07, 0.0193309609546608
1.7470240625E-07, 0.0204293172531908
1.74704359375E-07, 0.0203986872003277
1.747063125E-07, 0.0195145396413355
1.74708265625E-07, 0.0198135099675954
1.7471021875E-07, 0.0191833344773018
1.74712171875E-07, 0.0200860426524443
1.74714125E-07, 0.021015168051778
1.74716078125E-07, 0.0197786515885602
1.7471803125E-07, 0.0196485792301152
1.74719984375E-07, 0.0197998148307734
1.747219375E-07, 0.019932795710082
1.74723890625E-07, 0.0178860072104916
1.7472584375E-07, 0.0193683745296616
1.74727796875E-07, 0.01901312042158
1.7472975E-07, 0.0182284341429503
1.74731703125E-07, 0.0188939095113787
1.7473365625E-07, 0.0191106101120206
1.74735609375E-07, 0.0183527310791953
1.747375625E-07, 0.0190618806823289
1.74739515625E-07, 0.0178813407155955
1.7474146875E-07, 0.0182485980157657
1.74743421875E-07, 0.0165167091421114
1.74745375E-07, 0.0170866857184418
1.74747328125E-07, 0.0172160987022693
1.7474928125E-07, 0.0168657948079426
1.74751234375E-07, 0.0178876010053556
1.747531875E-07, 0.0138543511640032
1.74755140625E-07, 0.0157131811121671
1.7475709375E-07, 0.0144307467928367
1.74759046875E-07, 0.0147460777586718
1.74761E-07, 0.0120433231579802
1.74762953125E-07, 0.015370892392013
1.7476490625E-07, 0.0119017982454933
1.74766859375E-07, 0.0105045541096371
1.747688125E-07, 0.0127566393003661
1.74770765625E-07, 0.0119594499504779
1.7477271875E-07, 0.0097465121779261
1.74774671875E-07, 0.010161274138136
1.74776625E-07, 0.00640501701388583
1.74778578125E-07, 0.0138632133910265
1.7478053125E-07, 0.00822014475902551
1.74782484375E-07, 0.00549541868840803
1.747844375E-07, 0.00606593352344779
1.74786390625E-07, 0.00516077287560194
1.7478834375E-07, 0.00601185297962219
1.74790296875E-07, 0.00386591800207109
1.7479225E-07, 0.00213869125155053
1.74794203125E-07, 0.0048904947321672
1.7479615625E-07, 0.00253230743846038
1.74798109375E-07, 0.00120212265746917
1.748000625E-07, 0.000847960086118931
1.74802015625E-07, 0.0023801345202476
1.7480396875E-07, 0.000307955226351069
1.74805921875E-07, 0.000216886161794782
1.74807875E-07, -0.00249818572130457
1.74809828125E-07, -0.00100041502942947
1.7481178125E-07, -0.00351912369821219
1.74813734375E-07, -0.00328607221642685
1.748156875E-07, -0.00327222223037058
1.74817640625E-07, -0.00412782870185831
1.7481959375E-07, -0.00506932842523185
1.74821546875E-07, -0.00620132787427215
1.748235E-07, -0.00465722997543456
1.74825453125E-07, -0.00620964313926137
1.7482740625E-07, -0.00584555298848698
1.74829359375E-07, -0.00644711399943083
1.748313125E-07, -0.00739126123067857
1.74833265625E-07, -0.00714065912407063
1.7483521875E-07, -0.00631140052763807
1.74837171875E-07, -0.00772874816083018
1.74839125E-07, -0.00717978261827118
1.74841078125E-07, -0.00718793482142233
1.7484303125E-07, -0.00773542514899669
1.74844984375E-07, -0.00798271758565013
1.748469375E-07, -0.0086258096645806
1.74848890625E-07, -0.00861647745102441
1.7485084375E-07, -0.00864650328448557
1.74852796875E-07, -0.00807557560942581
1.7485475E-07, -0.00794976871967329
1.74856703125E-07, -0.00720897663153712
1.7485865625E-07, -0.00800841482610627
1.74860609375E-07, -0.00750613163604282
1.748625625E-07, -0.00827043061391027
1.74864515625E-07, -0.00815903805269219
1.7486646875E-07, -0.007604950665219
1.74868421875E-07, -0.00794005144279884
1.74870375E-07, -0.00794995705859216
1.74872328125E-07, -0.00644884773779672
1.7487428125E-07, -0.00728316743044346
1.74876234375E-07, -0.00718399088036066
1.748781875E-07, -0.0072111697363553
1.74880140625E-07, -0.00740262876945404
1.7488209375E-07, -0.00676580879490743
1.74884046875E-07, -0.00604374976932538
1.74886E-07, -0.0052663531082467
1.74887953125E-07, -0.00558072915650677
1.7488990625E-07, -0.00578086086757077
1.74891859375E-07, -0.00538884207307702
1.748938125E-07, -0.00547602741181869
1.74895765625E-07, -0.00455223069704094
1.7489771875E-07, -0.00415015601884079
1.74899671875E-07, -0.0034667436861537
1.74901625E-07, -0.00375907058970783
1.74903578125E-07, -0.00415028576482203
1.7490553125E-07, -0.00367286246339235
1.74907484375E-07, -0.00292203813492421
1.749094375E-07, -0.00310675368374249
1.74911390625E-07, -0.00220641754089734
1.7491334375E-07, -0.00234753823957384
1.74915296875E-07, -0.00221362918729845
1.7491725E-07, -0.00192204905396006
1.74919203125E-07, -0.00186787864761883
1.7492115625E-07, -0.000896188259987692
1.74923109375E-07, -0.000318047767008184
1.749250625E-07, -0.00154488624644401
1.74927015625E-07, -0.000342410040010122
1.7492896875E-07, -0.000858228055205696
1.74930921875E-07, 4.58721955067824E-05
1.74932875E-07, -0.00145741761302745
1.74934828125E-07, 0.000225562785512398
1.7493678125E-07, 0.000632631556197403
1.74938734375E-07, 6.77659209969919E-05
1.749406875E-07, 0.000392092976584239
1.74942640625E-07, 0.00162985714337753
1.7494459375E-07, 0.000734747389730317
1.74946546875E-07, 0.000912596471653748
1.749485E-07, -0.000793932705402348
1.74950453125E-07, 0.000569807400745378
1.7495240625E-07, -0.000384100448356546
1.74954359375E-07, 0.00175611062943366
1.749563125E-07, 0.00139967938118068
1.74958265625E-07, 0.00157014229726664
1.7496021875E-07, 0.00161689733574947
1.74962171875E-07, 0.00025230604115221
1.74964125E-07, 0.00117878758387792
1.74966078125E-07, 0.00185643798646091
1.7496803125E-07, 0.00111898146207539
1.74969984375E-07, 0.000549360648946988
1.749719375E-07, 0.000784921527788904
1.74973890625E-07, 0.000886452683336025
1.7497584375E-07, -0.000614584231605153
1.74977796875E-07, 0.000810217287385963
1.7497975E-07, 0.00114943186066621
1.74981703125E-07, 0.000472973641100149
1.7498365625E-07, 0.000374003051743611
1.74985609375E-07, 0.0008839811420325
1.749875625E-07, 0.000359756516915858
1.74989515625E-07, 0.000170283319534906
1.7499146875E-07, -0.000499550299375044
1.74993421875E-07, -0.000488950244584309
1.74995375E-07, -0.000500521012975216
1.74997328125E-07, -0.0010945176080313
1.7499928125E-07, 0.000158224957651116
1.75001234375E-07, -0.000543462682281269
1.750031875E-07, -0.000900205490142575
1.75005140625E-07, -0.00267379210070464
1.7500709375E-07, -0.000925113816769868
1.75009046875E-07, -0.00106245550178063
1.75011E-07, -0.0019582592731584
1.75012953125E-07, -0.00230115375890052
1.7501490625E-07, -0.00183419246297657
1.75016859375E-07, -0.00263152654454081
1.750188125E-07, -0.00179404373066575
1.75020765625E-07, -0.00305313218810213
1.7502271875E-07, -0.0052875350832027
1.75024671875E-07, -0.00479008857884693
1.75026625E-07, -0.00436176736162717
1.75028578125E-07, -0.0040069446869651
1.7503053125E-07, -0.00460339223755932
1.75032484375E-07, -0.00555668686457946
1.750344375E-07, -0.00659007909009842
1.75036390625E-07, -0.00713805347723197
1.7503834375E-07, -0.00683738059848397
1.75040296875E-07, -0.00660266498372725
1.7504225E-07, -0.00677786655971626
1.75044203125E-07, -0.00870720589697683
1.7504615625E-07, -0.010050187998541
1.75048109375E-07, -0.0082775721669183
1.750500625E-07, -0.00885570828872006
1.75052015625E-07, -0.00989038185702022
1.7505396875E-07, -0.00910712542906025
1.75055921875E-07, -0.0103747387811114
1.75057875E-07, -0.0107511618931673
1.75059828125E-07, -0.0103444496733117
1.7506178125E-07, -0.0123316685735461
1.75063734375E-07, -0.0113251133733654
1.750656875E-07, -0.0125910721591251
1.75067640625E-07, -0.0139490230654173
1.7506959375E-07, -0.0134894617073966
1.75071546875E-07, -0.0139268735396991
1.750735E-07, -0.01241952295516
1.75075453125E-07, -0.0154911674129517
1.7507740625E-07, -0.0167070024259245
1.75079359375E-07, -0.015837169256839
1.750813125E-07, -0.0171702666747015
1.75083265625E-07, -0.017125683367809
1.7508521875E-07, -0.0195204775508652
1.75087171875E-07, -0.018000936880308
1.75089125E-07, -0.0173845106775886
1.75091078125E-07, -0.0203499332009055
1.7509303125E-07, -0.0205221285210481
1.75094984375E-07, -0.0223330025592046
1.750969375E-07, -0.021400937892724
1.75098890625E-07, -0.0205446252864299
1.7510084375E-07, -0.0228741525756154
1.75102796875E-07, -0.0235625413071136
1.7510475E-07, -0.0223874117622915
1.75106703125E-07, -0.0245591818788434
1.7510865625E-07, -0.0247062063735021
1.75110609375E-07, -0.025402553391131
1.751125625E-07, -0.0260914201435265
1.75114515625E-07, -0.0245843106865995
1.7511646875E-07, -0.027206524432463
1.75118421875E-07, -0.0262785311833275
1.75120375E-07, -0.0264376966714138
1.75122328125E-07, -0.02753733791365
1.7512428125E-07, -0.0254363792326638
1.75126234375E-07, -0.0281845536641047
1.751281875E-07, -0.0292403257615282
1.75130140625E-07, -0.0294127348858606
1.7513209375E-07, -0.030109192821267
1.75134046875E-07, -0.0295412500305433
1.75136E-07, -0.0307986490632778
1.75137953125E-07, -0.0313143247045809
1.7513990625E-07, -0.0308599036356949
1.75141859375E-07, -0.0307041988529642
1.751438125E-07, -0.0305000081206143
1.75145765625E-07, -0.0307252726241414
1.7514771875E-07, -0.0327810468950547
1.75149671875E-07, -0.030905379139592
1.75151625E-07, -0.0331603623460371
1.75153578125E-07, -0.0316246571459773
1.7515553125E-07, -0.0308320115861523
1.75157484375E-07, -0.032167850352119
1.751594375E-07, -0.0328216935704352
1.75161390625E-07, -0.0328550441183799
1.7516334375E-07, -0.0328505302008756
1.75165296875E-07, -0.0332383303854879
1.7516725E-07, -0.033262424966002
1.75169203125E-07, -0.0327992498585958
1.7517115625E-07, -0.0329782483346336
1.75173109375E-07, -0.0316203828827191
1.751750625E-07, -0.0322394844405918
1.75177015625E-07, -0.0314313218217607
1.7517896875E-07, -0.0329607027865679
1.75180921875E-07, -0.031815342504291
1.75182875E-07, -0.0325211466862483
1.75184828125E-07, -0.0323228300173331
1.7518678125E-07, -0.0309542354242055
1.75188734375E-07, -0.032175978947643
1.751906875E-07, -0.0306152275381179
1.75192640625E-07, -0.0314936425957141
1.7519459375E-07, -0.0314628509842463
1.75196546875E-07, -0.0314387753852933
1.751985E-07, -0.029590686356211
1.75200453125E-07, -0.0301443981511175
1.7520240625E-07, -0.0311970806736739
1.75204359375E-07, -0.0310401446044054
1.752063125E-07, -0.0288072898599395
1.75208265625E-07, -0.0298706968043003
1.7521021875E-07, -0.0295811602490619
1.75212171875E-07, -0.0295624270845414
1.75214125E-07, -0.0299037065582089
1.75216078125E-07, -0.0289583851602214
1.7521803125E-07, -0.0292144041320946
1.75219984375E-07, -0.0285596103294566
1.752219375E-07, -0.0276964328457835
1.75223890625E-07, -0.0281287090739964
1.7522584375E-07, -0.0286593856485875
1.75227796875E-07, -0.0265173202585477
1.7522975E-07, -0.0271819420732033
1.75231703125E-07, -0.0253682986425788
1.7523365625E-07, -0.0259505664523926
1.75235609375E-07, -0.0247348870517723
1.752375625E-07, -0.0258926510376335
1.75239515625E-07, -0.0259687867241504
1.7524146875E-07, -0.0248310945020002
1.75243421875E-07, -0.0238846104801905
1.75245375E-07, -0.023571224482633
1.75247328125E-07, -0.023514545723586
1.7524928125E-07, -0.0232982267219059
1.75251234375E-07, -0.0206625712295297
1.752531875E-07, -0.0203223257625194
1.75255140625E-07, -0.0208266471260789
1.7525709375E-07, -0.0210103488122334
1.75259046875E-07, -0.022773860717709
1.75261E-07, -0.0200867447893673
1.75262953125E-07, -0.0206066930293101
1.7526490625E-07, -0.0197916302408354
1.75266859375E-07, -0.0200613470696035
1.752688125E-07, -0.020624555090829
1.75270765625E-07, -0.0182277530625656
1.7527271875E-07, -0.0184369742415267
1.75274671875E-07, -0.0185849573654552
1.75276625E-07, -0.0184514824045473
1.75278578125E-07, -0.0168865570978264
1.7528053125E-07, -0.0172483730801428
1.75282484375E-07, -0.0157223946340681
1.752844375E-07, -0.0166176995236358
1.75286390625E-07, -0.0153284019336803
1.7528834375E-07, -0.0142758456960789
1.75290296875E-07, -0.0157647618659568
1.7529225E-07, -0.0135812868158547
1.75294203125E-07, -0.0153067457426746
1.7529615625E-07, -0.0131840180825126
1.75298109375E-07, -0.012114272807543
1.753000625E-07, -0.0137253897184755
1.75302015625E-07, -0.0123256051570649
1.7530396875E-07, -0.0132825834192219
1.75305921875E-07, -0.0100940069654508
1.75307875E-07, -0.0104376831127729
1.75309828125E-07, -0.0109886712539213
1.7531178125E-07, -0.0108048053605956
1.75313734375E-07, -0.0113750429108482
1.753156875E-07, -0.0100397167291826
1.75317640625E-07, -0.00918278471900007
1.7531959375E-07, -0.00932274292766738
1.75321546875E-07, -0.0070564647335501
1.753235E-07, -0.00731487847358853
1.75325453125E-07, -0.005244741628086
1.7532740625E-07, -0.00693821294288735
1.75329359375E-07, -0.00730572610788078
1.753313125E-07, -0.00566773700028095
1.75333265625E-07, -0.00508952427364097
1.7533521875E-07, -0.0050597263850818
1.75337171875E-07, -0.00474971807098271
1.75339125E-07, -0.00507158724086689
1.75341078125E-07, -0.00459762006508745
1.7534303125E-07, -0.00313190134668105
1.75344984375E-07, -0.00329824103936186
1.753469375E-07, -0.00344294720808209
1.75348890625E-07, -0.00355983004443378
1.7535084375E-07, -0.00340077850919048
1.75352796875E-07, -0.00182434404642967
1.7535475E-07, -0.00360691455700752
1.75356703125E-07, -0.00153776962740647
1.7535865625E-07, -0.00170699046062396
1.75360609375E-07, -0.00294382971534331
1.753625625E-07, -0.000651354737770259
1.75364515625E-07, -0.000990481922526287
1.7536646875E-07, 2.00068138310457E-05
1.75368421875E-07, -0.000395055203964495
1.75370375E-07, 3.66763698436047E-05
1.75372328125E-07, -4.82082614183706E-05
1.7537428125E-07, 8.0104882368782E-05
1.75376234375E-07, -0.000221716447443162
1.753781875E-07, 0.000409277735399204
1.75380140625E-07, 0.00187398647038041
1.7538209375E-07, 0.00170278556770141
1.75384046875E-07, 0.00166349747927754
1.75386E-07, 0.00180766825219061
1.75387953125E-07, 0.0018250771232011
1.7538990625E-07, 0.00264591407652693
1.75391859375E-07, 0.00267087865702479
1.753938125E-07, 0.00177179223606238
1.75395765625E-07, 0.00275754550105544
1.7539771875E-07, 0.00243239360770593
1.75399671875E-07, 0.0029730955842236
1.75401625E-07, 0.0042908865678398
1.75403578125E-07, 0.00319622988864598
1.7540553125E-07, 0.00505089526179971
1.75407484375E-07, 0.00258812425994933
1.754094375E-07, 0.00357971860021731
1.75411390625E-07, 0.00403162847505742
1.7541334375E-07, 0.00419332969432078
1.75415296875E-07, 0.00453612596377345
1.7541725E-07, 0.00465499498472793
1.75419203125E-07, 0.00420382802788076
1.7542115625E-07, 0.00472145970183121
1.75423109375E-07, 0.0055525969270067
1.754250625E-07, 0.00570865125088739
1.75427015625E-07, 0.00530532357046257
1.7542896875E-07, 0.00484777596087664
1.75430921875E-07, 0.00595170766572526
1.75432875E-07, 0.00658553648892361
1.75434828125E-07, 0.0060150303318101
1.7543678125E-07, 0.0071337519645
1.75438734375E-07, 0.00660145621920134
1.754406875E-07, 0.00726602930942512
1.75442640625E-07, 0.00667973083744423
1.7544459375E-07, 0.00593608714363938
1.75446546875E-07, 0.00659522893940226
1.754485E-07, 0.0069647292198703
1.75450453125E-07, 0.00703546749156784
1.7545240625E-07, 0.00855237196275337
1.75454359375E-07, 0.00811684163907403
1.754563125E-07, 0.00860255647055763
1.75458265625E-07, 0.00885174230761951
1.7546021875E-07, 0.00886949880931541
1.75462171875E-07, 0.00793490665093362
1.75464125E-07, 0.00886079904467059
1.75466078125E-07, 0.0100715748784354
1.7546803125E-07, 0.0102599643067516
1.75469984375E-07, 0.0105972397980443
1.754719375E-07, 0.010681694304085
1.75473890625E-07, 0.0102789800757311
1.7547584375E-07, 0.0105023935864886
1.75477796875E-07, 0.0113741910454822
1.7547975E-07, 0.0110508760481439
1.75481703125E-07, 0.0115256797370897
1.7548365625E-07, 0.0116114887672142
1.75485609375E-07, 0.0116160776637868
1.754875625E-07, 0.0121185122570252
1.75489515625E-07, 0.0117036885770676
1.7549146875E-07, 0.0129882680178074
1.75493421875E-07, 0.0128639337393374
1.75495375E-07, 0.0129952397546552
1.75497328125E-07, 0.0127737677363827
1.7549928125E-07, 0.0129914935351692
1.75501234375E-07, 0.0137141969191715
1.755031875E-07, 0.0138377519218213
1.75505140625E-07, 0.0135976637115942
1.7550709375E-07, 0.0136675839025735
1.75509046875E-07, 0.0141639736360096
1.75511E-07, 0.0139703860529212
1.75512953125E-07, 0.0141399475991067
1.7551490625E-07, 0.0144001646269473
1.75516859375E-07, 0.0145759636159812
1.755188125E-07, 0.0138349892057952
1.75520765625E-07, 0.014796688000759
1.7552271875E-07, 0.0145494273506831
1.75524671875E-07, 0.0139103814352959
1.75526625E-07, 0.0138278825543024
1.75528578125E-07, 0.0135967691113045
1.7553053125E-07, 0.0140015278316912
1.75532484375E-07, 0.013332574744395
1.755344375E-07, 0.0132417393700906
1.75536390625E-07, 0.0139876188560543
1.7553834375E-07, 0.014625748427006
1.75540296875E-07, 0.0152577232623566
1.7554225E-07, 0.0139498532170308
1.75544203125E-07, 0.0138126171309516
1.7554615625E-07, 0.0128965503998212
1.75548109375E-07, 0.012853261119476
1.755500625E-07, 0.0132838007379304
1.75552015625E-07, 0.0124573205089571
1.7555396875E-07, 0.014004086869999
1.75555921875E-07, 0.0125733190856726
1.75557875E-07, 0.0114568187241879
1.75559828125E-07, 0.0111343932754345
1.7556178125E-07, 0.012573283089301
1.75563734375E-07, 0.0119154843053635
1.755656875E-07, 0.0118499849412186
1.75567640625E-07, 0.0112308926574128
1.7556959375E-07, 0.0112097680792181
1.75571546875E-07, 0.0109376059373341
1.755735E-07, 0.0101190037344797
1.75575453125E-07, 0.0102540159105633
1.7557740625E-07, 0.00942994526221326
1.75579359375E-07, 0.0106866592565512
1.755813125E-07, 0.00923993103168913
1.75583265625E-07, 0.00865528818141197
1.7558521875E-07, 0.00889686657983713
1.75587171875E-07, 0.00800752996042741
1.75589125E-07, 0.00846826985338473
1.75591078125E-07, 0.00827815124368636
1.7559303125E-07, 0.00858468173939087
1.75594984375E-07, 0.00744477787504596
1.755969375E-07, 0.00637673643439339
1.75598890625E-07, 0.00728928674392508
1.7560084375E-07, 0.00725425112635797
1.75602796875E-07, 0.00657175713775535
1.7560475E-07, 0.00780346273299768
1.75606703125E-07, 0.00535042245293807
1.7560865625E-07, 0.00639465886584195
1.75610609375E-07, 0.00546307338218013
1.756125625E-07, 0.00388483317431481
1.75614515625E-07, 0.00629860303923224
1.7561646875E-07, 0.00487080729321842
1.75618421875E-07, 0.004272387161878
1.75620375E-07, 0.00465077010837959
1.75622328125E-07, 0.0038614534844558
1.7562428125E-07, 0.00529189322920271
1.75626234375E-07, 0.00521511865306024
1.756281875E-07, 0.00382772614921771
1.75630140625E-07, 0.00362442242401366
1.7563209375E-07, 0.00419839725662446
1.75634046875E-07, 0.00461937684412285
1.75636E-07, 0.00367169028691781
1.75637953125E-07, 0.00415756299421208
1.7563990625E-07, 0.00319165826920609
1.75641859375E-07, 0.00350183457307592
1.756438125E-07, 0.00260731045057033
1.75645765625E-07, 0.00315242096308087
1.7564771875E-07, 0.00368490374869
1.75649671875E-07, 0.00206410233318498
1.75651625E-07, 0.00292974133875122
1.75653578125E-07, 0.00405523645186632
1.7565553125E-07, 0.00396999526625836
1.75657484375E-07, 0.00345192716579013
1.756594375E-07, 0.00354285648333082
1.75661390625E-07, 0.00304692721139018
1.7566334375E-07, 0.00399942693224049
1.75665296875E-07, 0.00303144882265425
1.7566725E-07, 0.00329907983195086
1.75669203125E-07, 0.00395433705910235
1.7567115625E-07, 0.0033758325588301
1.75673109375E-07, 0.0040228070310789
1.756750625E-07, 0.00382893144506133
1.75677015625E-07, 0.00368172321640348
1.7567896875E-07, 0.00401379542291956
1.75680921875E-07, 0.00392361285618094
1.75682875E-07, 0.00399452010573384
1.75684828125E-07, 0.00414433189172273
1.7568678125E-07, 0.00455252585361865
1.75688734375E-07, 0.0043001641112661
1.756906875E-07, 0.00471052746619414
1.75692640625E-07, 0.00471176857689191
1.7569459375E-07, 0.00525887430492188
1.75696546875E-07, 0.0054010210801893
1.756985E-07, 0.00574889495320743
1.75700453125E-07, 0.00549938281742758
1.7570240625E-07, 0.00553041182178257
1.75704359375E-07, 0.00520478739731564
1.757063125E-07, 0.0057219463206515
1.75708265625E-07, 0.00572854544655803
1.7571021875E-07, 0.0069536915444728
1.75712171875E-07, 0.00663823125629381
1.75714125E-07, 0.00638635629145501
1.75716078125E-07, 0.0067776166815509
1.7571803125E-07, 0.00630613035818747
1.75719984375E-07, 0.00647179868811715
1.757219375E-07, 0.0062835688299513
1.75723890625E-07, 0.00685137185157297
1.7572584375E-07, 0.00688278612692792
1.75727796875E-07, 0.00712624741027974
1.7572975E-07, 0.00750513191085759
1.75731703125E-07, 0.00765884030961464
1.7573365625E-07, 0.00772171069195153
1.75735609375E-07, 0.00807912752352398
1.757375625E-07, 0.00778993710028586
1.75739515625E-07, 0.00734013627224967
1.7574146875E-07, 0.00837300770284767
1.75743421875E-07, 0.0080911809258494
1.75745375E-07, 0.0081749734046115
1.75747328125E-07, 0.00808763369380251
1.7574928125E-07, 0.00820309040864661
1.75751234375E-07, 0.0087553051920471
1.757531875E-07, 0.00863587963413506
1.75755140625E-07, 0.00850974874129166
1.7575709375E-07, 0.00878283562929324
1.75759046875E-07, 0.00886674970132703
1.75761E-07, 0.00893782333331028
1.75762953125E-07, 0.00902270364338602
1.7576490625E-07, 0.00884578399637774
1.75766859375E-07, 0.00943875701374416
1.757688125E-07, 0.00916165362600146
1.75770765625E-07, 0.00919642795122094
1.7577271875E-07, 0.00970293099507826
1.75774671875E-07, 0.00962206025227831
1.75776625E-07, 0.0104964783994179
1.75778578125E-07, 0.00969782481438581
1.7578053125E-07, 0.00998684747648526
1.75782484375E-07, 0.00977356373085194
1.757844375E-07, 0.00977639568965548
1.75786390625E-07, 0.010112493977911
1.7578834375E-07, 0.009730082357005
1.75790296875E-07, 0.00937478880673578
1.7579225E-07, 0.0104256961849236
1.75794203125E-07, 0.0102189991090779
1.7579615625E-07, 0.0100753192602382
1.75798109375E-07, 0.011198059030398
1.758000625E-07, 0.010983257745115
1.75802015625E-07, 0.0113964321808963
1.7580396875E-07, 0.0101649598841677
1.75805921875E-07, 0.0101544760466744
1.75807875E-07, 0.0106688392847549
1.75809828125E-07, 0.0118390076447137
1.7581178125E-07, 0.0115605472379896
1.75813734375E-07, 0.0112039702247104
1.758156875E-07, 0.0111510309138718
1.75817640625E-07, 0.0104933100697523
1.7581959375E-07, 0.0110734648613592
1.75821546875E-07, 0.0109087478200555
1.758235E-07, 0.0103633586378594
1.75825453125E-07, 0.0117278012354424
1.7582740625E-07, 0.012111760599547
1.75829359375E-07, 0.0119127387384317
1.758313125E-07, 0.0121140912083674
1.75833265625E-07, 0.0121803119454438
1.7583521875E-07, 0.0114054815266184
1.75837171875E-07, 0.012022367805139
1.75839125E-07, 0.012346946340898
1.75841078125E-07, 0.0127012105489867
1.7584303125E-07, 0.0120925568283171
1.75844984375E-07, 0.012538214307676
1.758469375E-07, 0.012535161814027
1.75848890625E-07, 0.0118866312763805
1.7585084375E-07, 0.0120570196871774
1.75852796875E-07, 0.0128334226335742
1.7585475E-07, 0.0124481360542543
1.75856703125E-07, 0.0118392707976309
1.7585865625E-07, 0.0132999861587738
1.75860609375E-07, 0.0122715330696299
1.758625625E-07, 0.0127465634497981
1.75864515625E-07, 0.0126513176010062
1.7586646875E-07, 0.0129991869414262
1.75868421875E-07, 0.0131939240071436
1.75870375E-07, 0.0128980462115049
1.75872328125E-07, 0.0124568253366431
1.7587428125E-07, 0.0129903263330256
1.75876234375E-07, 0.0128413460185178
1.758781875E-07, 0.0134260442556254
1.75880140625E-07, 0.0131789360935886
1.7588209375E-07, 0.0130717867848316
1.75884046875E-07, 0.0134502807530745
1.75886E-07, 0.0136880529427471
1.75887953125E-07, 0.0129168898456319
1.7588990625E-07, 0.0134788757023573
1.75891859375E-07, 0.0132646819145294
1.758938125E-07, 0.0134464062964423
1.75895765625E-07, 0.0128845707116894
1.7589771875E-07, 0.0130953660179657
1.75899671875E-07, 0.0134874153225738
1.75901625E-07, 0.0125949750223338
1.75903578125E-07, 0.012675827930316
1.7590553125E-07, 0.0127815582231799
1.75907484375E-07, 0.0125702467928021
1.759094375E-07, 0.0132608538554499
1.75911390625E-07, 0.0109539790602281
1.7591334375E-07, 0.012029800448836
1.75915296875E-07, 0.0118902449801249
1.7591725E-07, 0.0119377862893036
1.75919203125E-07, 0.0118454205943436
1.7592115625E-07, 0.011530714832093
1.75923109375E-07, 0.011143313294071
1.759250625E-07, 0.0116344814639877
1.75927015625E-07, 0.0108423013034616
1.7592896875E-07, 0.0107856249748584
1.75930921875E-07, 0.0111099899350105
1.75932875E-07, 0.0103124559688731
1.75934828125E-07, 0.0101902514138343
1.7593678125E-07, 0.00937867640201307
1.75938734375E-07, 0.0101264292648158
1.759406875E-07, 0.010408600973844
1.75942640625E-07, 0.00928049631274053
1.7594459375E-07, 0.0105128524253466
1.75946546875E-07, 0.00905952405516569
1.759485E-07, 0.00708181773659713
1.75950453125E-07, 0.00853149617235558
1.7595240625E-07, 0.00563163423884813
1.75954359375E-07, 0.00732193965043207
1.759563125E-07, 0.00866291412995125
1.75958265625E-07, 0.0064954480198262
1.7596021875E-07, 0.00615460880137618
1.75962171875E-07, 0.00548674879496226
1.75964125E-07, 0.00613801683311431
1.75966078125E-07, 0.0061860922345174
1.7596803125E-07, 0.00350070476287947
1.75969984375E-07, 0.00483525309996576
1.759719375E-07, 0.00353494357065667
1.75973890625E-07, 0.00291853947654368
1.7597584375E-07, 0.00358923011988314
1.75977796875E-07, 0.00281535759798378
1.7597975E-07, 0.00286135409493868
1.75981703125E-07, 0.0023705702864713
1.7598365625E-07, 0.00100948265885209
1.75985609375E-07, 0.000973681464987239
1.759875625E-07, 0.00133154534993605
1.75989515625E-07, 0.00080553236167665
1.7599146875E-07, -0.000583896403811053
1.75993421875E-07, -0.00150661648718191
1.75995375E-07, -0.00148874964469867
1.75997328125E-07, -0.00171760493359985
1.7599928125E-07, -0.00292001324389047
1.76001234375E-07, -0.000673477062335089
1.760031875E-07, -0.0028105878234539
1.76005140625E-07, -0.00259954377202784
1.7600709375E-07, -0.00389402818537328
1.76009046875E-07, -0.00435174599624061
1.76011E-07, -0.00508235538176858
1.76012953125E-07, -0.00462148765659455
1.7601490625E-07, -0.0039245379753103
1.76016859375E-07, -0.00498939995339991
1.760188125E-07, -0.00704075016519677
1.76020765625E-07, -0.00651866869935594
1.7602271875E-07, -0.00714253262351162
1.76024671875E-07, -0.00702849345058154
1.76026625E-07, -0.00831464779030476
1.76028578125E-07, -0.0092448423974184
1.7603053125E-07, -0.00871859236622829
1.76032484375E-07, -0.00988731961168081
1.760344375E-07, -0.00757617107758876
1.76036390625E-07, -0.00934790429831964
1.7603834375E-07, -0.011048240594971
1.76040296875E-07, -0.0106703067395155
1.7604225E-07, -0.00961660888607839
1.76044203125E-07, -0.0111833890097777
1.7604615625E-07, -0.0116878404065066
1.76048109375E-07, -0.0104227984006186
1.760500625E-07, -0.0132294696046106
1.76052015625E-07, -0.0126431108440084
1.7605396875E-07, -0.0138180988512489
1.76055921875E-07, -0.0134835900317173
1.76057875E-07, -0.0148339346939345
1.76059828125E-07, -0.0134191088058048
1.7606178125E-07, -0.0133712465927039
1.76063734375E-07, -0.0156344650137757
1.760656875E-07, -0.0142167211539285
1.76067640625E-07, -0.0155696317979245
1.7606959375E-07, -0.0154428382803516
1.76071546875E-07, -0.0156860727273196
1.760735E-07, -0.0143219181531598
1.76075453125E-07, -0.0148129035149509
1.7607740625E-07, -0.0137996233016628
1.76079359375E-07, -0.0158955789110396
1.760813125E-07, -0.0144530441120023
1.76083265625E-07, -0.015402042542674
1.7608521875E-07, -0.0153255467362078
1.76087171875E-07, -0.0156538798127375
1.76089125E-07, -0.0155511877353068
1.76091078125E-07, -0.014979202595635
1.7609303125E-07, -0.0156199102879762
1.76094984375E-07, -0.0152602374030245
1.760969375E-07, -0.0139071527807888
1.76098890625E-07, -0.0151494420270788
1.7610084375E-07, -0.0153178801873545
1.76102796875E-07, -0.0154313599370234
1.7610475E-07, -0.0143444668353032
1.76106703125E-07, -0.0149538383850626
1.7610865625E-07, -0.0146467936032858
1.76110609375E-07, -0.0139133672138488
1.761125625E-07, -0.0137770050253018
1.76114515625E-07, -0.0141812880957385
1.7611646875E-07, -0.0140246264544899
1.76118421875E-07, -0.0132900485691433
1.76120375E-07, -0.0134818308302234
1.76122328125E-07, -0.0119044060484574
1.7612428125E-07, -0.0133877424648296
1.76126234375E-07, -0.0129426751023375
1.761281875E-07, -0.0116397244066281
1.76130140625E-07, -0.01209837799404
1.7613209375E-07, -0.0120471987385386
1.76134046875E-07, -0.0114499339427437
1.76136E-07, -0.0109170328800519
1.76137953125E-07, -0.0111974826572289
1.7613990625E-07, -0.0103981130053629
1.76141859375E-07, -0.00994835285963773
1.761438125E-07, -0.00841907343652799
1.76145765625E-07, -0.00979575397753784
1.7614771875E-07, -0.00953017637493176
1.76149671875E-07, -0.00964936534120472
1.76151625E-07, -0.00830088850314271
1.76153578125E-07, -0.00770280678727732
1.7615553125E-07, -0.00807755211068433
1.76157484375E-07, -0.00727056185991349
1.761594375E-07, -0.00781164456868122
1.76161390625E-07, -0.00696250757385836
1.7616334375E-07, -0.00680999227218888
1.76165296875E-07, -0.00614075658876492
1.7616725E-07, -0.00600056650359773
1.76169203125E-07, -0.00607744935087787
1.7617115625E-07, -0.00622476381632104
1.76173109375E-07, -0.0060279676052253
1.761750625E-07, -0.00582328234253665
1.76177015625E-07, -0.00552926302299562
1.7617896875E-07, -0.00560348890273429
1.76180921875E-07, -0.00538454962540301
1.76182875E-07, -0.0060999391138212
1.76184828125E-07, -0.0052080428476251
1.7618678125E-07, -0.00554049122295145
1.76188734375E-07, -0.00533283781168075
1.761906875E-07, -0.00495283094260048
1.76192640625E-07, -0.0051074692907562
1.7619459375E-07, -0.00530330579498689
1.76196546875E-07, -0.00497543094747826
1.761985E-07, -0.00524546498110584
1.76200453125E-07, -0.00523170841992641
1.7620240625E-07, -0.00503063173640266
1.76204359375E-07, -0.00554778384428204
1.762063125E-07, -0.00523552046533612
1.76208265625E-07, -0.00568556395349683
1.7621021875E-07, -0.00569545904742839
1.76212171875E-07, -0.00610059556086684
1.76214125E-07, -0.00615609130448935
1.76216078125E-07, -0.00592826817327343
1.7621803125E-07, -0.00604848172791243
1.76219984375E-07, -0.00620444784314928
1.762219375E-07, -0.00695296694435646
1.76223890625E-07, -0.00692284082914556
1.7622584375E-07, -0.00764085676379928
1.76227796875E-07, -0.00721717054934767
1.7622975E-07, -0.00723517643203272
1.76231703125E-07, -0.00770992539842714
1.7623365625E-07, -0.00851044272344999
1.76235609375E-07, -0.0079297163713864
1.762375625E-07, -0.00820886265197577
1.76239515625E-07, -0.0079789764074692
1.7624146875E-07, -0.0078046339381837
1.76243421875E-07, -0.00866197472255352
1.76245375E-07, -0.00794043173288992
1.76247328125E-07, -0.00868834413881356
1.7624928125E-07, -0.00926081210209501
1.76251234375E-07, -0.00912087656238039
1.762531875E-07, -0.00964786544133672
1.76255140625E-07, -0.0090644529722488
1.7625709375E-07, -0.00923443372701001
1.76259046875E-07, -0.00966776795071713
1.76261E-07, -0.00963852253871714
1.76262953125E-07, -0.00980363381543991
1.7626490625E-07, -0.00978001050389367
1.76266859375E-07, -0.00940707017402978
1.762688125E-07, -0.0102215840790826
1.76270765625E-07, -0.0104061640324776
1.7627271875E-07, -0.0105298659035676
1.76274671875E-07, -0.00912291548606635
1.76276625E-07, -0.00983566393977936
1.76278578125E-07, -0.0104447100057053
1.7628053125E-07, -0.0098529636097611
1.76282484375E-07, -0.0100523451425715
1.762844375E-07, -0.00967265901430319
1.76286390625E-07, -0.010294429037297
1.7628834375E-07, -0.0112578440213461
1.76290296875E-07, -0.010527597369827
1.7629225E-07, -0.0101985328669749
1.76294203125E-07, -0.0102706266317909
1.7629615625E-07, -0.0110085778438017
1.76298109375E-07, -0.0105428725000633
1.763000625E-07, -0.0100761462216628
1.76302015625E-07, -0.0103263273493849
1.7630396875E-07, -0.0103374807476445
1.76305921875E-07, -0.0107548409318441
1.76307875E-07, -0.0100502353749123
1.76309828125E-07, -0.00996110130207519
1.7631178125E-07, -0.00955526646399105
1.76313734375E-07, -0.0092305726219587
1.763156875E-07, -0.0101019083280483
1.76317640625E-07, -0.00943467162221325
1.7631959375E-07, -0.00948085711375523
1.76321546875E-07, -0.0101583994363243
1.763235E-07, -0.00946795896372805
1.76325453125E-07, -0.00974123119944866
1.7632740625E-07, -0.00867129672954982
1.76329359375E-07, -0.00855603325812468
1.763313125E-07, -0.00909681694618781
1.76333265625E-07, -0.00953823869360852
1.7633521875E-07, -0.00845879039758785
1.76337171875E-07, -0.00872271387276743
1.76339125E-07, -0.00854000393349471
1.76341078125E-07, -0.00891125518128209
1.7634303125E-07, -0.00792382997081878
1.76344984375E-07, -0.00799003966715758
1.763469375E-07, -0.00703423661853728
1.76348890625E-07, -0.00715732796838666
1.7635084375E-07, -0.00724551943360676
1.76352796875E-07, -0.00667500348716323
1.7635475E-07, -0.00657789467615969
1.76356703125E-07, -0.00685068664503237
1.7635865625E-07, -0.00641956264088611
1.76360609375E-07, -0.0064479442552697
1.763625625E-07, -0.0064751858224821
1.76364515625E-07, -0.00681506038713103
1.7636646875E-07, -0.00666057185031913
1.76368421875E-07, -0.0061429800514177
1.76370375E-07, -0.00598149258995003
1.76372328125E-07, -0.00583490445616943
1.7637428125E-07, -0.00562108494595518
1.76376234375E-07, -0.00587225419774453
1.763781875E-07, -0.00600798955941261
1.76380140625E-07, -0.00523819656376823
1.7638209375E-07, -0.00551172813895371
1.76384046875E-07, -0.00505648881900197
1.76386E-07, -0.00513260602842031
1.76387953125E-07, -0.00567589369405255
1.7638990625E-07, -0.00516603125075293
1.76391859375E-07, -0.00505226419574029
1.763938125E-07, -0.00508202516771184
1.76395765625E-07, -0.00539284675485067
1.7639771875E-07, -0.00503032474172904
1.76399671875E-07, -0.00520241622931001
1.76401625E-07, -0.00522625378666271
1.76403578125E-07, -0.00500010485383528
1.7640553125E-07, -0.00521985356891459
1.76407484375E-07, -0.00552884461899375
1.764094375E-07, -0.00478815913939744
1.76411390625E-07, -0.00485509594904882
1.7641334375E-07, -0.00456778961789871
1.76415296875E-07, -0.00460887791217911
1.7641725E-07, -0.00458218246187802
1.76419203125E-07, -0.00488888802775896
1.7642115625E-07, -0.00498580069727986
1.76423109375E-07, -0.00452402078825202
1.764250625E-07, -0.00469752134009998
1.76427015625E-07, -0.00500725900033459
1.7642896875E-07, -0.00454665137957204
1.76430921875E-07, -0.00466464749811546
1.76432875E-07, -0.00471053195530334
1.76434828125E-07, -0.00511169704019117
1.7643678125E-07, -0.0055444673512202
1.76438734375E-07, -0.00500930581199352
1.764406875E-07, -0.00509105954387281
1.76442640625E-07, -0.00503875461081813
1.7644459375E-07, -0.00449313204207205
1.76446546875E-07, -0.00477937042096364
1.764485E-07, -0.00499896527121041
1.76450453125E-07, -0.00518295354181788
1.7645240625E-07, -0.00468052702167318
1.76454359375E-07, -0.00504197642633531
1.764563125E-07, -0.00488643551426427
1.76458265625E-07, -0.00487894689482463
1.7646021875E-07, -0.00510975623520448
1.76462171875E-07, -0.00476612847320489
1.76464125E-07, -0.00451294988507451
1.76466078125E-07, -0.00489225985803534
1.7646803125E-07, -0.00512281209084113
1.76469984375E-07, -0.00518742854431477
1.764719375E-07, -0.00472744506329735
1.76473890625E-07, -0.00456423809453091
1.7647584375E-07, -0.00557121505245488
1.76477796875E-07, -0.00484102557231078
1.7647975E-07, -0.00498117353411471
1.76481703125E-07, -0.00460335098433598
1.7648365625E-07, -0.00481566420146349
1.76485609375E-07, -0.00496520526085796
1.764875625E-07, -0.00462623111812896
1.76489515625E-07, -0.00471155201427237
1.7649146875E-07, -0.00505809954664519
1.76493421875E-07, -0.00440879264004155
1.76495375E-07, -0.00469094665261859
1.76497328125E-07, -0.00464931751952326
1.7649928125E-07, -0.00446395707483789
1.76501234375E-07, -0.00369247393071701
1.765031875E-07, -0.00430720468791899
1.76505140625E-07, -0.00442808936922793
1.7650709375E-07, -0.0041979256238358
1.76509046875E-07, -0.00391330559138754
1.76511E-07, -0.0042440364667175
1.76512953125E-07, -0.0043800002391102
1.7651490625E-07, -0.00432255786337705
1.76516859375E-07, -0.00403581801353191
1.765188125E-07, -0.00406875636674314
1.76520765625E-07, -0.0040730655514076
1.7652271875E-07, -0.00421618200273084
1.76524671875E-07, -0.00404215542587869
1.76526625E-07, -0.00367521078918205
1.76528578125E-07, -0.00423092822986999
1.7653053125E-07, -0.00297196880329002
1.76532484375E-07, -0.00347536339801917
1.765344375E-07, -0.00363027726596521
1.76536390625E-07, -0.00395102015306632
1.7653834375E-07, -0.00324984876031422
1.76540296875E-07, -0.00358250143821182
1.7654225E-07, -0.00382290138469472
1.76544203125E-07, -0.0033637834086072
1.7654615625E-07, -0.00377419473399811
1.76548109375E-07, -0.0039246082589407
1.765500625E-07, -0.00276780895013708
1.76552015625E-07, -0.003530560044236
1.7655396875E-07, -0.00336171876122083
1.76555921875E-07, -0.00285775099538509
1.76557875E-07, -0.00289275274404535
1.76559828125E-07, -0.00362433191737239
1.7656178125E-07, -0.00319329987063198
1.76563734375E-07, -0.00360820695998747
1.765656875E-07, -0.00315048217101079
1.76567640625E-07, -0.00312187316933783
1.7656959375E-07, -0.00296361362973179
1.76571546875E-07, -0.00305541617256007
1.765735E-07, -0.00337345651329125
1.76575453125E-07, -0.00373571203799868
1.7657740625E-07, -0.00331388059194237
1.76579359375E-07, -0.00377948238249209
1.765813125E-07, -0.00324958798977428
1.76583265625E-07, -0.00333948155939887
1.7658521875E-07, -0.0033363561173756
1.76587171875E-07, -0.0032548460964707
1.76589125E-07, -0.00391876594277876
1.76591078125E-07, -0.0029566522081774
1.7659303125E-07, -0.003650565342532
1.76594984375E-07, -0.00356340464527525
1.765969375E-07, -0.00240941428332386
1.76598890625E-07, -0.00362551925535217
1.7660084375E-07, -0.00341316089730958
1.76602796875E-07, -0.00322500576645334
1.7660475E-07, -0.00252718220131584
1.76606703125E-07, -0.00311046936376276
1.7660865625E-07, -0.00228157278604138
1.76610609375E-07, -0.00314486428165584
1.766125625E-07, -0.00304967903662274
1.76614515625E-07, -0.003058232097304
1.7661646875E-07, -0.00310510000112745
1.76618421875E-07, -0.00271254478327288
1.76620375E-07, -0.00317578484958257
1.76622328125E-07, -0.00297215029017598
1.7662428125E-07, -0.002954474454952
1.76626234375E-07, -0.00259882360040438
1.766281875E-07, -0.00298694679609081
1.76630140625E-07, -0.00302182913198875
1.7663209375E-07, -0.00306840392111015
1.76634046875E-07, -0.00282305997596669
1.76636E-07, -0.00302099051822322
1.76637953125E-07, -0.00277813689607736
1.7663990625E-07, -0.00287763490198515
1.76641859375E-07, -0.00260156223417606
1.766438125E-07, -0.00206261114213354
1.76645765625E-07, -0.00250156242390496
1.7664771875E-07, -0.00251709828592805
1.76649671875E-07, -0.00236474948390614
1.76651625E-07, -0.00247309252297228
1.76653578125E-07, -0.00240109073153204
1.7665553125E-07, -0.0017258737523419
1.76657484375E-07, -0.00251458478851764
1.766594375E-07, -0.00225719568957079
1.76661390625E-07, -0.00230609491996212
1.7666334375E-07, -0.00224362220851187
1.76665296875E-07, -0.00225075936093442
1.7666725E-07, -0.00149569403573585
1.76669203125E-07, -0.00173845243817427
1.7667115625E-07, -0.00161507151719182
1.76673109375E-07, -0.00170151891088381
1.766750625E-07, -0.00206683200963506
1.76677015625E-07, -0.00134227753232854
1.7667896875E-07, -0.0011600177006396
1.76680921875E-07, -0.00190903701956835
1.76682875E-07, -0.00178921577908456
1.76684828125E-07, -0.00205588750583438
1.7668678125E-07, -0.00190203591515115
1.76688734375E-07, -0.00168373523143223
1.766906875E-07, -0.00176860737002108
1.76692640625E-07, -0.00162464861297891
1.7669459375E-07, -0.00201449706022435
1.76696546875E-07, -0.00196776461933428
1.766985E-07, -0.00174206978047697
1.76700453125E-07, -0.00167899351052661
1.7670240625E-07, -0.00198833535688724
1.76704359375E-07, -0.00202080199053944
1.767063125E-07, -0.00151264534340959
1.76708265625E-07, -0.00162369998834144
1.7671021875E-07, -0.00173520507926164
1.76712171875E-07, -0.00200075717888359
1.76714125E-07, -0.00170633276347775
1.76716078125E-07, -0.00177406362720055
1.7671803125E-07, -0.00188410501383148
1.76719984375E-07, -0.00188151174468328
1.767219375E-07, -0.001953558013255
1.76723890625E-07, -0.0017330188796219
1.7672584375E-07, -0.00187122984923939
1.76727796875E-07, -0.00181418263604484
1.7672975E-07, -0.00188013797064272
1.76731703125E-07, -0.00178325164371688
1.7673365625E-07, -0.00171698604329831
1.76735609375E-07, -0.00158956848716593
1.767375625E-07, -0.00224529928271318
1.76739515625E-07, -0.00184137180174033
1.7674146875E-07, -0.00185890443615921
1.76743421875E-07, -0.00183030453987849
1.76745375E-07, -0.00202594879773442
1.76747328125E-07, -0.00205457537369821
1.7674928125E-07, -0.00154471186950227
1.76751234375E-07, -0.00212298360332987
1.767531875E-07, -0.00202104221407493
1.76755140625E-07, -0.00172435018771963
1.7675709375E-07, -0.00186013202440967
1.76759046875E-07, -0.00170225342451544
1.76761E-07, -0.00193381643770973
1.76762953125E-07, -0.00176950108820021
1.7676490625E-07, -0.00171015032755717
1.76766859375E-07, -0.00177939417707612
1.767688125E-07, -0.0012480527929079
1.76770765625E-07, -0.0020060256150864
1.7677271875E-07, -0.00199051259820629
1.76774671875E-07, -0.00101386959429922
1.76776625E-07, -0.00112984557718935
1.76778578125E-07, -0.00050961634097151
1.7678053125E-07, -0.000670490329309576
1.76782484375E-07, -0.000334294594314646
1.767844375E-07, -0.000372125451683957
1.76786390625E-07, -0.000397637023746207
1.7678834375E-07, 0.000249639459190895
1.76790296875E-07, 0.000229586107136258
1.7679225E-07, 0.00065571941346419
1.76794203125E-07, 0.000298516822272138
1.7679615625E-07, 0.00102079732478469
1.76798109375E-07, 0.000818625653733663
1.768000625E-07, 0.00152293988982811
1.76802015625E-07, 0.0012591645238316
1.7680396875E-07, 0.00208456752116773
1.76805921875E-07, 0.00289120738654655
1.76807875E-07, 0.00204791978287413
1.76809828125E-07, 0.00186646080394256
1.7681178125E-07, 0.00351258014728614
1.76813734375E-07, 0.00294773256022767
1.768156875E-07, 0.00359586942330709
1.76817640625E-07, 0.004462525821732
1.7681959375E-07, 0.00343794988170479
1.76821546875E-07, 0.0039324015570988
1.768235E-07, 0.00491896544599505
1.76825453125E-07, 0.00444019341397229
1.7682740625E-07, 0.00528677347534227
1.76829359375E-07, 0.00472830023497765
1.768313125E-07, 0.00525410336517367
1.76833265625E-07, 0.00616117552158492
1.7683521875E-07, 0.00517598170466111
1.76837171875E-07, 0.00566478895286264
1.76839125E-07, 0.0054746509105064
1.76841078125E-07, 0.00693051008911757
1.7684303125E-07, 0.00690941297288432
1.76844984375E-07, 0.00590369553612324
1.768469375E-07, 0.00696700751870967
1.76848890625E-07, 0.00620948466651561
1.7685084375E-07, 0.00649664975325454
1.76852796875E-07, 0.00720948726054392
1.7685475E-07, 0.00709113517381742
1.76856703125E-07, 0.00659723764880712
1.7685865625E-07, 0.00690199813931071
1.76860609375E-07, 0.00648804355711536
1.768625625E-07, 0.00639874272616473
1.76864515625E-07, 0.00592658791558587
1.7686646875E-07, 0.00662423112935548
1.76868421875E-07, 0.00673197488161346
1.76870375E-07, 0.00555470601945922
1.76872328125E-07, 0.00596442197652792
1.7687428125E-07, 0.00527212053526996
1.76876234375E-07, 0.00538922573209503
1.768781875E-07, 0.00492791746895534
1.76880140625E-07, 0.00596122276564108
1.7688209375E-07, 0.00530797314217826
1.76884046875E-07, 0.00436821354196442
1.76886E-07, 0.00470537973049016
1.76887953125E-07, 0.00402184010049962
1.7688990625E-07, 0.00480653642223259
1.76891859375E-07, 0.00459501967214396
1.768938125E-07, 0.00416374949677861
1.76895765625E-07, 0.0044972619742906
1.7689771875E-07, 0.00227873528104261
1.76899671875E-07, 0.00265227164293331
1.76901625E-07, 0.00308661741894906
1.76903578125E-07, 0.00209054465898208
1.7690553125E-07, 0.00296467801269277
1.76907484375E-07, 0.00167312787812751
1.769094375E-07, 0.00232175719788672
1.76911390625E-07, 0.00166893390744307
1.7691334375E-07, 0.0012568826839658
1.76915296875E-07, 0.0017351730208792
1.7691725E-07, 0.000914393841566411
1.76919203125E-07, 0.00103373508106032
1.7692115625E-07, 6.31717462952397E-05
1.76923109375E-07, -1.95644580505092E-05
1.769250625E-07, 0.000618124842180676
1.76927015625E-07, 0.000129694982140355
1.7692896875E-07, -0.000400550427552948
1.76930921875E-07, -0.000115303182435329
1.76932875E-07, -0.000315016108148299
1.76934828125E-07, -0.000953821775940621
1.7693678125E-07, -0.000293713612054383
1.76938734375E-07, -0.000718378776961334
1.769406875E-07, -0.000886801098445952
1.76942640625E-07, -0.000955091547193454
1.7694459375E-07, -0.00120788472327403
1.76946546875E-07, -0.000969083448482688
1.769485E-07, -0.000848200304226663
1.76950453125E-07, -0.0012551878944842
1.7695240625E-07, -0.000848589843031418
1.76954359375E-07, -0.00100507198562658
1.769563125E-07, -0.00122595145642137
1.76958265625E-07, -0.00110904262901202
1.7696021875E-07, -0.0010136854544605
1.76962171875E-07, -0.00112966254903599
1.76964125E-07, -0.000955745943160788
1.76966078125E-07, -0.000841575900143123
1.7696803125E-07, -0.000798921079540251
1.76969984375E-07, -0.000445201253243566
1.769719375E-07, -0.00066785244061212
1.76973890625E-07, -0.000228419534081041
1.7697584375E-07, -0.00060881787921391
1.76977796875E-07, -8.92618798330425E-05
1.7697975E-07, -0.000410080992641798
1.76981703125E-07, 2.205879016948E-05
1.7698365625E-07, 0.000296345994784173
1.76985609375E-07, -2.80192204528374E-05
1.769875625E-07, -0.000225700837161064
1.76989515625E-07, 0.000646792235061757
1.7699146875E-07, 0.000731162079265763
1.76993421875E-07, 0.00067694728900866
1.76995375E-07, 0.00110062952216733
1.76997328125E-07, 0.00104516849465998
1.7699928125E-07, 0.000900117454893731
1.77001234375E-07, 0.000799977418434303
1.770031875E-07, 0.000532606798170738
1.77005140625E-07, 0.000917630196181803
1.7700709375E-07, 0.00103047674266453
1.77009046875E-07, 0.00130924456172203
1.77011E-07, 0.00145542228198686
1.77012953125E-07, 0.00172630144115511
1.7701490625E-07, 0.00143926688098508
1.77016859375E-07, 0.00158401210317173
1.770188125E-07, 0.00160351259171209
1.77020765625E-07, 0.00110783614574654
1.7702271875E-07, 0.00174269634798723
1.77024671875E-07, 0.00125031485022402
1.77026625E-07, 0.00175281729502341
1.77028578125E-07, 0.00158224200417896
1.7703053125E-07, 0.00110358900792829
1.77032484375E-07, 0.00193885373039952
1.770344375E-07, 0.00195952499470211
1.77036390625E-07, 0.00216442134475222
1.7703834375E-07, 0.00152506677925963
1.77040296875E-07, 0.00127093441649269
1.7704225E-07, 0.00214140852482622
1.77044203125E-07, 0.00170766691124269
1.7704615625E-07, 0.00176172886429312
1.77048109375E-07, 0.00189127063775992
1.770500625E-07, 0.00187840124110292
1.77052015625E-07, 0.00222624311974863
1.7705396875E-07, 0.00194650442880884
1.77055921875E-07, 0.00199240559647416
1.77057875E-07, 0.00159370524207814
1.77059828125E-07, 0.00208875653322662
1.7706178125E-07, 0.00160527477323532
1.77063734375E-07, 0.00279150291616503
1.770656875E-07, 0.002238256205262
1.77067640625E-07, 0.00164256145548506
1.7706959375E-07, 0.00210310899666418
1.77071546875E-07, 0.00170318253924029
1.770735E-07, 0.00188977111434216
1.77075453125E-07, 0.00245960585922793
1.7707740625E-07, 0.00266331424158643
1.77079359375E-07, 0.00198691961509721
1.770813125E-07, 0.00186919558570779
1.77083265625E-07, 0.00245709344405712
1.7708521875E-07, 0.0020004451800176
1.77087171875E-07, 0.00254212790315603
1.77089125E-07, 0.00206304740564987
1.77091078125E-07, 0.00283461341548917
1.7709303125E-07, 0.00275079446658139
1.77094984375E-07, 0.00232936201111575
1.770969375E-07, 0.00300310361032213
1.77098890625E-07, 0.00242427507694754
1.7710084375E-07, 0.00284302426793345
1.77102796875E-07, 0.00242948155441402
1.7710475E-07, 0.00304833778087068
1.77106703125E-07, 0.00264662732078528
1.7710865625E-07, 0.00307354657089221
1.77110609375E-07, 0.0031016182171647
1.771125625E-07, 0.00353561505704891
1.77114515625E-07, 0.00261215446334306
1.7711646875E-07, 0.00272043276367774
1.77118421875E-07, 0.00335089424794047
1.77120375E-07, 0.00312062314886784
1.77122328125E-07, 0.0035440606449225
1.7712428125E-07, 0.00370120158475645
1.77126234375E-07, 0.00362306474458444
1.771281875E-07, 0.00348805905610566
1.77130140625E-07, 0.00370397813836216
1.7713209375E-07, 0.00335538310557988
1.77134046875E-07, 0.00387663882943644
1.77136E-07, 0.00370458208597444
1.77137953125E-07, 0.00424738752735765
1.7713990625E-07, 0.00396876322437904
1.77141859375E-07, 0.00408808717966782
1.771438125E-07, 0.00408448874133429
1.77145765625E-07, 0.00433523576401483
1.7714771875E-07, 0.00440690788766494
1.77149671875E-07, 0.00424141863585281
1.77151625E-07, 0.00447264425237868
1.77153578125E-07, 0.00445149152407134
1.7715553125E-07, 0.00476608711010346
1.77157484375E-07, 0.00430287125260364
1.771594375E-07, 0.00488491559329917
1.77161390625E-07, 0.00480381870103763
1.7716334375E-07, 0.00464461274148995
1.77165296875E-07, 0.00481857111656876
1.7716725E-07, 0.00501280728942975
1.77169203125E-07, 0.0050023869587295
1.7717115625E-07, 0.00493630107335293
1.77173109375E-07, 0.0047313338209743
1.771750625E-07, 0.00475738563763883
1.77177015625E-07, 0.00528005128141865
1.7717896875E-07, 0.00539108651832994
1.77180921875E-07, 0.00497394662936037
1.77182875E-07, 0.00521143952361724
1.77184828125E-07, 0.00539197270503562
1.7718678125E-07, 0.00517873820825493
1.77188734375E-07, 0.00507082504086415
1.771906875E-07, 0.00540453527324889
1.77192640625E-07, 0.00534434972443112
1.7719459375E-07, 0.00537962055750552
1.77196546875E-07, 0.00476052668269116
1.771985E-07, 0.00523750891560613
1.77200453125E-07, 0.0047812790158542
1.7720240625E-07, 0.00505801868573854
1.77204359375E-07, 0.00529102571890488
1.772063125E-07, 0.00506236939449029
1.77208265625E-07, 0.00521973862879114
1.7721021875E-07, 0.00514631954491307
1.77212171875E-07, 0.00479345506374543
1.77214125E-07, 0.00494015597963103
1.77216078125E-07, 0.00499015796655662
1.7721803125E-07, 0.00493640033837855
1.77219984375E-07, 0.00569766380585286
1.772219375E-07, 0.00533096969083539
1.77223890625E-07, 0.00472388238586781
1.7722584375E-07, 0.00487266840877945
1.77227796875E-07, 0.00439005968941167
1.7722975E-07, 0.00492664307106136
1.77231703125E-07, 0.00496625021003786
1.7723365625E-07, 0.00472366747552432
1.77235609375E-07, 0.0047936602809259
1.772375625E-07, 0.00460302783390626
1.77239515625E-07, 0.00419301197842859
1.7724146875E-07, 0.00455626887320986
1.77243421875E-07, 0.00436159270145783
1.77245375E-07, 0.00425730042863938
1.77247328125E-07, 0.00421765730815239
1.7724928125E-07, 0.00431250078971068
1.77251234375E-07, 0.00402645697659794
1.772531875E-07, 0.00307189429980512
1.77255140625E-07, 0.00352018602532248
1.7725709375E-07, 0.00401531287231652
1.77259046875E-07, 0.00397671223038348
1.77261E-07, 0.00374291841412584
1.77262953125E-07, 0.00385457497386492
1.7726490625E-07, 0.00358285424436054
1.77266859375E-07, 0.00410119599041347
1.772688125E-07, 0.00389871333034564
1.77270765625E-07, 0.00411353443731619
1.7727271875E-07, 0.00342120635296104
1.77274671875E-07, 0.00330568413734277
1.77276625E-07, 0.00330235859277767
1.77278578125E-07, 0.00334606516087888
1.7728053125E-07, 0.00341734109572987
1.77282484375E-07, 0.00291462567112573
1.772844375E-07, 0.00334963500122777
1.77286390625E-07, 0.00336671963797163
1.7728834375E-07, 0.00324921117259378
1.77290296875E-07, 0.00342257281480321
1.7729225E-07, 0.0031480118797648
1.77294203125E-07, 0.00287082155566241
1.7729615625E-07, 0.00265219999446709
1.77298109375E-07, 0.0028713450092211
1.773000625E-07, 0.00271250845847178
1.77302015625E-07, 0.00263945850243936
1.7730396875E-07, 0.00303884802049411
1.77305921875E-07, 0.00253674480653843
1.77307875E-07, 0.00249510600287534
1.77309828125E-07, 0.00197401549721115
1.7731178125E-07, 0.00308086585263789
1.77313734375E-07, 0.00249301845423209
1.773156875E-07, 0.00225935516069471
1.77317640625E-07, 0.00193273469217638
1.7731959375E-07, 0.00198308084764868
1.77321546875E-07, 0.00189243452004968
1.773235E-07, 0.00227266085923744
1.77325453125E-07, 0.00177714213285383
1.7732740625E-07, 0.0015680701408114
1.77329359375E-07, 0.000918037397168621
1.773313125E-07, 0.00110439423330782
1.77333265625E-07, 0.00158427767364162
1.7733521875E-07, 0.00172137000557876
1.77337171875E-07, 0.00182223870436835
1.77339125E-07, 0.00126860642924382
1.77341078125E-07, 0.00126665944439871
1.7734303125E-07, 0.00133144853592483
1.77344984375E-07, 0.00130240806395127
1.773469375E-07, 0.00104099671896089
1.77348890625E-07, 0.000788504151946206
1.7735084375E-07, 0.00056855333910312
1.77352796875E-07, 0.000870049712314954
1.7735475E-07, 0.000796226758008718
1.77356703125E-07, 0.000787144476161216
1.7735865625E-07, 0.000655566619477342
1.77360609375E-07, 0.000728004943896557
1.773625625E-07, 0.000127772853045084
1.77364515625E-07, 0.000409115849747292
1.7736646875E-07, 0.00040608068669095
1.77368421875E-07, 0.000215965541805737
1.77370375E-07, 0.000449580452206333
1.77372328125E-07, 0.000201789570700327
1.7737428125E-07, 0.000243549677572868
1.77376234375E-07, 0.00035097319276231
1.773781875E-07, 0.000110065069066366
1.77380140625E-07, -0.000121054364006408
1.7738209375E-07, -1.92330798388674E-05
1.77384046875E-07, -0.000236118886385368
1.77386E-07, -5.49576669950509E-05
1.77387953125E-07, -0.000399095464179209
1.7738990625E-07, -0.000726045958458893
1.77391859375E-07, -0.000113067101188083
1.773938125E-07, -0.000280971562785697
1.77395765625E-07, 8.1276994713923E-05
1.7739771875E-07, -0.00044804992429892
1.77399671875E-07, -0.000657760072083948
1.77401625E-07, -0.000672415428160822
1.77403578125E-07, -0.000470534855242519
1.7740553125E-07, -4.88111295005198E-05
1.77407484375E-07, -0.000797256566927779
1.774094375E-07, -0.00118847484662687
1.77411390625E-07, -0.00107044272058436
1.7741334375E-07, -0.000977888055278113
1.77415296875E-07, -0.000848358740978844
1.7741725E-07, -0.00094034359755111
1.77419203125E-07, -0.00102731512337405
1.7742115625E-07, -0.00100400301296324
1.77423109375E-07, -0.00125605440039035
1.774250625E-07, -0.00159153273669905
1.77427015625E-07, -0.00128816080141182
1.7742896875E-07, -0.00155558752874243
1.77430921875E-07, -0.00116242982083374
1.77432875E-07, -0.00146680438802934
1.77434828125E-07, -0.00144526989483147
1.7743678125E-07, -0.00139448421335771
1.77438734375E-07, -0.00210252272771917
1.774406875E-07, -0.00175116763286939
1.77442640625E-07, -0.0027287142662391
1.7744459375E-07, -0.00168544185285204
1.77446546875E-07, -0.00213349593060133
1.774485E-07, -0.0016466641780987
1.77450453125E-07, -0.00248510373139054
1.7745240625E-07, -0.0020618261870139
1.77454359375E-07, -0.00211526348000402
1.774563125E-07, -0.00240853061302629
1.77458265625E-07, -0.00236002283828366
1.7746021875E-07, -0.00259710110231908
1.77462171875E-07, -0.00276511707238242
1.77464125E-07, -0.00270800879368802
1.77466078125E-07, -0.00249142980582978
1.7746803125E-07, -0.00329704906232152
1.77469984375E-07, -0.00342409130258279
1.774719375E-07, -0.00277984259472565
1.77473890625E-07, -0.0024606383635695
1.7747584375E-07, -0.0029838952693017
1.77477796875E-07, -0.00356415906993288
1.7747975E-07, -0.00308948143120935
1.77481703125E-07, -0.0033913847957553
1.7748365625E-07, -0.0030140545597986
1.77485609375E-07, -0.00291117627742971
1.774875625E-07, -0.003385250982419
1.77489515625E-07, -0.00362054190720661
1.7749146875E-07, -0.00363314925905986
1.77493421875E-07, -0.00376621247259064
1.77495375E-07, -0.00369496005858576
1.77497328125E-07, -0.00343772656110303
1.7749928125E-07, -0.00414674450206754
1.77501234375E-07, -0.00354861635311624
1.775031875E-07, -0.00385409611457446
1.77505140625E-07, -0.00374820446241807
1.7750709375E-07, -0.00383501109089897
1.77509046875E-07, -0.0034327828971299
1.77511E-07, -0.00367382290730712
1.77512953125E-07, -0.0042570610167554
1.7751490625E-07, -0.00429265468923993
1.77516859375E-07, -0.00371309906067661
1.775188125E-07, -0.00409486854238727
1.77520765625E-07, -0.00413852424748152
1.7752271875E-07, -0.00353841854902851
1.77524671875E-07, -0.00370869520187001
1.77526625E-07, -0.00373112219546936
1.77528578125E-07, -0.00376236667545857
1.7753053125E-07, -0.00364649810653657
1.77532484375E-07, -0.00391583898133541
1.775344375E-07, -0.00417015239039439
1.77536390625E-07, -0.00403632423994307
1.7753834375E-07, -0.00370914655910224
1.77540296875E-07, -0.00429032586691451
1.7754225E-07, -0.00401544730542102
1.77544203125E-07, -0.00393666991801401
1.7754615625E-07, -0.00349238561291514
1.77548109375E-07, -0.00373101473198725
1.775500625E-07, -0.00383602660984505
1.77552015625E-07, -0.00389567195890221
1.7755396875E-07, -0.00312230348015025
1.77555921875E-07, -0.00349874231489732
1.77557875E-07, -0.00354087860087802
1.77559828125E-07, -0.00339930032780189
1.7756178125E-07, -0.00404603174339125
1.77563734375E-07, -0.00307042569344258
1.775656875E-07, -0.00344369883110145
1.77567640625E-07, -0.0032557180031125
1.7756959375E-07, -0.00264132936820437
1.77571546875E-07, -0.00342834245071156
1.775735E-07, -0.00296412602974811
1.77575453125E-07, -0.00346446353082173
1.7757740625E-07, -0.00301794603874222
1.77579359375E-07, -0.00249399798409154
1.775813125E-07, -0.00339298739300535
1.77583265625E-07, -0.00282010049912098
1.7758521875E-07, -0.00275198960137517
1.77587171875E-07, -0.00271045464030697
1.77589125E-07, -0.00224946583116471
1.77591078125E-07, -0.00270534411091057
1.7759303125E-07, -0.00277821371530116
1.77594984375E-07, -0.00296322801481499
1.775969375E-07, -0.00242210867853672
1.77598890625E-07, -0.00270479871475048
1.7760084375E-07, -0.00274842391472487
1.77602796875E-07, -0.00263101035487373
1.7760475E-07, -0.00248813149428518
1.77606703125E-07, -0.00214020042360335
1.7760865625E-07, -0.00226534541814125
1.77610609375E-07, -0.00210319792947813
1.776125625E-07, -0.00233316328019053
1.77614515625E-07, -0.00240541828697563
1.7761646875E-07, -0.00251476845199721
1.77618421875E-07, -0.00233643036611368
1.77620375E-07, -0.00237053922181703
1.77622328125E-07, -0.00278943163349936
1.7762428125E-07, -0.00238502299173037
1.77626234375E-07, -0.00252008985137032
1.776281875E-07, -0.00234566532177993
1.77630140625E-07, -0.00285908277917811
1.7763209375E-07, -0.00205390390040363
1.77634046875E-07, -0.00227239030428038


