File Format, WaveformXYValues
Format Version, 1
Instrument, N1045A,04F,LOJ
SwVersion, A.06.71.21
SerialNumber, MY56260108
Date, 11/29/2023 13:52:46 GMT+08:00

Source Name, Channel 1A

Points, 2048
Signal Type, Unspecified
Channel Bandwidth, 2E+10
Channel Noise, 6.66857143682292E-05
X Units, Second
Y Units, Volt
Data, 
1.73636E-07, -0.00108275366362959
1.73637953125E-07, -0.00132356905464076
1.7363990625E-07, -0.000901778652165318
1.73641859375E-07, -0.00108545085465288
1.736438125E-07, -0.00113210596616993
1.73645765625E-07, -0.00109298362089129
1.7364771875E-07, -0.00118909049728958
1.73649671875E-07, -0.00082918969528111
1.73651625E-07, -0.00116860059270716
1.73653578125E-07, -0.00110375677544541
1.7365553125E-07, -0.000979411470289187
1.73657484375E-07, -0.00102907013743229
1.736594375E-07, -0.000906645721338941
1.73661390625E-07, -0.00130948988315591
1.7366334375E-07, -0.000872489546532165
1.73665296875E-07, -0.000935504297247245
1.7366725E-07, -0.000873678201371419
1.73669203125E-07, -0.00105020237003493
1.7367115625E-07, -0.00122717185578602
1.73673109375E-07, -0.00138894854640823
1.736750625E-07, -0.00111685163335758
1.73677015625E-07, -0.00101040248419708
1.7367896875E-07, -0.00149615125625934
1.73680921875E-07, -0.00156502719491044
1.73682875E-07, -0.00143630125002771
1.73684828125E-07, -0.000975900073567953
1.7368678125E-07, -0.00132049840527586
1.73688734375E-07, -0.00137074723944437
1.736906875E-07, -0.00107984829193831
1.73692640625E-07, -0.00173748615689475
1.7369459375E-07, -0.0013581579876478
1.73696546875E-07, -0.00117764447190097
1.736985E-07, -0.00143737830275914
1.73700453125E-07, -0.00107347463162341
1.7370240625E-07, -0.00104659620193073
1.73704359375E-07, -0.00129790969073807
1.737063125E-07, -0.000834572730433053
1.73708265625E-07, -0.000938701673007121
1.7371021875E-07, -0.000812175868734749
1.73712171875E-07, -0.00170207263457917
1.73714125E-07, -0.00152064607740181
1.73716078125E-07, -0.00128428967381596
1.7371803125E-07, -0.00152639922067487
1.73719984375E-07, -0.000886974475001541
1.737219375E-07, -0.00118035105325887
1.73723890625E-07, -0.00117874959336433
1.7372584375E-07, -0.00179150863375643
1.73727796875E-07, -0.00132196407100275
1.7372975E-07, -0.00138003493288633
1.73731703125E-07, -0.00109014478424795
1.7373365625E-07, -0.000902071965427305
1.73735609375E-07, -0.00136970824463899
1.737375625E-07, -0.00117085832995712
1.73739515625E-07, -0.00107260782960184
1.7374146875E-07, -0.00135731420615469
1.73743421875E-07, -0.00155160480221451
1.73745375E-07, -0.00116975318196744
1.73747328125E-07, -0.00148024913022774
1.7374928125E-07, -0.00145915154745792
1.73751234375E-07, -0.00132248158772108
1.737531875E-07, -0.0011195742145031
1.73755140625E-07, -0.00122263858474216
1.7375709375E-07, -0.00142816492423416
1.73759046875E-07, -0.00143171098874843
1.73761E-07, -0.00150910784444491
1.73762953125E-07, -0.0015860130454221
1.7376490625E-07, -0.00145513019903775
1.73766859375E-07, -0.00158520772301102
1.737688125E-07, -0.00159297361780066
1.73770765625E-07, -0.00162840639971441
1.7377271875E-07, -0.00178848110709655
1.73774671875E-07, -0.00186082452684894
1.73776625E-07, -0.00189062283001144
1.73778578125E-07, -0.00153300935284797
1.7378053125E-07, -0.00180566501938222
1.73782484375E-07, -0.00123763559589329
1.737844375E-07, -0.00180841588026642
1.73786390625E-07, -0.00186575208365655
1.7378834375E-07, -0.00169174850412766
1.73790296875E-07, -0.00152347469632236
1.7379225E-07, -0.0020249482465921
1.73794203125E-07, -0.00194410864724121
1.7379615625E-07, -0.00201021405965036
1.73798109375E-07, -0.00178497149323459
1.738000625E-07, -0.0024240379406984
1.73802015625E-07, -0.00196866071300711
1.7380396875E-07, -0.00204998591042771
1.73805921875E-07, -0.00191203550069312
1.73807875E-07, -0.00188233061187053
1.73809828125E-07, -0.0019134803157918
1.7381178125E-07, -0.00265597752367673
1.73813734375E-07, -0.00237165723299406
1.738156875E-07, -0.00196465269176318
1.73817640625E-07, -0.00217627953035073
1.7381959375E-07, -0.00232752855881628
1.73821546875E-07, -0.00276474259363305
1.738235E-07, -0.00225828901290856
1.73825453125E-07, -0.00248925333506206
1.7382740625E-07, -0.0024195032905263
1.73829359375E-07, -0.00259485126511724
1.738313125E-07, -0.00221065069763565
1.73833265625E-07, -0.00258253238310527
1.7383521875E-07, -0.00284317855652404
1.73837171875E-07, -0.00267397368598662
1.73839125E-07, -0.00272520845106623
1.73841078125E-07, -0.00280842786370313
1.7384303125E-07, -0.00289681545329108
1.73844984375E-07, -0.00293826985267781
1.738469375E-07, -0.00290205204249725
1.73848890625E-07, -0.00295955683058209
1.7385084375E-07, -0.00308408132474251
1.73852796875E-07, -0.00350511117746712
1.7385475E-07, -0.00315141110203604
1.73856703125E-07, -0.00317773810195337
1.7385865625E-07, -0.00337609581752266
1.73860609375E-07, -0.00328543853982952
1.738625625E-07, -0.003215827969842
1.73864515625E-07, -0.00387795694391704
1.7386646875E-07, -0.00355010116393304
1.73868421875E-07, -0.00364094271338058
1.73870375E-07, -0.00366633702133275
1.73872328125E-07, -0.00344249103072068
1.7387428125E-07, -0.00390447437170288
1.73876234375E-07, -0.00378722333089573
1.738781875E-07, -0.00404918588967578
1.73880140625E-07, -0.00412999293352847
1.7388209375E-07, -0.00395646293319869
1.73884046875E-07, -0.00426234131254517
1.73886E-07, -0.00408391427660752
1.73887953125E-07, -0.00423256902763425
1.7388990625E-07, -0.00461428838281815
1.73891859375E-07, -0.00456963457528737
1.738938125E-07, -0.00450059443300857
1.73895765625E-07, -0.00505458316775818
1.7389771875E-07, -0.0046576330140311
1.73899671875E-07, -0.00465707026228985
1.73901625E-07, -0.00463300443033473
1.73903578125E-07, -0.00472432391176416
1.7390553125E-07, -0.00456953515111821
1.73907484375E-07, -0.00508877500699353
1.739094375E-07, -0.00523442098086951
1.73911390625E-07, -0.0051087641933006
1.7391334375E-07, -0.00413667399810642
1.73915296875E-07, -0.00496080798489663
1.7391725E-07, -0.00504828903832718
1.73919203125E-07, -0.00497024733039248
1.7392115625E-07, -0.00529007575803932
1.73923109375E-07, -0.00537227080282623
1.739250625E-07, -0.00533125170477077
1.73927015625E-07, -0.00499559939629863
1.7392896875E-07, -0.00561950337360686
1.73930921875E-07, -0.00526162173749689
1.73932875E-07, -0.00582312367200637
1.73934828125E-07, -0.00528819555898651
1.7393678125E-07, -0.00542124577466178
1.73938734375E-07, -0.00538272351418905
1.739406875E-07, -0.0056433043024924
1.73942640625E-07, -0.00544798210717435
1.7394459375E-07, -0.0052647004604418
1.73946546875E-07, -0.00539199627701734
1.739485E-07, -0.00528368680480471
1.73950453125E-07, -0.00556198478014987
1.7395240625E-07, -0.00492297169201635
1.73954359375E-07, -0.00518058637067458
1.739563125E-07, -0.00505955800860323
1.73958265625E-07, -0.00560597582341169
1.7396021875E-07, -0.00493810388645171
1.73962171875E-07, -0.00483146158964604
1.73964125E-07, -0.00449232445650852
1.73966078125E-07, -0.00451340813086771
1.7396803125E-07, -0.00448829519551482
1.73969984375E-07, -0.00503782798275521
1.739719375E-07, -0.00382647066214421
1.73973890625E-07, -0.00394156276915345
1.7397584375E-07, -0.00460313018429033
1.73977796875E-07, -0.00365086254743845
1.7397975E-07, -0.00360604691958633
1.73981703125E-07, -0.00259886845446933
1.7398365625E-07, -0.00406508992244479
1.73985609375E-07, -0.00492458353650473
1.739875625E-07, -0.00370736985868413
1.73989515625E-07, -0.00231943446573846
1.7399146875E-07, -0.00375719465130258
1.73993421875E-07, -0.00200428108772191
1.73995375E-07, -0.00277697105945195
1.73997328125E-07, -0.00241887835095392
1.7399928125E-07, -0.00321597739445058
1.74001234375E-07, -0.00285450947418887
1.740031875E-07, -0.00311361065670798
1.74005140625E-07, -0.00226259089662616
1.7400709375E-07, -0.00171594613464874
1.74009046875E-07, -0.00184649813037589
1.74011E-07, -0.00215632424989052
1.74012953125E-07, -0.00174269690717188
1.7401490625E-07, -0.00119590494613342
1.74016859375E-07, -0.000699442009904941
1.740188125E-07, 0.00124120415580583
1.74020765625E-07, -0.000664168658007147
1.7402271875E-07, 3.48122019962879E-05
1.74024671875E-07, 0.00127596085919149
1.74026625E-07, 0.000778858023863931
1.74028578125E-07, 0.000371355868889594
1.7403053125E-07, 0.00302414297195271
1.74032484375E-07, 0.000472857425273898
1.740344375E-07, 0.00158751623005425
1.74036390625E-07, 0.00132419577299204
1.7403834375E-07, 0.0017482034287192
1.74040296875E-07, 0.0026689853091484
1.7404225E-07, 0.00292378338440969
1.74044203125E-07, 0.004373632936333
1.7404615625E-07, 0.00312168368242222
1.74048109375E-07, 0.00464167793247473
1.740500625E-07, 0.00535986467990928
1.74052015625E-07, 0.00521379513926561
1.7405396875E-07, 0.00638730113356842
1.74055921875E-07, 0.00563587249726754
1.74057875E-07, 0.00564087721352378
1.74059828125E-07, 0.00656575161203809
1.7406178125E-07, 0.00753682097945893
1.74063734375E-07, 0.00702703703894723
1.740656875E-07, 0.00749389910154394
1.74067640625E-07, 0.00963739744718123
1.7406959375E-07, 0.00943572735484179
1.74071546875E-07, 0.0101570202703453
1.740735E-07, 0.00993543764081088
1.74075453125E-07, 0.0102452327432785
1.7407740625E-07, 0.0114187417882261
1.74079359375E-07, 0.0109511103300096
1.740813125E-07, 0.0101945998615385
1.74083265625E-07, 0.0126596129807216
1.7408521875E-07, 0.0143559972434223
1.74087171875E-07, 0.0142114051852873
1.74089125E-07, 0.0139908744383343
1.74091078125E-07, 0.0154545542679423
1.7409303125E-07, 0.014758601748676
1.74094984375E-07, 0.0189179205159523
1.740969375E-07, 0.0168044398335613
1.74098890625E-07, 0.0165150730001553
1.7410084375E-07, 0.0199124035651721
1.74102796875E-07, 0.020138032407429
1.7410475E-07, 0.0183791531703877
1.74106703125E-07, 0.0195953902215047
1.7410865625E-07, 0.0194776088567145
1.74110609375E-07, 0.0196098552545676
1.741125625E-07, 0.0196121281551984
1.74114515625E-07, 0.0218693133667077
1.7411646875E-07, 0.0221294424896431
1.74118421875E-07, 0.023722099167322
1.74120375E-07, 0.0246325956381549
1.74122328125E-07, 0.02359565599725
1.7412428125E-07, 0.0240730402912019
1.74126234375E-07, 0.0248233884557927
1.741281875E-07, 0.0260054860628844
1.74130140625E-07, 0.0268728581655524
1.7413209375E-07, 0.0248462474919003
1.74134046875E-07, 0.0272376353198955
1.74136E-07, 0.0277996177880409
1.74137953125E-07, 0.0280921778079408
1.7413990625E-07, 0.0296232911767208
1.74141859375E-07, 0.0302658373350103
1.741438125E-07, 0.0305710313918137
1.74145765625E-07, 0.030558576574911
1.7414771875E-07, 0.029169204799531
1.74149671875E-07, 0.0304928231323843
1.74151625E-07, 0.030750550456633
1.74153578125E-07, 0.031597002310536
1.7415553125E-07, 0.0320741763804325
1.74157484375E-07, 0.030318628245425
1.741594375E-07, 0.0325436750829594
1.74161390625E-07, 0.0324046415687352
1.7416334375E-07, 0.032085998833651
1.74165296875E-07, 0.0284446494168678
1.7416725E-07, 0.0332445984714154
1.74169203125E-07, 0.0327889247057023
1.7417115625E-07, 0.0326853475829203
1.74173109375E-07, 0.0333757155799263
1.741750625E-07, 0.0339742564136269
1.74177015625E-07, 0.0344386014183694
1.7417896875E-07, 0.0343662551861741
1.74180921875E-07, 0.0330758626855728
1.74182875E-07, 0.034334831616954
1.74184828125E-07, 0.0351882176779264
1.7418678125E-07, 0.0338156046535447
1.74188734375E-07, 0.0349765468425173
1.741906875E-07, 0.0267915297364646
1.74192640625E-07, 0.0308076811628932
1.7419459375E-07, 0.0312447888319504
1.74196546875E-07, 0.0332403759095221
1.741985E-07, 0.033025182854136
1.74200453125E-07, 0.0304485917204786
1.7420240625E-07, 0.0324389527810382
1.74204359375E-07, 0.0211996413924253
1.742063125E-07, 0.0307001888399913
1.74208265625E-07, 0.0267566971747991
1.7421021875E-07, 0.0292107012521787
1.74212171875E-07, 0.0278526960951264
1.74214125E-07, 0.0288298275937135
1.74216078125E-07, 0.029801045760416
1.7421803125E-07, 0.0247727168034053
1.74219984375E-07, 0.0285288433375556
1.742219375E-07, 0.0256078581405617
1.74223890625E-07, 0.0261796044577934
1.7422584375E-07, 0.0240804788754888
1.74227796875E-07, 0.0217865608909864
1.7422975E-07, 0.0202728342751761
1.74231703125E-07, 0.0121286918362234
1.7423365625E-07, 0.0158244341850296
1.74235609375E-07, 0.0206676235105518
1.742375625E-07, 0.0216055285059775
1.74239515625E-07, 0.0185171723366557
1.7424146875E-07, 0.0184472974435571
1.74243421875E-07, 0.013020677501778
1.74245375E-07, 0.0124379021352316
1.74247328125E-07, 0.0121063384672928
1.7424928125E-07, 0.0148367983341052
1.74251234375E-07, 0.00714214366037053
1.742531875E-07, 0.0110304811025749
1.74255140625E-07, 0.00214521120815186
1.7425709375E-07, 0.00424735010637585
1.74259046875E-07, 0.0033629026044011
1.74261E-07, 0.00451306442597207
1.74262953125E-07, -0.00153321276369382
1.7426490625E-07, -0.00237366234515322
1.74266859375E-07, -0.000674513161132112
1.742688125E-07, -0.00100117145107189
1.74270765625E-07, -0.00910445823301637
1.7427271875E-07, -0.0104124804410869
1.74274671875E-07, -0.0110716650208892
1.74276625E-07, -0.0102717393431493
1.74278578125E-07, -0.0115531241260666
1.7428053125E-07, -0.0173526187369358
1.74282484375E-07, -0.0138609092166372
1.742844375E-07, -0.0132844506771172
1.74286390625E-07, -0.0170727100893151
1.7428834375E-07, -0.0281382044128566
1.74290296875E-07, -0.0272406024961056
1.7429225E-07, -0.0292285589142366
1.74294203125E-07, -0.0330579170893976
1.7429615625E-07, -0.030342496925976
1.74298109375E-07, -0.0317697458678888
1.743000625E-07, -0.0377130683253776
1.74302015625E-07, -0.0354840205762523
1.7430396875E-07, -0.0405071652211363
1.74305921875E-07, -0.0456674138541183
1.74307875E-07, -0.0497769483353516
1.74309828125E-07, -0.0541086380344193
1.7431178125E-07, -0.0466162865913338
1.74313734375E-07, -0.0505615982050719
1.743156875E-07, -0.0560814012200321
1.74317640625E-07, -0.0587462854807753
1.7431959375E-07, -0.0594333594220745
1.74321546875E-07, -0.0612599073153278
1.743235E-07, -0.0701591512189836
1.74325453125E-07, -0.0712148040966823
1.7432740625E-07, -0.0630838067222303
1.74329359375E-07, -0.0673098269016729
1.743313125E-07, -0.0746904008184427
1.74333265625E-07, -0.0782341806411789
1.7433521875E-07, -0.0817952798140218
1.74337171875E-07, -0.0830056866364713
1.74339125E-07, -0.0792354956823977
1.74341078125E-07, -0.0796773187946962
1.7434303125E-07, -0.0860060487766119
1.74344984375E-07, -0.0945745083791016
1.743469375E-07, -0.0877601675007557
1.74348890625E-07, -0.0901311743018466
1.7435084375E-07, -0.0916443640978589
1.74352796875E-07, -0.100170029710179
1.7435475E-07, -0.0993201836236011
1.74356703125E-07, -0.101131453785234
1.7435865625E-07, -0.104920947655011
1.74360609375E-07, -0.104408004592937
1.743625625E-07, -0.105860999209762
1.74364515625E-07, -0.0994626169382065
1.7436646875E-07, -0.108005254589801
1.74368421875E-07, -0.101287978920974
1.74370375E-07, -0.115758933460025
1.74372328125E-07, -0.106393922532316
1.7437428125E-07, -0.115883793792166
1.74376234375E-07, -0.117238988376086
1.743781875E-07, -0.113132698569523
1.74380140625E-07, -0.120723874855057
1.7438209375E-07, -0.116334939422003
1.74384046875E-07, -0.119334251628277
1.74386E-07, -0.113123081372427
1.74387953125E-07, -0.122677155302972
1.7438990625E-07, -0.118598140026938
1.74391859375E-07, -0.122419748858545
1.743938125E-07, -0.117088053218363
1.74395765625E-07, -0.10809938335724
1.7439771875E-07, -0.116351114385714
1.74399671875E-07, -0.116619352411037
1.74401625E-07, -0.108032221085208
1.74403578125E-07, -0.117126158791547
1.7440553125E-07, -0.117118049486863
1.74407484375E-07, -0.115241267887559
1.744094375E-07, -0.117848238492936
1.74411390625E-07, -0.117264078387125
1.7441334375E-07, -0.109342292149225
1.74415296875E-07, -0.110621258566115
1.7441725E-07, -0.103779989212018
1.74419203125E-07, -0.107618709911781
1.7442115625E-07, -0.100573930195636
1.74423109375E-07, -0.0954377270420642
1.744250625E-07, -0.105599836028652
1.74427015625E-07, -0.0895495681635122
1.7442896875E-07, -0.0982461655580009
1.74430921875E-07, -0.0880714456849043
1.74432875E-07, -0.094532704709297
1.74434828125E-07, -0.0810638128943906
1.7443678125E-07, -0.0832049575458929
1.74438734375E-07, -0.0851162958839737
1.744406875E-07, -0.073790634543716
1.74442640625E-07, -0.0667628395779021
1.7444459375E-07, -0.077145449867549
1.74446546875E-07, -0.0735546746938218
1.744485E-07, -0.0678592227284577
1.74450453125E-07, -0.0475858005637455
1.7445240625E-07, -0.0414750372832054
1.74454359375E-07, -0.0410697108387041
1.744563125E-07, -0.0579558474353455
1.74458265625E-07, -0.0357410175708171
1.7446021875E-07, -0.0257156960860346
1.74462171875E-07, -0.0353666990020352
1.74464125E-07, -0.0191934313230919
1.74466078125E-07, -0.030137746474985
1.7446803125E-07, -0.0179635588335591
1.74469984375E-07, -0.0206978633590413
1.744719375E-07, -0.0063852732768888
1.74473890625E-07, -0.0091051462417151
1.7447584375E-07, -0.000405866368445741
1.74477796875E-07, -0.00617133438066878
1.7447975E-07, -0.00396508750442181
1.74481703125E-07, 0.00470595480065357
1.7448365625E-07, 0.00969622748821794
1.74485609375E-07, 0.0199968516178344
1.744875625E-07, 0.0218621133070856
1.74489515625E-07, 0.027051398349287
1.7449146875E-07, 0.0235121362519126
1.74493421875E-07, 0.0215452809735487
1.74495375E-07, 0.0392792808636974
1.74497328125E-07, 0.0358753613815243
1.7449928125E-07, 0.0394458610176841
1.74501234375E-07, 0.0555713914388216
1.745031875E-07, 0.0490122007886598
1.74505140625E-07, 0.0596284215763327
1.7450709375E-07, 0.0637348179884688
1.74509046875E-07, 0.0547718260353299
1.74511E-07, 0.0716197981550799
1.74512953125E-07, 0.0627898101259244
1.7451490625E-07, 0.0716071043149442
1.74516859375E-07, 0.0683579094595207
1.745188125E-07, 0.0775466688337144
1.74520765625E-07, 0.083093572485143
1.7452271875E-07, 0.0909800280252511
1.74524671875E-07, 0.0799106020918955
1.74526625E-07, 0.0892378068458662
1.74528578125E-07, 0.0803382026559932
1.7453053125E-07, 0.0892188799242122
1.74532484375E-07, 0.0945363385007054
1.745344375E-07, 0.0904128624321296
1.74536390625E-07, 0.0840695283675246
1.7453834375E-07, 0.0955611832661766
1.74540296875E-07, 0.0990334385606895
1.7454225E-07, 0.0949718922756582
1.74544203125E-07, 0.0983467563101657
1.7454615625E-07, 0.100181133460267
1.74548109375E-07, 0.0933972369514218
1.745500625E-07, 0.098805357266108
1.74552015625E-07, 0.0979565410235097
1.7455396875E-07, 0.0985510056742977
1.74555921875E-07, 0.10214872100895
1.74557875E-07, 0.0917698780440605
1.74559828125E-07, 0.0917104621329506
1.7456178125E-07, 0.0992820261079206
1.74563734375E-07, 0.0986607425429334
1.745656875E-07, 0.0938836719892119
1.74567640625E-07, 0.0967180743305451
1.7456959375E-07, 0.086785194261723
1.74571546875E-07, 0.0957158514341591
1.745735E-07, 0.090450290594074
1.74575453125E-07, 0.089814209374686
1.7457740625E-07, 0.0893442209560983
1.74579359375E-07, 0.0895734864355445
1.745813125E-07, 0.0831104222058893
1.74583265625E-07, 0.0841462311551647
1.7458521875E-07, 0.0767753932635391
1.74587171875E-07, 0.0784531634182592
1.74589125E-07, 0.0756474165565454
1.74591078125E-07, 0.0740671236972077
1.7459303125E-07, 0.0742581251274816
1.74594984375E-07, 0.0743471695755813
1.745969375E-07, 0.0698033408688688
1.74598890625E-07, 0.070253524769958
1.7460084375E-07, 0.060777884285785
1.74602796875E-07, 0.0558638791794106
1.7460475E-07, 0.0611663308142195
1.74606703125E-07, 0.0664825980290291
1.7460865625E-07, 0.0536473289078941
1.74610609375E-07, 0.0443908605591719
1.746125625E-07, 0.0519107672925199
1.74614515625E-07, 0.0508630115910769
1.7461646875E-07, 0.0544393009444108
1.74618421875E-07, 0.046173208718209
1.74620375E-07, 0.0486904786724038
1.74622328125E-07, 0.0433163304398536
1.7462428125E-07, 0.0410136660764487
1.74626234375E-07, 0.0421115064803424
1.746281875E-07, 0.0368033221628326
1.74630140625E-07, 0.0393407742871478
1.7463209375E-07, 0.0368285484307643
1.74634046875E-07, 0.0391047601213873
1.74636E-07, 0.033052947336345
1.74637953125E-07, 0.0322985686357922
1.7463990625E-07, 0.0326804633515655
1.74641859375E-07, 0.0248009311515065
1.746438125E-07, 0.0286778429390182
1.74645765625E-07, 0.0305424371383617
1.7464771875E-07, 0.0259461206698968
1.74649671875E-07, 0.0266500378922245
1.74651625E-07, 0.0258863685796936
1.74653578125E-07, 0.0259291306702972
1.7465553125E-07, 0.0242568449589762
1.74657484375E-07, 0.0210099457379084
1.746594375E-07, 0.022731557156555
1.74661390625E-07, 0.0243576402782047
1.7466334375E-07, 0.0265975319692899
1.74665296875E-07, 0.0190634652478466
1.7466725E-07, 0.0205886792733365
1.74669203125E-07, 0.0198903048160651
1.7467115625E-07, 0.0182295396498293
1.74673109375E-07, 0.0206438736303485
1.746750625E-07, 0.0196192471005431
1.74677015625E-07, 0.0190298141444991
1.7467896875E-07, 0.020415778688119
1.74680921875E-07, 0.0210260103012658
1.74682875E-07, 0.0192968336095595
1.74684828125E-07, 0.0181390234468856
1.7468678125E-07, 0.0199156820334389
1.74688734375E-07, 0.0190216807144181
1.746906875E-07, 0.021247472462904
1.74692640625E-07, 0.0186683170254092
1.7469459375E-07, 0.0211059331190266
1.74696546875E-07, 0.0190270757037058
1.746985E-07, 0.0189585985106096
1.74700453125E-07, 0.0208279383262006
1.7470240625E-07, 0.0187151582656111
1.74704359375E-07, 0.0190805590025486
1.747063125E-07, 0.0202641763250637
1.74708265625E-07, 0.0191517235863796
1.7471021875E-07, 0.0204410331529326
1.74712171875E-07, 0.0219308127249791
1.74714125E-07, 0.0202758479490875
1.74716078125E-07, 0.0201132164125846
1.7471803125E-07, 0.0191996635733418
1.74719984375E-07, 0.0189767919406815
1.747219375E-07, 0.0196281109105169
1.74723890625E-07, 0.0196354984038662
1.7472584375E-07, 0.0191461349509675
1.74727796875E-07, 0.0195763543120094
1.7472975E-07, 0.0189007142630067
1.74731703125E-07, 0.019056191252746
1.7473365625E-07, 0.0182046930044368
1.74735609375E-07, 0.0182013116469624
1.747375625E-07, 0.017325598903291
1.74739515625E-07, 0.0181403934794974
1.7474146875E-07, 0.0150744507473437
1.74743421875E-07, 0.0172595283132609
1.74745375E-07, 0.0156676403506005
1.74747328125E-07, 0.0160537670979353
1.7474928125E-07, 0.014348405592752
1.74751234375E-07, 0.015097879385494
1.747531875E-07, 0.0141724592643337
1.74755140625E-07, 0.0110292792378897
1.7475709375E-07, 0.0138903239799904
1.74759046875E-07, 0.0142593647659462
1.74761E-07, 0.0109123301622467
1.74762953125E-07, 0.0144927660493533
1.7476490625E-07, 0.0125030438208204
1.74766859375E-07, 0.00966707097734036
1.747688125E-07, 0.0105565465793886
1.74770765625E-07, 0.00958465906842795
1.7477271875E-07, 0.00723348198509094
1.74774671875E-07, 0.00793549386375488
1.74776625E-07, 0.0079730565440004
1.74778578125E-07, 0.00625747350907971
1.7478053125E-07, 0.00621292994301368
1.74782484375E-07, 0.0111118808285371
1.747844375E-07, 0.00499559142745108
1.74786390625E-07, 0.0032870495680919
1.7478834375E-07, 0.00460692233148901
1.74790296875E-07, 0.0029565298728784
1.7479225E-07, 0.00148692799768464
1.74794203125E-07, 0.000103788923140808
1.7479615625E-07, 0.00134945113656518
1.74798109375E-07, 0.000802448311437246
1.748000625E-07, -2.62153274362111E-05
1.74802015625E-07, -0.00158994122655477
1.7480396875E-07, -0.000547416290844463
1.74805921875E-07, -0.00210499923043837
1.74807875E-07, -0.00368053626359607
1.74809828125E-07, -0.000655405550225777
1.7481178125E-07, -0.00346282626047915
1.74813734375E-07, -0.00469401163359568
1.748156875E-07, -0.00355086350893689
1.74817640625E-07, -0.00415955418091397
1.7481959375E-07, -0.0027563654137038
1.74821546875E-07, -0.00581268378895994
1.748235E-07, -0.00594936077764074
1.74825453125E-07, -0.00692081869334462
1.7482740625E-07, -0.00713770489469037
1.74829359375E-07, -0.00616661452830647
1.748313125E-07, -0.0070437098093496
1.74833265625E-07, -0.00754638248655709
1.7483521875E-07, -0.00577783605615704
1.74837171875E-07, -0.00733915017814274
1.74839125E-07, -0.00821481701240309
1.74841078125E-07, -0.0081936614694457
1.7484303125E-07, -0.00483081812468895
1.74844984375E-07, -0.00771785760663771
1.748469375E-07, -0.00828844398871976
1.74848890625E-07, -0.00851491053229402
1.7485084375E-07, -0.0072631803982334
1.74852796875E-07, -0.00872574538585049
1.7485475E-07, -0.00786563975479935
1.74856703125E-07, -0.00859052126785071
1.7485865625E-07, -0.00753423657831517
1.74860609375E-07, -0.00739584698239454
1.748625625E-07, -0.0078841258427159
1.74864515625E-07, -0.00726309079670862
1.7486646875E-07, -0.00803789190679848
1.74868421875E-07, -0.00715411418785387
1.74870375E-07, -0.00692670411899586
1.74872328125E-07, -0.00735217199342259
1.7487428125E-07, -0.005950142477294
1.74876234375E-07, -0.00653790614261344
1.748781875E-07, -0.00609318076268615
1.74880140625E-07, -0.00657958284723423
1.7488209375E-07, -0.00571466182526938
1.74884046875E-07, -0.0052434518794018
1.74886E-07, -0.00587588149312427
1.74887953125E-07, -0.00512494808360051
1.7488990625E-07, -0.00415773155608393
1.74891859375E-07, -0.00469170277311796
1.748938125E-07, -0.00375510344072368
1.74895765625E-07, -0.00328695614822686
1.7489771875E-07, -0.00352716915868515
1.74899671875E-07, -0.00304012270712645
1.74901625E-07, -0.00272999923081077
1.74903578125E-07, -0.002898417000834
1.7490553125E-07, -0.00254869791262158
1.74907484375E-07, -0.00173565879366708
1.749094375E-07, -0.00255213380053981
1.74911390625E-07, -0.000117497947403824
1.7491334375E-07, -0.00222747374846097
1.74915296875E-07, -0.00102013623134485
1.7491725E-07, -0.00138263655715739
1.74919203125E-07, -0.00100787173300441
1.7492115625E-07, 0.000544533102241813
1.74923109375E-07, 0.000189147963109111
1.749250625E-07, 1.1075695911227E-05
1.74927015625E-07, 0.000406915771679921
1.7492896875E-07, 0.00023859111350902
1.74930921875E-07, 0.000302326135639248
1.74932875E-07, 0.000334990236636483
1.74934828125E-07, -0.00107817882454505
1.7493678125E-07, 0.000757672134268646
1.74938734375E-07, 0.000773727695670798
1.749406875E-07, 0.00113988795916823
1.74942640625E-07, 0.000622875412312074
1.7494459375E-07, 0.00236025701485849
1.74946546875E-07, 0.00137848643566639
1.749485E-07, 0.00083679946909511
1.74950453125E-07, 0.000416183451766128
1.7495240625E-07, 0.00113116503805235
1.74954359375E-07, 0.0013336721162518
1.749563125E-07, 0.00296915780689784
1.74958265625E-07, 0.00224220837647674
1.7496021875E-07, 0.00145563565468949
1.74962171875E-07, 0.00247015381451614
1.74964125E-07, 0.00172332395610682
1.74966078125E-07, 0.00163749901209846
1.7496803125E-07, 0.00122953292681632
1.74969984375E-07, 0.00151710611714472
1.749719375E-07, 0.00164949112602213
1.74973890625E-07, 0.00165389515964807
1.7497584375E-07, 0.000572926471873949
1.74977796875E-07, 0.000950054855131481
1.7497975E-07, 0.00187679630874376
1.74981703125E-07, -0.000301727520872735
1.7498365625E-07, 0.000393511819048818
1.74985609375E-07, -0.000781983479782759
1.749875625E-07, -0.000876849095671897
1.74989515625E-07, 0.000838898869263314
1.7499146875E-07, 0.000727557036954142
1.74993421875E-07, 2.43116979390089E-05
1.74995375E-07, 0.000134546615643535
1.74997328125E-07, -0.000424973198562672
1.7499928125E-07, -0.000176824465758922
1.75001234375E-07, -0.00184342796221232
1.750031875E-07, -0.00083015251547434
1.75005140625E-07, -0.00157408822683054
1.7500709375E-07, -0.00157462796265178
1.75009046875E-07, -0.00112616349452386
1.75011E-07, -0.00603122014088134
1.75012953125E-07, -0.00250179335913339
1.7501490625E-07, -0.00453301446270267
1.75016859375E-07, -0.00351215587025355
1.750188125E-07, -0.003479181208426
1.75020765625E-07, -0.00374503691469781
1.7502271875E-07, -0.00422315273781001
1.75024671875E-07, -0.00450497540056012
1.75026625E-07, -0.00408112137663527
1.75028578125E-07, -0.00545009146443059
1.7503053125E-07, -0.00550310717152364
1.75032484375E-07, -0.00634871340207302
1.750344375E-07, -0.00829211032037169
1.75036390625E-07, -0.00693153632354784
1.7503834375E-07, -0.00739690291978295
1.75040296875E-07, -0.00718191630863583
1.7504225E-07, -0.00823180054786985
1.75044203125E-07, -0.00775907409971878
1.7504615625E-07, -0.00832097804853299
1.75048109375E-07, -0.00956698264977149
1.750500625E-07, -0.00843943102416157
1.75052015625E-07, -0.00987828551558526
1.7505396875E-07, -0.0104101203315261
1.75055921875E-07, -0.00943845383940177
1.75057875E-07, -0.0120307933120642
1.75059828125E-07, -0.0122710984055803
1.7506178125E-07, -0.0117358080036389
1.75063734375E-07, -0.0130071615892243
1.750656875E-07, -0.0126011861219877
1.75067640625E-07, -0.0167614847367359
1.7506959375E-07, -0.0140721329169258
1.75071546875E-07, -0.0166732304516506
1.750735E-07, -0.0174326234652284
1.75075453125E-07, -0.0161479582892553
1.7507740625E-07, -0.0150764889193091
1.75079359375E-07, -0.017048759098439
1.750813125E-07, -0.0193881794022576
1.75083265625E-07, -0.0190379088576987
1.7508521875E-07, -0.019070882800724
1.75087171875E-07, -0.0179323636014358
1.75089125E-07, -0.0196931827455262
1.75091078125E-07, -0.0218163864889386
1.7509303125E-07, -0.0223042347155443
1.75094984375E-07, -0.0213369685719656
1.750969375E-07, -0.021776929592109
1.75098890625E-07, -0.0228919344473615
1.7510084375E-07, -0.0243523928697438
1.75102796875E-07, -0.0235605429702751
1.7510475E-07, -0.0245043525517145
1.75106703125E-07, -0.0236920844448069
1.7510865625E-07, -0.0246444335371557
1.75110609375E-07, -0.0247309013730631
1.751125625E-07, -0.025696946365297
1.75114515625E-07, -0.027100326929211
1.7511646875E-07, -0.0265469945290162
1.75118421875E-07, -0.0276307791431165
1.75120375E-07, -0.0278616519243589
1.75122328125E-07, -0.0282625052822081
1.7512428125E-07, -0.0281788949742693
1.75126234375E-07, -0.0291074083158776
1.751281875E-07, -0.0288054675893635
1.75130140625E-07, -0.0292255279377558
1.7513209375E-07, -0.0290477358138615
1.75134046875E-07, -0.0300480591183937
1.75136E-07, -0.0300530622980816
1.75137953125E-07, -0.0314624663633715
1.7513990625E-07, -0.0315933362515946
1.75141859375E-07, -0.0306280092050774
1.751438125E-07, -0.0315245606561579
1.75145765625E-07, -0.03146222824957
1.7514771875E-07, -0.0325982516582589
1.75149671875E-07, -0.030437154949413
1.75151625E-07, -0.0320630894973257
1.75153578125E-07, -0.0323961464483863
1.7515553125E-07, -0.0323787495962077
1.75157484375E-07, -0.0329487321954877
1.751594375E-07, -0.0331615456039987
1.75161390625E-07, -0.0326607270697355
1.7516334375E-07, -0.0331727261023124
1.75165296875E-07, -0.0330456884844706
1.7516725E-07, -0.0329485087826286
1.75169203125E-07, -0.033204951379818
1.7517115625E-07, -0.0319626077733601
1.75173109375E-07, -0.0328738310983726
1.751750625E-07, -0.0318121716322962
1.75177015625E-07, -0.0313563395230976
1.7517896875E-07, -0.0323350722333813
1.75180921875E-07, -0.032144581226111
1.75182875E-07, -0.0311845962583244
1.75184828125E-07, -0.0315801580582778
1.7518678125E-07, -0.0307562929383928
1.75188734375E-07, -0.0313787232133535
1.751906875E-07, -0.0306795888444732
1.75192640625E-07, -0.0301072739443403
1.7519459375E-07, -0.0307814112534913
1.75196546875E-07, -0.0301445064958821
1.751985E-07, -0.0304327831206187
1.75200453125E-07, -0.0301113969610736
1.7520240625E-07, -0.0292691887453381
1.75204359375E-07, -0.0294982344481668
1.752063125E-07, -0.0287767966187738
1.75208265625E-07, -0.0296560673647771
1.7521021875E-07, -0.0291715642955509
1.75212171875E-07, -0.0287327097955246
1.75214125E-07, -0.0266377160685396
1.75216078125E-07, -0.028685476204312
1.7521803125E-07, -0.0278297395705103
1.75219984375E-07, -0.0271522548546829
1.752219375E-07, -0.0262335726894513
1.75223890625E-07, -0.0278376472436421
1.7522584375E-07, -0.0271498308471134
1.75227796875E-07, -0.0253820541151631
1.7522975E-07, -0.0261313552242381
1.75231703125E-07, -0.0251260227378358
1.7523365625E-07, -0.0258525240758105
1.75235609375E-07, -0.0261461320662386
1.752375625E-07, -0.023700872511513
1.75239515625E-07, -0.0242550395946636
1.7524146875E-07, -0.0217460713842898
1.75243421875E-07, -0.0243279513266871
1.75245375E-07, -0.023380733455837
1.75247328125E-07, -0.0222055107491425
1.7524928125E-07, -0.0213076123044084
1.75251234375E-07, -0.021595775221331
1.752531875E-07, -0.021571869698379
1.75255140625E-07, -0.0218845528855343
1.7525709375E-07, -0.0203216044641342
1.75259046875E-07, -0.0196609687469482
1.75261E-07, -0.0185166814765807
1.75262953125E-07, -0.019844166940266
1.7526490625E-07, -0.0198991278409525
1.75266859375E-07, -0.020327847012103
1.752688125E-07, -0.0183778459890273
1.75270765625E-07, -0.0164226672164627
1.7527271875E-07, -0.0172737501486792
1.75274671875E-07, -0.0169916594333951
1.75276625E-07, -0.017371292641648
1.75278578125E-07, -0.0169370181079444
1.7528053125E-07, -0.014677362076727
1.75282484375E-07, -0.0161461331228825
1.752844375E-07, -0.0134034390195726
1.75286390625E-07, -0.0142048472522009
1.7528834375E-07, -0.0140448461286018
1.75290296875E-07, -0.0141556564366316
1.7529225E-07, -0.01391833467249
1.75294203125E-07, -0.0129786719888421
1.7529615625E-07, -0.0130499979389996
1.75298109375E-07, -0.0115434862950674
1.753000625E-07, -0.012254028631391
1.75302015625E-07, -0.0127902843308489
1.7530396875E-07, -0.0105274480191563
1.75305921875E-07, -0.0104584761087742
1.75307875E-07, -0.00987929155251211
1.75309828125E-07, -0.0108418057214864
1.7531178125E-07, -0.00863936890433803
1.75313734375E-07, -0.00896055374454186
1.753156875E-07, -0.0076544478589584
1.75317640625E-07, -0.00754078043153569
1.7531959375E-07, -0.00771744487048757
1.75321546875E-07, -0.00749234317368356
1.753235E-07, -0.00788498842679083
1.75325453125E-07, -0.00831354009896004
1.7532740625E-07, -0.00604972315281168
1.75329359375E-07, -0.00552185801361471
1.753313125E-07, -0.00407364646982678
1.75333265625E-07, -0.00451213532383355
1.7533521875E-07, -0.00423798458068747
1.75337171875E-07, -0.00460262469259648
1.75339125E-07, -0.00432390692363165
1.75341078125E-07, -0.00315551569745519
1.7534303125E-07, -0.00305764675442981
1.75344984375E-07, -0.00474743664502018
1.753469375E-07, -0.00282293682178253
1.75348890625E-07, -0.00262754144100622
1.7535084375E-07, -0.00172849109792448
1.75352796875E-07, -0.00142511358736202
1.7535475E-07, -0.00327797150038066
1.75356703125E-07, -0.0017217115354858
1.7535865625E-07, -0.00149333984976519
1.75360609375E-07, -0.000527575694552894
1.753625625E-07, -0.000841272521755557
1.75364515625E-07, -1.3106808661189E-05
1.7536646875E-07, 0.000427691717105271
1.75368421875E-07, 0.000272610993890267
1.75370375E-07, 0.00103271560791063
1.75372328125E-07, 0.000479200081272727
1.7537428125E-07, 0.00114181785784137
1.75376234375E-07, 0.000470282948529109
1.753781875E-07, 0.00157785393069272
1.75380140625E-07, 0.00232927517873826
1.7538209375E-07, 0.0024902985531584
1.75384046875E-07, 0.00165025749385433
1.75386E-07, 0.00222704280440156
1.75387953125E-07, 0.00268271531384977
1.7538990625E-07, 0.00250503507832606
1.75391859375E-07, 0.00304237841120941
1.753938125E-07, 0.00199590391693395
1.75395765625E-07, 0.00339758440805521
1.7539771875E-07, 0.00356688473323131
1.75399671875E-07, 0.00354332214099241
1.75401625E-07, 0.00346318574053687
1.75403578125E-07, 0.00276731890019375
1.7540553125E-07, 0.00396577546639985
1.75407484375E-07, 0.00417958535459033
1.754094375E-07, 0.00500537827863764
1.75411390625E-07, 0.00474503936613313
1.7541334375E-07, 0.00431582490793436
1.75415296875E-07, 0.00487667295709195
1.7541725E-07, 0.00411316519814724
1.75419203125E-07, 0.00547380798101837
1.7542115625E-07, 0.00545155586157896
1.75423109375E-07, 0.00543667496026789
1.754250625E-07, 0.00505279245241514
1.75427015625E-07, 0.00537970373543916
1.7542896875E-07, 0.00566236462987717
1.75430921875E-07, 0.00587868055275722
1.75432875E-07, 0.00651492972933302
1.75434828125E-07, 0.00643676436427906
1.7543678125E-07, 0.00644175208978431
1.75438734375E-07, 0.00737157215706803
1.754406875E-07, 0.00762891109768676
1.75442640625E-07, 0.00761299905016253
1.7544459375E-07, 0.00803890716993727
1.75446546875E-07, 0.00833710624750942
1.754485E-07, 0.00807125646868803
1.75450453125E-07, 0.00843437082154726
1.7545240625E-07, 0.00739459606843708
1.75454359375E-07, 0.00871918246965068
1.754563125E-07, 0.0080993088562447
1.75458265625E-07, 0.00954945917253349
1.7546021875E-07, 0.00872497636829329
1.75462171875E-07, 0.00933985781811812
1.75464125E-07, 0.0102138267666148
1.75466078125E-07, 0.0108698434157568
1.7546803125E-07, 0.00961532778531611
1.75469984375E-07, 0.010661856552111
1.754719375E-07, 0.0100033639728009
1.75473890625E-07, 0.0114609992489868
1.7547584375E-07, 0.0109781785940499
1.75477796875E-07, 0.0114915933546102
1.7547975E-07, 0.00997261492930521
1.75481703125E-07, 0.0126150374845698
1.7548365625E-07, 0.0110332054453724
1.75485609375E-07, 0.0127542969024074
1.754875625E-07, 0.0121372266644114
1.75489515625E-07, 0.0123938307517106
1.7549146875E-07, 0.0132605276466873
1.75493421875E-07, 0.0138055892981985
1.75495375E-07, 0.0135395133123672
1.75497328125E-07, 0.0132975833631543
1.7549928125E-07, 0.0135803721652546
1.75501234375E-07, 0.0139314774004246
1.755031875E-07, 0.0128474388423899
1.75505140625E-07, 0.0144919896835525
1.7550709375E-07, 0.0133157768521736
1.75509046875E-07, 0.0139646334931255
1.75511E-07, 0.0142936755321275
1.75512953125E-07, 0.0149511168471057
1.7551490625E-07, 0.0147027220194604
1.75516859375E-07, 0.0141845961482549
1.755188125E-07, 0.0132193501733833
1.75520765625E-07, 0.0139180354443118
1.7552271875E-07, 0.0140244710942108
1.75524671875E-07, 0.0136705349255407
1.75526625E-07, 0.0142356194867154
1.75528578125E-07, 0.0136596376117721
1.7553053125E-07, 0.0145456157157632
1.75532484375E-07, 0.0139253176310425
1.755344375E-07, 0.0143696933891966
1.75536390625E-07, 0.0137034529732748
1.7553834375E-07, 0.0145885088763645
1.75540296875E-07, 0.0142846891692435
1.7554225E-07, 0.013527938751214
1.75544203125E-07, 0.0140127479844212
1.7554615625E-07, 0.0126374212801807
1.75548109375E-07, 0.0126489534144955
1.755500625E-07, 0.0135873186429606
1.75552015625E-07, 0.0128686740053918
1.7555396875E-07, 0.0119378679893216
1.75555921875E-07, 0.0116551576527413
1.75557875E-07, 0.0122379064932582
1.75559828125E-07, 0.0113060127187436
1.7556178125E-07, 0.0107451464686255
1.75563734375E-07, 0.0110854345355463
1.755656875E-07, 0.0105133548773969
1.75567640625E-07, 0.0110777925340802
1.7556959375E-07, 0.0111844713728303
1.75571546875E-07, 0.0106955466828615
1.755735E-07, 0.0102923878934194
1.75575453125E-07, 0.00984656637066172
1.7557740625E-07, 0.00975738814081036
1.75579359375E-07, 0.00863212185063798
1.755813125E-07, 0.00870644887556319
1.75583265625E-07, 0.0078304554656699
1.7558521875E-07, 0.00812807720556327
1.75587171875E-07, 0.00826633591015466
1.75589125E-07, 0.00742483846182252
1.75591078125E-07, 0.00776235542177872
1.7559303125E-07, 0.00628195952298015
1.75594984375E-07, 0.00764908588141222
1.755969375E-07, 0.00691556606578861
1.75598890625E-07, 0.00597351799955093
1.7560084375E-07, 0.00619251776627511
1.75602796875E-07, 0.00588095575750216
1.7560475E-07, 0.00544689734009251
1.75606703125E-07, 0.00531918017968663
1.7560865625E-07, 0.00480378265788475
1.75610609375E-07, 0.00533849598754838
1.756125625E-07, 0.00419255358811017
1.75614515625E-07, 0.00458853418923943
1.7561646875E-07, 0.00507526640577196
1.75618421875E-07, 0.00336184252200292
1.75620375E-07, 0.00482876718476064
1.75622328125E-07, 0.00418857190000776
1.7562428125E-07, 0.0037202158791838
1.75626234375E-07, 0.00355704940681589
1.756281875E-07, 0.00422804700020806
1.75630140625E-07, 0.00387210266671208
1.7563209375E-07, 0.00315746002195878
1.75634046875E-07, 0.00368101330170163
1.75636E-07, 0.00322999729348861
1.75637953125E-07, 0.00349413701904083
1.7563990625E-07, 0.00295170186770032
1.75641859375E-07, 0.00333271706727922
1.756438125E-07, 0.00390179511572471
1.75645765625E-07, 0.00349334873940221
1.7564771875E-07, 0.0026810242131536
1.75649671875E-07, 0.00396601208431417
1.75651625E-07, 0.00322357621464059
1.75653578125E-07, 0.00284560706777459
1.7565553125E-07, 0.00305286609016358
1.75657484375E-07, 0.00332732102633416
1.756594375E-07, 0.00311251389474764
1.75661390625E-07, 0.0024319315666469
1.7566334375E-07, 0.00346879763652263
1.75665296875E-07, 0.00371789287102784
1.7566725E-07, 0.00296939194206974
1.75669203125E-07, 0.00341707726052503
1.7567115625E-07, 0.00373615414016888
1.75673109375E-07, 0.00353017571449685
1.756750625E-07, 0.00398280027152941
1.75677015625E-07, 0.00394243405024597
1.7567896875E-07, 0.00423762802892525
1.75680921875E-07, 0.00427947599491296
1.75682875E-07, 0.00375376902418521
1.75684828125E-07, 0.00485380884964132
1.7568678125E-07, 0.00472162656963799
1.75688734375E-07, 0.00469355435827933
1.756906875E-07, 0.00451803164537211
1.75692640625E-07, 0.005386957221507
1.7569459375E-07, 0.00513808258643125
1.75696546875E-07, 0.00532153889645423
1.756985E-07, 0.00577333279918876
1.75700453125E-07, 0.00547244241300561
1.7570240625E-07, 0.00530514518356565
1.75704359375E-07, 0.00567303210386035
1.757063125E-07, 0.00585264725050728
1.75708265625E-07, 0.00580718816756167
1.7571021875E-07, 0.00620979042728409
1.75712171875E-07, 0.00610416810213149
1.75714125E-07, 0.00686372835915448
1.75716078125E-07, 0.00656077043172423
1.7571803125E-07, 0.00685941194577923
1.75719984375E-07, 0.00684561039710306
1.757219375E-07, 0.00667499811472403
1.75723890625E-07, 0.00739690532011199
1.7572584375E-07, 0.00728277547727736
1.75727796875E-07, 0.00730359749576586
1.7572975E-07, 0.00802943994789882
1.75731703125E-07, 0.00743349718399223
1.7573365625E-07, 0.00726455460712634
1.75735609375E-07, 0.00748748703597502
1.757375625E-07, 0.00799202810648991
1.75739515625E-07, 0.00810962415240902
1.7574146875E-07, 0.00819526758504143
1.75743421875E-07, 0.0084485178675017
1.75745375E-07, 0.00820070296639671
1.75747328125E-07, 0.00759373159868958
1.7574928125E-07, 0.00773502207539141
1.75751234375E-07, 0.00828449050696436
1.757531875E-07, 0.00835273595052799
1.75755140625E-07, 0.00895776505448224
1.7575709375E-07, 0.00983852104399342
1.75759046875E-07, 0.00884114975569177
1.75761E-07, 0.00885825098309169
1.75762953125E-07, 0.00880617340017373
1.7576490625E-07, 0.00928794226189667
1.75766859375E-07, 0.00962905745321204
1.757688125E-07, 0.00877186400584764
1.75770765625E-07, 0.00912927342211223
1.7577271875E-07, 0.00951578878319806
1.75774671875E-07, 0.00999182960164431
1.75776625E-07, 0.00942481425267707
1.75778578125E-07, 0.0106315139816885
1.7578053125E-07, 0.0099602824724967
1.75782484375E-07, 0.0101797529547353
1.757844375E-07, 0.00989032447839316
1.75786390625E-07, 0.0101896938161767
1.7578834375E-07, 0.0105104141952902
1.75790296875E-07, 0.0106303480964588
1.7579225E-07, 0.0105790114086828
1.75794203125E-07, 0.00988242863142562
1.7579615625E-07, 0.00983278738998078
1.75798109375E-07, 0.00975669602031175
1.758000625E-07, 0.0109327942886431
1.75802015625E-07, 0.0110752612738233
1.7580396875E-07, 0.0106725365516555
1.75805921875E-07, 0.0108670698463625
1.75807875E-07, 0.0116000192419003
1.75809828125E-07, 0.0116512583513398
1.7581178125E-07, 0.0114885556486513
1.75813734375E-07, 0.0113846111564573
1.758156875E-07, 0.0113190568275737
1.75817640625E-07, 0.0113832078750446
1.7581959375E-07, 0.0116367283131092
1.75821546875E-07, 0.0118060311029724
1.758235E-07, 0.0118619216800779
1.75825453125E-07, 0.0114695106915733
1.7582740625E-07, 0.0117115713790831
1.75829359375E-07, 0.0120587649259338
1.758313125E-07, 0.0120990491734527
1.75833265625E-07, 0.0114262368810961
1.7583521875E-07, 0.0122491995122053
1.75837171875E-07, 0.0123994612997001
1.75839125E-07, 0.0121447304833252
1.75841078125E-07, 0.0125789137315373
1.7584303125E-07, 0.0122473676028949
1.75844984375E-07, 0.0125293595060005
1.758469375E-07, 0.0129081292618305
1.75848890625E-07, 0.0128457483889729
1.7585084375E-07, 0.0128200651486823
1.75852796875E-07, 0.0129717886810295
1.7585475E-07, 0.0131041200843937
1.75856703125E-07, 0.013066931093692
1.7585865625E-07, 0.0131826793991746
1.75860609375E-07, 0.0129790908292642
1.758625625E-07, 0.0133671304640687
1.75864515625E-07, 0.0133078308732508
1.7586646875E-07, 0.0135833833301983
1.75868421875E-07, 0.0129057732323165
1.75870375E-07, 0.0135760811753673
1.75872328125E-07, 0.0132412815796909
1.7587428125E-07, 0.0133618899372161
1.75876234375E-07, 0.0120418516236136
1.758781875E-07, 0.0137261205687419
1.75880140625E-07, 0.013708390802143
1.7588209375E-07, 0.0134123137996831
1.75884046875E-07, 0.0130319724476327
1.75886E-07, 0.0123662012717902
1.75887953125E-07, 0.0134237645755541
1.7588990625E-07, 0.0133543588470276
1.75891859375E-07, 0.0131484045839059
1.758938125E-07, 0.0129273497209784
1.75895765625E-07, 0.0123708000189199
1.7589771875E-07, 0.0131245571609059
1.75899671875E-07, 0.0129472881404129
1.75901625E-07, 0.0133953585401176
1.75903578125E-07, 0.0125646823792717
1.7590553125E-07, 0.0129686651039125
1.75907484375E-07, 0.0124119583302054
1.759094375E-07, 0.0123065683206691
1.75911390625E-07, 0.0129168990321413
1.7591334375E-07, 0.0125643951284632
1.75915296875E-07, 0.0126023512041205
1.7591725E-07, 0.0126154108084935
1.75919203125E-07, 0.0119387450237222
1.7592115625E-07, 0.0106966343453822
1.75923109375E-07, 0.0119170732224662
1.759250625E-07, 0.0112607933928161
1.75927015625E-07, 0.0112001511937786
1.7592896875E-07, 0.0104913912674092
1.75930921875E-07, 0.0114277623676741
1.75932875E-07, 0.0103852429722082
1.75934828125E-07, 0.00890035839574198
1.7593678125E-07, 0.0102899448121632
1.75938734375E-07, 0.0102829009295732
1.759406875E-07, 0.00989911471472017
1.75942640625E-07, 0.00931227393816811
1.7594459375E-07, 0.00894363603579735
1.75946546875E-07, 0.0071982197977451
1.759485E-07, 0.00775852731296676
1.75950453125E-07, 0.00703287210398942
1.7595240625E-07, 0.00765063698296558
1.75954359375E-07, 0.00647647635689554
1.759563125E-07, 0.00586918632901375
1.75958265625E-07, 0.00611590238426868
1.7596021875E-07, 0.00613958447455131
1.75962171875E-07, 0.00458623013474679
1.75964125E-07, 0.00475291495147669
1.75966078125E-07, 0.00334535899709637
1.7596803125E-07, 0.00361860417902828
1.75969984375E-07, 0.00238062972013433
1.759719375E-07, 0.00412808050575013
1.75973890625E-07, 0.00433910030852384
1.7597584375E-07, 0.00163028651428052
1.75977796875E-07, 0.00300656357634102
1.7597975E-07, 0.00170428395570352
1.75981703125E-07, 0.00199068828489727
1.7598365625E-07, 0.001048424268668
1.75985609375E-07, -0.000821629948103343
1.759875625E-07, 1.28815469095921E-05
1.75989515625E-07, -0.00159285639852696
1.7599146875E-07, -0.000796978271846976
1.75993421875E-07, -0.000313764885467081
1.75995375E-07, -0.00240536147524386
1.75997328125E-07, -0.00225575266551818
1.7599928125E-07, -0.00276171561611374
1.76001234375E-07, -0.00252709236365144
1.760031875E-07, -0.00255356467598975
1.76005140625E-07, -0.00402226604598598
1.7600709375E-07, -0.00312226697613903
1.76009046875E-07, -0.00398729625214395
1.76011E-07, -0.00735796536686763
1.76012953125E-07, -0.00484085633382082
1.7601490625E-07, -0.00669537005439941
1.76016859375E-07, -0.00721997104162793
1.760188125E-07, -0.00788981947952916
1.76020765625E-07, -0.00787254162528241
1.7602271875E-07, -0.0075020677036337
1.76024671875E-07, -0.0078889905168308
1.76026625E-07, -0.00808751281400253
1.76028578125E-07, -0.0092787908225207
1.7603053125E-07, -0.00977642728955701
1.76032484375E-07, -0.0105962038284753
1.760344375E-07, -0.0107654612609017
1.76036390625E-07, -0.00837433245628619
1.7603834375E-07, -0.0108987028721114
1.76040296875E-07, -0.0115734545125155
1.7604225E-07, -0.0109981370255698
1.76044203125E-07, -0.0120727327601728
1.7604615625E-07, -0.0119659677055845
1.76048109375E-07, -0.0125259475991416
1.760500625E-07, -0.0106649589835259
1.76052015625E-07, -0.014091640266708
1.7605396875E-07, -0.013535665534417
1.76055921875E-07, -0.0133594734274763
1.76057875E-07, -0.0135975070195083
1.76059828125E-07, -0.0139448748236699
1.7606178125E-07, -0.0131816197145042
1.76063734375E-07, -0.0140026090520936
1.760656875E-07, -0.0141296410355765
1.76067640625E-07, -0.0157137542989555
1.7606959375E-07, -0.0153578994086618
1.76071546875E-07, -0.0146013630583386
1.760735E-07, -0.0155121078848302
1.76075453125E-07, -0.0153229561785206
1.7607740625E-07, -0.0154096770844107
1.76079359375E-07, -0.0142374825313572
1.760813125E-07, -0.0153345250697666
1.76083265625E-07, -0.0147587506139687
1.7608521875E-07, -0.0157005690658213
1.76087171875E-07, -0.0146388115318452
1.76089125E-07, -0.0151549103429678
1.76091078125E-07, -0.0154870891379689
1.7609303125E-07, -0.0147996472171169
1.76094984375E-07, -0.014352591197695
1.760969375E-07, -0.0152124643917601
1.76098890625E-07, -0.0135735116586402
1.7610084375E-07, -0.0144250153786309
1.76102796875E-07, -0.0146586701569692
1.7610475E-07, -0.0138711430718173
1.76106703125E-07, -0.0145982157692964
1.7610865625E-07, -0.0137944756442775
1.76110609375E-07, -0.0127680888140994
1.761125625E-07, -0.0135328743834536
1.76114515625E-07, -0.0123198130070146
1.7611646875E-07, -0.0123834053528246
1.76118421875E-07, -0.0117917473182208
1.76120375E-07, -0.0136912290235494
1.76122328125E-07, -0.0114433019185254
1.7612428125E-07, -0.0122786906123135
1.76126234375E-07, -0.0116020768637286
1.761281875E-07, -0.0113122658624167
1.76130140625E-07, -0.0113450691169526
1.7613209375E-07, -0.00981610646009018
1.76134046875E-07, -0.0102830252779572
1.76136E-07, -0.0106059768100582
1.76137953125E-07, -0.00946722254055708
1.7613990625E-07, -0.00900947785329147
1.76141859375E-07, -0.00865096297778636
1.761438125E-07, -0.00814692399350153
1.76145765625E-07, -0.00819004524984577
1.7614771875E-07, -0.00819977229792883
1.76149671875E-07, -0.00744947013009411
1.76151625E-07, -0.00792484261275945
1.76153578125E-07, -0.00699888466145862
1.7615553125E-07, -0.00702912903123394
1.76157484375E-07, -0.00665923476965046
1.761594375E-07, -0.00624084752268854
1.76161390625E-07, -0.00615732546500236
1.7616334375E-07, -0.00623363473989046
1.76165296875E-07, -0.00667804503238987
1.7616725E-07, -0.00627719236148572
1.76169203125E-07, -0.0054132284589961
1.7617115625E-07, -0.00602986322889976
1.76173109375E-07, -0.00558444187920516
1.761750625E-07, -0.00549723566094926
1.76177015625E-07, -0.00543378935280973
1.7617896875E-07, -0.00484963356817498
1.76180921875E-07, -0.00464344937392227
1.76182875E-07, -0.00481726749109468
1.76184828125E-07, -0.00465714187922933
1.7618678125E-07, -0.00531294305393651
1.76188734375E-07, -0.00524942925469579
1.761906875E-07, -0.00493544495016812
1.76192640625E-07, -0.00537718972380758
1.7619459375E-07, -0.00508250687519435
1.76196546875E-07, -0.00473208325066738
1.761985E-07, -0.00500468598445265
1.76200453125E-07, -0.00572461483772793
1.7620240625E-07, -0.00594320599256255
1.76204359375E-07, -0.00602193097924606
1.762063125E-07, -0.00559348718738798
1.76208265625E-07, -0.00578829328208093
1.7621021875E-07, -0.00605488130974122
1.76212171875E-07, -0.00681211482766508
1.76214125E-07, -0.00614718275187659
1.76216078125E-07, -0.00630342754247
1.7621803125E-07, -0.00581242882159483
1.76219984375E-07, -0.00636238162423934
1.762219375E-07, -0.00726895340281777
1.76223890625E-07, -0.0072204966298831
1.7622584375E-07, -0.00895458126717858
1.76227796875E-07, -0.0067577602490056
1.7622975E-07, -0.00749089765519907
1.76231703125E-07, -0.00759444229899635
1.7623365625E-07, -0.00753182700090455
1.76235609375E-07, -0.00752692967197994
1.762375625E-07, -0.00832803465191655
1.76239515625E-07, -0.0085671830378741
1.7624146875E-07, -0.00932225755969213
1.76243421875E-07, -0.00848852052819648
1.76245375E-07, -0.00820932950581542
1.76247328125E-07, -0.00874007429957457
1.7624928125E-07, -0.00884933600511676
1.76251234375E-07, -0.00923216272586069
1.762531875E-07, -0.009314387318116
1.76255140625E-07, -0.00980522397765242
1.7625709375E-07, -0.00987932770606682
1.76259046875E-07, -0.0100723761274986
1.76261E-07, -0.00975295843934639
1.76262953125E-07, -0.00993298847387095
1.7626490625E-07, -0.0105027950198395
1.76266859375E-07, -0.010264627703879
1.762688125E-07, -0.0102891311938819
1.76270765625E-07, -0.0103785433455628
1.7627271875E-07, -0.0101166128312649
1.76274671875E-07, -0.0105805401919565
1.76276625E-07, -0.0102541993666144
1.76278578125E-07, -0.0106850234748852
1.7628053125E-07, -0.0104483305126042
1.76282484375E-07, -0.0107572794552335
1.762844375E-07, -0.0106138214440363
1.76286390625E-07, -0.0109679586693633
1.7628834375E-07, -0.0104704374019638
1.76290296875E-07, -0.0103875515962552
1.7629225E-07, -0.0105578288212618
1.76294203125E-07, -0.0108669113924464
1.7629615625E-07, -0.00994324205931989
1.76298109375E-07, -0.0104867644697529
1.763000625E-07, -0.0110749133736561
1.76302015625E-07, -0.0104197085949269
1.7630396875E-07, -0.011055801097861
1.76305921875E-07, -0.00970476477662403
1.76307875E-07, -0.0101606962654107
1.76309828125E-07, -0.0105882396512753
1.7631178125E-07, -0.0100581380675174
1.76313734375E-07, -0.0101298948989633
1.763156875E-07, -0.00899083302499683
1.76317640625E-07, -0.00946466880818158
1.7631959375E-07, -0.00971181777751723
1.76321546875E-07, -0.00908185937893729
1.763235E-07, -0.00842108620695003
1.76325453125E-07, -0.00916497645527635
1.7632740625E-07, -0.00929697381075785
1.76329359375E-07, -0.0086516535785494
1.763313125E-07, -0.00812874030803502
1.76333265625E-07, -0.00851267036281107
1.7633521875E-07, -0.00893127143151918
1.76337171875E-07, -0.00851846101730644
1.76339125E-07, -0.00771871884106671
1.76341078125E-07, -0.00684485923647574
1.7634303125E-07, -0.0069948767641744
1.76344984375E-07, -0.00753370735866004
1.763469375E-07, -0.00743179216181331
1.76348890625E-07, -0.00681601151360626
1.7635084375E-07, -0.00738823976005338
1.76352796875E-07, -0.00670510403302682
1.7635475E-07, -0.00686373895758858
1.76356703125E-07, -0.00688936055612672
1.7635865625E-07, -0.00661751153947304
1.76360609375E-07, -0.00643695616730776
1.763625625E-07, -0.00587552333074381
1.76364515625E-07, -0.006244574805599
1.7636646875E-07, -0.00626804906372761
1.76368421875E-07, -0.00628900366685243
1.76370375E-07, -0.00626039865159932
1.76372328125E-07, -0.00464322509395846
1.7637428125E-07, -0.00590916904207951
1.76376234375E-07, -0.00556499295202525
1.763781875E-07, -0.00640916281709218
1.76380140625E-07, -0.00581526996715475
1.7638209375E-07, -0.00642909982260217
1.76384046875E-07, -0.00636580191551817
1.76386E-07, -0.00563578762353072
1.76387953125E-07, -0.00447144725762365
1.7638990625E-07, -0.00539069760134678
1.76391859375E-07, -0.00508435591851885
1.763938125E-07, -0.00522509452519264
1.76395765625E-07, -0.00508467157814043
1.7639771875E-07, -0.00493770188777189
1.76399671875E-07, -0.00509774001369504
1.76401625E-07, -0.00478147940211071
1.76403578125E-07, -0.00503922095374369
1.7640553125E-07, -0.00501595776351867
1.76407484375E-07, -0.00477529120967751
1.764094375E-07, -0.00463797482629043
1.76411390625E-07, -0.00542952474274491
1.7641334375E-07, -0.00473055891939293
1.76415296875E-07, -0.00496978876408212
1.7641725E-07, -0.00458370830424375
1.76419203125E-07, -0.00485892285220136
1.7642115625E-07, -0.00505162297353491
1.76423109375E-07, -0.00488367820362084
1.764250625E-07, -0.00517447983081415
1.76427015625E-07, -0.00517140665293179
1.7642896875E-07, -0.00488028080013701
1.76430921875E-07, -0.0046418323563913
1.76432875E-07, -0.00466549732934984
1.76434828125E-07, -0.00472732157416938
1.7643678125E-07, -0.00496344070769555
1.76438734375E-07, -0.00524728496496243
1.764406875E-07, -0.00505032369814862
1.76442640625E-07, -0.00480710947603837
1.7644459375E-07, -0.00481288877973755
1.76446546875E-07, -0.0048397205494828
1.764485E-07, -0.0051627547762293
1.76450453125E-07, -0.00459921304758898
1.7645240625E-07, -0.00460934716815043
1.76454359375E-07, -0.00513087524040684
1.764563125E-07, -0.00511231555445563
1.76458265625E-07, -0.00500842951475539
1.7646021875E-07, -0.0048521647804761
1.76462171875E-07, -0.00499081836838162
1.76464125E-07, -0.0050227763565205
1.76466078125E-07, -0.00502139988347015
1.7646803125E-07, -0.00458973246719442
1.76469984375E-07, -0.0044405853962201
1.764719375E-07, -0.00477684873954496
1.76473890625E-07, -0.00506949336621494
1.7647584375E-07, -0.0045491175350907
1.76477796875E-07, -0.00498285987834289
1.7647975E-07, -0.00451233473834182
1.76481703125E-07, -0.00435000316600112
1.7648365625E-07, -0.00434509463120102
1.76485609375E-07, -0.00430396270995449
1.764875625E-07, -0.00425349149836145
1.76489515625E-07, -0.00448940863383094
1.7649146875E-07, -0.00463328069548597
1.76493421875E-07, -0.00471733350345955
1.76495375E-07, -0.00414321874932771
1.76497328125E-07, -0.00434151524329848
1.7649928125E-07, -0.00433406183629242
1.76501234375E-07, -0.00420195354753329
1.765031875E-07, -0.0041138222080135
1.76505140625E-07, -0.00401732747034034
1.7650709375E-07, -0.00425738167628724
1.76509046875E-07, -0.00406086740663213
1.76511E-07, -0.00383689317233902
1.76512953125E-07, -0.00373904634588397
1.7651490625E-07, -0.00392966912425299
1.76516859375E-07, -0.00364249271118288
1.765188125E-07, -0.00380754608645093
1.76520765625E-07, -0.00382313873240628
1.7652271875E-07, -0.00349947365048938
1.76524671875E-07, -0.00342357505895264
1.76526625E-07, -0.00375868209654686
1.76528578125E-07, -0.0035121963507652
1.7653053125E-07, -0.00345810375684003
1.76532484375E-07, -0.00335164209723346
1.765344375E-07, -0.00359572006289821
1.76536390625E-07, -0.0037959110940151
1.7653834375E-07, -0.00337342801068452
1.76540296875E-07, -0.00314569773950323
1.7654225E-07, -0.00311618905837022
1.76544203125E-07, -0.0034023261445135
1.7654615625E-07, -0.00291819261442899
1.76548109375E-07, -0.00337543108005135
1.765500625E-07, -0.00363105972649275
1.76552015625E-07, -0.00288838718599243
1.7655396875E-07, -0.0033291130163033
1.76555921875E-07, -0.00337840601003337
1.76557875E-07, -0.00269575190930489
1.76559828125E-07, -0.00226625729290369
1.7656178125E-07, -0.00270817926172871
1.76563734375E-07, -0.00319885377102462
1.765656875E-07, -0.0034855997734061
1.76567640625E-07, -0.00320345094329273
1.7656959375E-07, -0.00296795175769879
1.76571546875E-07, -0.00347956327871284
1.765735E-07, -0.00331540828034899
1.76575453125E-07, -0.00285979509068577
1.7657740625E-07, -0.00321392556804138
1.76579359375E-07, -0.00266203298466534
1.765813125E-07, -0.00369137431244773
1.76583265625E-07, -0.00317731496712899
1.7658521875E-07, -0.00340816791742331
1.76587171875E-07, -0.00348728907111063
1.76589125E-07, -0.002835692583701
1.76591078125E-07, -0.00332062103188181
1.7659303125E-07, -0.003384402555466
1.76594984375E-07, -0.00323068371897986
1.765969375E-07, -0.00294525937105462
1.76598890625E-07, -0.00262382149602193
1.7660084375E-07, -0.0027734246848762
1.76602796875E-07, -0.00307810580535757
1.7660475E-07, -0.00307097918906659
1.76606703125E-07, -0.00343998933818487
1.7660865625E-07, -0.00240190463223363
1.76610609375E-07, -0.00280284269351048
1.766125625E-07, -0.00264047536357182
1.76614515625E-07, -0.00252166176641029
1.7661646875E-07, -0.00291919591419629
1.76618421875E-07, -0.00233176428952052
1.76620375E-07, -0.00233976928283697
1.76622328125E-07, -0.00275861632189077
1.7662428125E-07, -0.0031046093973616
1.76626234375E-07, -0.00227577308486449
1.766281875E-07, -0.00238457120378663
1.76630140625E-07, -0.00258218501859919
1.7663209375E-07, -0.0022901237663671
1.76634046875E-07, -0.00226736404188713
1.76636E-07, -0.00260492560747599
1.76637953125E-07, -0.00264183573000691
1.7663990625E-07, -0.00240970192643312
1.76641859375E-07, -0.00249768373116783
1.766438125E-07, -0.00243530328250933
1.76645765625E-07, -0.00224719329800706
1.7664771875E-07, -0.00217141120355086
1.76649671875E-07, -0.00171129662975527
1.76651625E-07, -0.00214078920106178
1.76653578125E-07, -0.00190639253129966
1.7665553125E-07, -0.00201972028628581
1.76657484375E-07, -0.00264132512078206
1.766594375E-07, -0.00173915547624335
1.76661390625E-07, -0.00188669418462387
1.7666334375E-07, -0.00186642451239556
1.76665296875E-07, -0.00181959143493561
1.7666725E-07, -0.00183015624578524
1.76669203125E-07, -0.00147740395729187
1.7667115625E-07, -0.00152185110320695
1.76673109375E-07, -0.00191902533601892
1.766750625E-07, -0.00186072617016851
1.76677015625E-07, -0.00176299457062983
1.7667896875E-07, -0.00197786999995313
1.76680921875E-07, -0.00176816575140461
1.76682875E-07, -0.00171634125448101
1.76684828125E-07, -0.00150613788062078
1.7668678125E-07, -0.0012946865250899
1.76688734375E-07, -0.00153343218376618
1.766906875E-07, -0.00187326832333011
1.76692640625E-07, -0.00182148505902779
1.7669459375E-07, -0.00182126281634279
1.76696546875E-07, -0.00208945239248726
1.766985E-07, -0.00152162299984899
1.76700453125E-07, -0.00146720258180005
1.7670240625E-07, -0.00219406404890845
1.76704359375E-07, -0.00168983067103592
1.767063125E-07, -0.00134976347671698
1.76708265625E-07, -0.00205846329633968
1.7671021875E-07, -0.00187502288655181
1.76712171875E-07, -0.00135573589322811
1.76714125E-07, -0.00193677846170218
1.76716078125E-07, -0.00121933599535719
1.7671803125E-07, -0.00166423823521441
1.76719984375E-07, -0.00198728939109809
1.767219375E-07, -0.00181960285803661
1.76723890625E-07, -0.00153169512340194
1.7672584375E-07, -0.00181461768272925
1.76727796875E-07, -0.00194720450179352
1.7672975E-07, -0.00152498865917981
1.76731703125E-07, -0.0016669498124111
1.7673365625E-07, -0.00201831626770568
1.76735609375E-07, -0.00205134466448149
1.767375625E-07, -0.00195055073425589
1.76739515625E-07, -0.00177421449060108
1.7674146875E-07, -0.00207954857419224
1.76743421875E-07, -0.00208462334218196
1.76745375E-07, -0.00150990801736052
1.76747328125E-07, -0.00186584186914052
1.7674928125E-07, -0.00167032382856825
1.76751234375E-07, -0.00108926220260055
1.767531875E-07, -0.00166351808025536
1.76755140625E-07, -0.00130517225254593
1.7675709375E-07, -0.00158251199296913
1.76759046875E-07, -0.000587345955886474
1.76761E-07, -0.00141373186971091
1.76762953125E-07, -0.00130525296993662
1.7676490625E-07, -0.00123682540704683
1.76766859375E-07, -0.000728477809995868
1.767688125E-07, -0.00123944316902862
1.76770765625E-07, -0.00051404884273315
1.7677271875E-07, -0.000745451356500135
1.76774671875E-07, 0.000263353849797862
1.76776625E-07, 3.67244835150732E-05
1.76778578125E-07, -0.000553844952064118
1.7678053125E-07, 0.000114572054625192
1.76782484375E-07, 0.00100591678249852
1.767844375E-07, -4.97084749569544E-05
1.76786390625E-07, 0.000793268245780069
1.7678834375E-07, 0.000763130074793301
1.76790296875E-07, 0.000827900678890269
1.7679225E-07, 0.00177079147020753
1.76794203125E-07, 0.00124435973707435
1.7679615625E-07, 0.00290488435907983
1.76798109375E-07, 0.00159543744898313
1.768000625E-07, 0.00210309988341772
1.76802015625E-07, 0.00381761083228065
1.7680396875E-07, 0.00233183898460272
1.76805921875E-07, 0.00377145265727072
1.76807875E-07, 0.00356563970032091
1.76809828125E-07, 0.00333200898312404
1.7681178125E-07, 0.00443170986510977
1.76813734375E-07, 0.00376289369936133
1.768156875E-07, 0.00430069287156469
1.76817640625E-07, 0.00551607195236752
1.7681959375E-07, 0.005148057592957
1.76821546875E-07, 0.00474673124155184
1.768235E-07, 0.00539452472851447
1.76825453125E-07, 0.00592761141420927
1.7682740625E-07, 0.00546218833710467
1.76829359375E-07, 0.00577180303321825
1.768313125E-07, 0.00590433671710905
1.76833265625E-07, 0.0058353349202737
1.7683521875E-07, 0.00637621247570634
1.76837171875E-07, 0.00684287760225236
1.76839125E-07, 0.00569502846421073
1.76841078125E-07, 0.00622456385025727
1.7684303125E-07, 0.00633442144302866
1.76844984375E-07, 0.00645227061174749
1.768469375E-07, 0.00678342686291769
1.76848890625E-07, 0.00694103009815952
1.7685084375E-07, 0.00619440823778412
1.76852796875E-07, 0.00662054680629598
1.7685475E-07, 0.00586857335205463
1.76856703125E-07, 0.00580587136758691
1.7685865625E-07, 0.0069902170654936
1.76860609375E-07, 0.00569632196707043
1.768625625E-07, 0.00585114255847566
1.76864515625E-07, 0.00686644654748401
1.7686646875E-07, 0.00647966414218414
1.76868421875E-07, 0.00592213779739621
1.76870375E-07, 0.00566849931691364
1.76872328125E-07, 0.00548382000127086
1.7687428125E-07, 0.00462550771943354
1.76876234375E-07, 0.00507563601472163
1.768781875E-07, 0.0053861979430352
1.76880140625E-07, 0.00446560653303208
1.7688209375E-07, 0.0043486212015293
1.76884046875E-07, 0.0047360068857483
1.76886E-07, 0.00391257664425607
1.76887953125E-07, 0.0036954025767077
1.7688990625E-07, 0.0027277257829022
1.76891859375E-07, 0.00275049010400551
1.768938125E-07, 0.00312073927919603
1.76895765625E-07, 0.00236040365045595
1.7689771875E-07, 0.00218688353780569
1.76899671875E-07, 0.0020368363971549
1.76901625E-07, 0.00174109299920364
1.76903578125E-07, 0.00151657595284852
1.7690553125E-07, 0.00175434805958702
1.76907484375E-07, 0.00130043173109857
1.769094375E-07, 3.72852007990565E-05
1.76911390625E-07, 0.00160126384452142
1.7691334375E-07, 0.00133969405245594
1.76915296875E-07, 0.0010888598886154
1.7691725E-07, -9.91012844446723E-05
1.76919203125E-07, -0.000558822484763435
1.7692115625E-07, 0.000119765414434041
1.76923109375E-07, -0.000272654617203632
1.769250625E-07, -0.000239546105666659
1.76927015625E-07, 0.00106052918478644
1.7692896875E-07, -0.000665722096734746
1.76930921875E-07, -0.000114374411626564
1.76932875E-07, 9.11247511509872E-05
1.76934828125E-07, -0.000448844925455493
1.7693678125E-07, -0.0011366059424744
1.76938734375E-07, -0.000680172592694824
1.769406875E-07, -0.000755505803681462
1.76942640625E-07, -0.000591787534266049
1.7694459375E-07, -0.000653589198586917
1.76946546875E-07, -0.000287871840598959
1.769485E-07, -0.000394476058597457
1.76950453125E-07, -0.00047740277809924
1.7695240625E-07, -0.000571311664091016
1.76954359375E-07, -0.000951120359716282
1.769563125E-07, -0.0010670124919841
1.76958265625E-07, -0.000882651164230292
1.7696021875E-07, -0.000682188910468387
1.76962171875E-07, -0.000389453830478142
1.76964125E-07, -0.000228335958243929
1.76966078125E-07, -0.000407187146886406
1.7696803125E-07, -1.88769242650497E-05
1.76969984375E-07, 3.74708869750699E-05
1.769719375E-07, -0.000247370328855801
1.76973890625E-07, 0.000133460392475562
1.7697584375E-07, 0.000419951598266679
1.76977796875E-07, 0.000523347299807514
1.7697975E-07, 3.79462521391492E-05
1.76981703125E-07, 0.000229644557687076
1.7698365625E-07, 5.26523085540763E-05
1.76985609375E-07, 0.000712262495749153
1.769875625E-07, 0.000530731253958223
1.76989515625E-07, 0.000863143670419399
1.7699146875E-07, 0.000945589357988245
1.76993421875E-07, 0.00164213350795722
1.76995375E-07, 0.000603113787233269
1.76997328125E-07, 0.0010108158528595
1.7699928125E-07, 0.00134593663637089
1.77001234375E-07, 0.00132829237121995
1.770031875E-07, 0.00129166942176861
1.77005140625E-07, 0.00112457108524791
1.7700709375E-07, 0.000995587447491049
1.77009046875E-07, 0.000806115663600374
1.77011E-07, 0.000956439114927867
1.77012953125E-07, 0.00161624917423206
1.7701490625E-07, 0.00129190547993147
1.77016859375E-07, 0.00115129015148283
1.770188125E-07, 0.00135014298381397
1.77020765625E-07, 0.00132290696762681
1.7702271875E-07, 0.00152577893504523
1.77024671875E-07, 0.00121614081859392
1.77026625E-07, 0.00117243319740831
1.77028578125E-07, 0.000796128695234084
1.7703053125E-07, 0.00135839941861025
1.77032484375E-07, 0.000875146832043785
1.770344375E-07, 0.00108617227509029
1.77036390625E-07, 0.00075325808480597
1.7703834375E-07, 0.0010617277526554
1.77040296875E-07, 0.000971442185322318
1.7704225E-07, 0.000808012976555091
1.77044203125E-07, 0.000694735122592409
1.7704615625E-07, 0.000491661808107852
1.77048109375E-07, 0.000107593971625444
1.770500625E-07, 0.000321644258990163
1.77052015625E-07, 0.000605514513111661
1.7705396875E-07, 0.001028727966955
1.77055921875E-07, 0.000588012951862953
1.77057875E-07, 0.00045140568324142
1.77059828125E-07, 0.00114357153342374
1.7706178125E-07, 0.000826097018818505
1.77063734375E-07, 0.000900656051439625
1.770656875E-07, 0.000968151300755647
1.77067640625E-07, 0.00130801568346438
1.7706959375E-07, 0.00115962101388906
1.77071546875E-07, 0.000541895604623125
1.770735E-07, 0.00162185122750211
1.77075453125E-07, 0.00146550198185508
1.7707740625E-07, 0.00114053819635829
1.77079359375E-07, 0.00158552378240457
1.770813125E-07, 0.00118701747709707
1.77083265625E-07, 0.00209988118441573
1.7708521875E-07, 0.000944624811253043
1.77087171875E-07, 0.00229005311827193
1.77089125E-07, 0.00195057199459672
1.77091078125E-07, 0.00207385483711822
1.7709303125E-07, 0.00241509710062638
1.77094984375E-07, 0.00198862166325082
1.770969375E-07, 0.00232723780195305
1.77098890625E-07, 0.00221059643998253
1.7710084375E-07, 0.00229353124543151
1.77102796875E-07, 0.00323362210055126
1.7710475E-07, 0.00313455254290855
1.77106703125E-07, 0.00352298971280869
1.7710865625E-07, 0.00397073181738118
1.77110609375E-07, 0.00373073131728012
1.771125625E-07, 0.00424839154685584
1.77114515625E-07, 0.00458067036569091
1.7711646875E-07, 0.00496068616513088
1.77118421875E-07, 0.00454828403779848
1.77120375E-07, 0.00508911419468851
1.77122328125E-07, 0.00541784972025604
1.7712428125E-07, 0.005366453586942
1.77126234375E-07, 0.00583612936085902
1.771281875E-07, 0.00498004396783077
1.77130140625E-07, 0.00564335697934336
1.7713209375E-07, 0.00575953020661291
1.77134046875E-07, 0.00591731805114518
1.77136E-07, 0.00658399029364873
1.77137953125E-07, 0.00615993607485015
1.7713990625E-07, 0.00660498008215832
1.77141859375E-07, 0.00756456231185386
1.771438125E-07, 0.00687549121101701
1.77145765625E-07, 0.00676843147510293
1.7714771875E-07, 0.00749047845363715
1.77149671875E-07, 0.00765059366254602
1.77151625E-07, 0.00770215789466737
1.77153578125E-07, 0.00744794253194399
1.7715553125E-07, 0.00796173062675291
1.77157484375E-07, 0.00770663236033036
1.771594375E-07, 0.0084657728292898
1.77161390625E-07, 0.00818255125404134
1.7716334375E-07, 0.00805733863323688
1.77165296875E-07, 0.00762775416978035
1.7716725E-07, 0.008620089646339
1.77169203125E-07, 0.00839490206922191
1.7717115625E-07, 0.00838791774676012
1.77173109375E-07, 0.00851910261826899
1.771750625E-07, 0.00846385044994591
1.77177015625E-07, 0.00847359403613579
1.7717896875E-07, 0.00837972296931408
1.77180921875E-07, 0.00744504364014784
1.77182875E-07, 0.00836842900884546
1.77184828125E-07, 0.00867539909361812
1.7718678125E-07, 0.00873967478562776
1.77188734375E-07, 0.00853337692012414
1.771906875E-07, 0.00816716842457698
1.77192640625E-07, 0.00754019813616515
1.7719459375E-07, 0.0080975323222563
1.77196546875E-07, 0.00770881636112439
1.771985E-07, 0.00773295980008534
1.77200453125E-07, 0.00810527365445895
1.7720240625E-07, 0.00752328815535392
1.77204359375E-07, 0.00719127373298041
1.772063125E-07, 0.00756399444475772
1.77208265625E-07, 0.00736400963587
1.7721021875E-07, 0.0072037336240511
1.77212171875E-07, 0.0071322206200323
1.77214125E-07, 0.00637110743913319
1.77216078125E-07, 0.00638786717658393
1.7721803125E-07, 0.00684371656766847
1.77219984375E-07, 0.00610099265820204
1.772219375E-07, 0.00592034817175991
1.77223890625E-07, 0.00682230273233377
1.7722584375E-07, 0.00521055376146913
1.77227796875E-07, 0.00629653846143055
1.7722975E-07, 0.00492495648380554
1.77231703125E-07, 0.00585749062616042
1.7723365625E-07, 0.00522418480111904
1.77235609375E-07, 0.00591815297271038
1.772375625E-07, 0.00478705215392639
1.77239515625E-07, 0.00450864139654701
1.7724146875E-07, 0.00445560117369155
1.77243421875E-07, 0.00438317539319161
1.77245375E-07, 0.00454370112932334
1.77247328125E-07, 0.00410628968110517
1.7724928125E-07, 0.00376504242925081
1.77251234375E-07, 0.00383323572001699
1.772531875E-07, 0.00357665297168854
1.77255140625E-07, 0.00359935499556369
1.7725709375E-07, 0.00353429700422824
1.77259046875E-07, 0.00319634167334263
1.77261E-07, 0.00298098718134663
1.77262953125E-07, 0.00282410747556031
1.7726490625E-07, 0.00273537315108544
1.77266859375E-07, 0.00257420907874818
1.772688125E-07, 0.00227011491077334
1.77270765625E-07, 0.00266508428070907
1.7727271875E-07, 0.00263944976975276
1.77274671875E-07, 0.00248796758617847
1.77276625E-07, 0.00264594816841069
1.77278578125E-07, 0.00205723935967833
1.7728053125E-07, 0.00174775671415959
1.77282484375E-07, 0.00218895060529447
1.772844375E-07, 0.00166431601595153
1.77286390625E-07, 0.00146155445357864
1.7728834375E-07, 0.00153730367513282
1.77290296875E-07, 0.00135974075459565
1.7729225E-07, 0.00227167654848049
1.77294203125E-07, 0.000945270689695489
1.7729615625E-07, 0.00100895633596045
1.77298109375E-07, 0.00163516049936066
1.773000625E-07, 0.000609666322140742
1.77302015625E-07, 0.000987534823075107
1.7730396875E-07, 0.000457136900412473
1.77305921875E-07, 0.000929911385671429
1.77307875E-07, 0.00048300176059638
1.77309828125E-07, -1.55872839172522E-05
1.7731178125E-07, -0.000310859833716086
1.77313734375E-07, 0.000301696619751221
1.773156875E-07, 0.000386008201272148
1.77317640625E-07, 0.000118551644738661
1.7731959375E-07, 0.000119072383413543
1.77321546875E-07, 0.000789399349012913
1.773235E-07, 0.000230697304745685
1.77325453125E-07, -0.000479586261211199
1.7732740625E-07, -9.15295829786289E-05
1.77329359375E-07, 0.000172596790035171
1.773313125E-07, 0.000835934601802135
1.77333265625E-07, -0.000634115917061692
1.7733521875E-07, -0.000207665283361555
1.77337171875E-07, -0.000485114696525433
1.77339125E-07, -0.000476341633724841
1.77341078125E-07, -0.000239853902379702
1.7734303125E-07, -0.000919734677037955
1.77344984375E-07, -0.000613354673879297
1.773469375E-07, -0.000224953455482619
1.77348890625E-07, -0.000859128604701941
1.7735084375E-07, -0.000886588062429044
1.77352796875E-07, -0.000404844238407332
1.7735475E-07, -0.000594543681827989
1.77356703125E-07, -0.000636950954814583
1.7735865625E-07, -0.00196719144928245
1.77360609375E-07, -9.80783699435012E-05
1.773625625E-07, -0.00101288690210338
1.77364515625E-07, -0.000422613847403132
1.7736646875E-07, -0.000562750831814981
1.77368421875E-07, -0.00117588054489934
1.77370375E-07, -0.000411233903423018
1.77372328125E-07, -0.00076559755924034
1.7737428125E-07, -0.0013831860463414
1.77376234375E-07, -0.00116700482422089
1.773781875E-07, -0.00120431723459639
1.77380140625E-07, -0.0011338598038215
1.7738209375E-07, -0.00169650279022872
1.77384046875E-07, -0.00171093850477015
1.77386E-07, -0.00201262879398635
1.77387953125E-07, -0.00185326125704447
1.7738990625E-07, -0.00179756443240791
1.77391859375E-07, -0.00137506277185613
1.773938125E-07, -0.00213523501541799
1.77395765625E-07, -0.00230584422104814
1.7739771875E-07, -0.0022768636491075
1.77399671875E-07, -0.00248881399349539
1.77401625E-07, -0.00199278759281612
1.77403578125E-07, -0.00247330694771612
1.7740553125E-07, -0.00265655154130962
1.77407484375E-07, -0.00265776649060542
1.774094375E-07, -0.00320619427562841
1.77411390625E-07, -0.00236107905855597
1.7741334375E-07, -0.00274683689786063
1.77415296875E-07, -0.00304183898641499
1.7741725E-07, -0.00339919951393676
1.77419203125E-07, -0.00310007575009223
1.7742115625E-07, -0.00333580333286577
1.77423109375E-07, -0.00267756343433437
1.774250625E-07, -0.00336720336567077
1.77427015625E-07, -0.0029583420009487
1.7742896875E-07, -0.00373553987478768
1.77430921875E-07, -0.00335558440428828
1.77432875E-07, -0.00367389237707491
1.77434828125E-07, -0.00364692122112855
1.7743678125E-07, -0.00374677634646905
1.77438734375E-07, -0.00387308827421357
1.774406875E-07, -0.00349430726049514
1.77442640625E-07, -0.0041192312836776
1.7744459375E-07, -0.00428134324292148
1.77446546875E-07, -0.00445264590068207
1.774485E-07, -0.00425707081353413
1.77450453125E-07, -0.00437054440678474
1.7745240625E-07, -0.00355353138741608
1.77454359375E-07, -0.00446563031335357
1.774563125E-07, -0.00444254793868453
1.77458265625E-07, -0.00473266387403734
1.7746021875E-07, -0.00465648214627712
1.77462171875E-07, -0.00535301812274607
1.77464125E-07, -0.00497922695636265
1.77466078125E-07, -0.00439585212446308
1.7746803125E-07, -0.00496031480425016
1.77469984375E-07, -0.00464664064090541
1.774719375E-07, -0.00482441407429869
1.77473890625E-07, -0.00477043470422801
1.7747584375E-07, -0.0048418705452166
1.77477796875E-07, -0.00472283145525925
1.7747975E-07, -0.00552121235715714
1.77481703125E-07, -0.00502437500735965
1.7748365625E-07, -0.0052209405000092
1.77485609375E-07, -0.00460459080072383
1.774875625E-07, -0.00524345581767612
1.77489515625E-07, -0.00533999469367853
1.7749146875E-07, -0.00406752815115867
1.77493421875E-07, -0.00447923806847933
1.77495375E-07, -0.00465954976487042
1.77497328125E-07, -0.00523233434491679
1.7749928125E-07, -0.00392623583330077
1.77501234375E-07, -0.00482997595665882
1.775031875E-07, -0.00431204531929221
1.77505140625E-07, -0.00402932117900951
1.7750709375E-07, -0.00442701017786169
1.77509046875E-07, -0.00496928986109204
1.77511E-07, -0.00392636576940986
1.77512953125E-07, -0.00407459519733863
1.7751490625E-07, -0.0041559827573774
1.77516859375E-07, -0.00423046936997089
1.775188125E-07, -0.00448780067130941
1.77520765625E-07, -0.00403405545993708
1.7752271875E-07, -0.0038448129811182
1.77524671875E-07, -0.00433926997339924
1.77526625E-07, -0.00394431213570232
1.77528578125E-07, -0.00367579840841594
1.7753053125E-07, -0.00372057880613383
1.77532484375E-07, -0.00261767139136204
1.775344375E-07, -0.00314913750476489
1.77536390625E-07, -0.00332859887225
1.7753834375E-07, -0.00326729525253906
1.77540296875E-07, -0.0029716293231623
1.7754225E-07, -0.00335044263247924
1.77544203125E-07, -0.0043060861397538
1.7754615625E-07, -0.00266187450620005
1.77548109375E-07, -0.00312150571874702
1.775500625E-07, -0.00177363255937212
1.77552015625E-07, -0.003146215640421
1.7755396875E-07, -0.00311457823671088
1.77555921875E-07, -0.00257501783730459
1.77557875E-07, -0.00232049161085072
1.77559828125E-07, -0.00278524501788958
1.7756178125E-07, -0.00238957115912904
1.77563734375E-07, -0.00128022100563482
1.775656875E-07, -0.00178183931020815
1.77567640625E-07, -0.00197889837910553
1.7756959375E-07, -0.00147356921619471
1.77571546875E-07, -0.00174725437583862
1.775735E-07, -0.001139846352253
1.77575453125E-07, -0.00225956689017086
1.7757740625E-07, -0.00143481755101854
1.77579359375E-07, -0.00115611523742363
1.775813125E-07, -0.00190391668502856
1.77583265625E-07, -0.00174707238268442
1.7758521875E-07, -0.00112140406615867
1.77587171875E-07, -0.00166766371655756
1.77589125E-07, -0.00131519214751371
1.77591078125E-07, -0.0018596973169492
1.7759303125E-07, -0.000740566294691772
1.77594984375E-07, -0.00113791282612528
1.775969375E-07, -0.000947449097725398
1.77598890625E-07, -0.00152608805101629
1.7760084375E-07, -0.00130434904161407
1.77602796875E-07, -0.00138246981454047
1.7760475E-07, -0.000597381489957912
1.77606703125E-07, -0.000768229486211719
1.7760865625E-07, -0.000532535635523668
1.77610609375E-07, 0.000215757653288535
1.776125625E-07, -0.00130446254117545
1.77614515625E-07, -0.000485627510931737
1.7761646875E-07, -3.55567293255739E-05
1.77618421875E-07, -0.000189684668310365
1.77620375E-07, -0.000108982283783623
1.77622328125E-07, -0.000556114588981041
1.7762428125E-07, -0.00201027930667364
1.77626234375E-07, -0.000101283348529598
1.776281875E-07, -0.000351565521324181
1.77630140625E-07, -0.00105142975199073
1.7763209375E-07, -0.001021083679949
1.77634046875E-07, -0.00031847860661575


