File Format, WaveformXYValues
Format Version, 1
Instrument, N1045A,04F,LOJ
SwVersion, A.06.71.21
SerialNumber, MY56260108
Date, 11/29/2023 13:55:39 GMT+08:00

Source Name, Channel 1A

Points, 2048
Signal Type, Unspecified
Channel Bandwidth, 2E+10
Channel Noise, 6.66857143682292E-05
X Units, Second
Y Units, Volt
Data, 
1.73636E-07, -0.000650597164093804
1.73637953125E-07, -0.000823591551755884
1.7363990625E-07, -0.000902384279911899
1.73641859375E-07, -0.00106406809269564
1.736438125E-07, -0.00116329475760203
1.73645765625E-07, -0.000798149237145561
1.7364771875E-07, -0.00113032189047808
1.73649671875E-07, -0.000934082131042626
1.73651625E-07, -0.000996906119464345
1.73653578125E-07, -0.000923753058897583
1.7365553125E-07, -0.00119629072556351
1.73657484375E-07, -0.000709406518479265
1.736594375E-07, -0.00100700475977738
1.73661390625E-07, -0.00118673138060662
1.7366334375E-07, -0.00102746773395194
1.73665296875E-07, -0.00121387483598994
1.7366725E-07, -0.00137841669146999
1.73669203125E-07, -0.00104636601887835
1.7367115625E-07, -0.000956918666385751
1.73673109375E-07, -0.00112885762216374
1.736750625E-07, -0.00106977423519412
1.73677015625E-07, -0.000987210058197628
1.7367896875E-07, -0.00105542738398525
1.73680921875E-07, -0.000943665387187092
1.73682875E-07, -0.000949883196205839
1.73684828125E-07, -0.00127271628799129
1.7368678125E-07, -0.00110202503213597
1.73688734375E-07, -0.00126441262641088
1.736906875E-07, -0.00115137039694879
1.73692640625E-07, -0.00114116485845753
1.7369459375E-07, -0.00132929227705948
1.73696546875E-07, -0.00132412052182929
1.736985E-07, -0.00101021001885909
1.73700453125E-07, -0.00140801958584846
1.7370240625E-07, -0.00136410631905047
1.73704359375E-07, -0.00105856658918079
1.737063125E-07, -0.00118961772644088
1.73708265625E-07, -0.00113922765353494
1.7371021875E-07, -0.00107622616823408
1.73712171875E-07, -0.00118051951433122
1.73714125E-07, -0.00101555726798367
1.73716078125E-07, -0.00140039807535639
1.7371803125E-07, -0.00130105436216851
1.73719984375E-07, -0.00114963127269287
1.737219375E-07, -0.000943142147944995
1.73723890625E-07, -0.00135699599896839
1.7372584375E-07, -0.00120152805721597
1.73727796875E-07, -0.00165274379540873
1.7372975E-07, -0.0012612290480406
1.73731703125E-07, -0.00139109352923285
1.7373365625E-07, -0.00129958652368236
1.73735609375E-07, -0.00147729039842299
1.737375625E-07, -0.00115844253013176
1.73739515625E-07, -0.00108556530225436
1.7374146875E-07, -0.00172152806730704
1.73743421875E-07, -0.00161929727722429
1.73745375E-07, -0.00146730054930042
1.73747328125E-07, -0.00162868390566495
1.7374928125E-07, -0.00152832829697514
1.73751234375E-07, -0.0011414711797386
1.737531875E-07, -0.00121913487877836
1.73755140625E-07, -0.00140285029901892
1.7375709375E-07, -0.00132781768364998
1.73759046875E-07, -0.00178125134372286
1.73761E-07, -0.00158938202306956
1.73762953125E-07, -0.00145616595289656
1.7376490625E-07, -0.00151283731188215
1.73766859375E-07, -0.00162676417975786
1.737688125E-07, -0.00127562503080853
1.73770765625E-07, -0.00149821410524506
1.7377271875E-07, -0.00157715726778518
1.73774671875E-07, -0.00165968554254401
1.73776625E-07, -0.00159150473266805
1.73778578125E-07, -0.00173045913536193
1.7378053125E-07, -0.00144848580285534
1.73782484375E-07, -0.00182241091520132
1.737844375E-07, -0.00199539548750011
1.73786390625E-07, -0.00218137900363059
1.7378834375E-07, -0.00162715480184402
1.73790296875E-07, -0.00130558409380773
1.7379225E-07, -0.00179609182487667
1.73794203125E-07, -0.00186183570393535
1.7379615625E-07, -0.00179474475166958
1.73798109375E-07, -0.00161820550950791
1.738000625E-07, -0.00208299198964189
1.73802015625E-07, -0.00196800363753745
1.7380396875E-07, -0.00183228978943884
1.73805921875E-07, -0.00180513186031042
1.73807875E-07, -0.00209482971080445
1.73809828125E-07, -0.00189770532485666
1.7381178125E-07, -0.00188807716902901
1.73813734375E-07, -0.00193852948650297
1.738156875E-07, -0.00181333945595737
1.73817640625E-07, -0.00222464933728545
1.7381959375E-07, -0.00218301987496344
1.73821546875E-07, -0.00203436343617561
1.738235E-07, -0.00221340092856489
1.73825453125E-07, -0.00192321403663878
1.7382740625E-07, -0.00255370631405379
1.73829359375E-07, -0.00222573919023338
1.738313125E-07, -0.00231266137335723
1.73833265625E-07, -0.00186346495458606
1.7383521875E-07, -0.00231945997801471
1.73837171875E-07, -0.00234065363695451
1.73839125E-07, -0.00219065807883412
1.73841078125E-07, -0.00244693888169079
1.7384303125E-07, -0.00212880394530599
1.73844984375E-07, -0.00216593645157845
1.738469375E-07, -0.0029721130350257
1.73848890625E-07, -0.00257643403097919
1.7385084375E-07, -0.00279669233008218
1.73852796875E-07, -0.00256367714900091
1.7385475E-07, -0.00271562367563276
1.73856703125E-07, -0.00283687523947532
1.7385865625E-07, -0.0028037452541011
1.73860609375E-07, -0.00250225191792248
1.738625625E-07, -0.00273437629052118
1.73864515625E-07, -0.00310780131389266
1.7386646875E-07, -0.00286031928243023
1.73868421875E-07, -0.00309229143175578
1.73870375E-07, -0.00303145262485901
1.73872328125E-07, -0.00347039224148767
1.7387428125E-07, -0.00326161798182871
1.73876234375E-07, -0.00327814750546582
1.738781875E-07, -0.00347855174353636
1.73880140625E-07, -0.00328486309238458
1.7388209375E-07, -0.00365625014234315
1.73884046875E-07, -0.00321726986311343
1.73886E-07, -0.003708554267794
1.73887953125E-07, -0.00356606283527401
1.7388990625E-07, -0.00355168226716504
1.73891859375E-07, -0.00401296880740465
1.738938125E-07, -0.00386128860534897
1.73895765625E-07, -0.00376450514885157
1.7389771875E-07, -0.0040184114922237
1.73899671875E-07, -0.00386620183391957
1.73901625E-07, -0.00405727933642812
1.73903578125E-07, -0.00414094065081488
1.7390553125E-07, -0.00466342051656377
1.73907484375E-07, -0.00470105626665311
1.739094375E-07, -0.00446957006902339
1.73911390625E-07, -0.00383236088894019
1.7391334375E-07, -0.00477277702232494
1.73915296875E-07, -0.00441902435218478
1.7391725E-07, -0.00553074064151959
1.73919203125E-07, -0.0045517498413546
1.7392115625E-07, -0.00463654973145982
1.73923109375E-07, -0.00427710765831485
1.739250625E-07, -0.0049117885286018
1.73927015625E-07, -0.00468357291788482
1.7392896875E-07, -0.00514828713601189
1.73930921875E-07, -0.00420187635344844
1.73932875E-07, -0.00509866171366815
1.73934828125E-07, -0.00548718729381739
1.7393678125E-07, -0.00590760225335459
1.73938734375E-07, -0.00531807755950068
1.739406875E-07, -0.00499623227061387
1.73942640625E-07, -0.00575248797426884
1.7394459375E-07, -0.00561146772661276
1.73946546875E-07, -0.00530082886650303
1.739485E-07, -0.0054872067634079
1.73950453125E-07, -0.00506110944060978
1.7395240625E-07, -0.00528084431038573
1.73954359375E-07, -0.00545162582885215
1.739563125E-07, -0.00471565346004358
1.73958265625E-07, -0.00545133092002513
1.7396021875E-07, -0.00523436415003822
1.73962171875E-07, -0.00614632945516081
1.73964125E-07, -0.00423303129382936
1.73966078125E-07, -0.00496698723955328
1.7396803125E-07, -0.0051819276193733
1.73969984375E-07, -0.00525405672181649
1.739719375E-07, -0.00472729995548416
1.73973890625E-07, -0.00532468113037709
1.7397584375E-07, -0.00483645456055823
1.73977796875E-07, -0.00489247481137509
1.7397975E-07, -0.00529670961211028
1.73981703125E-07, -0.00552027264752775
1.7398365625E-07, -0.00477550301956775
1.73985609375E-07, -0.00424645647465484
1.739875625E-07, -0.00495927485453026
1.73989515625E-07, -0.00488791417564085
1.7399146875E-07, -0.003766699953214
1.73993421875E-07, -0.00446015789037298
1.73995375E-07, -0.00394484180626301
1.73997328125E-07, -0.00374025812808785
1.7399928125E-07, -0.00398009327926877
1.74001234375E-07, -0.00445167288421336
1.740031875E-07, -0.00386984039785594
1.74005140625E-07, -0.00349093353393331
1.7400709375E-07, -0.00341768011264046
1.74009046875E-07, -0.00349692130834315
1.74011E-07, -0.00222485083822846
1.74012953125E-07, -0.00298486314020809
1.7401490625E-07, -0.00253929431265261
1.74016859375E-07, -0.00290436654893798
1.740188125E-07, -0.00284964308468274
1.74020765625E-07, -0.00230211811305591
1.7402271875E-07, -0.00202423963593314
1.74024671875E-07, -0.00220756173641827
1.74026625E-07, -0.00145711414160951
1.74028578125E-07, -0.00196034882093897
1.7403053125E-07, -0.000936814645383805
1.74032484375E-07, -0.000588983059043003
1.740344375E-07, 0.000633375023944646
1.74036390625E-07, -0.000341507739534939
1.7403834375E-07, -3.53983407998785E-05
1.74040296875E-07, 0.00038955785836454
1.7404225E-07, 0.00100779335359999
1.74044203125E-07, 0.00115510713184196
1.7404615625E-07, 0.000347828355324915
1.74048109375E-07, 0.00141549525510827
1.740500625E-07, 0.00185858127858141
1.74052015625E-07, 0.0025846708357579
1.7405396875E-07, 0.0029944583428478
1.74055921875E-07, 0.00270046571757998
1.74057875E-07, 0.00365302983413126
1.74059828125E-07, 0.00305598805156328
1.7406178125E-07, 0.0033414324070666
1.74063734375E-07, 0.00523806468278993
1.740656875E-07, 0.00481279529094074
1.74067640625E-07, 0.00563916962520243
1.7406959375E-07, 0.00555096422283154
1.74071546875E-07, 0.00501276965996595
1.740735E-07, 0.00666909350508476
1.74075453125E-07, 0.00632903189169566
1.7407740625E-07, 0.00810377880982302
1.74079359375E-07, 0.00869393334050365
1.740813125E-07, 0.0084098675423705
1.74083265625E-07, 0.00861919244630409
1.7408521875E-07, 0.00962758874834157
1.74087171875E-07, 0.010951604427496
1.74089125E-07, 0.00941557979208145
1.74091078125E-07, 0.0112202522624461
1.7409303125E-07, 0.0105434650519127
1.74094984375E-07, 0.0123357980631871
1.740969375E-07, 0.0110483999636134
1.74098890625E-07, 0.0127385301747918
1.7410084375E-07, 0.0119612276326016
1.74102796875E-07, 0.0141732835571445
1.7410475E-07, 0.0151695524637685
1.74106703125E-07, 0.0122052874303916
1.7410865625E-07, 0.0163586168687765
1.74110609375E-07, 0.0154658983171486
1.741125625E-07, 0.0167504284456796
1.74114515625E-07, 0.0175032967450115
1.7411646875E-07, 0.0181264376909766
1.74118421875E-07, 0.0177186742259816
1.74120375E-07, 0.0192262695102968
1.74122328125E-07, 0.0209018334126001
1.7412428125E-07, 0.0212935455719741
1.74126234375E-07, 0.0190450595966711
1.741281875E-07, 0.0199452488207159
1.74130140625E-07, 0.0217071145709477
1.7413209375E-07, 0.0220656159519915
1.74134046875E-07, 0.0234163667675303
1.74136E-07, 0.0224965785777912
1.74137953125E-07, 0.0242681160686504
1.7413990625E-07, 0.0249570538312859
1.74141859375E-07, 0.0264538548807829
1.741438125E-07, 0.025436715484057
1.74145765625E-07, 0.0252575738203281
1.7414771875E-07, 0.0282860224748233
1.74149671875E-07, 0.026176964869291
1.74151625E-07, 0.0274973264403613
1.74153578125E-07, 0.0281798546649374
1.7415553125E-07, 0.0296157889913634
1.74157484375E-07, 0.0311447364109512
1.741594375E-07, 0.0301729864935966
1.74161390625E-07, 0.0297706278914154
1.7416334375E-07, 0.0316110544663835
1.74165296875E-07, 0.0319248747591329
1.7416725E-07, 0.0311508197311357
1.74169203125E-07, 0.032610611308224
1.7417115625E-07, 0.032188903161862
1.74173109375E-07, 0.0327239180243436
1.741750625E-07, 0.0326457274062408
1.74177015625E-07, 0.0334177629755646
1.7417896875E-07, 0.0320521773294252
1.74180921875E-07, 0.0337619234370957
1.74182875E-07, 0.0329028562036016
1.74184828125E-07, 0.0340258334855558
1.7418678125E-07, 0.0353083902642165
1.74188734375E-07, 0.0348298573396854
1.741906875E-07, 0.0328504745033579
1.74192640625E-07, 0.0342545757692569
1.7419459375E-07, 0.0347184251825688
1.74196546875E-07, 0.0356483717882728
1.741985E-07, 0.0339445400658855
1.74200453125E-07, 0.0349355242147343
1.7420240625E-07, 0.0348780170342773
1.74204359375E-07, 0.0297272087040878
1.742063125E-07, 0.0361768207923712
1.74208265625E-07, 0.0348384199346562
1.7421021875E-07, 0.0334654787779039
1.74212171875E-07, 0.0348184126935193
1.74214125E-07, 0.0346370862460736
1.74216078125E-07, 0.0341940780286489
1.7421803125E-07, 0.0350847981443114
1.74219984375E-07, 0.0337005442492489
1.742219375E-07, 0.0320538993883531
1.74223890625E-07, 0.0332541019589925
1.7422584375E-07, 0.032672943913082
1.74227796875E-07, 0.0320721151225966
1.7422975E-07, 0.0300086156299219
1.74231703125E-07, 0.0304403390826019
1.7423365625E-07, 0.0312226119054378
1.74235609375E-07, 0.029956986608243
1.742375625E-07, 0.0258026043230595
1.74239515625E-07, 0.0266971239387215
1.7424146875E-07, 0.026469142340906
1.74243421875E-07, 0.0255454955777342
1.74245375E-07, 0.0274200751177328
1.74247328125E-07, 0.0234781896170027
1.7424928125E-07, 0.0252182909330523
1.74251234375E-07, 0.0240855138068481
1.742531875E-07, 0.0229838370382756
1.74255140625E-07, 0.0157421967730704
1.7425709375E-07, 0.0152135426238198
1.74259046875E-07, 0.0200614806281386
1.74261E-07, 0.0169573889543871
1.74262953125E-07, 0.0194377131519284
1.7426490625E-07, 0.0141131037441117
1.74266859375E-07, 0.0149055943135649
1.742688125E-07, 0.0118496193792068
1.74270765625E-07, 0.00328862089397136
1.7427271875E-07, 0.0054850694772476
1.74274671875E-07, 0.00562329008985492
1.74276625E-07, 0.00811365979453038
1.74278578125E-07, 0.00744501507455713
1.7428053125E-07, 0.0046383979434151
1.74282484375E-07, -0.00303850758766843
1.742844375E-07, 0.000134619493378581
1.74286390625E-07, -0.000822064243480693
1.7428834375E-07, -0.00449985798452647
1.74290296875E-07, -0.00261212018865904
1.7429225E-07, -0.00742311873948422
1.74294203125E-07, -0.0117813750474064
1.7429615625E-07, -0.00598008760749854
1.74298109375E-07, -0.019147158387765
1.743000625E-07, -0.0146470451057848
1.74302015625E-07, -0.0196527282418752
1.7430396875E-07, -0.0210451294913546
1.74305921875E-07, -0.0230069768406408
1.74307875E-07, -0.0247858851435747
1.74309828125E-07, -0.0270151705965937
1.7431178125E-07, -0.0306869553342566
1.74313734375E-07, -0.0280549313859299
1.743156875E-07, -0.0314486342488935
1.74317640625E-07, -0.0345781168614111
1.7431959375E-07, -0.0376233409056463
1.74321546875E-07, -0.0386982113408185
1.743235E-07, -0.0430133081741177
1.74325453125E-07, -0.0448498118409675
1.7432740625E-07, -0.0505055207222802
1.74329359375E-07, -0.049866743265822
1.743313125E-07, -0.0479313482658826
1.74333265625E-07, -0.0535987561824952
1.7433521875E-07, -0.0582810477451232
1.74337171875E-07, -0.0614503718289146
1.74339125E-07, -0.0619550530319385
1.74341078125E-07, -0.0598802070263443
1.7434303125E-07, -0.0656593591351113
1.74344984375E-07, -0.0626631993942307
1.743469375E-07, -0.0711882033015908
1.74348890625E-07, -0.0755808231564289
1.7435084375E-07, -0.0757682862577497
1.74352796875E-07, -0.0824670721533843
1.7435475E-07, -0.0809986133212057
1.74356703125E-07, -0.0827602131871206
1.7435865625E-07, -0.0824629451613603
1.74360609375E-07, -0.0891684774628245
1.743625625E-07, -0.0933843339458107
1.74364515625E-07, -0.0917979364863621
1.7436646875E-07, -0.0933306506017127
1.74368421875E-07, -0.0946692455013197
1.74370375E-07, -0.0999728538590532
1.74372328125E-07, -0.0995219231696472
1.7437428125E-07, -0.105411600101886
1.74376234375E-07, -0.10104597754814
1.743781875E-07, -0.106492872960868
1.74380140625E-07, -0.106932906459619
1.7438209375E-07, -0.110206839752282
1.74384046875E-07, -0.111815362766589
1.74386E-07, -0.111662468415903
1.74387953125E-07, -0.116987064087588
1.7438990625E-07, -0.114850681758168
1.74391859375E-07, -0.116874992329573
1.743938125E-07, -0.116447944389201
1.74395765625E-07, -0.115509894507801
1.7439771875E-07, -0.122161380857584
1.74399671875E-07, -0.119458567703654
1.74401625E-07, -0.118762693657556
1.74403578125E-07, -0.120609055811088
1.7440553125E-07, -0.120200748277806
1.74407484375E-07, -0.118711668747695
1.744094375E-07, -0.12067146322734
1.74411390625E-07, -0.122004592986001
1.7441334375E-07, -0.119913463286881
1.74415296875E-07, -0.11981765129835
1.7441725E-07, -0.122248398624291
1.74419203125E-07, -0.120429294339705
1.7442115625E-07, -0.122499597769357
1.74423109375E-07, -0.121651632898519
1.744250625E-07, -0.119975461109142
1.74427015625E-07, -0.115900451389495
1.7442896875E-07, -0.115533957158864
1.74430921875E-07, -0.115970894842016
1.74432875E-07, -0.109076904006132
1.74434828125E-07, -0.104901695789005
1.7443678125E-07, -0.111929542371661
1.74438734375E-07, -0.107769526718447
1.744406875E-07, -0.106859118509222
1.74442640625E-07, -0.0940837689725344
1.7444459375E-07, -0.0980381100581896
1.74446546875E-07, -0.104622476707253
1.744485E-07, -0.0976815028150887
1.74450453125E-07, -0.0966288015097327
1.7445240625E-07, -0.0915424437787452
1.74454359375E-07, -0.0853143495209891
1.744563125E-07, -0.0915615769584466
1.74458265625E-07, -0.0791164883424421
1.7446021875E-07, -0.0752852569972162
1.74462171875E-07, -0.066978805562976
1.74464125E-07, -0.0694875038808997
1.74466078125E-07, -0.0634415932362496
1.7446803125E-07, -0.061150440858375
1.74469984375E-07, -0.0557177577689247
1.744719375E-07, -0.0494779308611274
1.74473890625E-07, -0.0495960345371846
1.7447584375E-07, -0.0390206326118948
1.74477796875E-07, -0.0343800733905444
1.7447975E-07, -0.0420384371111408
1.74481703125E-07, -0.0420579710536433
1.7448365625E-07, -0.0366643897395537
1.74485609375E-07, -0.0301320074152811
1.744875625E-07, -0.00608617960513095
1.74489515625E-07, -0.0210904213812523
1.7449146875E-07, -0.0188403695556939
1.74493421875E-07, -0.00913926332607516
1.74495375E-07, 0.00668162679077761
1.74497328125E-07, 0.0103326719242618
1.7449928125E-07, 0.0140818999453842
1.74501234375E-07, 0.0110331893309422
1.745031875E-07, 0.018168518601581
1.74505140625E-07, 0.0259592857949315
1.7450709375E-07, 0.0290681059316239
1.74509046875E-07, 0.0288665980368961
1.74511E-07, 0.0385294766373363
1.74512953125E-07, 0.0339864747072362
1.7451490625E-07, 0.0445944599350284
1.74516859375E-07, 0.0525096990631333
1.745188125E-07, 0.0457726778600997
1.74520765625E-07, 0.05643183637822
1.7452271875E-07, 0.0692701676858803
1.74524671875E-07, 0.0665833046599639
1.74526625E-07, 0.0577593934622827
1.74528578125E-07, 0.0711767131703887
1.7453053125E-07, 0.0716711405959473
1.74532484375E-07, 0.0765507621993154
1.745344375E-07, 0.0793717611770025
1.74536390625E-07, 0.0757682348314107
1.7453834375E-07, 0.0838014922961602
1.74540296875E-07, 0.0822385941358496
1.7454225E-07, 0.0866521375614092
1.74544203125E-07, 0.0883435136278866
1.7454615625E-07, 0.0903409719020495
1.74548109375E-07, 0.0935201752245899
1.745500625E-07, 0.096866703676151
1.74552015625E-07, 0.0923338158109651
1.7455396875E-07, 0.0910003246001949
1.74555921875E-07, 0.0983146964979019
1.74557875E-07, 0.0995262449146313
1.74559828125E-07, 0.100253553285684
1.7456178125E-07, 0.102477204999114
1.74563734375E-07, 0.100053817669412
1.745656875E-07, 0.102864426394325
1.74567640625E-07, 0.102302897940376
1.7456959375E-07, 0.102467001470293
1.74571546875E-07, 0.101310613261829
1.745735E-07, 0.0993839539583474
1.74575453125E-07, 0.101177492074931
1.7457740625E-07, 0.0951014031296129
1.74579359375E-07, 0.0953391827838618
1.745813125E-07, 0.098315824787157
1.74583265625E-07, 0.0973396272805855
1.7458521875E-07, 0.0969478952302433
1.74587171875E-07, 0.093269081935784
1.74589125E-07, 0.0893106007370881
1.74591078125E-07, 0.0965087671591698
1.7459303125E-07, 0.0855350890637768
1.74594984375E-07, 0.0899862609416248
1.745969375E-07, 0.08839457141305
1.74598890625E-07, 0.086480240512881
1.7460084375E-07, 0.0840685646750498
1.74602796875E-07, 0.0784588212446836
1.7460475E-07, 0.0792878429548717
1.74606703125E-07, 0.0812468425086358
1.7460865625E-07, 0.0761798720766099
1.74610609375E-07, 0.0754123943939551
1.746125625E-07, 0.0691655268556161
1.74614515625E-07, 0.0718942706657433
1.7461646875E-07, 0.0700816392054578
1.74618421875E-07, 0.0676220432984303
1.74620375E-07, 0.0684751733340014
1.74622328125E-07, 0.0643302979719516
1.7462428125E-07, 0.0618706749606236
1.74626234375E-07, 0.0604632436174685
1.746281875E-07, 0.0540069996472027
1.74630140625E-07, 0.05451202898924
1.7463209375E-07, 0.0461325912417026
1.74634046875E-07, 0.0493602646016003
1.74636E-07, 0.0462187916650043
1.74637953125E-07, 0.0421019267507036
1.7463990625E-07, 0.04399484063821
1.74641859375E-07, 0.0449876038563073
1.746438125E-07, 0.0454105083942241
1.74645765625E-07, 0.042993472726529
1.7464771875E-07, 0.0369389801922674
1.74649671875E-07, 0.0360117356776239
1.74651625E-07, 0.036294685922331
1.74653578125E-07, 0.0340068718865401
1.7465553125E-07, 0.032807544994907
1.74657484375E-07, 0.0301979763113794
1.746594375E-07, 0.0288119171234411
1.74661390625E-07, 0.0277005705943227
1.7466334375E-07, 0.0278324787197267
1.74665296875E-07, 0.0249361943548783
1.7466725E-07, 0.0258613649302183
1.74669203125E-07, 0.0235880556012766
1.7467115625E-07, 0.0242002476627791
1.74673109375E-07, 0.0228098870514432
1.746750625E-07, 0.0264198200747186
1.74677015625E-07, 0.0219296417416477
1.7467896875E-07, 0.0234468381027084
1.74680921875E-07, 0.0194455134332841
1.74682875E-07, 0.0191693968728361
1.74684828125E-07, 0.0204724024779545
1.7468678125E-07, 0.0204884495061295
1.74688734375E-07, 0.0190869295456661
1.746906875E-07, 0.0188609168519973
1.74692640625E-07, 0.0217496239465081
1.7469459375E-07, 0.0167045875182806
1.74696546875E-07, 0.0187702072394209
1.746985E-07, 0.0175261654637975
1.74700453125E-07, 0.0185786490263886
1.7470240625E-07, 0.0186775383466416
1.74704359375E-07, 0.0183196261029433
1.747063125E-07, 0.0186226275282353
1.74708265625E-07, 0.0187983163877128
1.7471021875E-07, 0.0203483574693056
1.74712171875E-07, 0.0196189265791515
1.74714125E-07, 0.0188507164723764
1.74716078125E-07, 0.019357276059047
1.7471803125E-07, 0.0189086477195525
1.74719984375E-07, 0.0210585021832576
1.747219375E-07, 0.019188794429596
1.74723890625E-07, 0.0190505904016167
1.7472584375E-07, 0.0191324799584029
1.74727796875E-07, 0.0189055191294398
1.7472975E-07, 0.0191476201496761
1.74731703125E-07, 0.0191286843649973
1.7473365625E-07, 0.0190803385841658
1.74735609375E-07, 0.019485253482608
1.747375625E-07, 0.0185873637251457
1.74739515625E-07, 0.019282556156872
1.7474146875E-07, 0.0194675008658076
1.74743421875E-07, 0.0181886776385154
1.74745375E-07, 0.0195746808323405
1.74747328125E-07, 0.0191938694671111
1.7474928125E-07, 0.0186452677071317
1.74751234375E-07, 0.0185660545778744
1.747531875E-07, 0.0181470544038399
1.74755140625E-07, 0.017828728674273
1.7475709375E-07, 0.0171153506729111
1.74759046875E-07, 0.0164308363617859
1.74761E-07, 0.0169931688856258
1.74762953125E-07, 0.0148195235810831
1.7476490625E-07, 0.0144925807387038
1.74766859375E-07, 0.0158870102465673
1.747688125E-07, 0.0155706321208658
1.74770765625E-07, 0.0143302730221845
1.7477271875E-07, 0.011497413504773
1.74774671875E-07, 0.0120406099379389
1.74776625E-07, 0.0138756902607625
1.74778578125E-07, 0.0113601404564458
1.7478053125E-07, 0.0115842272655662
1.74782484375E-07, 0.0115019501010552
1.747844375E-07, 0.0107166656097866
1.74786390625E-07, 0.0094786283582081
1.7478834375E-07, 0.00746370080437365
1.74790296875E-07, 0.0096883040702917
1.7479225E-07, 0.00833794752606366
1.74794203125E-07, 0.00736572136119214
1.7479615625E-07, 0.0058695167889502
1.74798109375E-07, 0.00466043743518152
1.748000625E-07, 0.00491529643983874
1.74802015625E-07, 0.00666628948562033
1.7480396875E-07, 0.00451501465910986
1.74805921875E-07, 0.00242124959409321
1.74807875E-07, 0.00259964304092892
1.74809828125E-07, 0.000409859353670402
1.7481178125E-07, 0.00214074349891312
1.74813734375E-07, 0.000855626041737596
1.748156875E-07, -8.3141480871638E-05
1.74817640625E-07, -0.00167182029191251
1.7481959375E-07, -0.00087202854246193
1.74821546875E-07, -0.00170915396136423
1.748235E-07, -0.00169139313952698
1.74825453125E-07, -0.00177152893847019
1.7482740625E-07, -0.00303291313955281
1.74829359375E-07, -0.00258791204873449
1.748313125E-07, -0.00538447977883048
1.74833265625E-07, -0.00406932046130527
1.7483521875E-07, -0.00501227384334337
1.74837171875E-07, -0.00450928614490145
1.74839125E-07, -0.00457147531932365
1.74841078125E-07, -0.00691679016781056
1.7484303125E-07, -0.00687494899153102
1.74844984375E-07, -0.00732401320093901
1.748469375E-07, -0.0076066927992407
1.74848890625E-07, -0.00683827307713428
1.7485084375E-07, -0.00824965259742467
1.74852796875E-07, -0.00806583914466475
1.7485475E-07, -0.00867631527580954
1.74856703125E-07, -0.0081424604013834
1.7485865625E-07, -0.00778021703866589
1.74860609375E-07, -0.00873683688199742
1.748625625E-07, -0.00785265923267791
1.74864515625E-07, -0.00874029004906615
1.7486646875E-07, -0.00853744710257113
1.74868421875E-07, -0.0082034872410457
1.74870375E-07, -0.00824436977137915
1.74872328125E-07, -0.00872684065531933
1.7487428125E-07, -0.00782105072747275
1.74876234375E-07, -0.00784563638802424
1.748781875E-07, -0.00849742855296461
1.74880140625E-07, -0.00772754023009735
1.7488209375E-07, -0.00822969929371924
1.74884046875E-07, -0.00817652271249808
1.74886E-07, -0.00743674335686219
1.74887953125E-07, -0.00750801687095978
1.7488990625E-07, -0.00705889540900742
1.74891859375E-07, -0.00662408768685505
1.748938125E-07, -0.00673290992670083
1.74895765625E-07, -0.0059417296377551
1.7489771875E-07, -0.00667546032835079
1.74899671875E-07, -0.00471839225872197
1.74901625E-07, -0.00523268214408489
1.74903578125E-07, -0.00627828182025334
1.7490553125E-07, -0.00504382586369589
1.74907484375E-07, -0.00509261261338571
1.749094375E-07, -0.00490635703725818
1.74911390625E-07, -0.00488457075475261
1.7491334375E-07, -0.00412599505920709
1.74915296875E-07, -0.00349334298921123
1.7491725E-07, -0.00456584872560729
1.74919203125E-07, -0.00338120521316809
1.7492115625E-07, -0.00302088327798372
1.74923109375E-07, -0.00216283402459308
1.749250625E-07, -0.00215232786587143
1.74927015625E-07, -0.00259431908059753
1.7492896875E-07, -0.00148694245228621
1.74930921875E-07, -0.00131234487647661
1.74932875E-07, -0.000538621700115679
1.74934828125E-07, -0.000426435207212123
1.7493678125E-07, -0.000976669548035166
1.74938734375E-07, -0.000613973380067095
1.749406875E-07, -0.000891555837359838
1.74942640625E-07, 0.000131938928431067
1.7494459375E-07, 0.000301093072856088
1.74946546875E-07, 0.000324806751751908
1.749485E-07, 0.00079460501919887
1.74950453125E-07, 0.000775524290711466
1.7495240625E-07, 0.000342407891520974
1.74954359375E-07, 0.000670935873398012
1.749563125E-07, 0.00107702572556428
1.74958265625E-07, 0.00148902694639674
1.7496021875E-07, 0.001474245477243
1.74962171875E-07, 0.00129835595256436
1.74964125E-07, 0.00096581432338598
1.74966078125E-07, 0.00104249814017343
1.7496803125E-07, 0.00192848823650669
1.74969984375E-07, 0.00157237625101681
1.749719375E-07, 0.00142672121670645
1.74973890625E-07, 0.00166609092070002
1.7497584375E-07, 0.0014593112967678
1.74977796875E-07, 0.00159600027537047
1.7497975E-07, 0.00146423134733103
1.74981703125E-07, 0.00171255240682517
1.7498365625E-07, 0.00132487664934104
1.74985609375E-07, 0.000660152987660769
1.749875625E-07, 0.00135089312843679
1.74989515625E-07, 0.00126841098999897
1.7499146875E-07, 0.00160942445547967
1.74993421875E-07, 0.00135267931984658
1.74995375E-07, 0.00105012272378691
1.74997328125E-07, 0.00141782012352655
1.7499928125E-07, 0.00136853274613649
1.75001234375E-07, 0.00111146477448366
1.750031875E-07, 0.000255858455830743
1.75005140625E-07, 0.000229230505742547
1.7500709375E-07, 0.000279168886194224
1.75009046875E-07, 0.000484459376240652
1.75011E-07, 0.000282558340427136
1.75012953125E-07, -0.000858623927437715
1.7501490625E-07, -0.000537217321475199
1.75016859375E-07, -1.9840111937388E-05
1.750188125E-07, -0.000785148440143705
1.75020765625E-07, -0.00107332931356265
1.7502271875E-07, -0.00089524564590903
1.75024671875E-07, -0.00187887677926586
1.75026625E-07, -0.00152813545288397
1.75028578125E-07, -0.00298767077298487
1.7503053125E-07, -0.00218981249022339
1.75032484375E-07, -0.00310581990321944
1.750344375E-07, -0.00214128224803009
1.75036390625E-07, -0.00308791633705842
1.7503834375E-07, -0.00379911300225369
1.75040296875E-07, -0.00484671372168286
1.7504225E-07, -0.00346748728654623
1.75044203125E-07, -0.00363900795044141
1.7504615625E-07, -0.00442250419960631
1.75048109375E-07, -0.0055650647431204
1.750500625E-07, -0.00672123771684171
1.75052015625E-07, -0.00473816676929017
1.7505396875E-07, -0.00745893536585294
1.75055921875E-07, -0.00752945688418759
1.75057875E-07, -0.00712381362440955
1.75059828125E-07, -0.00743073492001355
1.7506178125E-07, -0.00793506943983434
1.75063734375E-07, -0.00887344175603474
1.750656875E-07, -0.0100019964758359
1.75067640625E-07, -0.00964767530435907
1.7506959375E-07, -0.00943242662761947
1.75071546875E-07, -0.0101281807413404
1.750735E-07, -0.011756823761932
1.75075453125E-07, -0.0110165538486307
1.7507740625E-07, -0.0104111363958813
1.75079359375E-07, -0.0122898278276986
1.750813125E-07, -0.0138842387476523
1.75083265625E-07, -0.0144979896859196
1.7508521875E-07, -0.0132470886285262
1.75087171875E-07, -0.0134606286002465
1.75089125E-07, -0.015262316285888
1.75091078125E-07, -0.0168670576021375
1.7509303125E-07, -0.0171154870111959
1.75094984375E-07, -0.0164254937233068
1.750969375E-07, -0.0176057513876507
1.75098890625E-07, -0.0188678022969972
1.7510084375E-07, -0.0170765309751844
1.75102796875E-07, -0.019114113226178
1.7510475E-07, -0.0193486659308722
1.75106703125E-07, -0.0193020245244084
1.7510865625E-07, -0.0225112541721512
1.75110609375E-07, -0.0203116174859657
1.751125625E-07, -0.0208606877029594
1.75114515625E-07, -0.02355713253895
1.7511646875E-07, -0.023296589863116
1.75118421875E-07, -0.0240172814455295
1.75120375E-07, -0.0238976731992116
1.75122328125E-07, -0.0238443681823899
1.7512428125E-07, -0.0253378741287816
1.75126234375E-07, -0.025860497749461
1.751281875E-07, -0.0265081658944538
1.75130140625E-07, -0.0271568435921277
1.7513209375E-07, -0.0262387068812834
1.75134046875E-07, -0.0275312039743025
1.75136E-07, -0.0277024688689145
1.75137953125E-07, -0.0287414350046799
1.7513990625E-07, -0.027999966238273
1.75141859375E-07, -0.0294096365891849
1.751438125E-07, -0.0294952536950675
1.75145765625E-07, -0.0304375516055097
1.7514771875E-07, -0.0302701589919496
1.75149671875E-07, -0.0302490092311089
1.75151625E-07, -0.0308636703633768
1.75153578125E-07, -0.0312846340998448
1.7515553125E-07, -0.0319970504110241
1.75157484375E-07, -0.0309745167259878
1.751594375E-07, -0.0320811043252259
1.75161390625E-07, -0.0324871508520795
1.7516334375E-07, -0.0324746054446157
1.75165296875E-07, -0.0324780101804446
1.7516725E-07, -0.0327614326194651
1.75169203125E-07, -0.0319189665624346
1.7517115625E-07, -0.0327779782006064
1.75173109375E-07, -0.0331407533864246
1.751750625E-07, -0.0337206919641982
1.75177015625E-07, -0.0323498230760519
1.7517896875E-07, -0.0327063497043355
1.75180921875E-07, -0.0326448710506016
1.75182875E-07, -0.0325553024603085
1.75184828125E-07, -0.0321873081332287
1.7518678125E-07, -0.0324699509072508
1.75188734375E-07, -0.0317436497290308
1.751906875E-07, -0.032275211664815
1.75192640625E-07, -0.0321164057022839
1.7519459375E-07, -0.0328389468613287
1.75196546875E-07, -0.0313785760522366
1.751985E-07, -0.0317213962363952
1.75200453125E-07, -0.0316988685383464
1.7520240625E-07, -0.0325699788187793
1.75204359375E-07, -0.0326962414336749
1.752063125E-07, -0.0310325064260473
1.75208265625E-07, -0.0305654063992624
1.7521021875E-07, -0.0307798338631518
1.75212171875E-07, -0.0311393179410339
1.75214125E-07, -0.0300842690535823
1.75216078125E-07, -0.0303303889410317
1.7521803125E-07, -0.0303007251411009
1.75219984375E-07, -0.0294620899279888
1.752219375E-07, -0.0303124524132887
1.75223890625E-07, -0.0292436558635093
1.7522584375E-07, -0.0284319963050081
1.75227796875E-07, -0.0285260984460558
1.7522975E-07, -0.0278724701346182
1.75231703125E-07, -0.0284747133207654
1.7523365625E-07, -0.028257307443222
1.75235609375E-07, -0.0284079844512566
1.752375625E-07, -0.0278542886742167
1.75239515625E-07, -0.0272279568262463
1.7524146875E-07, -0.0268307050290292
1.75243421875E-07, -0.0255403447927243
1.75245375E-07, -0.0251844792968061
1.75247328125E-07, -0.0266133366499836
1.7524928125E-07, -0.0248107045134873
1.75251234375E-07, -0.0235693360247153
1.752531875E-07, -0.0236837485077024
1.75255140625E-07, -0.0232305812132197
1.7525709375E-07, -0.0251598280734375
1.75259046875E-07, -0.023393288233495
1.75261E-07, -0.0233142435326112
1.75262953125E-07, -0.0222494607353151
1.7526490625E-07, -0.0228999340593946
1.75266859375E-07, -0.0216942077957557
1.752688125E-07, -0.0216909155526914
1.75270765625E-07, -0.0210300142911512
1.7527271875E-07, -0.020510426208589
1.75274671875E-07, -0.0208121275849748
1.75276625E-07, -0.0199349843919995
1.75278578125E-07, -0.0194539622836411
1.7528053125E-07, -0.0186150885780586
1.75282484375E-07, -0.0202765854359154
1.752844375E-07, -0.0190915539174587
1.75286390625E-07, -0.0180525328924618
1.7528834375E-07, -0.0169673237258774
1.75290296875E-07, -0.0167735478130186
1.7529225E-07, -0.0190708352873147
1.75294203125E-07, -0.0168598968649038
1.7529615625E-07, -0.0169163759014622
1.75298109375E-07, -0.0141784046741065
1.753000625E-07, -0.0161076785125901
1.75302015625E-07, -0.014862168174679
1.7530396875E-07, -0.0135145250194649
1.75305921875E-07, -0.014661364707472
1.75307875E-07, -0.01326211639474
1.75309828125E-07, -0.0137870689207999
1.7531178125E-07, -0.0120594626198659
1.75313734375E-07, -0.0122517223663926
1.753156875E-07, -0.0125013235048988
1.75317640625E-07, -0.0119043884315842
1.7531959375E-07, -0.0107511907996871
1.75321546875E-07, -0.0103820680807971
1.753235E-07, -0.00936534855742473
1.75325453125E-07, -0.00978395723728589
1.7532740625E-07, -0.0111846437836017
1.75329359375E-07, -0.0089097777906875
1.753313125E-07, -0.00769917928585075
1.75333265625E-07, -0.00819488304127292
1.7533521875E-07, -0.00653425581947034
1.75337171875E-07, -0.00766367654193598
1.75339125E-07, -0.00610931760004495
1.75341078125E-07, -0.00575335757945683
1.7534303125E-07, -0.00564026977249902
1.75344984375E-07, -0.00578355639710896
1.753469375E-07, -0.00600992227749662
1.75348890625E-07, -0.00472820618108017
1.7535084375E-07, -0.00340881155463067
1.75352796875E-07, -0.00514009749306892
1.7535475E-07, -0.00397769206065656
1.75356703125E-07, -0.00466587713863921
1.7535865625E-07, -0.00246164017316413
1.75360609375E-07, -0.00157196779811031
1.753625625E-07, -0.00253777566378526
1.75364515625E-07, -0.0030050387188556
1.7536646875E-07, -0.00193393292895216
1.75368421875E-07, -0.00204059566299877
1.75370375E-07, -0.00128947025110747
1.75372328125E-07, -0.00109532099991655
1.7537428125E-07, -0.00199056916974096
1.75376234375E-07, -0.000604280875874264
1.753781875E-07, 0.000801508283519404
1.75380140625E-07, 0.000354577664781041
1.7538209375E-07, 0.00086048816851868
1.75384046875E-07, 0.000908702397914498
1.75386E-07, 0.000840014372746798
1.75387953125E-07, 0.0016384265544365
1.7538990625E-07, 0.00185652217191174
1.75391859375E-07, 0.00161031418142105
1.753938125E-07, 0.00212797928641867
1.75395765625E-07, 0.00202830666691086
1.7539771875E-07, 0.00158703595687071
1.75399671875E-07, 0.00230921950984872
1.75401625E-07, 0.00244689863047592
1.75403578125E-07, 0.00283296057152277
1.7540553125E-07, 0.00334478232564424
1.75407484375E-07, 0.00321962822541098
1.754094375E-07, 0.00365861085915487
1.75411390625E-07, 0.00317353521915968
1.7541334375E-07, 0.00372066971811457
1.75415296875E-07, 0.003288138185047
1.7541725E-07, 0.0032861818240355
1.75419203125E-07, 0.00344779156654071
1.7542115625E-07, 0.00353207892726246
1.75423109375E-07, 0.00479575314673491
1.754250625E-07, 0.00466051718410175
1.75427015625E-07, 0.00440227187159615
1.7542896875E-07, 0.00478116290382803
1.75430921875E-07, 0.0051003468734524
1.75432875E-07, 0.0052787290612848
1.75434828125E-07, 0.00483234760710627
1.7543678125E-07, 0.00522563773928148
1.75438734375E-07, 0.00556457716162564
1.754406875E-07, 0.00598982326344499
1.75442640625E-07, 0.00509223280438062
1.7544459375E-07, 0.00617611717354512
1.75446546875E-07, 0.00635287019402902
1.754485E-07, 0.00720357825613201
1.75450453125E-07, 0.006469231520123
1.7545240625E-07, 0.00654948944384855
1.75454359375E-07, 0.00715506473802946
1.754563125E-07, 0.00707608692533337
1.75458265625E-07, 0.00759527680635099
1.7546021875E-07, 0.00808304665130899
1.75462171875E-07, 0.00789036377113331
1.75464125E-07, 0.00792949022534101
1.75466078125E-07, 0.00836584392216717
1.7546803125E-07, 0.00844151320100888
1.75469984375E-07, 0.00875823466696942
1.754719375E-07, 0.00901283761460043
1.75473890625E-07, 0.00860459373431752
1.7547584375E-07, 0.010089148324546
1.75477796875E-07, 0.00899813748779131
1.7547975E-07, 0.0100026954115065
1.75481703125E-07, 0.00989714834193226
1.7548365625E-07, 0.0109236667355949
1.75485609375E-07, 0.0108986711697766
1.754875625E-07, 0.010535145667209
1.75489515625E-07, 0.0107687103294646
1.7549146875E-07, 0.0109887183935921
1.75493421875E-07, 0.0120863070785559
1.75495375E-07, 0.011515800169295
1.75497328125E-07, 0.0112161260666728
1.7549928125E-07, 0.0121626486921943
1.75501234375E-07, 0.0122559819492383
1.755031875E-07, 0.0124488131856269
1.75505140625E-07, 0.0118766863953817
1.7550709375E-07, 0.0129132549578189
1.75509046875E-07, 0.0135514289624146
1.75511E-07, 0.0138389595042699
1.75512953125E-07, 0.013492706864207
1.7551490625E-07, 0.0136123233622793
1.75516859375E-07, 0.0136533162219029
1.755188125E-07, 0.0139016598487365
1.75520765625E-07, 0.01359475872091
1.7552271875E-07, 0.0139893113830723
1.75524671875E-07, 0.0142271905603793
1.75526625E-07, 0.0139683540670074
1.75528578125E-07, 0.014518431883674
1.7553053125E-07, 0.0140990081377591
1.75532484375E-07, 0.0138731071034382
1.755344375E-07, 0.0147211690048
1.75536390625E-07, 0.014494162997612
1.7553834375E-07, 0.0150041597054188
1.75540296875E-07, 0.0145725172433536
1.7554225E-07, 0.0145259269194226
1.75544203125E-07, 0.0147401731653571
1.7554615625E-07, 0.0144703304284404
1.75548109375E-07, 0.0147729416876252
1.755500625E-07, 0.0143298026908773
1.75552015625E-07, 0.0141207841487519
1.7555396875E-07, 0.0142654320663473
1.75555921875E-07, 0.0141314950088323
1.75557875E-07, 0.0138475412278358
1.75559828125E-07, 0.0135551721334985
1.7556178125E-07, 0.0138798136984834
1.75563734375E-07, 0.0136120105820085
1.755656875E-07, 0.0137110749915699
1.75567640625E-07, 0.0131234215252699
1.7556959375E-07, 0.0127181222517858
1.75571546875E-07, 0.0124231127616018
1.755735E-07, 0.0122687183123799
1.75575453125E-07, 0.0122275917053551
1.7557740625E-07, 0.0126507908049694
1.75579359375E-07, 0.0115743254349275
1.755813125E-07, 0.0115466967040521
1.75583265625E-07, 0.011166110462454
1.7558521875E-07, 0.0110197627197743
1.75587171875E-07, 0.010688661340848
1.75589125E-07, 0.0109299910370608
1.75591078125E-07, 0.010727192626055
1.7559303125E-07, 0.00964897344947796
1.75594984375E-07, 0.00961111963700991
1.755969375E-07, 0.00955046005320699
1.75598890625E-07, 0.00880075379601961
1.7560084375E-07, 0.00878482468897828
1.75602796875E-07, 0.00861246931492851
1.7560475E-07, 0.00870307756305574
1.75606703125E-07, 0.00768053729688292
1.7560865625E-07, 0.00769740950990479
1.75610609375E-07, 0.0076203516206012
1.756125625E-07, 0.00779271618795783
1.75614515625E-07, 0.00654579274158542
1.7561646875E-07, 0.0059131491356842
1.75618421875E-07, 0.00612085615503874
1.75620375E-07, 0.00578196414613575
1.75622328125E-07, 0.00643680581699596
1.7562428125E-07, 0.00646480572173088
1.75626234375E-07, 0.00523272329417011
1.756281875E-07, 0.0051635592021035
1.75630140625E-07, 0.00448026478257624
1.7563209375E-07, 0.00458227084896579
1.75634046875E-07, 0.00466020534739079
1.75636E-07, 0.00432693198238904
1.75637953125E-07, 0.0040922770814987
1.7563990625E-07, 0.00363303221091642
1.75641859375E-07, 0.00417060488183274
1.756438125E-07, 0.00435369239265033
1.75645765625E-07, 0.00338075425225969
1.7564771875E-07, 0.00312280300050561
1.75649671875E-07, 0.00319613382555091
1.75651625E-07, 0.00243454058630864
1.75653578125E-07, 0.00289331716790198
1.7565553125E-07, 0.0030998937372961
1.75657484375E-07, 0.00298349729147725
1.756594375E-07, 0.00298707836707543
1.75661390625E-07, 0.00252267736101257
1.7566334375E-07, 0.0023952173625459
1.75665296875E-07, 0.00300160318363902
1.7566725E-07, 0.00344462690971924
1.75669203125E-07, 0.00257472159058874
1.7567115625E-07, 0.00249383699202707
1.75673109375E-07, 0.00307828127943528
1.756750625E-07, 0.00291373988315338
1.75677015625E-07, 0.002252433013076
1.7567896875E-07, 0.00338712130014403
1.75680921875E-07, 0.00313926017081582
1.75682875E-07, 0.00280525241514022
1.75684828125E-07, 0.0027941791414177
1.7568678125E-07, 0.00337010573667144
1.75688734375E-07, 0.00350080742592589
1.756906875E-07, 0.00346146265412764
1.75692640625E-07, 0.00330105238140305
1.7569459375E-07, 0.00454710952278733
1.75696546875E-07, 0.003403144485618
1.756985E-07, 0.00367868116260328
1.75700453125E-07, 0.0046640441513868
1.7570240625E-07, 0.00372870322998154
1.75704359375E-07, 0.00426781340924344
1.757063125E-07, 0.00374813866933163
1.75708265625E-07, 0.00463813504360134
1.7571021875E-07, 0.0044390551131615
1.75712171875E-07, 0.00420099731298745
1.75714125E-07, 0.00509652586044528
1.75716078125E-07, 0.00548016603165471
1.7571803125E-07, 0.00460116539443412
1.75719984375E-07, 0.00565118926441664
1.757219375E-07, 0.00567623643162797
1.75723890625E-07, 0.00583822476272427
1.7572584375E-07, 0.00503019425266485
1.75727796875E-07, 0.00578636345786092
1.7572975E-07, 0.00547735018066746
1.75731703125E-07, 0.00582076379091986
1.7573365625E-07, 0.00647585951746255
1.75735609375E-07, 0.00685916389545723
1.757375625E-07, 0.00626602611720017
1.75739515625E-07, 0.00689905276182854
1.7574146875E-07, 0.006734571851428
1.75743421875E-07, 0.0068970648510484
1.75745375E-07, 0.00728966353234982
1.75747328125E-07, 0.0077215855091531
1.7574928125E-07, 0.00673292426146455
1.75751234375E-07, 0.00702998353904025
1.757531875E-07, 0.00681427685737485
1.75755140625E-07, 0.00709061310515476
1.7575709375E-07, 0.00756056674970601
1.75759046875E-07, 0.00734095671031954
1.75761E-07, 0.00766555291638115
1.75762953125E-07, 0.00728651805736757
1.7576490625E-07, 0.008404121140647
1.75766859375E-07, 0.00771715520549916
1.757688125E-07, 0.00807089430461525
1.75770765625E-07, 0.0082528523974966
1.7577271875E-07, 0.0078230980503917
1.75774671875E-07, 0.00823651012946683
1.75776625E-07, 0.00858595685602622
1.75778578125E-07, 0.00852218831080102
1.7578053125E-07, 0.0087081386881574
1.75782484375E-07, 0.00845376816247369
1.757844375E-07, 0.00925887551144114
1.75786390625E-07, 0.00883752000929935
1.7578834375E-07, 0.00913269720907916
1.75790296875E-07, 0.0088247306524205
1.7579225E-07, 0.00901127250068053
1.75794203125E-07, 0.00954622738452278
1.7579615625E-07, 0.00961526195226447
1.75798109375E-07, 0.00965676424943616
1.758000625E-07, 0.00935917097891268
1.75802015625E-07, 0.00937136516987027
1.7580396875E-07, 0.00995309696703583
1.75805921875E-07, 0.00984802082908007
1.75807875E-07, 0.00965391677516889
1.75809828125E-07, 0.00988100375614481
1.7581178125E-07, 0.00963799563750334
1.75813734375E-07, 0.0104969450169238
1.758156875E-07, 0.00994882238058051
1.75817640625E-07, 0.00969686842322353
1.7581959375E-07, 0.0109399465431989
1.75821546875E-07, 0.0107273383626349
1.758235E-07, 0.0108214289521947
1.75825453125E-07, 0.0101925336585152
1.7582740625E-07, 0.0105601198401139
1.75829359375E-07, 0.0102679869577536
1.758313125E-07, 0.0106367799420028
1.75833265625E-07, 0.0110195545456015
1.7583521875E-07, 0.0110199021475346
1.75837171875E-07, 0.0108226937780845
1.75839125E-07, 0.0108487499688768
1.75841078125E-07, 0.0113396882057357
1.7584303125E-07, 0.0111456064453906
1.75844984375E-07, 0.0119185307316735
1.758469375E-07, 0.0112785900736549
1.75848890625E-07, 0.0114470473925021
1.7585084375E-07, 0.0119592239872118
1.75852796875E-07, 0.0114867807375746
1.7585475E-07, 0.0116482333476229
1.75856703125E-07, 0.0122502635215785
1.7585865625E-07, 0.011892119833443
1.75860609375E-07, 0.0124139317323189
1.758625625E-07, 0.0116005475678885
1.75864515625E-07, 0.012656807332555
1.7586646875E-07, 0.012361526860331
1.75868421875E-07, 0.0126649227581316
1.75870375E-07, 0.0125877911799662
1.75872328125E-07, 0.0127252443535784
1.7587428125E-07, 0.012561796678085
1.75876234375E-07, 0.0121355914179974
1.758781875E-07, 0.0124988935043613
1.75880140625E-07, 0.012679064478847
1.7588209375E-07, 0.0126622421675736
1.75884046875E-07, 0.0122427890011045
1.75886E-07, 0.0126413681024798
1.75887953125E-07, 0.0128705889565099
1.7588990625E-07, 0.0133612243453137
1.75891859375E-07, 0.0124864843542192
1.758938125E-07, 0.0126123666523856
1.75895765625E-07, 0.0131312681488036
1.7589771875E-07, 0.0125622689161566
1.75899671875E-07, 0.0135046115237754
1.75901625E-07, 0.0129277867313649
1.75903578125E-07, 0.0113460216848228
1.7590553125E-07, 0.0135457728463288
1.75907484375E-07, 0.0133376478109013
1.759094375E-07, 0.0127720987200815
1.75911390625E-07, 0.0129157114782205
1.7591334375E-07, 0.0129186370865815
1.75915296875E-07, 0.0126116441961376
1.7591725E-07, 0.012586733857268
1.75919203125E-07, 0.0117362761709316
1.7592115625E-07, 0.0123267362539076
1.75923109375E-07, 0.0123831037360117
1.759250625E-07, 0.0115790112074674
1.75927015625E-07, 0.011604492200008
1.7592896875E-07, 0.0107922787371275
1.75930921875E-07, 0.0110008353385279
1.75932875E-07, 0.012274569602878
1.75934828125E-07, 0.0121089600463763
1.7593678125E-07, 0.0118190201477416
1.75938734375E-07, 0.0106259252222042
1.759406875E-07, 0.0108309089496738
1.75942640625E-07, 0.0110698203711256
1.7594459375E-07, 0.0107222594816856
1.75946546875E-07, 0.00998431459380829
1.759485E-07, 0.00991713921436623
1.75950453125E-07, 0.0101644953282112
1.7595240625E-07, 0.00936478900397083
1.75954359375E-07, 0.0101063022604586
1.759563125E-07, 0.00935889246106339
1.75958265625E-07, 0.00970725898617671
1.7596021875E-07, 0.00763258424900569
1.75962171875E-07, 0.0082738862205428
1.75964125E-07, 0.00815488241452048
1.75966078125E-07, 0.00837658691814353
1.7596803125E-07, 0.00858816148464368
1.75969984375E-07, 0.0071393382478122
1.759719375E-07, 0.00728432519936513
1.75973890625E-07, 0.00648783466591665
1.7597584375E-07, 0.00553912087310331
1.75977796875E-07, 0.00741486710329701
1.7597975E-07, 0.00529914753923454
1.75981703125E-07, 0.00404691955571663
1.7598365625E-07, 0.00295405738463107
1.75985609375E-07, 0.00322683411452112
1.759875625E-07, 0.00392036933418773
1.75989515625E-07, 0.00328861582642153
1.7599146875E-07, 0.00267103691196187
1.75993421875E-07, 0.00298798061570658
1.75995375E-07, 0.00193859445029595
1.75997328125E-07, 0.00167885094502892
1.7599928125E-07, -0.000456807440539801
1.76001234375E-07, 0.000835998810416244
1.760031875E-07, 0.00186371854664602
1.76005140625E-07, 0.00210480477169341
1.7600709375E-07, -0.00114050845223643
1.76009046875E-07, -0.000835656560128869
1.76011E-07, -0.000802947631099861
1.76012953125E-07, 4.78074854790431E-05
1.7601490625E-07, -0.00234127053773569
1.76016859375E-07, -0.00211049746666109
1.760188125E-07, -0.00398045857410575
1.76020765625E-07, -0.00249683528348182
1.7602271875E-07, -0.00269771952774572
1.76024671875E-07, -0.00511571501638774
1.76026625E-07, -0.00544833654303446
1.76028578125E-07, -0.00475820163868514
1.7603053125E-07, -0.0050345095480247
1.76032484375E-07, -0.00494080134325793
1.760344375E-07, -0.00635873740871525
1.76036390625E-07, -0.00682529507919742
1.7603834375E-07, -0.00870486142218564
1.76040296875E-07, -0.0070594930952575
1.7604225E-07, -0.00840272820895387
1.76044203125E-07, -0.00986859142780022
1.7604615625E-07, -0.0102251883944927
1.76048109375E-07, -0.00988024918271098
1.760500625E-07, -0.0108089913351752
1.76052015625E-07, -0.0115220209882172
1.7605396875E-07, -0.0122763134604245
1.76055921875E-07, -0.0114051060175306
1.76057875E-07, -0.0110935750950802
1.76059828125E-07, -0.0122509750970293
1.7606178125E-07, -0.0132456769613186
1.76063734375E-07, -0.0122792640343487
1.760656875E-07, -0.0128836103002546
1.76067640625E-07, -0.013840586356294
1.7606959375E-07, -0.014089251660928
1.76071546875E-07, -0.0142953676859417
1.760735E-07, -0.0157187046675528
1.76075453125E-07, -0.0148959289298997
1.7607740625E-07, -0.0152065536762407
1.76079359375E-07, -0.0151435030328069
1.760813125E-07, -0.0153621983554821
1.76083265625E-07, -0.0155194009084179
1.7608521875E-07, -0.0157314460504254
1.76087171875E-07, -0.0155251602109686
1.76089125E-07, -0.0161808133929036
1.76091078125E-07, -0.0160692005246522
1.7609303125E-07, -0.0159264288765927
1.76094984375E-07, -0.0163575214433037
1.760969375E-07, -0.0161325872028481
1.76098890625E-07, -0.0155465841795847
1.7610084375E-07, -0.0158268314666812
1.76102796875E-07, -0.0146449439579028
1.7610475E-07, -0.0163165094006035
1.76106703125E-07, -0.0162154314818096
1.7610865625E-07, -0.015528928424299
1.76110609375E-07, -0.015294718283767
1.761125625E-07, -0.0162524568320004
1.76114515625E-07, -0.0158603826962121
1.7611646875E-07, -0.0151025157401877
1.76118421875E-07, -0.0151516273585894
1.76120375E-07, -0.0143408878068652
1.76122328125E-07, -0.0151556322421278
1.7612428125E-07, -0.015195329357131
1.76126234375E-07, -0.014633734649517
1.761281875E-07, -0.0147042044891116
1.76130140625E-07, -0.0145094925181929
1.7613209375E-07, -0.0138899589227563
1.76134046875E-07, -0.0136503255163656
1.76136E-07, -0.0126603224388517
1.76137953125E-07, -0.0130167968641563
1.7613990625E-07, -0.0129221572297929
1.76141859375E-07, -0.0118086441725045
1.761438125E-07, -0.0112514836333812
1.76145765625E-07, -0.0121773974824613
1.7614771875E-07, -0.0116981605824159
1.76149671875E-07, -0.0113868221494365
1.76151625E-07, -0.0112451114553912
1.76153578125E-07, -0.0103243539099631
1.7615553125E-07, -0.0097842698007363
1.76157484375E-07, -0.00902041082696371
1.761594375E-07, -0.00929380701883165
1.76161390625E-07, -0.00891384641748867
1.7616334375E-07, -0.00898524207953079
1.76165296875E-07, -0.00915061701677023
1.7616725E-07, -0.00844453401260672
1.76169203125E-07, -0.00788426034059983
1.7617115625E-07, -0.00773582272906959
1.76173109375E-07, -0.00793089737619577
1.761750625E-07, -0.00674303282510037
1.76177015625E-07, -0.00560638763665918
1.7617896875E-07, -0.00677498087597563
1.76180921875E-07, -0.0064047968303237
1.76182875E-07, -0.0065636010705522
1.76184828125E-07, -0.00623009500170542
1.7618678125E-07, -0.00650885735915447
1.76188734375E-07, -0.00608284024581549
1.761906875E-07, -0.00635267481101218
1.76192640625E-07, -0.00594610621992803
1.7619459375E-07, -0.00542856334041529
1.76196546875E-07, -0.0053783339277298
1.761985E-07, -0.00579728906632449
1.76200453125E-07, -0.00499973308722833
1.7620240625E-07, -0.00548367461108376
1.76204359375E-07, -0.00534613075729755
1.762063125E-07, -0.00474003538175947
1.76208265625E-07, -0.00466045990193951
1.7621021875E-07, -0.00561230452737144
1.76212171875E-07, -0.00536142804068808
1.76214125E-07, -0.00543407123033804
1.76216078125E-07, -0.00544178575943562
1.7621803125E-07, -0.00523271827437
1.76219984375E-07, -0.00593830869858747
1.762219375E-07, -0.00610236490981111
1.76223890625E-07, -0.00667686472447315
1.7622584375E-07, -0.00624666568158472
1.76227796875E-07, -0.00584344533656356
1.7622975E-07, -0.00645375973298513
1.76231703125E-07, -0.00634899746084247
1.7623365625E-07, -0.00627100173531663
1.76235609375E-07, -0.00644382026658442
1.762375625E-07, -0.00631194623172444
1.76239515625E-07, -0.00683040512573402
1.7624146875E-07, -0.00681513190722612
1.76243421875E-07, -0.00749154172858546
1.76245375E-07, -0.00711171200182487
1.76247328125E-07, -0.00792734613255162
1.7624928125E-07, -0.00771743550864157
1.76251234375E-07, -0.00786961892819391
1.762531875E-07, -0.00796545984972927
1.76255140625E-07, -0.0084325044635546
1.7625709375E-07, -0.00858715436362981
1.76259046875E-07, -0.00901831398998238
1.76261E-07, -0.00906672515570818
1.76262953125E-07, -0.00905053844842844
1.7626490625E-07, -0.00959745981181963
1.76266859375E-07, -0.00949302582516787
1.762688125E-07, -0.00913203664822889
1.76270765625E-07, -0.0096380713393534
1.7627271875E-07, -0.0100045198414022
1.76274671875E-07, -0.00991852209848863
1.76276625E-07, -0.0097402871380359
1.76278578125E-07, -0.00987913704895609
1.7628053125E-07, -0.0102830987721034
1.76282484375E-07, -0.010667973034142
1.762844375E-07, -0.010607248453724
1.76286390625E-07, -0.0102898482753136
1.7628834375E-07, -0.00950818678768568
1.76290296875E-07, -0.010803926066321
1.7629225E-07, -0.0105737659550213
1.76294203125E-07, -0.0107718202293021
1.7629615625E-07, -0.0103839033600278
1.76298109375E-07, -0.0108691793712845
1.763000625E-07, -0.0105086808980277
1.76302015625E-07, -0.0107359539775508
1.7630396875E-07, -0.0109343003615851
1.76305921875E-07, -0.0106978338491716
1.76307875E-07, -0.0107516267506749
1.76309828125E-07, -0.0107024659281938
1.7631178125E-07, -0.0105270535684288
1.76313734375E-07, -0.01064495557631
1.763156875E-07, -0.0103453578544739
1.76317640625E-07, -0.0102052042836261
1.7631959375E-07, -0.0105159930823231
1.76321546875E-07, -0.0103791382199424
1.763235E-07, -0.0101230356456707
1.76325453125E-07, -0.00975974889738354
1.7632740625E-07, -0.00989232392785042
1.76329359375E-07, -0.00986830148666109
1.763313125E-07, -0.0100057196109573
1.76333265625E-07, -0.00982151730590371
1.7633521875E-07, -0.00934149745000173
1.76337171875E-07, -0.0092120899920641
1.76339125E-07, -0.00864538451640758
1.76341078125E-07, -0.00882253772977545
1.7634303125E-07, -0.00930484432434896
1.76344984375E-07, -0.00908519731412933
1.763469375E-07, -0.00866846241394944
1.76348890625E-07, -0.00795091057301349
1.7635084375E-07, -0.00837390233069346
1.76352796875E-07, -0.00798735748608971
1.7635475E-07, -0.00779464118359262
1.76356703125E-07, -0.00783311182934567
1.7635865625E-07, -0.00713831747796647
1.76360609375E-07, -0.00749388986292155
1.763625625E-07, -0.00752522133980109
1.76364515625E-07, -0.00726481520687177
1.7636646875E-07, -0.00708276315342789
1.76368421875E-07, -0.00704394803177161
1.76370375E-07, -0.00685759350262452
1.76372328125E-07, -0.00652525231789313
1.7637428125E-07, -0.00675110728609678
1.76376234375E-07, -0.00625815581927045
1.763781875E-07, -0.0069151828287393
1.76380140625E-07, -0.0062910236562669
1.7638209375E-07, -0.00578675150337409
1.76384046875E-07, -0.00667558566947288
1.76386E-07, -0.00581354589764147
1.76387953125E-07, -0.00602899653339968
1.7638990625E-07, -0.00606849579337389
1.76391859375E-07, -0.00584494658996725
1.763938125E-07, -0.00515307881412689
1.76395765625E-07, -0.00563741997103475
1.7639771875E-07, -0.00532028080791182
1.76399671875E-07, -0.00516034336749665
1.76401625E-07, -0.00499244069411967
1.76403578125E-07, -0.00546540515706788
1.7640553125E-07, -0.00510178240007786
1.76407484375E-07, -0.00497399631295608
1.764094375E-07, -0.00488962701411005
1.76411390625E-07, -0.00454202757091018
1.7641334375E-07, -0.00513249568373172
1.76415296875E-07, -0.00471515574388459
1.7641725E-07, -0.00484215437717877
1.76419203125E-07, -0.00521860736292566
1.7642115625E-07, -0.00480036338162214
1.76423109375E-07, -0.00478481933991758
1.764250625E-07, -0.00454340267010104
1.76427015625E-07, -0.00474787713231067
1.7642896875E-07, -0.00464305985101147
1.76430921875E-07, -0.00500382053992974
1.76432875E-07, -0.00465504955583078
1.76434828125E-07, -0.00488023362603306
1.7643678125E-07, -0.00484335039586059
1.76438734375E-07, -0.00475595092282738
1.764406875E-07, -0.00469582286841399
1.76442640625E-07, -0.00503047259517634
1.7644459375E-07, -0.00459382746952776
1.76446546875E-07, -0.0046725210025863
1.764485E-07, -0.00485110797647227
1.76450453125E-07, -0.00488286318381242
1.7645240625E-07, -0.00465724949213
1.76454359375E-07, -0.00470464363600074
1.764563125E-07, -0.00489884102979834
1.76458265625E-07, -0.00500893022043577
1.7646021875E-07, -0.00459961846726802
1.76462171875E-07, -0.00489280049890362
1.76464125E-07, -0.00495297744386616
1.76466078125E-07, -0.00490121422389295
1.7646803125E-07, -0.00443111599395685
1.76469984375E-07, -0.00486496464836308
1.764719375E-07, -0.00484631550394621
1.76473890625E-07, -0.00497613008667009
1.7647584375E-07, -0.00504575696779956
1.76477796875E-07, -0.00491043577097135
1.7647975E-07, -0.00507078996715991
1.76481703125E-07, -0.00466013825674539
1.7648365625E-07, -0.00483335912784539
1.76485609375E-07, -0.0048388164281009
1.764875625E-07, -0.00499198199771694
1.76489515625E-07, -0.00488345620143861
1.7649146875E-07, -0.00474819827014592
1.76493421875E-07, -0.00490471687963184
1.76495375E-07, -0.00478573362197896
1.76497328125E-07, -0.00472287576358845
1.7649928125E-07, -0.00455408897757544
1.76501234375E-07, -0.00482435006065627
1.765031875E-07, -0.0044762855937236
1.76505140625E-07, -0.00484925656202882
1.7650709375E-07, -0.00487189288274482
1.76509046875E-07, -0.0044254859419428
1.76511E-07, -0.00440950471960624
1.76512953125E-07, -0.00464530043922279
1.7651490625E-07, -0.00493590366411472
1.76516859375E-07, -0.00433603310451369
1.765188125E-07, -0.00463394258771116
1.76520765625E-07, -0.00433902351722303
1.7652271875E-07, -0.00414773742343577
1.76524671875E-07, -0.00445397610198429
1.76526625E-07, -0.00425665929109359
1.76528578125E-07, -0.00420470725794892
1.7653053125E-07, -0.00426047300561667
1.76532484375E-07, -0.00354778267656792
1.765344375E-07, -0.00407286113898612
1.76536390625E-07, -0.00416836082943979
1.7653834375E-07, -0.00411661490930485
1.76540296875E-07, -0.00405219075750434
1.7654225E-07, -0.00414505760734713
1.76544203125E-07, -0.00401893246193605
1.7654615625E-07, -0.00389077229086319
1.76548109375E-07, -0.00407816733657105
1.765500625E-07, -0.00396781021625736
1.76552015625E-07, -0.00390022612042924
1.7655396875E-07, -0.00394728476673489
1.76555921875E-07, -0.00414731164993581
1.76557875E-07, -0.00392821478278001
1.76559828125E-07, -0.00394738449208089
1.7656178125E-07, -0.0040245766346455
1.76563734375E-07, -0.00406262756194385
1.765656875E-07, -0.00378384648948405
1.76567640625E-07, -0.00387143320196975
1.7656959375E-07, -0.00392627347270708
1.76571546875E-07, -0.00410573591642352
1.765735E-07, -0.00380654773542025
1.76575453125E-07, -0.00388991607134488
1.7657740625E-07, -0.00386463697383941
1.76579359375E-07, -0.00394536062501672
1.765813125E-07, -0.0039150833453055
1.76583265625E-07, -0.00395725031480307
1.7658521875E-07, -0.00372992639027743
1.76587171875E-07, -0.00390860723913681
1.76589125E-07, -0.0036439105397461
1.76591078125E-07, -0.0036956996818741
1.7659303125E-07, -0.00375294585959602
1.76594984375E-07, -0.00398505441873065
1.765969375E-07, -0.00404172649337772
1.76598890625E-07, -0.00393968706553926
1.7660084375E-07, -0.00375614084494135
1.76602796875E-07, -0.00358005708254996
1.7660475E-07, -0.00371608031003367
1.76606703125E-07, -0.00388172990329747
1.7660865625E-07, -0.00369604951567597
1.76610609375E-07, -0.00381452192300799
1.766125625E-07, -0.00391577223281897
1.76614515625E-07, -0.00385620790192168
1.7661646875E-07, -0.00389126180300433
1.76618421875E-07, -0.00383782561486334
1.76620375E-07, -0.00348238003764254
1.76622328125E-07, -0.00395682421177635
1.7662428125E-07, -0.00374200156064965
1.76626234375E-07, -0.00358422371973637
1.766281875E-07, -0.00377465471523693
1.76630140625E-07, -0.003434846730905
1.7663209375E-07, -0.00332477374779592
1.76634046875E-07, -0.0037594256597216
1.76636E-07, -0.00369220566114569
1.76637953125E-07, -0.00353016530065731
1.7663990625E-07, -0.0036462826389474
1.76641859375E-07, -0.00376507043724839
1.766438125E-07, -0.00327195470286935
1.76645765625E-07, -0.00321798510107616
1.7664771875E-07, -0.00317289940409604
1.76649671875E-07, -0.00325299417189445
1.76651625E-07, -0.00309290753741096
1.76653578125E-07, -0.00293855961637158
1.7665553125E-07, -0.00282591556730587
1.76657484375E-07, -0.00290845418491419
1.766594375E-07, -0.00315188882728373
1.76661390625E-07, -0.00337463117832935
1.7666334375E-07, -0.00304828277215797
1.76665296875E-07, -0.00315839200833471
1.7666725E-07, -0.00267496937345707
1.76669203125E-07, -0.00294961509394771
1.7667115625E-07, -0.00274342398080801
1.76673109375E-07, -0.00246679461466407
1.766750625E-07, -0.00302729935460402
1.76677015625E-07, -0.00259977916114752
1.7667896875E-07, -0.00235807700948153
1.76680921875E-07, -0.00299126451779614
1.76682875E-07, -0.0023041260343948
1.76684828125E-07, -0.00221529987688157
1.7668678125E-07, -0.00195925469851324
1.76688734375E-07, -0.00267064576593119
1.766906875E-07, -0.00184494055366289
1.76692640625E-07, -0.00153072210673516
1.7669459375E-07, -0.00267483389702397
1.76696546875E-07, -0.00218966416590146
1.766985E-07, -0.00213052536332829
1.76700453125E-07, -0.00206685741469276
1.7670240625E-07, -0.00271246945368607
1.76704359375E-07, -0.00228776050032755
1.767063125E-07, -0.00202663557237721
1.76708265625E-07, -0.00190591786353666
1.7671021875E-07, -0.00171634139198592
1.76712171875E-07, -0.00248274629436867
1.76714125E-07, -0.00123306403180731
1.76716078125E-07, -0.00169274983799955
1.7671803125E-07, -0.00219192718474228
1.76719984375E-07, -0.00194121088585548
1.767219375E-07, -0.00228719314458747
1.76723890625E-07, -0.00216433885061377
1.7672584375E-07, -0.00180696046977155
1.76727796875E-07, -0.00228775177796983
1.7672975E-07, -0.00208673789294494
1.76731703125E-07, -0.00193809773420732
1.7673365625E-07, -0.00251292188473102
1.76735609375E-07, -0.00241189282514302
1.767375625E-07, -0.00212687550644903
1.76739515625E-07, -0.00216872977276551
1.7674146875E-07, -0.00198753089897818
1.76743421875E-07, -0.00220879565443181
1.76745375E-07, -0.00258812977557179
1.76747328125E-07, -0.00181031325824585
1.7674928125E-07, -0.00247784636310034
1.76751234375E-07, -0.00233095312816175
1.767531875E-07, -0.00279098379353611
1.76755140625E-07, -0.00238777825395814
1.7675709375E-07, -0.00290627666345822
1.76759046875E-07, -0.00228398153024184
1.76761E-07, -0.00264167605880038
1.76762953125E-07, -0.00274962542548782
1.7676490625E-07, -0.00260117240730414
1.76766859375E-07, -0.00250984186455951
1.767688125E-07, -0.00254268277272684
1.76770765625E-07, -0.00278098514990289
1.7677271875E-07, -0.00295186733550289
1.76774671875E-07, -0.00207563594680152
1.76776625E-07, -0.00234062718835238
1.76778578125E-07, -0.00272117883031072
1.7678053125E-07, -0.00275404121654938
1.76782484375E-07, -0.00240724835014541
1.767844375E-07, -0.00251659244737741
1.76786390625E-07, -0.00251978006572063
1.7678834375E-07, -0.00187730945334473
1.76790296875E-07, -0.00244592537831887
1.7679225E-07, -0.00306923531172993
1.76794203125E-07, -0.00230486132533041
1.7679615625E-07, -0.00199752840450697
1.76798109375E-07, -0.00256672783246107
1.768000625E-07, -0.00130384107387886
1.76802015625E-07, -0.00197449440843192
1.7680396875E-07, -0.0014146266307634
1.76805921875E-07, -0.00141342783328899
1.76807875E-07, -0.00170664842300914
1.76809828125E-07, -0.00134168455693548
1.7681178125E-07, -0.00129229904610095
1.76813734375E-07, -0.000555589560696413
1.768156875E-07, -0.000393745347567601
1.76817640625E-07, -0.000515364402950557
1.7681959375E-07, 0.000456167151789151
1.76821546875E-07, -8.61961160405066E-05
1.768235E-07, -0.000346224422067497
1.76825453125E-07, 0.000766491413419378
1.7682740625E-07, 0.00128014048497447
1.76829359375E-07, 0.00132768429971077
1.768313125E-07, 0.00137011294923075
1.76833265625E-07, 0.00184363755307251
1.7683521875E-07, 0.00276211935478827
1.76837171875E-07, 0.00236331385082423
1.76839125E-07, 0.00274555246140817
1.76841078125E-07, 0.00252267138552961
1.7684303125E-07, 0.00344846052520665
1.76844984375E-07, 0.00425198900839408
1.768469375E-07, 0.00378004280688949
1.76848890625E-07, 0.00354148911586244
1.7685084375E-07, 0.0041650907325927
1.76852796875E-07, 0.00444246225293992
1.7685475E-07, 0.00537608748404858
1.76856703125E-07, 0.00575471342162151
1.7685865625E-07, 0.00524530357994664
1.76860609375E-07, 0.00594723037552351
1.768625625E-07, 0.00634051884794984
1.76864515625E-07, 0.00582802103629957
1.7686646875E-07, 0.00631017709727733
1.76868421875E-07, 0.00602698176710664
1.76870375E-07, 0.0066028155119206
1.76872328125E-07, 0.00702048124058907
1.7687428125E-07, 0.00699303842500448
1.76876234375E-07, 0.0069304652610253
1.768781875E-07, 0.00720989012077592
1.76880140625E-07, 0.00721143801840473
1.7688209375E-07, 0.00732826082423861
1.76884046875E-07, 0.00761313075790174
1.76886E-07, 0.00725850755831014
1.76887953125E-07, 0.00716200105596143
1.7688990625E-07, 0.00704512217678261
1.76891859375E-07, 0.00721143250979628
1.768938125E-07, 0.00660947464619136
1.76895765625E-07, 0.00654564635061686
1.7689771875E-07, 0.00645268918343889
1.76899671875E-07, 0.00648212560865551
1.76901625E-07, 0.00653579721864367
1.76903578125E-07, 0.0065411692778525
1.7690553125E-07, 0.00575836629431647
1.76907484375E-07, 0.00621158983093877
1.769094375E-07, 0.00516265320862817
1.76911390625E-07, 0.00607104354440993
1.7691334375E-07, 0.00530358819816287
1.76915296875E-07, 0.00476910295528013
1.7691725E-07, 0.00521996042271141
1.76919203125E-07, 0.00533531823407534
1.7692115625E-07, 0.00407461903709249
1.76923109375E-07, 0.00438535582202345
1.769250625E-07, 0.00357377117878184
1.76927015625E-07, 0.00351586392853418
1.7692896875E-07, 0.00401181575335672
1.76930921875E-07, 0.00340999378425926
1.76932875E-07, 0.0026069851605232
1.76934828125E-07, 0.00261100280935765
1.7693678125E-07, 0.0023680358746391
1.76938734375E-07, 0.00315384341380069
1.769406875E-07, 0.00252831887714841
1.76942640625E-07, 0.00172759330127151
1.7694459375E-07, 0.000932034802130587
1.76946546875E-07, 0.00185981515387088
1.769485E-07, 0.0016326928128478
1.76950453125E-07, 0.000453353381559087
1.7695240625E-07, 0.000893502777838525
1.76954359375E-07, 0.00086772592035541
1.769563125E-07, 0.000137516151668446
1.76958265625E-07, 0.000166405517177336
1.7696021875E-07, -0.000360109562698351
1.76962171875E-07, -0.000264444470602417
1.76964125E-07, -0.000180520415498445
1.76966078125E-07, 7.02549813486897E-05
1.7696803125E-07, -0.000235376314090926
1.76969984375E-07, -0.000681514455879382
1.769719375E-07, -0.000643295806819532
1.76973890625E-07, -0.000739554086017637
1.7697584375E-07, -0.000456410330560698
1.76977796875E-07, -0.000571295098565177
1.7697975E-07, -0.00103489674812672
1.76981703125E-07, -0.000851030319332142
1.7698365625E-07, -0.000640177352331034
1.76985609375E-07, -0.000558168698213265
1.769875625E-07, -0.000441597432903383
1.76989515625E-07, -0.000525583278751462
1.7699146875E-07, -0.00069494365498082
1.76993421875E-07, -0.000212581978834588
1.76995375E-07, -0.00017684063586689
1.76997328125E-07, -0.000117367320347779
1.7699928125E-07, -0.000319246361546405
1.77001234375E-07, 0.000174780638699965
1.770031875E-07, 0.00037723403028148
1.77005140625E-07, 0.000346600808711728
1.7700709375E-07, -8.86972980645928E-05
1.77009046875E-07, 0.000650301618151831
1.77011E-07, 0.000448829156729696
1.77012953125E-07, 0.000522974050477785
1.7701490625E-07, 0.000588653530565607
1.77016859375E-07, 0.000617979438407225
1.770188125E-07, 0.000351174579240297
1.77020765625E-07, 0.000646223012752199
1.7702271875E-07, 0.000641610326233732
1.77024671875E-07, 0.00093208320355109
1.77026625E-07, 0.000876816730971268
1.77028578125E-07, 0.00112721186186384
1.7703053125E-07, 0.00109651471243763
1.77032484375E-07, 0.00129257059543975
1.770344375E-07, 0.00127228074657184
1.77036390625E-07, 0.00140408466856264
1.7703834375E-07, 0.00086807705852239
1.77040296875E-07, 0.00145750485377041
1.7704225E-07, 0.00156985854291796
1.77044203125E-07, 0.00134419977465593
1.7704615625E-07, 0.00169188935213368
1.77048109375E-07, 0.00179360717808122
1.770500625E-07, 0.00204433319436533
1.77052015625E-07, 0.00118550784903858
1.7705396875E-07, 0.00158898246085633
1.77055921875E-07, 0.00194246416099436
1.77057875E-07, 0.00223248403864088
1.77059828125E-07, 0.00198630073320787
1.7706178125E-07, 0.00166232606256714
1.77063734375E-07, 0.00194757912484296
1.770656875E-07, 0.00171685408125951
1.77067640625E-07, 0.00192970984283273
1.7706959375E-07, 0.00207899925819225
1.77071546875E-07, 0.00192248492038568
1.770735E-07, 0.0022815884096249
1.77075453125E-07, 0.00198547382558246
1.7707740625E-07, 0.00203729550038275
1.77079359375E-07, 0.00181389844056888
1.770813125E-07, 0.00164874714534493
1.77083265625E-07, 0.00205027313551528
1.7708521875E-07, 0.00190520197705532
1.77087171875E-07, 0.00183244242498283
1.77089125E-07, 0.00202282585618406
1.77091078125E-07, 0.00204540659408105
1.7709303125E-07, 0.00194981025229637
1.77094984375E-07, 0.00206661228266034
1.770969375E-07, 0.00238360584149234
1.77098890625E-07, 0.00222026052020731
1.7710084375E-07, 0.00255015711494685
1.77102796875E-07, 0.00253527328578365
1.7710475E-07, 0.00229241398685753
1.77106703125E-07, 0.00252237986023868
1.7710865625E-07, 0.00212171236606373
1.77110609375E-07, 0.00345110575459006
1.771125625E-07, 0.00293701930935448
1.77114515625E-07, 0.00283065229230616
1.7711646875E-07, 0.00272675902395948
1.77118421875E-07, 0.00286591120546588
1.77120375E-07, 0.00297523019036266
1.77122328125E-07, 0.00268484168571516
1.7712428125E-07, 0.00335142433939544
1.77126234375E-07, 0.00337673955165511
1.771281875E-07, 0.00330859154119574
1.77130140625E-07, 0.00363044537475236
1.7713209375E-07, 0.00389171240580185
1.77134046875E-07, 0.003635322547764
1.77136E-07, 0.00380548188653361
1.77137953125E-07, 0.00406486817563333
1.7713990625E-07, 0.00421819440634186
1.77141859375E-07, 0.00351935121299878
1.771438125E-07, 0.00431160166833794
1.77145765625E-07, 0.00435238107483101
1.7714771875E-07, 0.00411597612139192
1.77149671875E-07, 0.00427991979523171
1.77151625E-07, 0.00461029800249915
1.77153578125E-07, 0.00523978626823194
1.7715553125E-07, 0.00519784065493228
1.77157484375E-07, 0.00509009920886447
1.771594375E-07, 0.00491867428499351
1.77161390625E-07, 0.00465705725051794
1.7716334375E-07, 0.0049426851839795
1.77165296875E-07, 0.00509664551853817
1.7716725E-07, 0.00556143935297917
1.77169203125E-07, 0.0051088178629331
1.7717115625E-07, 0.00531093174093516
1.77173109375E-07, 0.00528057184081401
1.771750625E-07, 0.0057805741169736
1.77177015625E-07, 0.00566973408821752
1.7717896875E-07, 0.00586691215553549
1.77180921875E-07, 0.00556584864517568
1.77182875E-07, 0.00565354308933425
1.77184828125E-07, 0.00592969490473416
1.7718678125E-07, 0.00619488558633344
1.77188734375E-07, 0.0056859419122005
1.771906875E-07, 0.00580428841159571
1.77192640625E-07, 0.00630475169680586
1.7719459375E-07, 0.00649283348659198
1.77196546875E-07, 0.00606674980949014
1.771985E-07, 0.0062359645341574
1.77200453125E-07, 0.00555969427251973
1.7720240625E-07, 0.00575413020691232
1.77204359375E-07, 0.00576710687348848
1.772063125E-07, 0.00602230029507721
1.77208265625E-07, 0.00583282153904329
1.7721021875E-07, 0.00598746729843182
1.77212171875E-07, 0.00536036206255646
1.77214125E-07, 0.00611856368915937
1.77216078125E-07, 0.00562447927978225
1.7721803125E-07, 0.00606383263700498
1.77219984375E-07, 0.00556889452629679
1.772219375E-07, 0.00589051056940359
1.77223890625E-07, 0.00594864240240958
1.7722584375E-07, 0.00567542834892022
1.77227796875E-07, 0.00561614043206531
1.7722975E-07, 0.00554665847540062
1.77231703125E-07, 0.00506708446002007
1.7723365625E-07, 0.00498314634678634
1.77235609375E-07, 0.00542370699022158
1.772375625E-07, 0.00541074198456799
1.77239515625E-07, 0.00521962117955954
1.7724146875E-07, 0.00491569638711024
1.77243421875E-07, 0.0047915245919333
1.77245375E-07, 0.00518392397442599
1.77247328125E-07, 0.00451023388664534
1.7724928125E-07, 0.00487497564452152
1.77251234375E-07, 0.00433208657290099
1.772531875E-07, 0.00428880576583795
1.77255140625E-07, 0.00408267601991651
1.7725709375E-07, 0.00427474416465087
1.77259046875E-07, 0.00416408981029169
1.77261E-07, 0.00405811946116316
1.77262953125E-07, 0.00340984249794544
1.7726490625E-07, 0.00359902305108059
1.77266859375E-07, 0.00385444535988835
1.772688125E-07, 0.00379323988984577
1.77270765625E-07, 0.00361623146931403
1.7727271875E-07, 0.00314567480371815
1.77274671875E-07, 0.00337122634149232
1.77276625E-07, 0.00323134758252311
1.77278578125E-07, 0.00300666532126922
1.7728053125E-07, 0.00253603429986387
1.77282484375E-07, 0.00239078719143842
1.772844375E-07, 0.00290324041191075
1.77286390625E-07, 0.00227711633161115
1.7728834375E-07, 0.00210742098764499
1.77290296875E-07, 0.00235780351395109
1.7729225E-07, 0.00198998645866264
1.77294203125E-07, 0.00186596216156849
1.7729615625E-07, 0.00190488199195175
1.77298109375E-07, 0.00194416036008756
1.773000625E-07, 0.00151081140028346
1.77302015625E-07, 0.00177325965671861
1.7730396875E-07, 0.00116222400360079
1.77305921875E-07, 0.00161773940058014
1.77307875E-07, 0.00123784608988646
1.77309828125E-07, 0.000582987764156368
1.7731178125E-07, 0.00111782367646436
1.77313734375E-07, 0.000900477801761679
1.773156875E-07, 0.000717022363438802
1.77317640625E-07, 0.000588614751950038
1.7731959375E-07, 0.000935278026185046
1.77321546875E-07, 0.00091631988575804
1.773235E-07, 0.000509823747817614
1.77325453125E-07, 0.000569393249840138
1.7732740625E-07, 0.000507173930771364
1.77329359375E-07, 0.000484115329018158
1.773313125E-07, 0.000499868055134533
1.77333265625E-07, 0.000463819844207653
1.7733521875E-07, 0.000158171536860588
1.77337171875E-07, 0.000273864605274837
1.77339125E-07, 9.53521666138995E-05
1.77341078125E-07, 0.000398211091046954
1.7734303125E-07, -0.000309659981227336
1.77344984375E-07, -6.6384490747462E-05
1.773469375E-07, 5.3062574725522E-05
1.77348890625E-07, 8.00157413244877E-05
1.7735084375E-07, -6.93270012020841E-05
1.77352796875E-07, 0.000166198861009538
1.7735475E-07, -1.11821428268366E-05
1.77356703125E-07, -0.00031983980476512
1.7735865625E-07, -9.28370482076899E-05
1.77360609375E-07, 4.72698611692152E-05
1.773625625E-07, -0.000430420167002646
1.77364515625E-07, -0.000369805466678308
1.7736646875E-07, -9.17963311755017E-05
1.77368421875E-07, -0.000375062015862665
1.77370375E-07, -0.00045803781272742
1.77372328125E-07, -0.000308145280894867
1.7737428125E-07, -0.000244597369079008
1.77376234375E-07, -0.00039814238901363
1.773781875E-07, -0.000181920039089416
1.77380140625E-07, -0.000100456826985108
1.7738209375E-07, -0.000457793219300049
1.77384046875E-07, -0.000272655687956042
1.77386E-07, -0.000412568320128148
1.77387953125E-07, -0.000145967464947073
1.7738990625E-07, -0.000293026350203758
1.77391859375E-07, -0.000537515470311599
1.773938125E-07, -0.000398534708172266
1.77395765625E-07, -0.000609839346589421
1.7739771875E-07, -6.60357349296002E-05
1.77399671875E-07, -0.000388438161595635
1.77401625E-07, -0.000190527914029906
1.77403578125E-07, -0.000238729093399738
1.7740553125E-07, -0.000137362373138482
1.77407484375E-07, -0.000744072332331809
1.774094375E-07, -2.69889781859484E-05
1.77411390625E-07, -0.00107338430917936
1.7741334375E-07, -0.000607344297659712
1.77415296875E-07, -0.000685640462128794
1.7741725E-07, -0.000331754899156641
1.77419203125E-07, -0.000235419578347572
1.7742115625E-07, -0.000394228644803477
1.77423109375E-07, -0.000407969024686414
1.774250625E-07, -0.000650027660905865
1.77427015625E-07, -0.000526651960880812
1.7742896875E-07, -0.000253250603665418
1.77430921875E-07, -0.000780252192493064
1.77432875E-07, -0.000668044802657543
1.77434828125E-07, -0.00085781265397766
1.7743678125E-07, -0.000366601038450001
1.77438734375E-07, -0.00102215325010031
1.774406875E-07, -0.000753666621379773
1.77442640625E-07, -0.000721087550392472
1.7744459375E-07, -0.00107899448728198
1.77446546875E-07, -0.000617875020907648
1.774485E-07, -0.000562519479205007
1.77450453125E-07, -0.000582471473829002
1.7745240625E-07, -0.000735182004074458
1.77454359375E-07, -0.000923593810492908
1.774563125E-07, -0.000883808859748948
1.77458265625E-07, -0.00116799953997643
1.7746021875E-07, -0.00097166855441433
1.77462171875E-07, -0.00113102551844086
1.77464125E-07, -0.000995539984178213
1.77466078125E-07, -0.00108350871286998
1.7746803125E-07, -0.00140510216542562
1.77469984375E-07, -0.00154055659499299
1.774719375E-07, -0.00116093685569958
1.77473890625E-07, -0.00161453343258068
1.7747584375E-07, -0.00144024877773913
1.77477796875E-07, -0.0014064418366221
1.7747975E-07, -0.00160536725370378
1.77481703125E-07, -0.0014223879184636
1.7748365625E-07, -0.00191852195428614
1.77485609375E-07, -0.00166591099850314
1.774875625E-07, -0.0015914661121575
1.77489515625E-07, -0.00168860157988848
1.7749146875E-07, -0.00191523914338771
1.77493421875E-07, -0.0021675345322202
1.77495375E-07, -0.00151865802178954
1.77497328125E-07, -0.00190317379632121
1.7749928125E-07, -0.00197089057818144
1.77501234375E-07, -0.00202293878909948
1.775031875E-07, -0.00205572449996623
1.77505140625E-07, -0.00242479053610836
1.7750709375E-07, -0.00208882657302579
1.77509046875E-07, -0.00227094427359231
1.77511E-07, -0.00243704022600523
1.77512953125E-07, -0.00232245204191246
1.7751490625E-07, -0.00233181249321211
1.77516859375E-07, -0.00244676196376257
1.775188125E-07, -0.00260935148076513
1.77520765625E-07, -0.00258018349984137
1.7752271875E-07, -0.00273088786854319
1.77524671875E-07, -0.00239348161050145
1.77526625E-07, -0.00233596962255367
1.77528578125E-07, -0.00241149540737539
1.7753053125E-07, -0.00253802808887453
1.77532484375E-07, -0.00269815310368982
1.775344375E-07, -0.00246200839848083
1.77536390625E-07, -0.00220298579380455
1.7753834375E-07, -0.00217997405685539
1.77540296875E-07, -0.00228731498435742
1.7754225E-07, -0.00241304851288509
1.77544203125E-07, -0.00231651526964696
1.7754615625E-07, -0.00240190355598714
1.77548109375E-07, -0.00274738784783432
1.775500625E-07, -0.0025357766400081
1.77552015625E-07, -0.00256738521653047
1.7755396875E-07, -0.00269536246180187
1.77555921875E-07, -0.00232323656018587
1.77557875E-07, -0.00259500493968884
1.77559828125E-07, -0.00229240787593017
1.7756178125E-07, -0.00253026682019124
1.77563734375E-07, -0.00233057581918697
1.775656875E-07, -0.00247456825034783
1.77567640625E-07, -0.00232896690986517
1.7756959375E-07, -0.00235621733075522
1.77571546875E-07, -0.00248483189083289
1.775735E-07, -0.00208613335526076
1.77575453125E-07, -0.00227644752841034
1.7757740625E-07, -0.00238034375392591
1.77579359375E-07, -0.00224916207587325
1.775813125E-07, -0.00216736875951757
1.77583265625E-07, -0.00240067869076159
1.7758521875E-07, -0.00230150136506855
1.77587171875E-07, -0.00248089739628905
1.77589125E-07, -0.0019476767999774
1.77591078125E-07, -0.00235811034143041
1.7759303125E-07, -0.00242479348777778
1.77594984375E-07, -0.00234839254005558
1.775969375E-07, -0.00203246815847883
1.77598890625E-07, -0.00202294706963952
1.7760084375E-07, -0.0017256211241609
1.77602796875E-07, -0.00192732357866496
1.7760475E-07, -0.00208853139463694
1.77606703125E-07, -0.00209702996719256
1.7760865625E-07, -0.00200319877908711
1.77610609375E-07, -0.002301659333534
1.776125625E-07, -0.00205939596068315
1.77614515625E-07, -0.00229515550052183
1.7761646875E-07, -0.00218598407637807
1.77618421875E-07, -0.00185079254469255
1.77620375E-07, -0.00164132205786542
1.77622328125E-07, -0.00219026330322921
1.7762428125E-07, -0.00214707531511013
1.77626234375E-07, -0.0021439252221583
1.776281875E-07, -0.00188547109604393
1.77630140625E-07, -0.00199968631887356
1.7763209375E-07, -0.00212727085086363
1.77634046875E-07, -0.00231687353060301


