File Format, WaveformXYValues
Format Version, 1
Instrument, N1045A,04F,LOJ
SwVersion, A.06.71.21
SerialNumber, MY56260108
Date, 11/29/2023 13:57:09 GMT+08:00

Source Name, Channel 1A

Points, 2048
Signal Type, Unspecified
Channel Bandwidth, 2E+10
Channel Noise, 6.66857143682292E-05
X Units, Second
Y Units, Volt
Data, 
1.73636E-07, -0.000769679531689881
1.73637953125E-07, -0.000630497764706146
1.7363990625E-07, -0.00116538948997852
1.73641859375E-07, -0.000855160564107072
1.736438125E-07, -0.00104083800620612
1.73645765625E-07, -0.00116900381151665
1.7364771875E-07, -0.00112834929488645
1.73649671875E-07, -0.00121235878748765
1.73651625E-07, -0.00122046908742286
1.73653578125E-07, -0.00110475803390359
1.7365553125E-07, -0.00105847745124122
1.73657484375E-07, -0.00126843686452815
1.736594375E-07, -0.00112393229341132
1.73661390625E-07, -0.00122500484570852
1.7366334375E-07, -0.00127871549308739
1.73665296875E-07, -0.000970008032066459
1.7366725E-07, -0.00115623088873295
1.73669203125E-07, -0.00140286611695805
1.7367115625E-07, -0.00119219179861863
1.73673109375E-07, -0.00143265305717285
1.736750625E-07, -0.00114211911380644
1.73677015625E-07, -0.000816463046872888
1.7367896875E-07, -0.00113465297279132
1.73680921875E-07, -0.00125269855507254
1.73682875E-07, -0.00109917392825349
1.73684828125E-07, -0.00123064893967728
1.7368678125E-07, -0.00109081918707874
1.73688734375E-07, -0.00126181944789979
1.736906875E-07, -0.00116702261373227
1.73692640625E-07, -0.00105805373907669
1.7369459375E-07, -0.00141846077766317
1.73696546875E-07, -0.00121370013658041
1.736985E-07, -0.00148045866251603
1.73700453125E-07, -0.00131695889941393
1.7370240625E-07, -0.00149779536772767
1.73704359375E-07, -0.00150839236664505
1.737063125E-07, -0.00140674167689776
1.73708265625E-07, -0.00157330013051793
1.7371021875E-07, -0.00177165649483133
1.73712171875E-07, -0.00138378911059504
1.73714125E-07, -0.00114750524235005
1.73716078125E-07, -0.001421799796102
1.7371803125E-07, -0.00146359308936645
1.73719984375E-07, -0.0014220145885632
1.737219375E-07, -0.00135074664937219
1.73723890625E-07, -0.00116593043608829
1.7372584375E-07, -0.00160338787919757
1.73727796875E-07, -0.00141317086136079
1.7372975E-07, -0.000992893860570927
1.73731703125E-07, -0.00157356131546776
1.7373365625E-07, -0.00165079493651847
1.73735609375E-07, -0.00138910125508693
1.737375625E-07, -0.00142823534402738
1.73739515625E-07, -0.001842046521849
1.7374146875E-07, -0.00168390714144202
1.73743421875E-07, -0.00173634589861365
1.73745375E-07, -0.00134573966569806
1.73747328125E-07, -0.00158797634412375
1.7374928125E-07, -0.00155582819001686
1.73751234375E-07, -0.00158965416240118
1.737531875E-07, -0.00169644792727221
1.73755140625E-07, -0.00141838699317248
1.7375709375E-07, -0.00161225661786422
1.73759046875E-07, -0.00160058266098847
1.73761E-07, -0.00168235275456829
1.73762953125E-07, -0.00122187076930397
1.7376490625E-07, -0.00132694003358217
1.73766859375E-07, -0.00155333144739426
1.737688125E-07, -0.00109130875391928
1.73770765625E-07, -0.0019433284347504
1.7377271875E-07, -0.00157058070034341
1.73774671875E-07, -0.00170549309970749
1.73776625E-07, -0.0015162099382024
1.73778578125E-07, -0.00154632558848469
1.7378053125E-07, -0.00183513984551884
1.73782484375E-07, -0.00141898780125503
1.737844375E-07, -0.00200663301900196
1.73786390625E-07, -0.00181242091451436
1.7378834375E-07, -0.0014047804887513
1.73790296875E-07, -0.00129136769457627
1.7379225E-07, -0.00206245824621933
1.73794203125E-07, -0.0020172179449879
1.7379615625E-07, -0.00170541352004457
1.73798109375E-07, -0.00178243657703228
1.738000625E-07, -0.00174986675791016
1.73802015625E-07, -0.00159126631751044
1.7380396875E-07, -0.00179742807559421
1.73805921875E-07, -0.0022311756206356
1.73807875E-07, -0.00192795934024254
1.73809828125E-07, -0.00256369085046709
1.7381178125E-07, -0.00259729124674501
1.73813734375E-07, -0.00242733298385966
1.738156875E-07, -0.0020287846814417
1.73817640625E-07, -0.0023446922936092
1.7381959375E-07, -0.00226562443518057
1.73821546875E-07, -0.00199438910188553
1.738235E-07, -0.00244066615273177
1.73825453125E-07, -0.00248404952171245
1.7382740625E-07, -0.00234327018942881
1.73829359375E-07, -0.00194332607349795
1.738313125E-07, -0.00238552391497558
1.73833265625E-07, -0.00223799008679573
1.7383521875E-07, -0.00236810112870625
1.73837171875E-07, -0.00200265774648636
1.73839125E-07, -0.00280418958611122
1.73841078125E-07, -0.00311774275380567
1.7384303125E-07, -0.00243037780140864
1.73844984375E-07, -0.00269923062146698
1.738469375E-07, -0.00283263183371433
1.73848890625E-07, -0.00285806250693694
1.7385084375E-07, -0.00296965866471
1.73852796875E-07, -0.00290694716053807
1.7385475E-07, -0.00288996169216246
1.73856703125E-07, -0.00329235749432366
1.7385865625E-07, -0.00298324049329581
1.73860609375E-07, -0.0029857741852772
1.738625625E-07, -0.00289236710780995
1.73864515625E-07, -0.00294103271817595
1.7386646875E-07, -0.0032931199017868
1.73868421875E-07, -0.00324894116875321
1.73870375E-07, -0.00326684599389084
1.73872328125E-07, -0.00360673950542054
1.7387428125E-07, -0.00343228558650472
1.73876234375E-07, -0.00355922333556502
1.738781875E-07, -0.00386776134011797
1.73880140625E-07, -0.0036403812809088
1.7388209375E-07, -0.00366785267895876
1.73884046875E-07, -0.00377677097271725
1.73886E-07, -0.00367151311317038
1.73887953125E-07, -0.00418977074030128
1.7388990625E-07, -0.00413252445777934
1.73891859375E-07, -0.0041243537079471
1.738938125E-07, -0.00404519928678554
1.73895765625E-07, -0.00396221908408309
1.7389771875E-07, -0.00435503486820675
1.73899671875E-07, -0.00435691457935126
1.73901625E-07, -0.00419199302300752
1.73903578125E-07, -0.00416714351733444
1.7390553125E-07, -0.00458710233727955
1.73907484375E-07, -0.00461634114107545
1.739094375E-07, -0.00514306432498342
1.73911390625E-07, -0.00500533085327112
1.7391334375E-07, -0.0050101341354614
1.73915296875E-07, -0.00498360714854579
1.7391725E-07, -0.00490968908074264
1.73919203125E-07, -0.00475160820375057
1.7392115625E-07, -0.00522602211121625
1.73923109375E-07, -0.00427231073994842
1.739250625E-07, -0.00524177036214328
1.73927015625E-07, -0.00515693530051542
1.7392896875E-07, -0.00508852000645876
1.73930921875E-07, -0.0050748940832863
1.73932875E-07, -0.00504766997976927
1.73934828125E-07, -0.00533379917631533
1.7393678125E-07, -0.00539318824749721
1.73938734375E-07, -0.0052422403047273
1.739406875E-07, -0.00524246527781745
1.73942640625E-07, -0.00548351323666234
1.7394459375E-07, -0.00540391739927758
1.73946546875E-07, -0.00523754166988044
1.739485E-07, -0.00490715387417672
1.73950453125E-07, -0.00552378539148179
1.7395240625E-07, -0.00507252921428591
1.73954359375E-07, -0.00530854535473438
1.739563125E-07, -0.0050754154945549
1.73958265625E-07, -0.00540942802914599
1.7396021875E-07, -0.00520896185915933
1.73962171875E-07, -0.00520849254661536
1.73964125E-07, -0.00514058905704842
1.73966078125E-07, -0.00479562272106107
1.7396803125E-07, -0.00511111597419007
1.73969984375E-07, -0.00442297698762815
1.739719375E-07, -0.00488767021992575
1.73973890625E-07, -0.00489330390354624
1.7397584375E-07, -0.00497547396112011
1.73977796875E-07, -0.00460241221810922
1.7397975E-07, -0.0046497839960339
1.73981703125E-07, -0.004782028166053
1.7398365625E-07, -0.00493282206435587
1.73985609375E-07, -0.00428506609091197
1.739875625E-07, -0.00402291272646174
1.73989515625E-07, -0.00433954737592911
1.7399146875E-07, -0.00335039909728218
1.73993421875E-07, -0.00375222460136473
1.73995375E-07, -0.00313621406524113
1.73997328125E-07, -0.00338024289538702
1.7399928125E-07, -0.00334883396995568
1.74001234375E-07, -0.00291288251084432
1.740031875E-07, -0.00351997488353309
1.74005140625E-07, -0.00335143192502165
1.7400709375E-07, -0.00226491341501697
1.74009046875E-07, -0.0022799479176624
1.74011E-07, -0.00132732940460179
1.74012953125E-07, -0.0023083531099122
1.7401490625E-07, -0.00147529077761294
1.74016859375E-07, -0.00170557584189625
1.740188125E-07, -0.000335722913828448
1.74020765625E-07, -0.00126124632296328
1.7402271875E-07, -0.00135174042516589
1.74024671875E-07, -0.000385935181532228
1.74026625E-07, -0.000710179812177312
1.74028578125E-07, -9.25891109510168E-05
1.7403053125E-07, 4.08555966513272E-05
1.74032484375E-07, 0.000293650166208403
1.740344375E-07, 0.000695511523668208
1.74036390625E-07, 0.000899491986213104
1.7403834375E-07, 0.000736983071823538
1.74040296875E-07, 0.00175069924593567
1.7404225E-07, 0.00201086699532642
1.74044203125E-07, 0.00232739584763576
1.7404615625E-07, 0.00310870514072498
1.74048109375E-07, 0.00254447145512041
1.740500625E-07, 0.00324451535394875
1.74052015625E-07, 0.00323643833426228
1.7405396875E-07, 0.00372011808210419
1.74055921875E-07, 0.00418273766209101
1.74057875E-07, 0.00416916393056871
1.74059828125E-07, 0.00460472168415361
1.7406178125E-07, 0.00445529798977269
1.74063734375E-07, 0.00674675357702396
1.740656875E-07, 0.0061196541269771
1.74067640625E-07, 0.00583308406315734
1.7406959375E-07, 0.00790171577972431
1.74071546875E-07, 0.00845509405882844
1.740735E-07, 0.00865602715434533
1.74075453125E-07, 0.00944671866774401
1.7407740625E-07, 0.00937097436383324
1.74079359375E-07, 0.00911532715668179
1.740813125E-07, 0.010694590600628
1.74083265625E-07, 0.0108254522241122
1.7408521875E-07, 0.0102753490721033
1.74087171875E-07, 0.0112641735069695
1.74089125E-07, 0.0117562900973877
1.74091078125E-07, 0.0135463522736378
1.7409303125E-07, 0.0124903488056883
1.74094984375E-07, 0.0133213199738621
1.740969375E-07, 0.0143339500098192
1.74098890625E-07, 0.013427106503312
1.7410084375E-07, 0.0164646460152827
1.74102796875E-07, 0.0147479707996385
1.7410475E-07, 0.0151944863928542
1.74106703125E-07, 0.0177305422783689
1.7410865625E-07, 0.0171507184168709
1.74110609375E-07, 0.017788105576347
1.741125625E-07, 0.0170257256840397
1.74114515625E-07, 0.0185265053013498
1.7411646875E-07, 0.0192874601828826
1.74118421875E-07, 0.0192642210589867
1.74120375E-07, 0.0213792520501973
1.74122328125E-07, 0.02351175239452
1.7412428125E-07, 0.0240714856711169
1.74126234375E-07, 0.0224175398420958
1.741281875E-07, 0.0238156558476956
1.74130140625E-07, 0.0231186325422429
1.7413209375E-07, 0.0242475373951646
1.74134046875E-07, 0.0256687133781211
1.74136E-07, 0.0255284592170712
1.74137953125E-07, 0.0271469772094193
1.7413990625E-07, 0.0268940327806217
1.74141859375E-07, 0.0281413271500924
1.741438125E-07, 0.0269029963514618
1.74145765625E-07, 0.0279618563727013
1.7414771875E-07, 0.0294545333738647
1.74149671875E-07, 0.0298128985908783
1.74151625E-07, 0.0305116938108765
1.74153578125E-07, 0.0310593736805733
1.7415553125E-07, 0.0308232837128504
1.74157484375E-07, 0.031395656291942
1.741594375E-07, 0.0319612812824812
1.74161390625E-07, 0.0324488027231527
1.7416334375E-07, 0.0328022018530465
1.74165296875E-07, 0.0327303739983069
1.7416725E-07, 0.0336483883029137
1.74169203125E-07, 0.0331965142218542
1.7417115625E-07, 0.0337420053686432
1.74173109375E-07, 0.0324896259049705
1.741750625E-07, 0.0322219579416263
1.74177015625E-07, 0.0336168136791365
1.7417896875E-07, 0.0348438476695386
1.74180921875E-07, 0.0339901720374585
1.74182875E-07, 0.0351458878478444
1.74184828125E-07, 0.0336798352735394
1.7418678125E-07, 0.033991232741074
1.74188734375E-07, 0.0353837620900575
1.741906875E-07, 0.0350419183646616
1.74192640625E-07, 0.0353998233505249
1.7419459375E-07, 0.0344485038507365
1.74196546875E-07, 0.0345676930420963
1.741985E-07, 0.0346966859835362
1.74200453125E-07, 0.0341465798211878
1.7420240625E-07, 0.0337785313488266
1.74204359375E-07, 0.0342354225554119
1.742063125E-07, 0.0334115490858422
1.74208265625E-07, 0.0330319489848688
1.7421021875E-07, 0.0331145650142152
1.74212171875E-07, 0.0279555874392786
1.74214125E-07, 0.0319680039825837
1.74216078125E-07, 0.0317514702613764
1.7421803125E-07, 0.0295421168187016
1.74219984375E-07, 0.0305057594861601
1.742219375E-07, 0.0320402241542321
1.74223890625E-07, 0.0282631256732145
1.7422584375E-07, 0.0249535501412198
1.74227796875E-07, 0.0276178948808428
1.7422975E-07, 0.0268386028151265
1.74231703125E-07, 0.0267791868678436
1.7423365625E-07, 0.0217833466918947
1.74235609375E-07, 0.0246359479019076
1.742375625E-07, 0.0219295005417767
1.74239515625E-07, 0.0205174861911591
1.7424146875E-07, 0.0156967826256558
1.74243421875E-07, 0.0189285176593327
1.74245375E-07, 0.0198878662007075
1.74247328125E-07, 0.0189563749607068
1.7424928125E-07, 0.0169579051866886
1.74251234375E-07, 0.0172245825780681
1.742531875E-07, 0.0136411609313315
1.74255140625E-07, 0.0153039296839072
1.7425709375E-07, 0.0102712749423159
1.74259046875E-07, 0.0112783606808136
1.74261E-07, 0.0111933338249603
1.74262953125E-07, 0.0103802665147614
1.7426490625E-07, 0.00853135501412943
1.74266859375E-07, 0.00613990950265176
1.742688125E-07, 0.00614845630620017
1.74270765625E-07, 0.00091489676316165
1.7427271875E-07, 0.00187909725061872
1.74274671875E-07, -4.99112288181794E-05
1.74276625E-07, -0.000631737865496696
1.74278578125E-07, -0.00818448715550326
1.7428053125E-07, -0.0062964802611734
1.74282484375E-07, -0.00640324474280759
1.742844375E-07, -0.0104153794935527
1.74286390625E-07, -0.011817260628997
1.7428834375E-07, -0.0136300162396229
1.74290296875E-07, -0.0108230944659138
1.7429225E-07, -0.0143474928200945
1.74294203125E-07, -0.0250325008966919
1.7429615625E-07, -0.0231502758919163
1.74298109375E-07, -0.0269244998194631
1.743000625E-07, -0.0260078065530136
1.74302015625E-07, -0.025152172999771
1.7430396875E-07, -0.0351054013626341
1.74305921875E-07, -0.0313241309342679
1.74307875E-07, -0.0266960090956971
1.74309828125E-07, -0.0338687267357353
1.7431178125E-07, -0.0386647039606209
1.74313734375E-07, -0.0436832149620697
1.743156875E-07, -0.0356127548301191
1.74317640625E-07, -0.0491941590693573
1.7431959375E-07, -0.0428306953688081
1.74321546875E-07, -0.0486997293141349
1.743235E-07, -0.0548973743635276
1.74325453125E-07, -0.0561540040980339
1.7432740625E-07, -0.0667264893336298
1.74329359375E-07, -0.0597663138624889
1.743313125E-07, -0.0638156801575462
1.74333265625E-07, -0.0640793225622706
1.7433521875E-07, -0.0675621827099464
1.74337171875E-07, -0.0730331760113514
1.74339125E-07, -0.0736128053174183
1.74341078125E-07, -0.0737830075998651
1.7434303125E-07, -0.0763946819694244
1.74344984375E-07, -0.0848696830262643
1.743469375E-07, -0.080578820016999
1.74348890625E-07, -0.087921540467408
1.7435084375E-07, -0.0853634050189235
1.74352796875E-07, -0.0888369948155447
1.7435475E-07, -0.0885829013201133
1.74356703125E-07, -0.0943975442080491
1.7435865625E-07, -0.096743389192106
1.74360609375E-07, -0.0971361052382803
1.743625625E-07, -0.0990588418702387
1.74364515625E-07, -0.102612992971808
1.7436646875E-07, -0.10269634665712
1.74368421875E-07, -0.107241349655623
1.74370375E-07, -0.104541211982754
1.74372328125E-07, -0.112537006026275
1.7437428125E-07, -0.113602143480785
1.74376234375E-07, -0.109646798285893
1.743781875E-07, -0.116534182124795
1.74380140625E-07, -0.113984004296115
1.7438209375E-07, -0.117295389321575
1.74384046875E-07, -0.117974196322577
1.74386E-07, -0.119098565775351
1.74387953125E-07, -0.115034535051045
1.7438990625E-07, -0.120502380907638
1.74391859375E-07, -0.12010540460314
1.743938125E-07, -0.122982079106803
1.74395765625E-07, -0.122400999989832
1.7439771875E-07, -0.11832786013772
1.74399671875E-07, -0.123702458228359
1.74401625E-07, -0.121163948647616
1.74403578125E-07, -0.120127038472109
1.7440553125E-07, -0.120554476227654
1.74407484375E-07, -0.123992691831265
1.744094375E-07, -0.120307067498471
1.74411390625E-07, -0.120565776702913
1.7441334375E-07, -0.120334527950994
1.74415296875E-07, -0.119850539878783
1.7441725E-07, -0.115030361817369
1.74419203125E-07, -0.115888426600334
1.7442115625E-07, -0.114047192660756
1.74423109375E-07, -0.117589612075288
1.744250625E-07, -0.110839609589727
1.74427015625E-07, -0.107453669580018
1.7442896875E-07, -0.106755974534694
1.74430921875E-07, -0.105694572683648
1.74432875E-07, -0.100286395472484
1.74434828125E-07, -0.101878981498523
1.7443678125E-07, -0.0931287606860334
1.74438734375E-07, -0.099674960033238
1.744406875E-07, -0.0918453491474036
1.74442640625E-07, -0.0916711460454984
1.7444459375E-07, -0.0735450136888042
1.74446546875E-07, -0.0791043799209223
1.744485E-07, -0.080303203777493
1.74450453125E-07, -0.0776743551409574
1.7445240625E-07, -0.0712164440352092
1.74454359375E-07, -0.0704433787331286
1.744563125E-07, -0.0721495169071207
1.74458265625E-07, -0.0591758548303886
1.7446021875E-07, -0.0628707755946974
1.74462171875E-07, -0.0555678438202511
1.74464125E-07, -0.0369720366894739
1.74466078125E-07, -0.0545602156280137
1.7446803125E-07, -0.0405391623528101
1.74469984375E-07, -0.0308706390778908
1.744719375E-07, -0.0381476630548411
1.74473890625E-07, -0.0299487851497292
1.7447584375E-07, -0.0244551950553056
1.74477796875E-07, -0.00710902886885395
1.7447975E-07, -0.0199842695362692
1.74481703125E-07, -0.0177286135468601
1.7448365625E-07, -0.00422717993592496
1.74485609375E-07, 0.00211940572377897
1.744875625E-07, 0.00176217168864897
1.74489515625E-07, 0.0198260694024408
1.7449146875E-07, 0.0184987379441825
1.74493421875E-07, 0.0169347638732893
1.74495375E-07, 0.0229405427742024
1.74497328125E-07, 0.0183086468548307
1.7449928125E-07, 0.0258271732307473
1.74501234375E-07, 0.0384038239614548
1.745031875E-07, 0.0338395926966028
1.74505140625E-07, 0.0256331066503521
1.7450709375E-07, 0.049536487037511
1.74509046875E-07, 0.0472110103279476
1.74511E-07, 0.0532348640926389
1.74512953125E-07, 0.0561152496018129
1.7451490625E-07, 0.0578494087925195
1.74516859375E-07, 0.0635055675307606
1.745188125E-07, 0.0567103810445684
1.74520765625E-07, 0.0651083585279855
1.7452271875E-07, 0.0711590971182882
1.74524671875E-07, 0.0711217042441525
1.74526625E-07, 0.0847751179946921
1.74528578125E-07, 0.0832456071744722
1.7453053125E-07, 0.0789633971360841
1.74532484375E-07, 0.0843168093033977
1.745344375E-07, 0.0847443460213682
1.74536390625E-07, 0.0868119341630345
1.7453834375E-07, 0.0915968521870155
1.74540296875E-07, 0.0942933653812019
1.7454225E-07, 0.0948345469010592
1.74544203125E-07, 0.093529274331956
1.7454615625E-07, 0.0954000054230598
1.74548109375E-07, 0.0917712145727875
1.745500625E-07, 0.0995755442144475
1.74552015625E-07, 0.0972324123388369
1.7455396875E-07, 0.100988334817843
1.74555921875E-07, 0.0999517635823353
1.74557875E-07, 0.100645781107554
1.74559828125E-07, 0.0994536242173358
1.7456178125E-07, 0.103443226495842
1.74563734375E-07, 0.0936594231630932
1.745656875E-07, 0.10284233982714
1.74567640625E-07, 0.0972062283617913
1.7456959375E-07, 0.101218089756749
1.74571546875E-07, 0.0954982304229528
1.745735E-07, 0.0982218336850887
1.74575453125E-07, 0.0975687874134298
1.7457740625E-07, 0.096549416745391
1.74579359375E-07, 0.0949274121675558
1.745813125E-07, 0.0897710175358978
1.74583265625E-07, 0.0920283326478447
1.7458521875E-07, 0.0842287490333464
1.74587171875E-07, 0.0861046468726469
1.74589125E-07, 0.0833021501443029
1.74591078125E-07, 0.0838774802606369
1.7459303125E-07, 0.0813209562423171
1.74594984375E-07, 0.0753872914907874
1.745969375E-07, 0.0761770671164195
1.74598890625E-07, 0.0755486582045144
1.7460084375E-07, 0.0788744797980075
1.74602796875E-07, 0.0703519841966908
1.7460475E-07, 0.0681901519570049
1.74606703125E-07, 0.0694458894950623
1.7460865625E-07, 0.0680679895951923
1.74610609375E-07, 0.0677276215331527
1.746125625E-07, 0.0629796309319798
1.74614515625E-07, 0.0597497601118144
1.7461646875E-07, 0.0599514854946615
1.74618421875E-07, 0.0526934077314771
1.74620375E-07, 0.0574298036986688
1.74622328125E-07, 0.0543314516201824
1.7462428125E-07, 0.0474946331711251
1.74626234375E-07, 0.0495392606657943
1.746281875E-07, 0.0473993295339896
1.74630140625E-07, 0.0476145249605941
1.7463209375E-07, 0.0479695430144255
1.74634046875E-07, 0.0379075673992343
1.74636E-07, 0.0417819498992665
1.74637953125E-07, 0.0330850960777762
1.7463990625E-07, 0.0329497581860354
1.74641859375E-07, 0.0365565853673486
1.746438125E-07, 0.0311594538980785
1.74645765625E-07, 0.0316361130140549
1.7464771875E-07, 0.0302195365379171
1.74649671875E-07, 0.0294714406276014
1.74651625E-07, 0.0310666899577712
1.74653578125E-07, 0.0316423441352481
1.7465553125E-07, 0.0268654507899948
1.74657484375E-07, 0.0280480811462864
1.746594375E-07, 0.023413235137269
1.74661390625E-07, 0.0308706644403022
1.7466334375E-07, 0.0235488719166601
1.74665296875E-07, 0.0224401625255393
1.7466725E-07, 0.0220248917165826
1.74669203125E-07, 0.0214977634002269
1.7467115625E-07, 0.0228245704197202
1.74673109375E-07, 0.0204231621546336
1.746750625E-07, 0.0209425702556744
1.74677015625E-07, 0.0197966667668208
1.7467896875E-07, 0.0207909402421922
1.74680921875E-07, 0.0190448770501958
1.74682875E-07, 0.0208101050988917
1.74684828125E-07, 0.0187491766220897
1.7468678125E-07, 0.0196683017289773
1.74688734375E-07, 0.0184139174379433
1.746906875E-07, 0.0188827128465044
1.74692640625E-07, 0.0205346512984054
1.7469459375E-07, 0.0190534880772954
1.74696546875E-07, 0.0183554795707953
1.746985E-07, 0.021024632755363
1.74700453125E-07, 0.0193614868373132
1.7470240625E-07, 0.0194257593845041
1.74704359375E-07, 0.0193307088186819
1.747063125E-07, 0.0191609933005368
1.74708265625E-07, 0.0201042106257506
1.7471021875E-07, 0.0190188348769639
1.74712171875E-07, 0.0193088245797865
1.74714125E-07, 0.0201016285502444
1.74716078125E-07, 0.0195700305732019
1.7471803125E-07, 0.0191601775334502
1.74719984375E-07, 0.0198573543811859
1.747219375E-07, 0.0195684760250088
1.74723890625E-07, 0.0193286560571956
1.7472584375E-07, 0.0200677651709138
1.74727796875E-07, 0.0202398723696509
1.7472975E-07, 0.0198760307515528
1.74731703125E-07, 0.0197899457182068
1.7473365625E-07, 0.0192475957935656
1.74735609375E-07, 0.0193505400688238
1.747375625E-07, 0.0196205066513542
1.74739515625E-07, 0.0172014272226838
1.7474146875E-07, 0.0191866868369822
1.74743421875E-07, 0.0185987642250463
1.74745375E-07, 0.0179502530983748
1.74747328125E-07, 0.0183316749811568
1.7474928125E-07, 0.016682666745733
1.74751234375E-07, 0.0169323907350693
1.747531875E-07, 0.0172728561219975
1.74755140625E-07, 0.0158598166677034
1.7475709375E-07, 0.0153748181027122
1.74759046875E-07, 0.015941886177283
1.74761E-07, 0.0148262023455406
1.74762953125E-07, 0.013631831173525
1.7476490625E-07, 0.0128060975722721
1.74766859375E-07, 0.0132855560644114
1.747688125E-07, 0.0113589517145778
1.74770765625E-07, 0.0114751976763445
1.7477271875E-07, 0.0114423140043271
1.74774671875E-07, 0.0112223171176434
1.74776625E-07, 0.0119634083205315
1.74778578125E-07, 0.0107115931607596
1.7478053125E-07, 0.00658288991752198
1.74782484375E-07, 0.00706270440369945
1.747844375E-07, 0.0109652413558174
1.74786390625E-07, 0.00653856541519305
1.7478834375E-07, 0.00570821825599689
1.74790296875E-07, 0.00713844025700444
1.7479225E-07, 0.00446526688498727
1.74794203125E-07, 0.0031400480702664
1.7479615625E-07, 0.00307760994364097
1.74798109375E-07, 0.00113076681492447
1.748000625E-07, 0.00158460588675788
1.74802015625E-07, 0.000873857136671897
1.7480396875E-07, 3.09756672959328E-05
1.74805921875E-07, 0.000858086010519571
1.74807875E-07, -0.00184103943418246
1.74809828125E-07, -0.00171081231737055
1.7481178125E-07, -0.00217382014638233
1.74813734375E-07, -0.00109014677399803
1.748156875E-07, 0.000344412203545349
1.74817640625E-07, -0.00215264920873348
1.7481959375E-07, -0.00520615763617316
1.74821546875E-07, -0.00472922790311842
1.748235E-07, -0.00608274252161999
1.74825453125E-07, -0.00530055751082009
1.7482740625E-07, -0.00567852814110553
1.74829359375E-07, -0.00782013842307556
1.748313125E-07, -0.00684482475529226
1.74833265625E-07, -0.00706798319238484
1.7483521875E-07, -0.00828715483549035
1.74837171875E-07, -0.00780627172787383
1.74839125E-07, -0.00692871683990288
1.74841078125E-07, -0.0077387325129512
1.7484303125E-07, -0.00811427495916285
1.74844984375E-07, -0.00925112873084063
1.748469375E-07, -0.00842922556472814
1.74848890625E-07, -0.00903005728966077
1.7485084375E-07, -0.00889418431822574
1.74852796875E-07, -0.00875296073471172
1.7485475E-07, -0.00774971730116881
1.74856703125E-07, -0.00755186070049854
1.7485865625E-07, -0.00864627884273696
1.74860609375E-07, -0.0084081036262813
1.748625625E-07, -0.00843321083159598
1.74864515625E-07, -0.0091796081009431
1.7486646875E-07, -0.00843494868525071
1.74868421875E-07, -0.00823372664156158
1.74870375E-07, -0.00832695616126286
1.74872328125E-07, -0.00720052048186385
1.7487428125E-07, -0.00819978177382377
1.74876234375E-07, -0.00749294314605876
1.748781875E-07, -0.00698083256390916
1.74880140625E-07, -0.00701538934289263
1.7488209375E-07, -0.00653911792172879
1.74884046875E-07, -0.00744990487599146
1.74886E-07, -0.00710175105554523
1.74887953125E-07, -0.00654222008547214
1.7488990625E-07, -0.00642629429195825
1.74891859375E-07, -0.00657819912259505
1.748938125E-07, -0.00561266956428392
1.74895765625E-07, -0.00579963964961731
1.7489771875E-07, -0.00439659248092114
1.74899671875E-07, -0.00532718575880695
1.74901625E-07, -0.00356907229699522
1.74903578125E-07, -0.00459490755688578
1.7490553125E-07, -0.00397868499085591
1.74907484375E-07, -0.00345113082325564
1.749094375E-07, -0.00317985000180019
1.74911390625E-07, -0.00228038437547376
1.7491334375E-07, -0.00314511020470036
1.74915296875E-07, -0.00127828807897177
1.7491725E-07, -0.00343283453571218
1.74919203125E-07, -0.00262734129617767
1.7492115625E-07, -0.00143709435194272
1.74923109375E-07, -0.00223464081598638
1.749250625E-07, -0.000897742101189323
1.74927015625E-07, -0.00114020751227375
1.7492896875E-07, -0.000779768019401741
1.74930921875E-07, -0.000520837825860262
1.74932875E-07, 0.00032531385707047
1.74934828125E-07, 0.000475507785951454
1.7493678125E-07, -0.000438489149708332
1.74938734375E-07, -0.000435631440640458
1.749406875E-07, 0.00138053897078924
1.74942640625E-07, 0.00116844425703957
1.7494459375E-07, 0.00110080910965911
1.74946546875E-07, 0.00100808258410992
1.749485E-07, 0.000602696425837354
1.74950453125E-07, 0.00117113909247961
1.7495240625E-07, 0.00156999855498537
1.74954359375E-07, 0.00169741574343254
1.749563125E-07, 0.00104977396283762
1.74958265625E-07, 0.00207510433448598
1.7496021875E-07, 0.00244828545700988
1.74962171875E-07, 0.00101740079353303
1.74964125E-07, 0.00141740455839178
1.74966078125E-07, 0.00162498332261996
1.7496803125E-07, 0.00116264399978799
1.74969984375E-07, 0.00132319661528212
1.749719375E-07, 0.00211350867691989
1.74973890625E-07, 0.00272161191466389
1.7497584375E-07, 0.000471711711170496
1.74977796875E-07, 0.00184036497060278
1.7497975E-07, 0.0026085853353134
1.74981703125E-07, 0.00168738332730486
1.7498365625E-07, 0.00199074703134364
1.74985609375E-07, 0.000635443192987585
1.749875625E-07, 0.00128751612483692
1.74989515625E-07, 0.000792664107258447
1.7499146875E-07, 0.000721652695644243
1.74993421875E-07, 0.00032776350492034
1.74995375E-07, 0.000640496668365773
1.74997328125E-07, 0.000352463168228717
1.7499928125E-07, -8.63140578863931E-05
1.75001234375E-07, 0.000483715478824769
1.750031875E-07, -0.000195199484808667
1.75005140625E-07, -0.000437460981029351
1.7500709375E-07, -0.00136608648316925
1.75009046875E-07, -0.000932523722787753
1.75011E-07, -0.000574136834343747
1.75012953125E-07, -0.000917216092851089
1.7501490625E-07, -0.0010968348185239
1.75016859375E-07, -0.000985009850783933
1.750188125E-07, -0.00184984444248383
1.75020765625E-07, -0.00249214272726305
1.7502271875E-07, -0.00232212858032255
1.75024671875E-07, -0.0036717219966906
1.75026625E-07, -0.001974037675482
1.75028578125E-07, -0.00338592458715794
1.7503053125E-07, -0.00404077582370084
1.75032484375E-07, -0.00393167518342193
1.750344375E-07, -0.00533360584798207
1.75036390625E-07, -0.00531692894633764
1.7503834375E-07, -0.00673404600610234
1.75040296875E-07, -0.00617120437993708
1.7504225E-07, -0.00570975373687157
1.75044203125E-07, -0.00552676371400951
1.7504615625E-07, -0.00656068092516635
1.75048109375E-07, -0.00705942386835831
1.750500625E-07, -0.00943484785090486
1.75052015625E-07, -0.00859808188602475
1.7505396875E-07, -0.00869666207648079
1.75055921875E-07, -0.00797387690337771
1.75057875E-07, -0.00979687598690577
1.75059828125E-07, -0.0103105761798871
1.7506178125E-07, -0.0100298990707425
1.75063734375E-07, -0.0105976880138066
1.750656875E-07, -0.0101856795174563
1.75067640625E-07, -0.0122040586385677
1.7506959375E-07, -0.0125274635904921
1.75071546875E-07, -0.0133625210321428
1.750735E-07, -0.0139525373175309
1.75075453125E-07, -0.0142785469012097
1.7507740625E-07, -0.0144142169365033
1.75079359375E-07, -0.0153860785050925
1.750813125E-07, -0.0156496385831756
1.75083265625E-07, -0.0172831743575077
1.7508521875E-07, -0.0164169361075925
1.75087171875E-07, -0.0184453417327838
1.75089125E-07, -0.0180545160885375
1.75091078125E-07, -0.0188971839215703
1.7509303125E-07, -0.0195943237853201
1.75094984375E-07, -0.0193340644446993
1.750969375E-07, -0.019478929746626
1.75098890625E-07, -0.0203330413074987
1.7510084375E-07, -0.0205538111843065
1.75102796875E-07, -0.0213087058097731
1.7510475E-07, -0.0228410127262373
1.75106703125E-07, -0.0223425193456107
1.7510865625E-07, -0.0224263191876723
1.75110609375E-07, -0.0236394988166994
1.751125625E-07, -0.0231357271947639
1.75114515625E-07, -0.0249327611413668
1.7511646875E-07, -0.02499867705254
1.75118421875E-07, -0.027171077675775
1.75120375E-07, -0.0253443757915114
1.75122328125E-07, -0.0270396105580402
1.7512428125E-07, -0.0268264256714015
1.75126234375E-07, -0.0277898295897608
1.751281875E-07, -0.0281573473749475
1.75130140625E-07, -0.028473011337137
1.7513209375E-07, -0.0280684122010546
1.75134046875E-07, -0.0288290322371773
1.75136E-07, -0.028623324083551
1.75137953125E-07, -0.0298680763232047
1.7513990625E-07, -0.0316868456629678
1.75141859375E-07, -0.0315864887595041
1.751438125E-07, -0.0303100294453389
1.75145765625E-07, -0.0302318030927147
1.7514771875E-07, -0.0315622533952777
1.75149671875E-07, -0.0318032631224516
1.75151625E-07, -0.0328104267384282
1.75153578125E-07, -0.0318827209580922
1.7515553125E-07, -0.0315687613534904
1.75157484375E-07, -0.0327696334150102
1.751594375E-07, -0.0325559824290394
1.75161390625E-07, -0.0331065849227786
1.7516334375E-07, -0.0317700091830555
1.75165296875E-07, -0.0327494544950175
1.7516725E-07, -0.0336932041467909
1.75169203125E-07, -0.0324071521366953
1.7517115625E-07, -0.0323404036890904
1.75173109375E-07, -0.0335601778842406
1.751750625E-07, -0.0334747163982597
1.75177015625E-07, -0.034127722306483
1.7517896875E-07, -0.0334051772470169
1.75180921875E-07, -0.0321529457127375
1.75182875E-07, -0.0332313500003773
1.75184828125E-07, -0.0336826615149163
1.7518678125E-07, -0.033364255885618
1.75188734375E-07, -0.0326973225585804
1.751906875E-07, -0.0329934599360755
1.75192640625E-07, -0.0330132425831194
1.7519459375E-07, -0.0326295022950833
1.75196546875E-07, -0.0334565120684164
1.751985E-07, -0.0312157073800237
1.75200453125E-07, -0.0315068861211007
1.7520240625E-07, -0.0309003558404179
1.75204359375E-07, -0.0297385329160357
1.752063125E-07, -0.0319670557450908
1.75208265625E-07, -0.0308534907155643
1.7521021875E-07, -0.0294892760305779
1.75212171875E-07, -0.0299041739048196
1.75214125E-07, -0.029744576620584
1.75216078125E-07, -0.030146246112349
1.7521803125E-07, -0.0296963254656088
1.75219984375E-07, -0.0285968230035237
1.752219375E-07, -0.0284325786068039
1.75223890625E-07, -0.0294246915791061
1.7522584375E-07, -0.0286334964637397
1.75227796875E-07, -0.0276923032366761
1.7522975E-07, -0.0269555047702444
1.75231703125E-07, -0.0267533943206037
1.7523365625E-07, -0.0271391952380843
1.75235609375E-07, -0.0260965779673545
1.752375625E-07, -0.0259262000951
1.75239515625E-07, -0.0255614162991309
1.7524146875E-07, -0.0253727143168306
1.75243421875E-07, -0.0240657969406646
1.75245375E-07, -0.0241855146319663
1.75247328125E-07, -0.0247114759994477
1.7524928125E-07, -0.0247927942784116
1.75251234375E-07, -0.0236020181973013
1.752531875E-07, -0.0229406069296372
1.75255140625E-07, -0.0226537326976642
1.7525709375E-07, -0.0224510879809025
1.75259046875E-07, -0.0221439969190869
1.75261E-07, -0.0221816717859513
1.75262953125E-07, -0.0211366046730834
1.7526490625E-07, -0.0221029623893943
1.75266859375E-07, -0.0214128886709755
1.752688125E-07, -0.0205434105575936
1.75270765625E-07, -0.0195289851025538
1.7527271875E-07, -0.01870340113049
1.75274671875E-07, -0.0188534180205659
1.75276625E-07, -0.0192069632223491
1.75278578125E-07, -0.0167387381412101
1.7528053125E-07, -0.0181163275237767
1.75282484375E-07, -0.0166097452035243
1.752844375E-07, -0.0175351913973185
1.75286390625E-07, -0.016871566184198
1.7528834375E-07, -0.0154910424182207
1.75290296875E-07, -0.0154684084946275
1.7529225E-07, -0.0155534407381506
1.75294203125E-07, -0.0157334665555241
1.7529615625E-07, -0.0146103756999325
1.75298109375E-07, -0.0139014208524277
1.753000625E-07, -0.0128512770052402
1.75302015625E-07, -0.01253036521516
1.7530396875E-07, -0.0133607944695911
1.75305921875E-07, -0.0117529813635
1.75307875E-07, -0.0122836516128379
1.75309828125E-07, -0.0111596654990955
1.7531178125E-07, -0.0116692038912993
1.75313734375E-07, -0.0104276414310986
1.753156875E-07, -0.0104242397895144
1.75317640625E-07, -0.00964622161410848
1.7531959375E-07, -0.0105521696806475
1.75321546875E-07, -0.00904329674943123
1.753235E-07, -0.00889811499890469
1.75325453125E-07, -0.00884623675348741
1.7532740625E-07, -0.00806637037889148
1.75329359375E-07, -0.00766654043344467
1.753313125E-07, -0.00746952890071134
1.75333265625E-07, -0.0068983324270441
1.7533521875E-07, -0.00597101700748864
1.75337171875E-07, -0.00684032815128671
1.75339125E-07, -0.00583424154815808
1.75341078125E-07, -0.00584311868509035
1.7534303125E-07, -0.0050951350100831
1.75344984375E-07, -0.00419413988222815
1.753469375E-07, -0.00433685288456987
1.75348890625E-07, -0.00291629295616435
1.7535084375E-07, -0.00264882641611173
1.75352796875E-07, -0.00301327922624337
1.7535475E-07, -0.00378710039099867
1.75356703125E-07, -0.00292022304351119
1.7535865625E-07, -0.00203783181243497
1.75360609375E-07, -0.00229959436017232
1.753625625E-07, -0.001600796076344
1.75364515625E-07, -0.00103202037216078
1.7536646875E-07, -0.00091226483674956
1.75368421875E-07, -5.94727063591221E-05
1.75370375E-07, -5.01576805523241E-05
1.75372328125E-07, -0.000794730594251405
1.7537428125E-07, 0.000632908986517637
1.75376234375E-07, 0.000305595618348142
1.753781875E-07, 0.000865521850812096
1.75380140625E-07, 0.000831759059184845
1.7538209375E-07, 0.00121903692167203
1.75384046875E-07, 0.0017261570434577
1.75386E-07, 0.00135978449846732
1.75387953125E-07, 0.00172820724892485
1.7538990625E-07, 0.00217716644024815
1.75391859375E-07, 0.0016451554321042
1.753938125E-07, 0.0029172005990526
1.75395765625E-07, 0.00247073576403768
1.7539771875E-07, 0.00267894192501811
1.75399671875E-07, 0.00381255143649684
1.75401625E-07, 0.00303690588732133
1.75403578125E-07, 0.00266618316997222
1.7540553125E-07, 0.00426627802851176
1.75407484375E-07, 0.00357713752343001
1.754094375E-07, 0.00381611630791941
1.75411390625E-07, 0.00324410569957558
1.7541334375E-07, 0.0040879329829851
1.75415296875E-07, 0.00499409981012505
1.7541725E-07, 0.0040983714687834
1.75419203125E-07, 0.00435699778346179
1.7542115625E-07, 0.00537172647862213
1.75423109375E-07, 0.00532486535684474
1.754250625E-07, 0.00469263982455165
1.75427015625E-07, 0.00508982128084062
1.7542896875E-07, 0.00551839571154098
1.75430921875E-07, 0.00636395762988074
1.75432875E-07, 0.00564187892122941
1.75434828125E-07, 0.00639706702572265
1.7543678125E-07, 0.00639826175860948
1.75438734375E-07, 0.00678940406161172
1.754406875E-07, 0.00696612245071633
1.75442640625E-07, 0.0059767643547896
1.7544459375E-07, 0.00656407147511813
1.75446546875E-07, 0.00705106971161564
1.754485E-07, 0.00726627879347089
1.75450453125E-07, 0.00722334092921033
1.7545240625E-07, 0.00744955956590875
1.75454359375E-07, 0.00741879651408557
1.754563125E-07, 0.0070945308271664
1.75458265625E-07, 0.00822105639798779
1.7546021875E-07, 0.00841436759426368
1.75462171875E-07, 0.00992936716518101
1.75464125E-07, 0.00851351592269347
1.75466078125E-07, 0.00914295662989774
1.7546803125E-07, 0.00965784215571036
1.75469984375E-07, 0.0102293258424886
1.754719375E-07, 0.0102909506809576
1.75473890625E-07, 0.0102437387039346
1.7547584375E-07, 0.010818147160396
1.75477796875E-07, 0.0100879554519827
1.7547975E-07, 0.0107228812604702
1.75481703125E-07, 0.0108192137495274
1.7548365625E-07, 0.0103513856547561
1.75485609375E-07, 0.0117495525277037
1.754875625E-07, 0.0119150742381025
1.75489515625E-07, 0.0120936893796728
1.7549146875E-07, 0.0115567658843621
1.75493421875E-07, 0.0118621622989045
1.75495375E-07, 0.0128515389986626
1.75497328125E-07, 0.0128486655547299
1.7549928125E-07, 0.0132362469508084
1.75501234375E-07, 0.0131038566158294
1.755031875E-07, 0.0131898156485631
1.75505140625E-07, 0.0132748031899553
1.7550709375E-07, 0.0135267204156133
1.75509046875E-07, 0.014102118134069
1.75511E-07, 0.0138319992613519
1.75512953125E-07, 0.0143595455111945
1.7551490625E-07, 0.0141669578532091
1.75516859375E-07, 0.0139573369784432
1.755188125E-07, 0.0139148043267374
1.75520765625E-07, 0.01391400446033
1.7552271875E-07, 0.0148496026671662
1.75524671875E-07, 0.0147667683840371
1.75526625E-07, 0.0144044928755187
1.75528578125E-07, 0.0146190271364887
1.7553053125E-07, 0.014327981540773
1.75532484375E-07, 0.0147416519343403
1.755344375E-07, 0.0139830933310106
1.75536390625E-07, 0.0139459044758817
1.7553834375E-07, 0.0144084436022374
1.75540296875E-07, 0.0144082596705067
1.7554225E-07, 0.0141742440380455
1.75544203125E-07, 0.0138669833695196
1.7554615625E-07, 0.0143695545596333
1.75548109375E-07, 0.013756454456428
1.755500625E-07, 0.013989733634182
1.75552015625E-07, 0.0141203718177888
1.7555396875E-07, 0.0131677381237152
1.75555921875E-07, 0.0134424395237753
1.75557875E-07, 0.012855118702366
1.75559828125E-07, 0.0130061096250802
1.7556178125E-07, 0.0125272370388218
1.75563734375E-07, 0.0123404371887898
1.755656875E-07, 0.0123741507879984
1.75567640625E-07, 0.0120786339481725
1.7556959375E-07, 0.0115990699645913
1.75571546875E-07, 0.0123473544249151
1.755735E-07, 0.0108659689127325
1.75575453125E-07, 0.0102815406299751
1.7557740625E-07, 0.0111521571959756
1.75579359375E-07, 0.0103862026646496
1.755813125E-07, 0.0100692219599255
1.75583265625E-07, 0.00987528631590381
1.7558521875E-07, 0.00916734697582773
1.75587171875E-07, 0.0096382836445529
1.75589125E-07, 0.00946534654656453
1.75591078125E-07, 0.00889524625324639
1.7559303125E-07, 0.00898104321095269
1.75594984375E-07, 0.00798785439846285
1.755969375E-07, 0.00847497235255238
1.75598890625E-07, 0.00768629281055387
1.7560084375E-07, 0.00696550470426616
1.75602796875E-07, 0.00734608851156399
1.7560475E-07, 0.00651870079185724
1.75606703125E-07, 0.00684123219663207
1.7560865625E-07, 0.00673204015950703
1.75610609375E-07, 0.00535623544072512
1.756125625E-07, 0.00670010947505451
1.75614515625E-07, 0.00539685616458626
1.7561646875E-07, 0.00541729575563484
1.75618421875E-07, 0.00490917694522345
1.75620375E-07, 0.00463262223356142
1.75622328125E-07, 0.00534138621383745
1.7562428125E-07, 0.00499168452058126
1.75626234375E-07, 0.00418593840702441
1.756281875E-07, 0.00414588668697337
1.75630140625E-07, 0.00419594184077754
1.7563209375E-07, 0.00425444233393165
1.75634046875E-07, 0.00384046894642905
1.75636E-07, 0.00394969346564302
1.75637953125E-07, 0.00280629795753658
1.7563990625E-07, 0.00366585129217989
1.75641859375E-07, 0.0034906523577812
1.756438125E-07, 0.00336818447846015
1.75645765625E-07, 0.00278800889857854
1.7564771875E-07, 0.00305328256367716
1.75649671875E-07, 0.00390713739500056
1.75651625E-07, 0.00238846423265979
1.75653578125E-07, 0.00316772890857385
1.7565553125E-07, 0.00311051311250203
1.75657484375E-07, 0.00387958008362058
1.756594375E-07, 0.00347521386022673
1.75661390625E-07, 0.00362163182636171
1.7566334375E-07, 0.00274251683659008
1.75665296875E-07, 0.00243255379313474
1.7566725E-07, 0.00347341254029635
1.75669203125E-07, 0.00407724093968315
1.7567115625E-07, 0.0034452726109774
1.75673109375E-07, 0.00279377676839262
1.756750625E-07, 0.00410428555693015
1.75677015625E-07, 0.00306561617091543
1.7567896875E-07, 0.00439502652089749
1.75680921875E-07, 0.00326591463736055
1.75682875E-07, 0.00364148997183019
1.75684828125E-07, 0.00448098906492282
1.7568678125E-07, 0.00338533910914279
1.75688734375E-07, 0.00425638617150398
1.756906875E-07, 0.00451438994056931
1.75692640625E-07, 0.00426225606101092
1.7569459375E-07, 0.00473002800907834
1.75696546875E-07, 0.00537628068344195
1.756985E-07, 0.00508716871226178
1.75700453125E-07, 0.00481630776676598
1.7570240625E-07, 0.0051924300208589
1.75704359375E-07, 0.00604999707374083
1.757063125E-07, 0.00528341807211874
1.75708265625E-07, 0.00546744717052607
1.7571021875E-07, 0.00560894443874853
1.75712171875E-07, 0.00558802261732955
1.75714125E-07, 0.00610293486087401
1.75716078125E-07, 0.00574673572808064
1.7571803125E-07, 0.00563707383209301
1.75719984375E-07, 0.00667992380366294
1.757219375E-07, 0.00613007565229971
1.75723890625E-07, 0.0061972154114774
1.7572584375E-07, 0.00762695614468246
1.75727796875E-07, 0.00663305069674618
1.7572975E-07, 0.00765967507551333
1.75731703125E-07, 0.00759497224897803
1.7573365625E-07, 0.00734528237262133
1.75735609375E-07, 0.00721680238719066
1.757375625E-07, 0.00768508809326041
1.75739515625E-07, 0.00768766169986851
1.7574146875E-07, 0.00756681373488045
1.75743421875E-07, 0.00718903103470623
1.75745375E-07, 0.00721259394119147
1.75747328125E-07, 0.00744761607282977
1.7574928125E-07, 0.00841160804538418
1.75751234375E-07, 0.00840900250731774
1.757531875E-07, 0.00821365188999693
1.75755140625E-07, 0.00894514014554917
1.7575709375E-07, 0.00856230942743649
1.75759046875E-07, 0.00870635950004974
1.75761E-07, 0.00873226321541704
1.75762953125E-07, 0.00982816575051881
1.7576490625E-07, 0.0104313244310013
1.75766859375E-07, 0.00956906693210521
1.757688125E-07, 0.00940261805362325
1.75770765625E-07, 0.00890253212792013
1.7577271875E-07, 0.00836064236264158
1.75774671875E-07, 0.00871162822475698
1.75776625E-07, 0.00967726934639188
1.75778578125E-07, 0.00970198346063252
1.7578053125E-07, 0.00974305981182634
1.75782484375E-07, 0.00901180380964121
1.757844375E-07, 0.0108185391705286
1.75786390625E-07, 0.00931381335245629
1.7578834375E-07, 0.00997810316622577
1.75790296875E-07, 0.0092560629186526
1.7579225E-07, 0.0106439755432669
1.75794203125E-07, 0.0102548836899652
1.7579615625E-07, 0.0101126512516805
1.75798109375E-07, 0.0103188587258598
1.758000625E-07, 0.0103021346697174
1.75802015625E-07, 0.0102358361622161
1.7580396875E-07, 0.0113369123350794
1.75805921875E-07, 0.0103384833339348
1.75807875E-07, 0.010924775245062
1.75809828125E-07, 0.0114194117995236
1.7581178125E-07, 0.00965835758936875
1.75813734375E-07, 0.0111915533464073
1.758156875E-07, 0.0109745258536963
1.75817640625E-07, 0.0114746548586405
1.7581959375E-07, 0.0108901893544759
1.75821546875E-07, 0.0119404702345873
1.758235E-07, 0.0117419634996851
1.75825453125E-07, 0.0119836153254074
1.7582740625E-07, 0.01083531121016
1.75829359375E-07, 0.0120666702326946
1.758313125E-07, 0.0108060007859709
1.75833265625E-07, 0.0121548839304856
1.7583521875E-07, 0.0119865930961186
1.75837171875E-07, 0.0119417681347839
1.75839125E-07, 0.0124351820850368
1.75841078125E-07, 0.0100781451107827
1.7584303125E-07, 0.0124977867569147
1.75844984375E-07, 0.0125199926346642
1.758469375E-07, 0.0121991860135477
1.75848890625E-07, 0.0121459656871587
1.7585084375E-07, 0.012451145754346
1.75852796875E-07, 0.0125849946239558
1.7585475E-07, 0.0131184521319111
1.75856703125E-07, 0.0125316240020903
1.7585865625E-07, 0.0127389257685528
1.75860609375E-07, 0.0125345358297871
1.758625625E-07, 0.0128505163277701
1.75864515625E-07, 0.0131572431098659
1.7586646875E-07, 0.012773950956664
1.75868421875E-07, 0.0126890128451045
1.75870375E-07, 0.0122288154362442
1.75872328125E-07, 0.0124169913580446
1.7587428125E-07, 0.0134496851459251
1.75876234375E-07, 0.0133199399533846
1.758781875E-07, 0.0131577497617402
1.75880140625E-07, 0.0130275248118767
1.7588209375E-07, 0.0132898395351927
1.75884046875E-07, 0.0128851531591332
1.75886E-07, 0.0132666563894475
1.75887953125E-07, 0.0134880116918647
1.7588990625E-07, 0.0131245999991679
1.75891859375E-07, 0.0133770508594595
1.758938125E-07, 0.0133257778544395
1.75895765625E-07, 0.0131787403942798
1.7589771875E-07, 0.0135098871416327
1.75899671875E-07, 0.0132622376823724
1.75901625E-07, 0.0123719182526154
1.75903578125E-07, 0.0122838777982112
1.7590553125E-07, 0.0130853354003608
1.75907484375E-07, 0.012629081084113
1.759094375E-07, 0.0132978027566853
1.75911390625E-07, 0.0130003806985407
1.7591334375E-07, 0.012734643680879
1.75915296875E-07, 0.0129042009017034
1.7591725E-07, 0.0129980221426909
1.75919203125E-07, 0.012160613272904
1.7592115625E-07, 0.012116074563032
1.75923109375E-07, 0.0122700278726711
1.759250625E-07, 0.0125224899693392
1.75927015625E-07, 0.0117649574154754
1.7592896875E-07, 0.0110745727838878
1.75930921875E-07, 0.0109977821311941
1.75932875E-07, 0.0103870141321108
1.75934828125E-07, 0.00932733028659395
1.7593678125E-07, 0.0109700117607539
1.75938734375E-07, 0.0103390775203467
1.759406875E-07, 0.00959857203805727
1.75942640625E-07, 0.00968588021262329
1.7594459375E-07, 0.0102430445071297
1.75946546875E-07, 0.00950496558908474
1.759485E-07, 0.00896719747863744
1.75950453125E-07, 0.00873096118416756
1.7595240625E-07, 0.00890213679280857
1.75954359375E-07, 0.00799430590550143
1.759563125E-07, 0.00801522862750605
1.75958265625E-07, 0.00681312143687343
1.7596021875E-07, 0.00746545054622027
1.75962171875E-07, 0.00721808615595824
1.75964125E-07, 0.00664055792066376
1.75966078125E-07, 0.00522962504577011
1.7596803125E-07, 0.00653636901346924
1.75969984375E-07, 0.00440644533420545
1.759719375E-07, 0.00468346450263377
1.75973890625E-07, 0.0045345804720343
1.7597584375E-07, 0.00374473170296259
1.75977796875E-07, 0.00336609112984533
1.7597975E-07, 0.00372465972680155
1.75981703125E-07, 0.00343976987021688
1.7598365625E-07, 0.00231359613855712
1.75985609375E-07, 0.00265765900534266
1.759875625E-07, 0.00171229499114307
1.75989515625E-07, 0.000685550591345557
1.7599146875E-07, 0.00115966718689825
1.75993421875E-07, 0.000745624895727013
1.75995375E-07, -7.6595051020992E-05
1.75997328125E-07, -0.000197069058398271
1.7599928125E-07, -0.00181026720732911
1.76001234375E-07, -0.00103231203126693
1.760031875E-07, -0.0020840915176116
1.76005140625E-07, -0.00160714757138646
1.7600709375E-07, -0.000905007150960914
1.76009046875E-07, -0.00056796833661537
1.76011E-07, -0.00277345509969056
1.76012953125E-07, -0.00228699366972598
1.7601490625E-07, -0.00435791115454121
1.76016859375E-07, -0.00374018142268472
1.760188125E-07, -0.0061742951243007
1.76020765625E-07, -0.00496999363070797
1.7602271875E-07, -0.0052504634103389
1.76024671875E-07, -0.00792072321172608
1.76026625E-07, -0.0064073706686231
1.76028578125E-07, -0.00766002646180334
1.7603053125E-07, -0.00868788657787169
1.76032484375E-07, -0.00821133979142905
1.760344375E-07, -0.00901789643137514
1.76036390625E-07, -0.00873041461175521
1.7603834375E-07, -0.0107206668563358
1.76040296875E-07, -0.00973242642485248
1.7604225E-07, -0.00974112077302179
1.76044203125E-07, -0.0109089862213256
1.7604615625E-07, -0.0118152609044226
1.76048109375E-07, -0.0119977517101932
1.760500625E-07, -0.0121921932177381
1.76052015625E-07, -0.0127817141749376
1.7605396875E-07, -0.0127289009413089
1.76055921875E-07, -0.0138281812366996
1.76057875E-07, -0.0135747027875995
1.76059828125E-07, -0.0139216581760126
1.7606178125E-07, -0.0140103977643557
1.76063734375E-07, -0.0142324502218428
1.760656875E-07, -0.0146981205259976
1.76067640625E-07, -0.0146005351655521
1.7606959375E-07, -0.0158920491637491
1.76071546875E-07, -0.0159631026875494
1.760735E-07, -0.0150684140267958
1.76075453125E-07, -0.0164259587048443
1.7607740625E-07, -0.0150924220322359
1.76079359375E-07, -0.0161995473693331
1.760813125E-07, -0.0163263921417108
1.76083265625E-07, -0.0158013718504969
1.7608521875E-07, -0.0166329106338262
1.76087171875E-07, -0.0159397414065513
1.76089125E-07, -0.0157991775046561
1.76091078125E-07, -0.0156678317439765
1.7609303125E-07, -0.0161752008060087
1.76094984375E-07, -0.0163952214856949
1.760969375E-07, -0.0148837241260096
1.76098890625E-07, -0.0160410227668859
1.7610084375E-07, -0.0155124876021581
1.76102796875E-07, -0.0158217377513918
1.7610475E-07, -0.0159533383119753
1.76106703125E-07, -0.0152397529003755
1.7610865625E-07, -0.0145163247795815
1.76110609375E-07, -0.0152960897501062
1.761125625E-07, -0.0147197604682304
1.76114515625E-07, -0.0149662380395049
1.7611646875E-07, -0.014496957533097
1.76118421875E-07, -0.0138367420382932
1.76120375E-07, -0.0139125063035511
1.76122328125E-07, -0.0135977107259726
1.7612428125E-07, -0.0132057467657649
1.76126234375E-07, -0.0137848557430096
1.761281875E-07, -0.0132574667778596
1.76130140625E-07, -0.0128044902301546
1.7613209375E-07, -0.0126488937060574
1.76134046875E-07, -0.0124215040695909
1.76136E-07, -0.0120718337293237
1.76137953125E-07, -0.0117522274967695
1.7613990625E-07, -0.0107673934412939
1.76141859375E-07, -0.0107669388868714
1.761438125E-07, -0.0107215428635365
1.76145765625E-07, -0.00898917007937887
1.7614771875E-07, -0.0106703298953637
1.76149671875E-07, -0.00901243466734712
1.76151625E-07, -0.00976270913635244
1.76153578125E-07, -0.00948381956911841
1.7615553125E-07, -0.00780158780020006
1.76157484375E-07, -0.00880356937709553
1.761594375E-07, -0.00824994015532041
1.76161390625E-07, -0.00801378584012197
1.7616334375E-07, -0.00765800642259729
1.76165296875E-07, -0.00696092140439266
1.7616725E-07, -0.00651132293173444
1.76169203125E-07, -0.00703202748880042
1.7617115625E-07, -0.00734401889130219
1.76173109375E-07, -0.00678408639921315
1.761750625E-07, -0.00739421923676033
1.76177015625E-07, -0.00651985158921675
1.7617896875E-07, -0.00596470036146295
1.76180921875E-07, -0.00564674957949987
1.76182875E-07, -0.00617061705020226
1.76184828125E-07, -0.00553837836517195
1.7618678125E-07, -0.00457657416513812
1.76188734375E-07, -0.00596573588143508
1.761906875E-07, -0.00508494866268799
1.76192640625E-07, -0.0056481247077402
1.7619459375E-07, -0.00517305938333045
1.76196546875E-07, -0.00541360627082831
1.761985E-07, -0.00529955908654869
1.76200453125E-07, -0.00491467693484188
1.7620240625E-07, -0.00561425490013059
1.76204359375E-07, -0.0049600333664976
1.762063125E-07, -0.00553275466248578
1.76208265625E-07, -0.00515200066473696
1.7621021875E-07, -0.00583599763843762
1.76212171875E-07, -0.00529370372839835
1.76214125E-07, -0.00535702430391587
1.76216078125E-07, -0.00608279344858123
1.7621803125E-07, -0.00640495493799124
1.76219984375E-07, -0.0068808799212164
1.762219375E-07, -0.00596884031312532
1.76223890625E-07, -0.00634935845673154
1.7622584375E-07, -0.00677962896226877
1.76227796875E-07, -0.00650925655736134
1.7622975E-07, -0.00681528119739379
1.76231703125E-07, -0.0070074819211083
1.7623365625E-07, -0.00718837818632682
1.76235609375E-07, -0.00780221909451208
1.762375625E-07, -0.0078229579046395
1.76239515625E-07, -0.00791143738960495
1.7624146875E-07, -0.0083164151230221
1.76243421875E-07, -0.0084869904679802
1.76245375E-07, -0.00898893059165111
1.76247328125E-07, -0.00855851210605464
1.7624928125E-07, -0.00878305003753551
1.76251234375E-07, -0.00917855507473542
1.762531875E-07, -0.00940972389476378
1.76255140625E-07, -0.00967940682495374
1.7625709375E-07, -0.00933192333372095
1.76259046875E-07, -0.0096047474430062
1.76261E-07, -0.0099323107446908
1.76262953125E-07, -0.00993886611625039
1.7626490625E-07, -0.0101980073328274
1.76266859375E-07, -0.0100439336190659
1.762688125E-07, -0.0101408695003824
1.76270765625E-07, -0.0104267680583627
1.7627271875E-07, -0.0106566546864298
1.76274671875E-07, -0.0104480511482594
1.76276625E-07, -0.0107983990469692
1.76278578125E-07, -0.0108130907806568
1.7628053125E-07, -0.0104551099839244
1.76282484375E-07, -0.0107885262781279
1.762844375E-07, -0.0109481859959078
1.76286390625E-07, -0.0108036906528912
1.7628834375E-07, -0.0105200119590425
1.76290296875E-07, -0.0109580056141509
1.7629225E-07, -0.0108886413585718
1.76294203125E-07, -0.0106179654397801
1.7629615625E-07, -0.0107795663446078
1.76298109375E-07, -0.0111707588664825
1.763000625E-07, -0.0107678089976749
1.76302015625E-07, -0.0108429198511196
1.7630396875E-07, -0.0110142541657672
1.76305921875E-07, -0.0105193389116597
1.76307875E-07, -0.0105965731273197
1.76309828125E-07, -0.0108912160878841
1.7631178125E-07, -0.0101756367325869
1.76313734375E-07, -0.010145284664529
1.763156875E-07, -0.010095951917
1.76317640625E-07, -0.0100599410163346
1.7631959375E-07, -0.0102944331947381
1.76321546875E-07, -0.00998299487175056
1.763235E-07, -0.00998239905643415
1.76325453125E-07, -0.00947708690717078
1.7632740625E-07, -0.00924315243539446
1.76329359375E-07, -0.00930958109929911
1.763313125E-07, -0.00906859004224238
1.76333265625E-07, -0.00894790699572735
1.7633521875E-07, -0.00910013282803737
1.76337171875E-07, -0.0090276067204866
1.76339125E-07, -0.0090239837735372
1.76341078125E-07, -0.00817332894951885
1.7634303125E-07, -0.00897324979637467
1.76344984375E-07, -0.00748666028359145
1.763469375E-07, -0.00816955111146601
1.76348890625E-07, -0.0081220917845231
1.7635084375E-07, -0.00702003314726536
1.76352796875E-07, -0.00817513656340055
1.7635475E-07, -0.00745938745256453
1.76356703125E-07, -0.0069899594137418
1.7635865625E-07, -0.00687535233936239
1.76360609375E-07, -0.00726007171495064
1.763625625E-07, -0.00644140704832296
1.76364515625E-07, -0.00624154023850393
1.7636646875E-07, -0.00642208363806318
1.76368421875E-07, -0.00635943825534105
1.76370375E-07, -0.00673918077532807
1.76372328125E-07, -0.00601424469337659
1.7637428125E-07, -0.00587822574044924
1.76376234375E-07, -0.00603669183569961
1.763781875E-07, -0.00569543373506433
1.76380140625E-07, -0.00596412382013983
1.7638209375E-07, -0.00580886635123838
1.76384046875E-07, -0.00596271254408573
1.76386E-07, -0.00599933689846644
1.76387953125E-07, -0.00539949592840037
1.7638990625E-07, -0.00518887731577139
1.76391859375E-07, -0.00480672377424392
1.763938125E-07, -0.00509170190476504
1.76395765625E-07, -0.00463408561767075
1.7639771875E-07, -0.0049093587084577
1.76399671875E-07, -0.00424674776404902
1.76401625E-07, -0.00496418097725356
1.76403578125E-07, -0.00487733100981681
1.7640553125E-07, -0.00537231271025081
1.76407484375E-07, -0.00472250154766855
1.764094375E-07, -0.0049157010414911
1.76411390625E-07, -0.0042789049706339
1.7641334375E-07, -0.00527588860667176
1.76415296875E-07, -0.00549886635144683
1.7641725E-07, -0.00486086797488789
1.76419203125E-07, -0.00506995412854776
1.7642115625E-07, -0.0049716495579793
1.76423109375E-07, -0.00430439268317079
1.764250625E-07, -0.00524209756305332
1.76427015625E-07, -0.00486671377754493
1.7642896875E-07, -0.00526347363219405
1.76430921875E-07, -0.00463498005388216
1.76432875E-07, -0.00437343653407896
1.76434828125E-07, -0.00458339863856476
1.7643678125E-07, -0.0046400981899674
1.76438734375E-07, -0.0050987516251393
1.764406875E-07, -0.00492658912006982
1.76442640625E-07, -0.00507661508480278
1.7644459375E-07, -0.00430783303342481
1.76446546875E-07, -0.004839570867553
1.764485E-07, -0.00497915806380077
1.76450453125E-07, -0.00410239193952064
1.7645240625E-07, -0.00459869271364914
1.76454359375E-07, -0.0047685712510023
1.764563125E-07, -0.00433493541838068
1.76458265625E-07, -0.00552124157391407
1.7646021875E-07, -0.00491908053600203
1.76462171875E-07, -0.00518654031067304
1.76464125E-07, -0.00456167980626046
1.76466078125E-07, -0.00504708923879295
1.7646803125E-07, -0.00491057531444341
1.76469984375E-07, -0.00545844357277928
1.764719375E-07, -0.00482797470057135
1.76473890625E-07, -0.00508854707315987
1.7647584375E-07, -0.00448853808912751
1.76477796875E-07, -0.00482742899413481
1.7647975E-07, -0.00505296340125818
1.76481703125E-07, -0.00484249211277886
1.7648365625E-07, -0.00473064938835891
1.76485609375E-07, -0.00482086553218193
1.764875625E-07, -0.00489007774037403
1.76489515625E-07, -0.00451096973595607
1.7649146875E-07, -0.00497711589575505
1.76493421875E-07, -0.00474507597922915
1.76495375E-07, -0.00438661330832144
1.76497328125E-07, -0.00503282387354115
1.7649928125E-07, -0.00458534051338745
1.76501234375E-07, -0.00479761473730779
1.765031875E-07, -0.00457344281936056
1.76505140625E-07, -0.00406725183430384
1.7650709375E-07, -0.00450415338626648
1.76509046875E-07, -0.00386218817965753
1.76511E-07, -0.00456065097968688
1.76512953125E-07, -0.00451582461953394
1.7651490625E-07, -0.00433428914088451
1.76516859375E-07, -0.00436581225453321
1.765188125E-07, -0.00406196969152884
1.76520765625E-07, -0.00407926291585339
1.7652271875E-07, -0.00396917312916083
1.76524671875E-07, -0.00431011805246216
1.76526625E-07, -0.00394399797726588
1.76528578125E-07, -0.00389061807585535
1.7653053125E-07, -0.0041670128021268
1.76532484375E-07, -0.00368099056686198
1.765344375E-07, -0.00342896142932175
1.76536390625E-07, -0.00404463149925417
1.7653834375E-07, -0.00357302031908497
1.76540296875E-07, -0.00360561455111787
1.7654225E-07, -0.00357663180716538
1.76544203125E-07, -0.0036316309715442
1.7654615625E-07, -0.00356080003480781
1.76548109375E-07, -0.00374873553031855
1.765500625E-07, -0.00363486707979639
1.76552015625E-07, -0.00349802174089352
1.7655396875E-07, -0.00372256729143265
1.76555921875E-07, -0.00419540028170793
1.76557875E-07, -0.00371907051923019
1.76559828125E-07, -0.00344488903417023
1.7656178125E-07, -0.0035891608932173
1.76563734375E-07, -0.003827910003541
1.765656875E-07, -0.00305072745090728
1.76567640625E-07, -0.00362209050191209
1.7656959375E-07, -0.00342687422501095
1.76571546875E-07, -0.0036695319266391
1.765735E-07, -0.00351777605688532
1.76575453125E-07, -0.00354263649785852
1.7657740625E-07, -0.00297018251306692
1.76579359375E-07, -0.00352770867146706
1.765813125E-07, -0.00326277186280913
1.76583265625E-07, -0.0032662162741423
1.7658521875E-07, -0.00358914071386611
1.76587171875E-07, -0.00419729819263703
1.76589125E-07, -0.00349530788108912
1.76591078125E-07, -0.00344122274395402
1.7659303125E-07, -0.00363425547399083
1.76594984375E-07, -0.00354273863545132
1.765969375E-07, -0.00356793596608096
1.76598890625E-07, -0.00285100810891591
1.7660084375E-07, -0.00356108186119056
1.76602796875E-07, -0.00343168820926054
1.7660475E-07, -0.00329099469734817
1.76606703125E-07, -0.0044158676548294
1.7660865625E-07, -0.00335946085514883
1.76610609375E-07, -0.0035603418908084
1.766125625E-07, -0.00326127867415544
1.76614515625E-07, -0.00390392749676249
1.7661646875E-07, -0.00329400109885283
1.76618421875E-07, -0.00271262505350686
1.76620375E-07, -0.003008460083666
1.76622328125E-07, -0.00314345511453534
1.7662428125E-07, -0.00389162249549562
1.76626234375E-07, -0.00223443743122966
1.766281875E-07, -0.00312063120487383
1.76630140625E-07, -0.00329525637234988
1.7663209375E-07, -0.00298461294350997
1.76634046875E-07, -0.00330426992376981
1.76636E-07, -0.00246695359845633
1.76637953125E-07, -0.00356421893050205
1.7663990625E-07, -0.0034978616915632
1.76641859375E-07, -0.00272971498008992
1.766438125E-07, -0.00368295449322588
1.76645765625E-07, -0.00391966948556863
1.7664771875E-07, -0.00231792993619437
1.76649671875E-07, -0.0025424585456404
1.76651625E-07, -0.00321771677946908
1.76653578125E-07, -0.00154810677693361
1.7665553125E-07, -0.00298755310653851
1.76657484375E-07, -0.003222798475672
1.766594375E-07, -0.00276576395319886
1.76661390625E-07, -0.00257833465582209
1.7666334375E-07, -0.00301943024053531
1.76665296875E-07, -0.00320324471618972
1.7666725E-07, -0.00293740773822689
1.76669203125E-07, -0.00269968731043167
1.7667115625E-07, -0.00298065914420829
1.76673109375E-07, -0.00191713246416135
1.766750625E-07, -0.00196232050195187
1.76677015625E-07, -0.00155573349485762
1.7667896875E-07, -0.00236305808876467
1.76680921875E-07, -0.00192241431012113
1.76682875E-07, -0.00310646564414383
1.76684828125E-07, -0.00128504940756355
1.7668678125E-07, -0.00312790672759041
1.76688734375E-07, -0.00182782072921339
1.766906875E-07, -0.00187644825097775
1.76692640625E-07, -0.00125880044797588
1.7669459375E-07, -0.00192713168311362
1.76696546875E-07, -0.00237621641956281
1.766985E-07, -0.00224403273689598
1.76700453125E-07, -0.00141172105240489
1.7670240625E-07, -0.0014814752937682
1.76704359375E-07, -0.00270473322988956
1.767063125E-07, -0.00301311134614801
1.76708265625E-07, -0.00249833773011457
1.7671021875E-07, -0.00170997036319345
1.76712171875E-07, -0.0011987623041552
1.76714125E-07, -0.00260697112742397
1.76716078125E-07, -0.0018869737444359
1.7671803125E-07, -0.0019963916745669
1.76719984375E-07, -0.00161102059289541
1.767219375E-07, -0.00179402301887756
1.76723890625E-07, -0.00222371440955409
1.7672584375E-07, -0.00217920426727923
1.76727796875E-07, -0.00272880676837737
1.7672975E-07, -0.00207263710890784
1.76731703125E-07, -0.00198683615149942
1.7673365625E-07, -0.00188459589350576
1.76735609375E-07, -0.00203523739422005
1.767375625E-07, -0.00239101388709321
1.76739515625E-07, -0.00118413570532508
1.7674146875E-07, -0.00243857381614311
1.76743421875E-07, -0.00223878673120537
1.76745375E-07, -0.00158472298201285
1.76747328125E-07, -0.00269941966859312
1.7674928125E-07, -0.00234134475073993
1.76751234375E-07, -0.0020959211983681
1.767531875E-07, -0.00213241685674295
1.76755140625E-07, -0.00286765889878237
1.7675709375E-07, -0.00262638471969254
1.76759046875E-07, -0.00296841742612364
1.76761E-07, -0.00186781987494682
1.76762953125E-07, -0.00169670058653283
1.7676490625E-07, -0.00184631978951592
1.76766859375E-07, -0.00169715727686947
1.767688125E-07, -0.00252474171789553
1.76770765625E-07, -0.00257001584066419
1.7677271875E-07, -0.00298030555911346
1.76774671875E-07, -0.00261083334446442
1.76776625E-07, -0.0020616932727713
1.76778578125E-07, -0.00246494350129234
1.7678053125E-07, -0.00241191009028135
1.76782484375E-07, -0.00174559966292271
1.767844375E-07, -0.00247748564955533
1.76786390625E-07, -0.000680880298690426
1.7678834375E-07, -0.00109774462615705
1.76790296875E-07, -0.00120241837511353
1.7679225E-07, -0.0011826165146224
1.76794203125E-07, -0.00172475579886665
1.7679615625E-07, -0.000497279365204548
1.76798109375E-07, -0.000691024486251927
1.768000625E-07, 0.00031063852919733
1.76802015625E-07, -0.000275916564885193
1.7680396875E-07, -0.000110591014107855
1.76805921875E-07, 0.000139905794861329
1.76807875E-07, 5.94823270485835E-05
1.76809828125E-07, 0.000641012873535597
1.7681178125E-07, 0.00269049129203481
1.76813734375E-07, 0.00216382636386591
1.768156875E-07, 0.00177198761995141
1.76817640625E-07, 0.00196505053434134
1.7681959375E-07, 0.00204402587812198
1.76821546875E-07, 0.00331833806797172
1.768235E-07, 0.00257391180988872
1.76825453125E-07, 0.00333162354006144
1.7682740625E-07, 0.0041640596492208
1.76829359375E-07, 0.00472679724174366
1.768313125E-07, 0.00398469603871084
1.76833265625E-07, 0.00519163770918379
1.7683521875E-07, 0.00561634532308336
1.76837171875E-07, 0.00465076558166402
1.76839125E-07, 0.0061863698131619
1.76841078125E-07, 0.00514571887941709
1.7684303125E-07, 0.00577737766355126
1.76844984375E-07, 0.00614246064567979
1.768469375E-07, 0.00503677278246805
1.76848890625E-07, 0.00678854524875711
1.7685084375E-07, 0.00690821288964742
1.76852796875E-07, 0.00702768664810145
1.7685475E-07, 0.00668730999603917
1.76856703125E-07, 0.00693098834771939
1.7685865625E-07, 0.00598875139508345
1.76860609375E-07, 0.00708045891027348
1.768625625E-07, 0.00748679712621007
1.76864515625E-07, 0.00694015733988783
1.7686646875E-07, 0.00675657711008118
1.76868421875E-07, 0.00740459342899961
1.76870375E-07, 0.00662674969567605
1.76872328125E-07, 0.00741613917961586
1.7687428125E-07, 0.00688843635105888
1.76876234375E-07, 0.00690672232321696
1.768781875E-07, 0.00752433272186488
1.76880140625E-07, 0.00672006429445259
1.7688209375E-07, 0.00647621841359628
1.76884046875E-07, 0.00667805720664675
1.76886E-07, 0.00696928217627169
1.76887953125E-07, 0.0070092134408919
1.7688990625E-07, 0.00568781574339253
1.76891859375E-07, 0.00462422722966118
1.768938125E-07, 0.00624772263125736
1.76895765625E-07, 0.00518128188782435
1.7689771875E-07, 0.0061961706721016
1.76899671875E-07, 0.00422567511235941
1.76901625E-07, 0.00433744051765872
1.76903578125E-07, 0.00396941003239729
1.7690553125E-07, 0.00348405148870179
1.76907484375E-07, 0.004264763907119
1.769094375E-07, 0.00378248023533443
1.76911390625E-07, 0.00378362003209131
1.7691334375E-07, 0.00327428265605709
1.76915296875E-07, 0.00271655403544216
1.7691725E-07, 0.0025036003470574
1.76919203125E-07, 0.00172718877249266
1.7692115625E-07, 0.00199501952378649
1.76923109375E-07, 0.00143059822524111
1.769250625E-07, 0.000919559174649736
1.76927015625E-07, 0.00122605277770686
1.7692896875E-07, 0.000692808259930832
1.76930921875E-07, 0.00081327067201591
1.76932875E-07, -4.62115445487438E-05
1.76934828125E-07, -0.000212808815749969
1.7693678125E-07, 0.000684666023836386
1.76938734375E-07, -0.000526533156860604
1.769406875E-07, 0.000147434656266951
1.76942640625E-07, 3.61204555899193E-05
1.7694459375E-07, 0.000400613480239716
1.76946546875E-07, -0.000680987763667925
1.769485E-07, -0.0012642987158859
1.76950453125E-07, -0.00115353829324905
1.7695240625E-07, -0.00114193360233058
1.76954359375E-07, -0.00077546915834942
1.769563125E-07, -0.00117021452949115
1.76958265625E-07, -0.00137287772667137
1.7696021875E-07, -0.00190985128299976
1.76962171875E-07, -0.00210314565996911
1.76964125E-07, -0.00164467311683464
1.76966078125E-07, -0.0015793139487933
1.7696803125E-07, -0.00154004286811029
1.76969984375E-07, -0.000874953132065501
1.769719375E-07, -0.00171573536280086
1.76973890625E-07, -0.00103623895249754
1.7697584375E-07, -0.00102756677739156
1.76977796875E-07, -0.00131880451321915
1.7697975E-07, -0.00106828846469171
1.76981703125E-07, -0.00122443039926312
1.7698365625E-07, -0.00119419968094029
1.76985609375E-07, -0.000781346265965704
1.769875625E-07, -0.00139338425716241
1.76989515625E-07, -0.00103858360145137
1.7699146875E-07, -0.00101438942921702
1.76993421875E-07, -0.000140680303397004
1.76995375E-07, -0.00139968851469589
1.76997328125E-07, -0.000913894357358799
1.7699928125E-07, 3.0200700606774E-05
1.77001234375E-07, -0.000982197071639158
1.770031875E-07, -0.000160853377133458
1.77005140625E-07, 0.000125404700583082
1.7700709375E-07, 9.32966971543584E-05
1.77009046875E-07, 0.000173886172137245
1.77011E-07, -0.000283612307940361
1.77012953125E-07, 0.00108934541398368
1.7701490625E-07, -0.000575585612929533
1.77016859375E-07, -6.04055449771825E-05
1.770188125E-07, 0.000792629710786762
1.77020765625E-07, 0.000378575679647068
1.7702271875E-07, 0.000877969604549662
1.77024671875E-07, 0.00114333865507341
1.77026625E-07, 0.00014474180305916
1.77028578125E-07, 0.0014242050556106
1.7703053125E-07, -0.000176550370464202
1.77032484375E-07, 0.00184250633850559
1.770344375E-07, 0.00146498850452711
1.77036390625E-07, 0.000947361178950169
1.7703834375E-07, 0.000766765454414787
1.77040296875E-07, 0.00196459511143849
1.7704225E-07, 0.000999543985857875
1.77044203125E-07, 0.00166019767772475
1.7704615625E-07, 0.000996493210562496
1.77048109375E-07, 0.00119922369667659
1.770500625E-07, 0.00139226753748841
1.77052015625E-07, 0.00178527225052421
1.7705396875E-07, 0.000323498536465582
1.77055921875E-07, 0.00190512682172843
1.77057875E-07, 0.00167824767328577
1.77059828125E-07, 0.00244730560132193
1.7706178125E-07, 0.00102418268872962
1.77063734375E-07, 0.00195616012930589
1.770656875E-07, 0.00160689501633215
1.77067640625E-07, 0.00191600301511055
1.7706959375E-07, 0.0021739440381053
1.77071546875E-07, 0.00229986576050487
1.770735E-07, 0.00129947073502077
1.77075453125E-07, 0.00257552479062379
1.7707740625E-07, 0.00198293534565984
1.77079359375E-07, 0.00306178732222353
1.770813125E-07, 0.00140975816794273
1.77083265625E-07, 0.00244701289822674
1.7708521875E-07, 0.00243822549257706
1.77087171875E-07, 0.00289033385899491
1.77089125E-07, 0.00291629290248929
1.77091078125E-07, 0.00290560444085637
1.7709303125E-07, 0.00245759927591748
1.77094984375E-07, 0.00260051622276986
1.770969375E-07, 0.00301380240683443
1.77098890625E-07, 0.00426961801070674
1.7710084375E-07, 0.00225121939553576
1.77102796875E-07, 0.00355980199230188
1.7710475E-07, 0.00371102258162604
1.77106703125E-07, 0.00375565424509238
1.7710865625E-07, 0.00332676799143357
1.77110609375E-07, 0.00379747209129723
1.771125625E-07, 0.00417523512040585
1.77114515625E-07, 0.00445859468547854
1.7711646875E-07, 0.00415809129680787
1.77118421875E-07, 0.00461847395428113
1.77120375E-07, 0.00448595656095479
1.77122328125E-07, 0.00417296785850619
1.7712428125E-07, 0.00434023084656908
1.77126234375E-07, 0.00467551972132308
1.771281875E-07, 0.00492874768857366
1.77130140625E-07, 0.00530048153400538
1.7713209375E-07, 0.00423696395393591
1.77134046875E-07, 0.00450653396406113
1.77136E-07, 0.0050517618237941
1.77137953125E-07, 0.00549428478148902
1.7713990625E-07, 0.00484801148076143
1.77141859375E-07, 0.00597340743476141
1.771438125E-07, 0.00525567906018532
1.77145765625E-07, 0.00533956969861618
1.7714771875E-07, 0.005938484134465
1.77149671875E-07, 0.00568709532495045
1.77151625E-07, 0.00573608114257301
1.77153578125E-07, 0.00471287320407725
1.7715553125E-07, 0.00555306942028158
1.77157484375E-07, 0.00573721527055923
1.771594375E-07, 0.00638364637141306
1.77161390625E-07, 0.00568508125013309
1.7716334375E-07, 0.00650035564037607
1.77165296875E-07, 0.00598211470139293
1.7716725E-07, 0.00647714708995576
1.77169203125E-07, 0.00610136701382564
1.7717115625E-07, 0.00654394747186933
1.77173109375E-07, 0.00650090333553825
1.771750625E-07, 0.00646241051882455
1.77177015625E-07, 0.0061817430494505
1.7717896875E-07, 0.00674154020045089
1.77180921875E-07, 0.00646729988525738
1.77182875E-07, 0.00615214779605882
1.77184828125E-07, 0.00502356778695528
1.7718678125E-07, 0.00552129284664716
1.77188734375E-07, 0.0064644211599337
1.771906875E-07, 0.00542919091864177
1.77192640625E-07, 0.00490506922849384
1.7719459375E-07, 0.00542684442333791
1.77196546875E-07, 0.00553442399126835
1.771985E-07, 0.00592479473201138
1.77200453125E-07, 0.00449182504646796
1.7720240625E-07, 0.00531119596178554
1.77204359375E-07, 0.00647399393874836
1.772063125E-07, 0.0053508743644478
1.77208265625E-07, 0.00604719300173961
1.7721021875E-07, 0.00459756957916992
1.77212171875E-07, 0.00542588004261932
1.77214125E-07, 0.00491570738168487
1.77216078125E-07, 0.00499005353841831
1.7721803125E-07, 0.00464125694349999
1.77219984375E-07, 0.0038499009148328
1.772219375E-07, 0.00522841758549558
1.77223890625E-07, 0.00371156546723907
1.7722584375E-07, 0.00450944184098068
1.77227796875E-07, 0.00481547319213676
1.7722975E-07, 0.00465411751604621
1.77231703125E-07, 0.00343548657454628
1.7723365625E-07, 0.00408683654054938
1.77235609375E-07, 0.00364982418822433
1.772375625E-07, 0.00375371359944476
1.77239515625E-07, 0.00263350411016748
1.7724146875E-07, 0.00254113548650123
1.77243421875E-07, 0.00345639610788778
1.77245375E-07, 0.00359734604522565
1.77247328125E-07, 0.00229764612689335
1.7724928125E-07, 0.00254987737355473
1.77251234375E-07, 0.00308072880693925
1.772531875E-07, 0.00242418208348849
1.77255140625E-07, 0.00280249302329365
1.7725709375E-07, 0.00239331413207245
1.77259046875E-07, 0.00178653351534384
1.77261E-07, 0.0014001190145036
1.77262953125E-07, 0.0025896776775698
1.7726490625E-07, 0.00213102306218811
1.77266859375E-07, 0.00209566026199478
1.772688125E-07, 0.00256028972741613
1.77270765625E-07, 0.00207479383673668
1.7727271875E-07, 0.00221532763439641
1.77274671875E-07, 0.0026021967127502
1.77276625E-07, 0.00206742452392519
1.77278578125E-07, 0.0022695880933052
1.7728053125E-07, 0.00211015939455753
1.77282484375E-07, 0.00185041728055006
1.772844375E-07, 0.00177930306204576
1.77286390625E-07, 0.00113778074395582
1.7728834375E-07, 0.000963203548898026
1.77290296875E-07, 0.00102736571033132
1.7729225E-07, 0.000987259412622888
1.77294203125E-07, 0.000367500906867604
1.7729615625E-07, 0.00172357278680796
1.77298109375E-07, 0.00112478877808028
1.773000625E-07, 0.00244023493570331
1.77302015625E-07, 0.00136184216846867
1.7730396875E-07, 0.000881223978021504
1.77305921875E-07, 0.00109589586283378
1.77307875E-07, 0.00102460844889172
1.77309828125E-07, 0.00040625336488286
1.7731178125E-07, 0.000466527824309298
1.77313734375E-07, 0.00164261056281773
1.773156875E-07, 0.000757745921595495
1.77317640625E-07, 0.000895434119451762
1.7731959375E-07, 0.00135008501157093
1.77321546875E-07, 0.00121849274036853
1.773235E-07, 0.000129425360226785
1.77325453125E-07, 0.000613442365627176
1.7732740625E-07, 0.00149719619142963
1.77329359375E-07, 0.000470177516285877
1.773313125E-07, 0.00053784192932606
1.77333265625E-07, -0.000617001496791991
1.7733521875E-07, 7.57394911463106E-05
1.77337171875E-07, 0.000563389868618311
1.77339125E-07, 0.00106014304316445
1.77341078125E-07, 7.78251607288496E-05
1.7734303125E-07, -3.53202010273314E-05
1.77344984375E-07, 0.000676883783704407
1.773469375E-07, 0.000884890122331403
1.77348890625E-07, 0.000781974562074785
1.7735084375E-07, 0.000878745737223187
1.77352796875E-07, -0.000402573869057889
1.7735475E-07, 0.00059360997791127
1.77356703125E-07, 0.000427700501181045
1.7735865625E-07, -0.000425133626294289
1.77360609375E-07, -0.000217468705997285
1.773625625E-07, -0.000680853428573555
1.77364515625E-07, 0.000160910877596809
1.7736646875E-07, 0.000599412927166985
1.77368421875E-07, -0.000665695234252559
1.77370375E-07, -0.000357159608509427
1.77372328125E-07, 0.000280334461626517
1.7737428125E-07, -0.000297360113898011
1.77376234375E-07, -0.000455678078385279
1.773781875E-07, -0.000320984410128921
1.77380140625E-07, -0.000677774227680399
1.7738209375E-07, -0.000378693726407389
1.77384046875E-07, 1.88387231783763E-05
1.77386E-07, -0.000563773625840718
1.77387953125E-07, 4.87096583406865E-05
1.7738990625E-07, -0.000793087106010693
1.77391859375E-07, -0.000782477778301338
1.773938125E-07, -0.000611463494769225
1.77395765625E-07, -0.00156310530998066
1.7739771875E-07, -0.000835088663691793
1.77399671875E-07, -0.000784200797763541
1.77401625E-07, -0.000689319898601092
1.77403578125E-07, -0.000598633343371241
1.7740553125E-07, -0.000929447085645768
1.77407484375E-07, -0.001120126496826
1.774094375E-07, -0.00137259563909548
1.77411390625E-07, -0.000952715961538922
1.7741334375E-07, -0.00100429909113533
1.77415296875E-07, -0.00148692133430048
1.7741725E-07, -0.000766168690976952
1.77419203125E-07, -0.00138818490057455
1.7742115625E-07, -0.00122821369057004
1.77423109375E-07, -0.00151548877165092
1.774250625E-07, -0.00116243720165104
1.77427015625E-07, -0.00180015435830339
1.7742896875E-07, -0.00132737763682066
1.77430921875E-07, -0.00177299705588841
1.77432875E-07, -0.00132579085233983
1.77434828125E-07, -0.00184509201196276
1.7743678125E-07, -0.00205575137471613
1.77438734375E-07, -0.0015049985950695
1.774406875E-07, -0.00178529411072836
1.77442640625E-07, -0.00156658070500998
1.7744459375E-07, -0.00154256482877347
1.77446546875E-07, -0.002287951371453
1.774485E-07, -0.0020760537364254
1.77450453125E-07, -0.00227460455328089
1.7745240625E-07, -0.00240630165825245
1.77454359375E-07, -0.00269581566936796
1.774563125E-07, -0.00199020773730725
1.77458265625E-07, -0.00272202341426584
1.7746021875E-07, -0.00238117648593905
1.77462171875E-07, -0.00291533117548648
1.77464125E-07, -0.00236987058898122
1.77466078125E-07, -0.00283217333507147
1.7746803125E-07, -0.00302006202989905
1.77469984375E-07, -0.00333199004710705
1.774719375E-07, -0.00351881673441293
1.77473890625E-07, -0.00257701582017047
1.7747584375E-07, -0.00319047414659194
1.77477796875E-07, -0.00341148562847753
1.7747975E-07, -0.00235882014287914
1.77481703125E-07, -0.00430820708792303
1.7748365625E-07, -0.0032670203598004
1.77485609375E-07, -0.00429654116009418
1.774875625E-07, -0.00331142025766613
1.77489515625E-07, -0.00325163087126345
1.7749146875E-07, -0.00324847858065267
1.77493421875E-07, -0.00312738044161672
1.77495375E-07, -0.00449697722126714
1.77497328125E-07, -0.00398101227340083
1.7749928125E-07, -0.00310721832186654
1.77501234375E-07, -0.00432197669615714
1.775031875E-07, -0.00452852789002759
1.77505140625E-07, -0.00455619524267204
1.7750709375E-07, -0.00433302061772458
1.77509046875E-07, -0.00403118331406027
1.77511E-07, -0.00396273482463669
1.77512953125E-07, -0.00456239545812244
1.7751490625E-07, -0.00325321965014951
1.77516859375E-07, -0.00410245203998375
1.775188125E-07, -0.00454078149277851
1.77520765625E-07, -0.00490950024495817
1.7752271875E-07, -0.00448728301180818
1.77524671875E-07, -0.00391760969745049
1.77526625E-07, -0.00411734733787273
1.77528578125E-07, -0.00419372479184084
1.7753053125E-07, -0.00407795960236573
1.77532484375E-07, -0.00418970944158225
1.775344375E-07, -0.00368370339532144
1.77536390625E-07, -0.00400189013524216
1.7753834375E-07, -0.00391970559003843
1.77540296875E-07, -0.00501894731219318
1.7754225E-07, -0.00429675888691608
1.77544203125E-07, -0.00357579110042668
1.7754615625E-07, -0.00375697717215686
1.77548109375E-07, -0.00309166445439432
1.775500625E-07, -0.003172481378627
1.77552015625E-07, -0.00309965105392589
1.7755396875E-07, -0.00483122361753091
1.77555921875E-07, -0.00311012558937824
1.77557875E-07, -0.00383804970545338
1.77559828125E-07, -0.00430519552452318
1.7756178125E-07, -0.00351610236466945
1.77563734375E-07, -0.00309665213374838
1.775656875E-07, -0.0032323711036335
1.77567640625E-07, -0.00217395786978887
1.7756959375E-07, -0.00361702605781116
1.77571546875E-07, -0.00312256483702041
1.775735E-07, -0.00239694161876911
1.77575453125E-07, -0.00244945218389094
1.7757740625E-07, -0.00243013006388856
1.77579359375E-07, -0.00220210790303372
1.775813125E-07, -0.00237698083565361
1.77583265625E-07, -0.00285790760420883
1.7758521875E-07, -0.00322331782376427
1.77587171875E-07, -0.00283350693046851
1.77589125E-07, -0.00177206657036417
1.77591078125E-07, -0.00242458857584795
1.7759303125E-07, -0.00244355753774293
1.77594984375E-07, -0.00253264943274568
1.775969375E-07, -0.00262452140484507
1.77598890625E-07, -0.00211346015363672
1.7760084375E-07, -0.00214421006960833
1.77602796875E-07, -0.00178249661012843
1.7760475E-07, -0.0014627418833972
1.77606703125E-07, -0.00234777895785908
1.7760865625E-07, -0.00218516384663547
1.77610609375E-07, -0.00194274213096643
1.776125625E-07, -0.00191362350780787
1.77614515625E-07, -0.00183355210556353
1.7761646875E-07, -0.00180929064577583
1.77618421875E-07, -0.00171509113960015
1.77620375E-07, -0.00167633299061965
1.77622328125E-07, -0.00147577444143665
1.7762428125E-07, -0.00128761832442614
1.77626234375E-07, -0.00136422294698448
1.776281875E-07, -0.00146799667376066
1.77630140625E-07, -0.00161408041120704
1.7763209375E-07, -0.00139846791904239
1.77634046875E-07, -0.0012506957805797


