File Format, WaveformXYValues
Format Version, 1
Instrument, N1045A,04F,LOJ
SwVersion, A.06.71.21
SerialNumber, MY56260108
Date, 11/29/2023 13:57:54 GMT+08:00

Source Name, Channel 1A

Points, 2048
Signal Type, Unspecified
Channel Bandwidth, 2E+10
Channel Noise, 6.66857143682292E-05
X Units, Second
Y Units, Volt
Data, 
1.73636E-07, -0.00160591476459635
1.73637953125E-07, -0.00117718048516197
1.7363990625E-07, -0.000940306193470242
1.73641859375E-07, -0.000691870506655019
1.736438125E-07, -0.000841783335136479
1.73645765625E-07, -0.000859643153558631
1.7364771875E-07, -0.00147579651749394
1.73649671875E-07, -0.00102445869183946
1.73651625E-07, -0.00119446992337252
1.73653578125E-07, -0.000840953864008503
1.7365553125E-07, -0.000740412751494422
1.73657484375E-07, -0.00110897212177845
1.736594375E-07, -0.00107484304740365
1.73661390625E-07, -0.000726229498166943
1.7366334375E-07, -0.00103878654644304
1.73665296875E-07, -0.00133164255818138
1.7366725E-07, -0.00100373862361621
1.73669203125E-07, -0.00099646465103662
1.7367115625E-07, -0.00124125177563107
1.73673109375E-07, -0.00112665021505062
1.736750625E-07, -0.000891004762976882
1.73677015625E-07, -0.00123110230992266
1.7367896875E-07, -0.000681452055066336
1.73680921875E-07, -0.00113009382329191
1.73682875E-07, -0.00123773876276892
1.73684828125E-07, -0.00131050090329338
1.7368678125E-07, -0.00160901878186773
1.73688734375E-07, -0.00148838437185669
1.736906875E-07, -0.00126561801252787
1.73692640625E-07, -0.00126497639344202
1.7369459375E-07, -0.0011358865002053
1.73696546875E-07, -0.0011273252164952
1.736985E-07, -0.00132276054524995
1.73700453125E-07, -0.00108088319483448
1.7370240625E-07, -0.00105941281262895
1.73704359375E-07, -0.000983183263308229
1.737063125E-07, -0.00145146294813048
1.73708265625E-07, -0.00107644757553773
1.7371021875E-07, -0.000922769672755515
1.73712171875E-07, -0.00146543186717027
1.73714125E-07, -0.00151413943563834
1.73716078125E-07, -0.000751236532407163
1.7371803125E-07, -0.00115977287905335
1.73719984375E-07, -0.00160819876749352
1.737219375E-07, -0.00187830979484616
1.73723890625E-07, -0.00180658771775292
1.7372584375E-07, -0.000722560561480017
1.73727796875E-07, -0.0012400159852604
1.7372975E-07, -0.000527883131492483
1.73731703125E-07, -0.00101126672537833
1.7373365625E-07, -0.00150086732062367
1.73735609375E-07, -0.00114708135212673
1.737375625E-07, -0.00160434497379897
1.73739515625E-07, -0.00156106167344648
1.7374146875E-07, -0.00167501376068532
1.73743421875E-07, -0.00185612538693322
1.73745375E-07, -0.00135710117727047
1.73747328125E-07, -0.00127424605136162
1.7374928125E-07, -0.00125124738177577
1.73751234375E-07, -0.00152867964866578
1.737531875E-07, -0.00229083562437626
1.73755140625E-07, -0.00131125253925612
1.7375709375E-07, -0.00179040177659651
1.73759046875E-07, -0.00228736691438867
1.73761E-07, -0.00151614339200974
1.73762953125E-07, -0.00191940365457772
1.7376490625E-07, -0.00167892496465244
1.73766859375E-07, -0.00155448973212588
1.737688125E-07, -0.00107262039125954
1.73770765625E-07, -0.00110287195944393
1.7377271875E-07, -0.00123850043107399
1.73774671875E-07, -0.0020291289885501
1.73776625E-07, -0.00126420223770996
1.73778578125E-07, -0.00134349571031287
1.7378053125E-07, -0.00131111934248732
1.73782484375E-07, -0.00107192233538923
1.737844375E-07, -0.00152529239963164
1.73786390625E-07, -0.00179739432705552
1.7378834375E-07, -0.00252368961145885
1.73790296875E-07, -0.00232360899091715
1.7379225E-07, -0.00239201353956692
1.73794203125E-07, -0.00206564185629555
1.7379615625E-07, -0.00208802927937621
1.73798109375E-07, -0.00152070163051508
1.738000625E-07, -0.0020548027376946
1.73802015625E-07, -0.00256589702132086
1.7380396875E-07, -0.0018755415366351
1.73805921875E-07, -0.00224214977750464
1.73807875E-07, -0.00179197257798979
1.73809828125E-07, -0.00233065013151165
1.7381178125E-07, -0.0025098371997419
1.73813734375E-07, -0.00181238780709739
1.738156875E-07, -0.00194173221523454
1.73817640625E-07, -0.00259542167571676
1.7381959375E-07, -0.00238701775340314
1.73821546875E-07, -0.0015745589810746
1.738235E-07, -0.00208939688550995
1.73825453125E-07, -0.00273398477738587
1.7382740625E-07, -0.00262474508458743
1.73829359375E-07, -0.00289649192998709
1.738313125E-07, -0.00249168477728929
1.73833265625E-07, -0.00181276804925676
1.7383521875E-07, -0.00233248886155155
1.73837171875E-07, -0.00254215563363678
1.73839125E-07, -0.00252058970209922
1.73841078125E-07, -0.00286356540962699
1.7384303125E-07, -0.00220791864198995
1.73844984375E-07, -0.00340586963144831
1.738469375E-07, -0.00383618488807783
1.73848890625E-07, -0.00323620164955012
1.7385084375E-07, -0.00374506338146133
1.73852796875E-07, -0.00354665326688017
1.7385475E-07, -0.00322202517733133
1.73856703125E-07, -0.00389964251260587
1.7385865625E-07, -0.00328257158568617
1.73860609375E-07, -0.0031703714051644
1.738625625E-07, -0.00413300696235359
1.73864515625E-07, -0.00300094421671373
1.7386646875E-07, -0.0038695857104051
1.73868421875E-07, -0.00481585429090894
1.73870375E-07, -0.00360490258998921
1.73872328125E-07, -0.00285057136257731
1.7387428125E-07, -0.00419886868629153
1.73876234375E-07, -0.00401760679810285
1.738781875E-07, -0.00383936138155951
1.73880140625E-07, -0.00437504448117305
1.7388209375E-07, -0.00421898521460107
1.73884046875E-07, -0.00425639437464947
1.73886E-07, -0.00454631050863761
1.73887953125E-07, -0.00490091844180713
1.7388990625E-07, -0.00510193300637162
1.73891859375E-07, -0.00465729740127318
1.738938125E-07, -0.00441418932375033
1.73895765625E-07, -0.00497047508327798
1.7389771875E-07, -0.00467670533189923
1.73899671875E-07, -0.00491369812964084
1.73901625E-07, -0.0053008747121665
1.73903578125E-07, -0.00517096319542508
1.7390553125E-07, -0.00370263280613199
1.73907484375E-07, -0.00387667320310292
1.739094375E-07, -0.00533034521606296
1.73911390625E-07, -0.00466202784947524
1.7391334375E-07, -0.00517172188957866
1.73915296875E-07, -0.00537781646285266
1.7391725E-07, -0.00568500612751206
1.73919203125E-07, -0.00540774703336676
1.7392115625E-07, -0.00598302425209717
1.73923109375E-07, -0.00541831340431608
1.739250625E-07, -0.00540416447413123
1.73927015625E-07, -0.00603144934348152
1.7392896875E-07, -0.00521287294804339
1.73930921875E-07, -0.00561991766922834
1.73932875E-07, -0.00482313140589725
1.73934828125E-07, -0.00518288265718109
1.7393678125E-07, -0.00523168131464306
1.73938734375E-07, -0.00547464119919889
1.739406875E-07, -0.0060948384082034
1.73942640625E-07, -0.00568250962995485
1.7394459375E-07, -0.00525475213189765
1.73946546875E-07, -0.0058666897482557
1.739485E-07, -0.00613162405960836
1.73950453125E-07, -0.00576855065102857
1.7395240625E-07, -0.00562537321296374
1.73954359375E-07, -0.00592659285679025
1.739563125E-07, -0.00544532460617414
1.73958265625E-07, -0.00580691261094642
1.7396021875E-07, -0.00569532159153648
1.73962171875E-07, -0.00385407577707199
1.73964125E-07, -0.00501707939542352
1.73966078125E-07, -0.00557143247110617
1.7396803125E-07, -0.00462746570469479
1.73969984375E-07, -0.00552322968655777
1.739719375E-07, -0.00502516982718945
1.73973890625E-07, -0.00443065226886284
1.7397584375E-07, -0.00569032734509746
1.73977796875E-07, -0.00481029835766087
1.7397975E-07, -0.00481597876701708
1.73981703125E-07, -0.00355328918595647
1.7398365625E-07, -0.00419501771802089
1.73985609375E-07, -0.00436224999948415
1.739875625E-07, -0.00281789762591731
1.73989515625E-07, -0.00428094213587097
1.7399146875E-07, -0.00378613611272911
1.73993421875E-07, -0.0042140607508508
1.73995375E-07, -0.00321981919386481
1.73997328125E-07, -0.0033609608005201
1.7399928125E-07, -0.00377030759950828
1.74001234375E-07, -0.00303746189563121
1.740031875E-07, -0.00260778017693616
1.74005140625E-07, -0.00175998508688194
1.7400709375E-07, -0.00244880893651077
1.74009046875E-07, -0.00263006469297282
1.74011E-07, -0.00155854660950318
1.74012953125E-07, -0.00143968971466613
1.7401490625E-07, -0.00179824202723474
1.74016859375E-07, -0.000625321715115908
1.740188125E-07, -0.00116478626456668
1.74020765625E-07, -0.000281029730706285
1.7402271875E-07, -0.000719459883511362
1.74024671875E-07, -0.000141731098930208
1.74026625E-07, 0.000733751283446586
1.74028578125E-07, -0.000511351459354138
1.7403053125E-07, 0.000585537901659711
1.74032484375E-07, 0.00095556488052871
1.740344375E-07, 0.000767871872947975
1.74036390625E-07, 0.00255572084344754
1.7403834375E-07, 0.00148512932281239
1.74040296875E-07, 0.00240026047758011
1.7404225E-07, 0.00298756448993173
1.74044203125E-07, 0.00257814486140735
1.7404615625E-07, 0.0027869850189156
1.74048109375E-07, 0.00457767907191578
1.740500625E-07, 0.00421161598213293
1.74052015625E-07, 0.00451612224357647
1.7405396875E-07, 0.00356600740114519
1.74055921875E-07, 0.00360148331602016
1.74057875E-07, 0.00622630024816837
1.74059828125E-07, 0.00766339816867601
1.7406178125E-07, 0.00759077899654074
1.74063734375E-07, 0.00718455085771009
1.740656875E-07, 0.00746438596510865
1.74067640625E-07, 0.00774482866818704
1.7406959375E-07, 0.00834848574889446
1.74071546875E-07, 0.00945640966800823
1.740735E-07, 0.00965544972117806
1.74075453125E-07, 0.0104269461461205
1.7407740625E-07, 0.0127115217385235
1.74079359375E-07, 0.011355159593881
1.740813125E-07, 0.0116721468708061
1.74083265625E-07, 0.0104996176766669
1.7408521875E-07, 0.0124644546941749
1.74087171875E-07, 0.0153475015525212
1.74089125E-07, 0.0139594377836061
1.74091078125E-07, 0.0146330467348367
1.7409303125E-07, 0.0143862598933425
1.74094984375E-07, 0.0149350684078409
1.740969375E-07, 0.0173197974379426
1.74098890625E-07, 0.0162601200411739
1.7410084375E-07, 0.0175096753334349
1.74102796875E-07, 0.0180662087616678
1.7410475E-07, 0.018557564322975
1.74106703125E-07, 0.0190741566436016
1.7410865625E-07, 0.0186176889844186
1.74110609375E-07, 0.0188472106181533
1.741125625E-07, 0.0195709728683115
1.74114515625E-07, 0.022019027640249
1.7411646875E-07, 0.0221975571564712
1.74118421875E-07, 0.020938644678224
1.74120375E-07, 0.0222941917422436
1.74122328125E-07, 0.0240052999834263
1.7412428125E-07, 0.0241797917986262
1.74126234375E-07, 0.0243644851473717
1.741281875E-07, 0.0252329363203077
1.74130140625E-07, 0.0265881326577966
1.7413209375E-07, 0.0263080426644949
1.74134046875E-07, 0.0268473765697126
1.74136E-07, 0.0267182791195798
1.74137953125E-07, 0.0274302325347669
1.7413990625E-07, 0.0272285205927271
1.74141859375E-07, 0.0297185808065754
1.741438125E-07, 0.0261410356331365
1.74145765625E-07, 0.0290836147014014
1.7414771875E-07, 0.0298154019637222
1.74149671875E-07, 0.030280067712611
1.74151625E-07, 0.0307519834378198
1.74153578125E-07, 0.0303841257714165
1.7415553125E-07, 0.0321806667013895
1.74157484375E-07, 0.0321679518578711
1.741594375E-07, 0.0318991186662725
1.74161390625E-07, 0.0334408255885881
1.7416334375E-07, 0.0324176077854787
1.74165296875E-07, 0.0329520484215741
1.7416725E-07, 0.0344711207398467
1.74169203125E-07, 0.0328300824103693
1.7417115625E-07, 0.033574469182373
1.74173109375E-07, 0.0341052579482823
1.741750625E-07, 0.0338075975607585
1.74177015625E-07, 0.035169349078
1.7417896875E-07, 0.0333161161576176
1.74180921875E-07, 0.0347311381915079
1.74182875E-07, 0.0330112187715168
1.74184828125E-07, 0.0349371140348124
1.7418678125E-07, 0.0342926953654618
1.74188734375E-07, 0.0343542292928655
1.741906875E-07, 0.0320749944982679
1.74192640625E-07, 0.0338974422330658
1.7419459375E-07, 0.03126219724564
1.74196546875E-07, 0.0340519317605438
1.741985E-07, 0.0345786711231706
1.74200453125E-07, 0.0328445603296909
1.7420240625E-07, 0.0323166757501068
1.74204359375E-07, 0.0327125451238255
1.742063125E-07, 0.0320039796290978
1.74208265625E-07, 0.0325885801418189
1.7421021875E-07, 0.030998941377354
1.74212171875E-07, 0.0298058603183783
1.74214125E-07, 0.028440481562197
1.74216078125E-07, 0.0281357723804563
1.7421803125E-07, 0.0283893902953711
1.74219984375E-07, 0.0274496074029173
1.742219375E-07, 0.0266585783967861
1.74223890625E-07, 0.0272060896605977
1.7422584375E-07, 0.0275775552994269
1.74227796875E-07, 0.0255001291918299
1.7422975E-07, 0.0245272013498442
1.74231703125E-07, 0.0236648110390763
1.7423365625E-07, 0.0188946025234685
1.74235609375E-07, 0.0237616167498429
1.742375625E-07, 0.0174072494386347
1.74239515625E-07, 0.0201191727109098
1.7424146875E-07, 0.0175674152811887
1.74243421875E-07, 0.017458699288644
1.74245375E-07, 0.016760229822668
1.74247328125E-07, 0.013092291181581
1.7424928125E-07, 0.0153668714492846
1.74251234375E-07, 0.012677079006835
1.742531875E-07, 0.00977926895787865
1.74255140625E-07, 0.00783179347943646
1.7425709375E-07, 0.00581150443782527
1.74259046875E-07, 0.00822371851078668
1.74261E-07, 0.00425511955650227
1.74262953125E-07, 0.00415335671106372
1.7426490625E-07, 0.0038350477087126
1.74266859375E-07, -0.00315105649734752
1.742688125E-07, 0.00325993328372573
1.74270765625E-07, -0.00558749260941563
1.7427271875E-07, -0.00208573035282245
1.74274671875E-07, -0.00936193695736908
1.74276625E-07, -0.00764415703382497
1.74278578125E-07, -0.00494293498200904
1.7428053125E-07, -0.00918640338379174
1.74282484375E-07, -0.0148346787026271
1.742844375E-07, -0.0184092333537957
1.74286390625E-07, -0.0200285424926428
1.7428834375E-07, -0.0185281998339523
1.74290296875E-07, -0.0214243689615207
1.7429225E-07, -0.0249955572650678
1.74294203125E-07, -0.0273061877910415
1.7429615625E-07, -0.0310226096419925
1.74298109375E-07, -0.0310091089014121
1.743000625E-07, -0.0356966994518173
1.74302015625E-07, -0.0320036620489792
1.7430396875E-07, -0.0343545532113642
1.74305921875E-07, -0.0400514106886839
1.74307875E-07, -0.0464740401344749
1.74309828125E-07, -0.0482299382481487
1.7431178125E-07, -0.0565294768085302
1.74313734375E-07, -0.0508159173205578
1.743156875E-07, -0.0597510630459091
1.74317640625E-07, -0.0596138530768141
1.7431959375E-07, -0.0554138441829816
1.74321546875E-07, -0.0582513447842049
1.743235E-07, -0.0601650977344171
1.74325453125E-07, -0.0626872410948593
1.7432740625E-07, -0.0729011157669455
1.74329359375E-07, -0.0672771552572404
1.743313125E-07, -0.0645532038576654
1.74333265625E-07, -0.0753234758895076
1.7433521875E-07, -0.0750708292887987
1.74337171875E-07, -0.0833498675373317
1.74339125E-07, -0.0789667834593251
1.74341078125E-07, -0.0822684523880912
1.7434303125E-07, -0.0865313219507981
1.74344984375E-07, -0.08926197265032
1.743469375E-07, -0.0922566788752175
1.74348890625E-07, -0.0888287336021102
1.7435084375E-07, -0.0965960748126042
1.74352796875E-07, -0.098369177957298
1.7435475E-07, -0.100226959460446
1.74356703125E-07, -0.0955713742295585
1.7435865625E-07, -0.0916010593274565
1.74360609375E-07, -0.0991947293025434
1.743625625E-07, -0.107454644797826
1.74364515625E-07, -0.10359310585051
1.7436646875E-07, -0.109674816663408
1.74368421875E-07, -0.11213373103116
1.74370375E-07, -0.109212298160532
1.74372328125E-07, -0.115125497211924
1.7437428125E-07, -0.107399024996203
1.74376234375E-07, -0.11569452426049
1.743781875E-07, -0.118987197771352
1.74380140625E-07, -0.118102460122462
1.7438209375E-07, -0.115620488395065
1.74384046875E-07, -0.118618332829297
1.74386E-07, -0.114862352428301
1.74387953125E-07, -0.118158947052161
1.7438990625E-07, -0.122108157207516
1.74391859375E-07, -0.12387912599075
1.743938125E-07, -0.118235196252754
1.74395765625E-07, -0.121288665939114
1.7439771875E-07, -0.121859886014804
1.74399671875E-07, -0.121630331378043
1.74401625E-07, -0.122198896769172
1.74403578125E-07, -0.121725181752328
1.7440553125E-07, -0.119592986747241
1.74407484375E-07, -0.119198951759105
1.744094375E-07, -0.118645519341723
1.74411390625E-07, -0.119197249918773
1.7441334375E-07, -0.118193374282688
1.74415296875E-07, -0.111009541150978
1.7441725E-07, -0.105036558378877
1.74419203125E-07, -0.116518041517126
1.7442115625E-07, -0.112905186343865
1.74423109375E-07, -0.107127459322431
1.744250625E-07, -0.0962450365926167
1.74427015625E-07, -0.0953667696473896
1.7442896875E-07, -0.10744393476058
1.74430921875E-07, -0.0981316987017465
1.74432875E-07, -0.0965085625476712
1.74434828125E-07, -0.0909134317117229
1.7443678125E-07, -0.0883371302202154
1.74438734375E-07, -0.0914590046130192
1.744406875E-07, -0.0824656860395229
1.74442640625E-07, -0.0772139444925004
1.7444459375E-07, -0.0775327497255031
1.74446546875E-07, -0.0683871698255941
1.744485E-07, -0.0710284154301809
1.74450453125E-07, -0.0580650489066452
1.7445240625E-07, -0.0566707034175234
1.74454359375E-07, -0.0606481073892022
1.744563125E-07, -0.0586352863492377
1.74458265625E-07, -0.0507637839528444
1.7446021875E-07, -0.041883871657701
1.74462171875E-07, -0.0536500402823457
1.74464125E-07, -0.0386698370179316
1.74466078125E-07, -0.0356576670033311
1.7446803125E-07, -0.0308942602691249
1.74469984375E-07, -0.0200460033581515
1.744719375E-07, -0.0162220850993114
1.74473890625E-07, -0.0120410331973172
1.7447584375E-07, -0.0098298568646216
1.74477796875E-07, 0.00653001706592193
1.7447975E-07, -0.000482917381966343
1.74481703125E-07, 0.00676668279964707
1.7448365625E-07, 0.00475171682669255
1.74485609375E-07, 0.0194185657109272
1.744875625E-07, 0.0228356342809507
1.74489515625E-07, 0.0165069980288656
1.7449146875E-07, 0.0268219584582949
1.74493421875E-07, 0.0355137643784148
1.74495375E-07, 0.0386149477522867
1.74497328125E-07, 0.0383424241984018
1.7449928125E-07, 0.0346639423767239
1.74501234375E-07, 0.0433416260075058
1.745031875E-07, 0.0542032577124497
1.74505140625E-07, 0.0576816588625494
1.7450709375E-07, 0.0656603664796059
1.74509046875E-07, 0.0511621597651526
1.74511E-07, 0.0727062448249716
1.74512953125E-07, 0.0721340000272822
1.7451490625E-07, 0.0678707205487972
1.74516859375E-07, 0.0767261703769122
1.745188125E-07, 0.0776532617656478
1.74520765625E-07, 0.0768355907772662
1.7452271875E-07, 0.0835944983219945
1.74524671875E-07, 0.0819797591494253
1.74526625E-07, 0.0823827734032117
1.74528578125E-07, 0.0844224798683856
1.7453053125E-07, 0.0845577367815118
1.74532484375E-07, 0.0911526155884947
1.745344375E-07, 0.092957592481583
1.74536390625E-07, 0.0936005398151967
1.7453834375E-07, 0.0948305794192533
1.74540296875E-07, 0.0998985738481046
1.7454225E-07, 0.0984395391279002
1.74544203125E-07, 0.0993172738857227
1.7454615625E-07, 0.101995146695638
1.74548109375E-07, 0.0960692576722679
1.745500625E-07, 0.0975052321027007
1.74552015625E-07, 0.0944903431807463
1.7455396875E-07, 0.099982596912167
1.74555921875E-07, 0.101548329718148
1.74557875E-07, 0.0968807663709437
1.74559828125E-07, 0.102042023469311
1.7456178125E-07, 0.0993696916810287
1.74563734375E-07, 0.100592148144156
1.745656875E-07, 0.0971747569323873
1.74567640625E-07, 0.094442184141278
1.7456959375E-07, 0.0967786024262591
1.74571546875E-07, 0.0963276946632118
1.745735E-07, 0.0944255080015
1.74575453125E-07, 0.0906416945837398
1.7457740625E-07, 0.0911148693833836
1.74579359375E-07, 0.0912811444190879
1.745813125E-07, 0.085069600469831
1.74583265625E-07, 0.0870704166983062
1.7458521875E-07, 0.0826530934389564
1.74587171875E-07, 0.0778740480527363
1.74589125E-07, 0.0825246419135027
1.74591078125E-07, 0.0750094249269786
1.7459303125E-07, 0.0754707330326436
1.74594984375E-07, 0.0690860845703015
1.745969375E-07, 0.0736319733668494
1.74598890625E-07, 0.0685081980935647
1.7460084375E-07, 0.0689904652058614
1.74602796875E-07, 0.0666684971104413
1.7460475E-07, 0.0662462449387577
1.74606703125E-07, 0.0639387534760933
1.7460865625E-07, 0.0563145982913247
1.74610609375E-07, 0.0555465485972668
1.746125625E-07, 0.0552695463869257
1.74614515625E-07, 0.0561030789485135
1.7461646875E-07, 0.0537089482526561
1.74618421875E-07, 0.0460808276582262
1.74620375E-07, 0.0509810352785038
1.74622328125E-07, 0.0487560550763999
1.7462428125E-07, 0.0437375076292067
1.74626234375E-07, 0.0458717733724417
1.746281875E-07, 0.0393534478813308
1.74630140625E-07, 0.0352605434707293
1.7463209375E-07, 0.0383685481881249
1.74634046875E-07, 0.0373466110409042
1.74636E-07, 0.0334032814687912
1.74637953125E-07, 0.0364818953022073
1.7463990625E-07, 0.0316763145328711
1.74641859375E-07, 0.0317893595262412
1.746438125E-07, 0.0310837959012005
1.74645765625E-07, 0.0305905417376077
1.7464771875E-07, 0.0268792272511778
1.74649671875E-07, 0.0257638298589658
1.74651625E-07, 0.0257668803190752
1.74653578125E-07, 0.0262253890439546
1.7465553125E-07, 0.0229317247295796
1.74657484375E-07, 0.0250148194464315
1.746594375E-07, 0.0237669722394573
1.74661390625E-07, 0.0222669107431187
1.7466334375E-07, 0.0221834706534882
1.74665296875E-07, 0.0223198794052125
1.7466725E-07, 0.0205937612992535
1.74669203125E-07, 0.0230355934606979
1.7467115625E-07, 0.0192610887118773
1.74673109375E-07, 0.0204522119716197
1.746750625E-07, 0.0189083960489161
1.74677015625E-07, 0.0193775024718891
1.7467896875E-07, 0.0184757276913528
1.74680921875E-07, 0.0181052671299545
1.74682875E-07, 0.0185989659150652
1.74684828125E-07, 0.0195333131386037
1.7468678125E-07, 0.0180469557628905
1.74688734375E-07, 0.0188568197510532
1.746906875E-07, 0.0199362095948367
1.74692640625E-07, 0.0241903132316417
1.7469459375E-07, 0.0200724342124788
1.74696546875E-07, 0.0189428835578858
1.746985E-07, 0.0188640868199416
1.74700453125E-07, 0.0194042349916291
1.7470240625E-07, 0.0193205514830238
1.74704359375E-07, 0.0185020159728746
1.747063125E-07, 0.019780136046674
1.74708265625E-07, 0.0194778931559504
1.7471021875E-07, 0.0197528421655737
1.74712171875E-07, 0.0200466504339426
1.74714125E-07, 0.0199310716054305
1.74716078125E-07, 0.0195784228188085
1.7471803125E-07, 0.0190927308207575
1.74719984375E-07, 0.0196276314442187
1.747219375E-07, 0.0198520475849695
1.74723890625E-07, 0.0195881344105773
1.7472584375E-07, 0.0191871145225743
1.74727796875E-07, 0.0188151516481563
1.7472975E-07, 0.0191476089231045
1.74731703125E-07, 0.0185973782452163
1.7473365625E-07, 0.020135528155053
1.74735609375E-07, 0.0176232754045771
1.747375625E-07, 0.0183242926252795
1.74739515625E-07, 0.0230461592295579
1.7474146875E-07, 0.0177970754845862
1.74743421875E-07, 0.0170602471103492
1.74745375E-07, 0.016614429330167
1.74747328125E-07, 0.0168515549563972
1.7474928125E-07, 0.0179005659676588
1.74751234375E-07, 0.0148370184714113
1.747531875E-07, 0.0146642739198933
1.74755140625E-07, 0.0143392926109299
1.7475709375E-07, 0.0147421915015055
1.74759046875E-07, 0.0142851298292949
1.74761E-07, 0.0132182779915732
1.74762953125E-07, 0.0141117225481611
1.7476490625E-07, 0.011790883517754
1.74766859375E-07, 0.0115593111151346
1.747688125E-07, 0.0114499123277693
1.74770765625E-07, 0.00918289842657894
1.7477271875E-07, 0.0105234766331715
1.74774671875E-07, 0.00843365749215358
1.74776625E-07, 0.00743041850228669
1.74778578125E-07, 0.00711086840209885
1.7478053125E-07, 0.00718208899571084
1.74782484375E-07, 0.00714544039332788
1.747844375E-07, 0.00627672186737104
1.74786390625E-07, 0.00569074207501424
1.7478834375E-07, 0.00449863782512791
1.74790296875E-07, 0.00392937291370221
1.7479225E-07, 0.00239600294317548
1.74794203125E-07, 0.00256045961932839
1.7479615625E-07, 0.00339441975497727
1.74798109375E-07, -0.000306441666967103
1.748000625E-07, -0.000226828171041876
1.74802015625E-07, 0.0013733368946627
1.7480396875E-07, -0.000969716408036489
1.74805921875E-07, -0.00182973870807774
1.74807875E-07, -0.00289962114238931
1.74809828125E-07, -0.00217838613013907
1.7481178125E-07, -0.00288524548701398
1.74813734375E-07, -0.00340720901554585
1.748156875E-07, -0.0039878799965022
1.74817640625E-07, -0.006056123236189
1.7481959375E-07, -0.00566352718913888
1.74821546875E-07, -0.00552397605946862
1.748235E-07, -0.00423023798500694
1.74825453125E-07, -0.00618456862789816
1.7482740625E-07, -0.00660743507222248
1.74829359375E-07, -0.00657075169822273
1.748313125E-07, -0.00752697019438682
1.74833265625E-07, -0.00736813003432641
1.7483521875E-07, -0.00787208148967031
1.74837171875E-07, -0.00635808312949472
1.74839125E-07, -0.00800734579244623
1.74841078125E-07, -0.00803722599649156
1.7484303125E-07, -0.00885393878425223
1.74844984375E-07, -0.00806424614670405
1.748469375E-07, -0.00901306876514619
1.74848890625E-07, -0.00836389843770282
1.7485084375E-07, -0.00887156740381206
1.74852796875E-07, -0.0076619109781563
1.7485475E-07, -0.00859462809708776
1.74856703125E-07, -0.00856256057200993
1.7485865625E-07, -0.0064709116006427
1.74860609375E-07, -0.00852664120494031
1.748625625E-07, -0.00764124168015993
1.74864515625E-07, -0.00745846558444598
1.7486646875E-07, -0.00717201565783681
1.74868421875E-07, -0.00693012936220978
1.74870375E-07, -0.00657513905779015
1.74872328125E-07, -0.00612091019533465
1.7487428125E-07, -0.00741227129635627
1.74876234375E-07, -0.00769455092975708
1.748781875E-07, -0.00672029354130408
1.74880140625E-07, -0.00620515698140456
1.7488209375E-07, -0.00539015500763484
1.74884046875E-07, -0.00511400958144848
1.74886E-07, -0.00674508287553533
1.74887953125E-07, -0.00514209664583317
1.7488990625E-07, -0.00414469334429745
1.74891859375E-07, -0.00618574077280257
1.748938125E-07, -0.00494552759155829
1.74895765625E-07, -0.0048276460029174
1.7489771875E-07, -0.00227704655657116
1.74899671875E-07, -0.00412030223002376
1.74901625E-07, -0.00278383899667989
1.74903578125E-07, -0.00275800520801906
1.7490553125E-07, -0.0036345339013124
1.74907484375E-07, -0.00236522399820128
1.749094375E-07, -0.00316534246084093
1.74911390625E-07, -0.00259286847418547
1.7491334375E-07, -0.00180183624487521
1.74915296875E-07, -0.00187485874079146
1.7491725E-07, 4.60451199789981E-05
1.74919203125E-07, -0.00126421222161293
1.7492115625E-07, -0.000105256303507946
1.74923109375E-07, -0.000364762549502305
1.749250625E-07, -0.000689649278706718
1.74927015625E-07, 0.000530407727350075
1.7492896875E-07, -0.000742871280352636
1.74930921875E-07, 0.000375873832519776
1.74932875E-07, -0.000337874591704244
1.74934828125E-07, 0.000481996420335038
1.7493678125E-07, -0.00059405679515734
1.74938734375E-07, -0.000634431002565448
1.749406875E-07, 0.000965656916867831
1.74942640625E-07, 0.000965803012023712
1.7494459375E-07, 0.00127670136867635
1.74946546875E-07, 0.00179119263318392
1.749485E-07, 0.00166468377310046
1.74950453125E-07, 0.00210353092223732
1.7495240625E-07, 0.00156351860130452
1.74954359375E-07, 0.00226334209121531
1.749563125E-07, 0.00235133758133667
1.74958265625E-07, 0.0015219123381661
1.7496021875E-07, -0.000200346931493931
1.74962171875E-07, 0.00215743234461389
1.74964125E-07, 0.00179424513344186
1.74966078125E-07, 0.00145372170669868
1.7496803125E-07, 0.00134263705409167
1.74969984375E-07, 0.00207595261641862
1.749719375E-07, 0.00122778555329821
1.74973890625E-07, 0.00145258386619102
1.7497584375E-07, 0.00187463207578672
1.74977796875E-07, 0.0017985092013733
1.7497975E-07, 0.0017329377372778
1.74981703125E-07, 0.0013157905356444
1.7498365625E-07, 0.000814412733256294
1.74985609375E-07, 0.00157364710427919
1.749875625E-07, 0.00156180815662724
1.74989515625E-07, -6.06232319844547E-05
1.7499146875E-07, 0.000731751169787098
1.74993421875E-07, -9.82674774026154E-05
1.74995375E-07, -0.000203517178539268
1.74997328125E-07, 0.000230352696887449
1.7499928125E-07, 0.000694800244693366
1.75001234375E-07, -0.00057982892022817
1.750031875E-07, -0.000822714852042896
1.75005140625E-07, -0.00098893008321127
1.7500709375E-07, -0.00166039328062403
1.75009046875E-07, -0.00160179285600519
1.75011E-07, -0.00292291586024499
1.75012953125E-07, -0.00269629471351784
1.7501490625E-07, -0.00203468905721427
1.75016859375E-07, -0.00181976080137272
1.750188125E-07, -0.00320044452054334
1.75020765625E-07, -0.00373588919852378
1.7502271875E-07, -0.00301674873709201
1.75024671875E-07, -0.00391681602692296
1.75026625E-07, -0.00393306887338427
1.75028578125E-07, -0.0052884587432798
1.7503053125E-07, -0.00653064359220514
1.75032484375E-07, -0.00538468991361768
1.750344375E-07, -0.00548194094621911
1.75036390625E-07, -0.00583167301415312
1.7503834375E-07, -0.00734920432082357
1.75040296875E-07, -0.00598617561685807
1.7504225E-07, -0.00777368401426156
1.75044203125E-07, -0.00720170376036805
1.7504615625E-07, -0.00777062913365505
1.75048109375E-07, -0.00898824796285746
1.750500625E-07, -0.0105024257018516
1.75052015625E-07, -0.0106029787692811
1.7505396875E-07, -0.00990089252665053
1.75055921875E-07, -0.0121588863692337
1.75057875E-07, -0.011737103211812
1.75059828125E-07, -0.0116281501955087
1.7506178125E-07, -0.0132596055473566
1.75063734375E-07, -0.0127683037100197
1.750656875E-07, -0.0132044286443334
1.75067640625E-07, -0.0137657172950181
1.7506959375E-07, -0.0148878401669441
1.75071546875E-07, -0.0151687642201521
1.750735E-07, -0.0152648539818169
1.75075453125E-07, -0.0165862726696118
1.7507740625E-07, -0.0166882950385267
1.75079359375E-07, -0.0170904934548918
1.750813125E-07, -0.0163563304424263
1.75083265625E-07, -0.0181485472059817
1.7508521875E-07, -0.0184102205238856
1.75087171875E-07, -0.0207114340755475
1.75089125E-07, -0.0202926508479108
1.75091078125E-07, -0.0205087870019588
1.7509303125E-07, -0.0213456184946094
1.75094984375E-07, -0.0218442183041354
1.750969375E-07, -0.0215870133052029
1.75098890625E-07, -0.0232804537025951
1.7510084375E-07, -0.0233668319348796
1.75102796875E-07, -0.0226727704798589
1.7510475E-07, -0.0248110922326497
1.75106703125E-07, -0.0243142493889363
1.7510865625E-07, -0.0259956752106308
1.75110609375E-07, -0.0259546492301195
1.751125625E-07, -0.0263827705757227
1.75114515625E-07, -0.0267828432599854
1.7511646875E-07, -0.0278304212660458
1.75118421875E-07, -0.0282029129435372
1.75120375E-07, -0.0254933262453336
1.75122328125E-07, -0.0290860740624465
1.7512428125E-07, -0.029192961628591
1.75126234375E-07, -0.0294649955348227
1.751281875E-07, -0.0295855472034085
1.75130140625E-07, -0.0301651861138732
1.7513209375E-07, -0.0294652989006132
1.75134046875E-07, -0.0305170413905929
1.75136E-07, -0.0308269975859477
1.75137953125E-07, -0.0315206644104658
1.7513990625E-07, -0.0300749563672793
1.75141859375E-07, -0.0310263107012837
1.751438125E-07, -0.0314502232517506
1.75145765625E-07, -0.0328417997012431
1.7514771875E-07, -0.0323705516371561
1.75149671875E-07, -0.0326889926389172
1.75151625E-07, -0.0325970174391227
1.75153578125E-07, -0.0309106354342491
1.7515553125E-07, -0.0333588556005247
1.75157484375E-07, -0.0333847298879559
1.751594375E-07, -0.0329329797594019
1.75161390625E-07, -0.0332630588536949
1.7516334375E-07, -0.0314393835668031
1.75165296875E-07, -0.0337442459135123
1.7516725E-07, -0.0324777735192404
1.75169203125E-07, -0.034041147441664
1.7517115625E-07, -0.032122129377833
1.75173109375E-07, -0.0338347860640195
1.751750625E-07, -0.0330620618132004
1.75177015625E-07, -0.0322714204366208
1.7517896875E-07, -0.0340725186193466
1.75180921875E-07, -0.0312709847565259
1.75182875E-07, -0.0320707733892503
1.75184828125E-07, -0.031984860391768
1.7518678125E-07, -0.0314888798419221
1.75188734375E-07, -0.0323995395903373
1.751906875E-07, -0.0321389152958236
1.75192640625E-07, -0.032149471951661
1.7519459375E-07, -0.0316907831388656
1.75196546875E-07, -0.0322412724466065
1.751985E-07, -0.030831394993261
1.75200453125E-07, -0.0302727858374184
1.7520240625E-07, -0.0302910784882856
1.75204359375E-07, -0.0300169649394104
1.752063125E-07, -0.03036059460102
1.75208265625E-07, -0.0290583277869346
1.7521021875E-07, -0.0306556411960344
1.75212171875E-07, -0.0294595984720253
1.75214125E-07, -0.0289430020023253
1.75216078125E-07, -0.0287244302088839
1.7521803125E-07, -0.027817273282513
1.75219984375E-07, -0.0280787096806661
1.752219375E-07, -0.0283354701024104
1.75223890625E-07, -0.0279344500046204
1.7522584375E-07, -0.0275338643636664
1.75227796875E-07, -0.0259863316808287
1.7522975E-07, -0.026027717538408
1.75231703125E-07, -0.0260334605433152
1.7523365625E-07, -0.0257524317011554
1.75235609375E-07, -0.0246797110290737
1.752375625E-07, -0.0239844178002084
1.75239515625E-07, -0.0246465868128241
1.7524146875E-07, -0.0239720257665942
1.75243421875E-07, -0.02391013479885
1.75245375E-07, -0.0227543809442435
1.75247328125E-07, -0.022818689323332
1.7524928125E-07, -0.0228284844074238
1.75251234375E-07, -0.022072095689244
1.752531875E-07, -0.0227867527145302
1.75255140625E-07, -0.0211630294024326
1.7525709375E-07, -0.021943463412916
1.75259046875E-07, -0.0214433834694416
1.75261E-07, -0.0202689978413941
1.75262953125E-07, -0.0200073549600585
1.7526490625E-07, -0.0193863112612881
1.75266859375E-07, -0.0192792588886509
1.752688125E-07, -0.017918061586985
1.75270765625E-07, -0.0182192892011881
1.7527271875E-07, -0.017727985578159
1.75274671875E-07, -0.0172321172666478
1.75276625E-07, -0.017204151188386
1.75278578125E-07, -0.0171139546552033
1.7528053125E-07, -0.0176231259195618
1.75282484375E-07, -0.0167010397647975
1.752844375E-07, -0.0159787573888167
1.75286390625E-07, -0.0152049030177965
1.7528834375E-07, -0.0150157909341179
1.75290296875E-07, -0.0154334099859692
1.7529225E-07, -0.0147139028446594
1.75294203125E-07, -0.0129890947400671
1.7529615625E-07, -0.0138069135758664
1.75298109375E-07, -0.0141295783161644
1.753000625E-07, -0.0117251197863904
1.75302015625E-07, -0.0110864905138959
1.7530396875E-07, -0.0103646093558041
1.75305921875E-07, -0.0112617364708393
1.75307875E-07, -0.0105170779189289
1.75309828125E-07, -0.0101404693852922
1.7531178125E-07, -0.0102140147811768
1.75313734375E-07, -0.00860497756803721
1.753156875E-07, -0.010247654783255
1.75317640625E-07, -0.00877259891474558
1.7531959375E-07, -0.00819590169794838
1.75321546875E-07, -0.00796376306280054
1.753235E-07, -0.00678890946140797
1.75325453125E-07, -0.0067115814847053
1.7532740625E-07, -0.00706453160847258
1.75329359375E-07, -0.00612454425329805
1.753313125E-07, -0.00608190641107793
1.75333265625E-07, -0.00504909319607562
1.7533521875E-07, -0.005387796699803
1.75337171875E-07, -0.00444035813809449
1.75339125E-07, -0.00428006001648642
1.75341078125E-07, -0.00348049350257955
1.7534303125E-07, -0.0037953729615365
1.75344984375E-07, -0.00336639812247629
1.753469375E-07, -0.0031422290494426
1.75348890625E-07, -0.00250550702009626
1.7535084375E-07, -0.00246537606787255
1.75352796875E-07, -0.00155797769182837
1.7535475E-07, -0.00181867670723008
1.75356703125E-07, -0.000732125516195028
1.7535865625E-07, -7.52795834476572E-05
1.75360609375E-07, 0.000121048793636156
1.753625625E-07, -0.000154730105679636
1.75364515625E-07, -0.00099679597523064
1.7536646875E-07, -8.55631460498433E-05
1.75368421875E-07, 0.00116125836629305
1.75370375E-07, 8.23646556979131E-05
1.75372328125E-07, -0.000981684512933445
1.7537428125E-07, 0.000622856942721705
1.75376234375E-07, 0.00055505139250488
1.753781875E-07, 0.00139254549337183
1.75380140625E-07, 0.00140894856775125
1.7538209375E-07, 0.00255384522837433
1.75384046875E-07, -2.65066812744215E-05
1.75386E-07, 0.00153451434117099
1.75387953125E-07, 0.00210517977015821
1.7538990625E-07, 0.00146090975396177
1.75391859375E-07, 0.00184304722821612
1.753938125E-07, 0.00325839289518176
1.75395765625E-07, 0.00218150035006553
1.7539771875E-07, 0.00319152838227539
1.75399671875E-07, 0.00325459480089307
1.75401625E-07, 0.00395376178364636
1.75403578125E-07, 0.00382054716202364
1.7540553125E-07, 0.00249011772419276
1.75407484375E-07, 0.00461390783703131
1.754094375E-07, 0.00479700066289392
1.75411390625E-07, 0.00605930535300231
1.7541334375E-07, 0.00404908345000741
1.75415296875E-07, 0.00534750881260821
1.7541725E-07, 0.00456340971808919
1.75419203125E-07, 0.00486335201257952
1.7542115625E-07, 0.00469114650245385
1.75423109375E-07, 0.00492771888925902
1.754250625E-07, 0.00627828181969263
1.75427015625E-07, 0.00603905426484544
1.7542896875E-07, 0.00550938957030082
1.75430921875E-07, 0.00497097804485064
1.75432875E-07, 0.00660878924417777
1.75434828125E-07, 0.00675939219634746
1.7543678125E-07, 0.00428942684509865
1.75438734375E-07, 0.00518036500681487
1.754406875E-07, 0.00642621675884323
1.75442640625E-07, 0.00677812329194782
1.7544459375E-07, 0.00729735088959856
1.75446546875E-07, 0.00727169253339815
1.754485E-07, 0.0083399566213588
1.75450453125E-07, 0.00843619708583211
1.7545240625E-07, 0.00839778584121812
1.75454359375E-07, 0.00801897797015711
1.754563125E-07, 0.00962179497039055
1.75458265625E-07, 0.00863704136493705
1.7546021875E-07, 0.00846364054629218
1.75462171875E-07, 0.00972468300731574
1.75464125E-07, 0.0101299080466455
1.75466078125E-07, 0.00920329466821514
1.7546803125E-07, 0.0104670369800662
1.75469984375E-07, 0.00910472066656699
1.754719375E-07, 0.0111348738637824
1.75473890625E-07, 0.0108604261844441
1.7547584375E-07, 0.0107624952510834
1.75477796875E-07, 0.0110943629986218
1.7547975E-07, 0.0113321546773291
1.75481703125E-07, 0.0122633512866593
1.7548365625E-07, 0.0116539706242777
1.75485609375E-07, 0.012524887446259
1.754875625E-07, 0.0123705819109504
1.75489515625E-07, 0.0130711573781675
1.7549146875E-07, 0.0129481260513969
1.75493421875E-07, 0.0137435403784231
1.75495375E-07, 0.0129385252372653
1.75497328125E-07, 0.0131134795502237
1.7549928125E-07, 0.0134336658168358
1.75501234375E-07, 0.0132040134221414
1.755031875E-07, 0.0133623697339039
1.75505140625E-07, 0.0135972391506724
1.7550709375E-07, 0.013561822128359
1.75509046875E-07, 0.0141990463278255
1.75511E-07, 0.0139814180253238
1.75512953125E-07, 0.0143500319673648
1.7551490625E-07, 0.01443837676334
1.75516859375E-07, 0.0145745233954414
1.755188125E-07, 0.0140137155101466
1.75520765625E-07, 0.0149917163722223
1.7552271875E-07, 0.0145243280333215
1.75524671875E-07, 0.0140377569041692
1.75526625E-07, 0.0147358538067879
1.75528578125E-07, 0.0145286683792134
1.7553053125E-07, 0.0143883351708991
1.75532484375E-07, 0.0140011616586581
1.755344375E-07, 0.0143670517755978
1.75536390625E-07, 0.014142287893723
1.7553834375E-07, 0.0136171135223909
1.75540296875E-07, 0.0141433527220875
1.7554225E-07, 0.0144482082794254
1.75544203125E-07, 0.0138694827120931
1.7554615625E-07, 0.0135161351017299
1.75548109375E-07, 0.0140014493736827
1.755500625E-07, 0.0132043104666521
1.75552015625E-07, 0.0134461579367007
1.7555396875E-07, 0.0122882153081052
1.75555921875E-07, 0.0125852849403772
1.75557875E-07, 0.0118702103350613
1.75559828125E-07, 0.0120301504555766
1.7556178125E-07, 0.0116572462332407
1.75563734375E-07, 0.0113373344665543
1.755656875E-07, 0.0117448796319615
1.75567640625E-07, 0.0119566028315912
1.7556959375E-07, 0.0110913742715762
1.75571546875E-07, 0.0105607601413005
1.755735E-07, 0.0104426738086156
1.75575453125E-07, 0.0106166689584376
1.7557740625E-07, 0.0105373549013815
1.75579359375E-07, 0.00869665231892476
1.755813125E-07, 0.00933155738758839
1.75583265625E-07, 0.00849114193086499
1.7558521875E-07, 0.00894397958321532
1.75587171875E-07, 0.00848594005850459
1.75589125E-07, 0.00820960750959654
1.75591078125E-07, 0.00799998921964057
1.7559303125E-07, 0.00728864558349892
1.75594984375E-07, 0.00757086636119714
1.755969375E-07, 0.00737676368625665
1.75598890625E-07, 0.00618001969734171
1.7560084375E-07, 0.00716896724074786
1.75602796875E-07, 0.00621054860000408
1.7560475E-07, 0.0062419211824513
1.75606703125E-07, 0.00576076624397573
1.7560865625E-07, 0.00590316651544976
1.75610609375E-07, 0.0055215402662028
1.756125625E-07, 0.00445806465942385
1.75614515625E-07, 0.00464125038181408
1.7561646875E-07, 0.00385681604672134
1.75618421875E-07, 0.005149154434934
1.75620375E-07, 0.00473775052124339
1.75622328125E-07, 0.00424564923072968
1.7562428125E-07, 0.00448141500748189
1.75626234375E-07, 0.00386412584454977
1.756281875E-07, 0.00329376074002804
1.75630140625E-07, 0.0049194606864489
1.7563209375E-07, 0.00431605091688723
1.75634046875E-07, 0.00399524254928936
1.75636E-07, 0.00251583199035844
1.75637953125E-07, 0.00202483874856489
1.7563990625E-07, 0.00310330382497719
1.75641859375E-07, 0.0030148461505751
1.756438125E-07, 0.00337589298343877
1.75645765625E-07, 0.0023352844521438
1.7564771875E-07, 0.00277729271732744
1.75649671875E-07, 0.0035408961248781
1.75651625E-07, 0.00247159328945056
1.75653578125E-07, 0.00407969037383878
1.7565553125E-07, 0.00367458540215433
1.75657484375E-07, 0.0021208685520664
1.756594375E-07, 0.00347619045597735
1.75661390625E-07, 0.0042266002067043
1.7566334375E-07, 0.00377777773536
1.75665296875E-07, 0.00219033740252669
1.7566725E-07, 0.0037523032635492
1.75669203125E-07, 0.00264704049645201
1.7567115625E-07, 0.00353965946504491
1.75673109375E-07, 0.00356891400736643
1.756750625E-07, 0.00423439314430845
1.75677015625E-07, 0.00280612497611379
1.7567896875E-07, 0.00457943529288181
1.75680921875E-07, 0.0041024691624195
1.75682875E-07, 0.00425615683868219
1.75684828125E-07, 0.00442196061056846
1.7568678125E-07, 0.00424250572092401
1.75688734375E-07, 0.00549057469231993
1.756906875E-07, 0.00533428969723845
1.75692640625E-07, 0.00512543302778722
1.7569459375E-07, 0.00477050583195117
1.75696546875E-07, 0.00510090754938086
1.756985E-07, 0.00596812463252459
1.75700453125E-07, 0.0054091522743096
1.7570240625E-07, 0.0056290697386142
1.75704359375E-07, 0.0056497264106147
1.757063125E-07, 0.00591693233339453
1.75708265625E-07, 0.00644309898632915
1.7571021875E-07, 0.0063483169802122
1.75712171875E-07, 0.00632012565871759
1.75714125E-07, 0.00659191987552565
1.75716078125E-07, 0.0068075939024663
1.7571803125E-07, 0.00676470385447991
1.75719984375E-07, 0.00706926101482905
1.757219375E-07, 0.00708242886464667
1.75723890625E-07, 0.00670752806776795
1.7572584375E-07, 0.00717082184300042
1.75727796875E-07, 0.0073104891725522
1.7572975E-07, 0.00757223913272759
1.75731703125E-07, 0.00790672879038163
1.7573365625E-07, 0.00781975017606619
1.75735609375E-07, 0.00789036755996481
1.757375625E-07, 0.00817184722523477
1.75739515625E-07, 0.00803078256788629
1.7574146875E-07, 0.00786915753864231
1.75743421875E-07, 0.00859819678886001
1.75745375E-07, 0.00883360603271194
1.75747328125E-07, 0.00870822600686254
1.7574928125E-07, 0.0089350318466959
1.75751234375E-07, 0.00840207495995749
1.757531875E-07, 0.00844665275123251
1.75755140625E-07, 0.00847066282860562
1.7575709375E-07, 0.00935409334374328
1.75759046875E-07, 0.00911801058064799
1.75761E-07, 0.00915381704847805
1.75762953125E-07, 0.00931707953722738
1.7576490625E-07, 0.00902528912109392
1.75766859375E-07, 0.00969849739288033
1.757688125E-07, 0.00978167724118835
1.75770765625E-07, 0.00895988603259411
1.7577271875E-07, 0.00985694657746983
1.75774671875E-07, 0.00993520261286879
1.75776625E-07, 0.00976581329459945
1.75778578125E-07, 0.0098349602983076
1.7578053125E-07, 0.00981959095301502
1.75782484375E-07, 0.00909271898143914
1.757844375E-07, 0.0099639430644255
1.75786390625E-07, 0.00965501107622326
1.7578834375E-07, 0.00989790139816558
1.75790296875E-07, 0.010809238501056
1.7579225E-07, 0.00992533318976697
1.75794203125E-07, 0.0108796405022065
1.7579615625E-07, 0.010242885390175
1.75798109375E-07, 0.010812517988845
1.758000625E-07, 0.0100198229681826
1.75802015625E-07, 0.00970201522587369
1.7580396875E-07, 0.0108786910338225
1.75805921875E-07, 0.0115638459439886
1.75807875E-07, 0.0103836844748596
1.75809828125E-07, 0.011552687775401
1.7581178125E-07, 0.0114403474703003
1.75813734375E-07, 0.0118887074856402
1.758156875E-07, 0.010440790694402
1.75817640625E-07, 0.0116850786000838
1.7581959375E-07, 0.0123817824435483
1.75821546875E-07, 0.0126489739056185
1.758235E-07, 0.0115728799978597
1.75825453125E-07, 0.0119668238371768
1.7582740625E-07, 0.0121364568629073
1.75829359375E-07, 0.0115969184533637
1.758313125E-07, 0.0120623435437453
1.75833265625E-07, 0.0121369588602481
1.7583521875E-07, 0.0132686140373446
1.75837171875E-07, 0.0123005759899343
1.75839125E-07, 0.0123767219746238
1.75841078125E-07, 0.0132336174369506
1.7584303125E-07, 0.012409865442745
1.75844984375E-07, 0.0122242662106821
1.758469375E-07, 0.0123215644204793
1.75848890625E-07, 0.0125311684487752
1.7585084375E-07, 0.0129936980587784
1.75852796875E-07, 0.0136406853644215
1.7585475E-07, 0.0144560648541153
1.75856703125E-07, 0.012332868603271
1.7585865625E-07, 0.012804763264292
1.75860609375E-07, 0.0119471589458095
1.758625625E-07, 0.0139013315514244
1.75864515625E-07, 0.013165450013912
1.7586646875E-07, 0.013086231818639
1.75868421875E-07, 0.0133544550676222
1.75870375E-07, 0.0130311173162501
1.75872328125E-07, 0.0124703309377315
1.7587428125E-07, 0.0126427598383671
1.75876234375E-07, 0.0136422436532092
1.758781875E-07, 0.0134399850915006
1.75880140625E-07, 0.0133377777851813
1.7588209375E-07, 0.013631735365645
1.75884046875E-07, 0.0132504950784946
1.75886E-07, 0.0135038087682773
1.75887953125E-07, 0.0140932552798449
1.7588990625E-07, 0.0132957492479184
1.75891859375E-07, 0.0133308909998101
1.758938125E-07, 0.0132160382109829
1.75895765625E-07, 0.0138547277856498
1.7589771875E-07, 0.0127599571552922
1.75899671875E-07, 0.0131329779976066
1.75901625E-07, 0.0136715181454934
1.75903578125E-07, 0.0131160053668461
1.7590553125E-07, 0.0119034303975548
1.75907484375E-07, 0.0115665023624635
1.759094375E-07, 0.0122613463216654
1.75911390625E-07, 0.0136057988879427
1.7591334375E-07, 0.0123547371358883
1.75915296875E-07, 0.0123003072694199
1.7591725E-07, 0.0119764765881645
1.75919203125E-07, 0.0124809316705511
1.7592115625E-07, 0.0129085250042716
1.75923109375E-07, 0.0117183036604597
1.759250625E-07, 0.0111633067511191
1.75927015625E-07, 0.0100317338228179
1.7592896875E-07, 0.0111609520892516
1.75930921875E-07, 0.0114645259145076
1.75932875E-07, 0.0112463156088218
1.75934828125E-07, 0.0108280169362409
1.7593678125E-07, 0.00986864164543127
1.75938734375E-07, 0.00832858144369677
1.759406875E-07, 0.0102959543471523
1.75942640625E-07, 0.00876223127345259
1.7594459375E-07, 0.00915159983653756
1.75946546875E-07, 0.00782344656291982
1.759485E-07, 0.00722745006439507
1.75950453125E-07, 0.00872915390464324
1.7595240625E-07, 0.00670922901864558
1.75954359375E-07, 0.0065820021797727
1.759563125E-07, 0.00544105416136442
1.75958265625E-07, 0.00670950954398992
1.7596021875E-07, 0.00676061253462011
1.75962171875E-07, 0.00548946762805657
1.75964125E-07, 0.00482458240943671
1.75966078125E-07, 0.00542767355899209
1.7596803125E-07, 0.00634479520354273
1.75969984375E-07, 0.00395946623311552
1.759719375E-07, 0.00370353294461353
1.75973890625E-07, 0.00335001540471987
1.7597584375E-07, 0.00365380285981927
1.75977796875E-07, 0.00144770235835785
1.7597975E-07, 0.00267915233341552
1.75981703125E-07, 0.00216915882058918
1.7598365625E-07, -0.000510860225344291
1.75985609375E-07, 0.00130167329461461
1.759875625E-07, 0.000109484429562079
1.75989515625E-07, -0.000669150011087245
1.7599146875E-07, -0.000857212669130493
1.75993421875E-07, -0.0020674436902622
1.75995375E-07, -0.00279915891982668
1.75997328125E-07, -0.00178033599172829
1.7599928125E-07, -0.00302231615002814
1.76001234375E-07, -0.000585205250373558
1.760031875E-07, -0.00189118385808456
1.76005140625E-07, -0.00285279058292563
1.7600709375E-07, -0.0038529733298498
1.76009046875E-07, -0.005312847299745
1.76011E-07, -0.00333967483252887
1.76012953125E-07, -0.00451298243593581
1.7601490625E-07, -0.00586258153667437
1.76016859375E-07, -0.00626034177641951
1.760188125E-07, -0.00697212105190772
1.76020765625E-07, -0.00659737458752275
1.7602271875E-07, -0.00695578499598643
1.76024671875E-07, -0.00789925564929556
1.76026625E-07, -0.00808045417530178
1.76028578125E-07, -0.00863425811593864
1.7603053125E-07, -0.00876650214212807
1.76032484375E-07, -0.00955739552767063
1.760344375E-07, -0.0110057110109591
1.76036390625E-07, -0.00969164590104634
1.7603834375E-07, -0.0108719490991159
1.76040296875E-07, -0.0114362277577914
1.7604225E-07, -0.0123541901141598
1.76044203125E-07, -0.0125463946599939
1.7604615625E-07, -0.0123562564842313
1.76048109375E-07, -0.0129872844021713
1.760500625E-07, -0.0126042858405657
1.76052015625E-07, -0.0127511424827071
1.7605396875E-07, -0.0144626930727997
1.76055921875E-07, -0.0133540346408122
1.76057875E-07, -0.014153438541578
1.76059828125E-07, -0.0149764380431017
1.7606178125E-07, -0.0148225211435185
1.76063734375E-07, -0.0153709926280804
1.760656875E-07, -0.0152703009440885
1.76067640625E-07, -0.0148700845021046
1.7606959375E-07, -0.0161617790889141
1.76071546875E-07, -0.0158294807055523
1.760735E-07, -0.0156747183771219
1.76075453125E-07, -0.0146983682552944
1.7607740625E-07, -0.0161752570737633
1.76079359375E-07, -0.0151562083834884
1.760813125E-07, -0.0157942576041949
1.76083265625E-07, -0.0146605554219181
1.7608521875E-07, -0.0162931940107685
1.76087171875E-07, -0.0162666425998064
1.76089125E-07, -0.0154359868066318
1.76091078125E-07, -0.0157894668656107
1.7609303125E-07, -0.0154412091363002
1.76094984375E-07, -0.0140605096963745
1.760969375E-07, -0.0156124818642049
1.76098890625E-07, -0.0162143951560135
1.7610084375E-07, -0.0158081480826343
1.76102796875E-07, -0.0161303337254618
1.7610475E-07, -0.0157210958008339
1.76106703125E-07, -0.0143569724210522
1.7610865625E-07, -0.0139435604217783
1.76110609375E-07, -0.0140979324466917
1.761125625E-07, -0.0126618833793133
1.76114515625E-07, -0.0133134251939519
1.7611646875E-07, -0.0139279981891404
1.76118421875E-07, -0.0123891981810788
1.76120375E-07, -0.0139127692639524
1.76122328125E-07, -0.0122919563361279
1.7612428125E-07, -0.0125403182940207
1.76126234375E-07, -0.0120132632363211
1.761281875E-07, -0.0120274147622677
1.76130140625E-07, -0.0115787256539954
1.7613209375E-07, -0.00998202089017348
1.76134046875E-07, -0.0105443765416086
1.76136E-07, -0.0108434058746636
1.76137953125E-07, -0.00999429436435643
1.7613990625E-07, -0.00967106012133515
1.76141859375E-07, -0.00913556579609656
1.761438125E-07, -0.00897719653746165
1.76145765625E-07, -0.00908336814925086
1.7614771875E-07, -0.00856051437690392
1.76149671875E-07, -0.00884430370888669
1.76151625E-07, -0.00751097361904612
1.76153578125E-07, -0.007578093080627
1.7615553125E-07, -0.00761066419465836
1.76157484375E-07, -0.00690096292132681
1.761594375E-07, -0.00746506903252366
1.76161390625E-07, -0.00569034120640492
1.7616334375E-07, -0.00647616776460946
1.76165296875E-07, -0.00611956939220847
1.7616725E-07, -0.0059418913301586
1.76169203125E-07, -0.00587365194810568
1.7617115625E-07, -0.00604505524062651
1.76173109375E-07, -0.00564749157015157
1.761750625E-07, -0.00610747007989967
1.76177015625E-07, -0.00513213499216933
1.7617896875E-07, -0.0049038722914736
1.76180921875E-07, -0.00481267447827035
1.76182875E-07, -0.0057432781344822
1.76184828125E-07, -0.00522265362786479
1.7618678125E-07, -0.00413054143822762
1.76188734375E-07, -0.00518890231085125
1.761906875E-07, -0.00534726393998206
1.76192640625E-07, -0.00490844605392156
1.7619459375E-07, -0.00557608558503195
1.76196546875E-07, -0.00507648278828695
1.761985E-07, -0.00517504014116149
1.76200453125E-07, -0.00524687143068246
1.7620240625E-07, -0.00563252414752265
1.76204359375E-07, -0.00494342411245151
1.762063125E-07, -0.00470410545168914
1.76208265625E-07, -0.00594651483489568
1.7621021875E-07, -0.00558664546932718
1.76212171875E-07, -0.00636032201165197
1.76214125E-07, -0.0059497780440902
1.76216078125E-07, -0.00654055334174735
1.7621803125E-07, -0.00602437674336052
1.76219984375E-07, -0.00626213564029379
1.762219375E-07, -0.0066327195932871
1.76223890625E-07, -0.00695146748880942
1.7622584375E-07, -0.00728175184541518
1.76227796875E-07, -0.00714590972502311
1.7622975E-07, -0.00743797570708607
1.76231703125E-07, -0.00757557416817058
1.7623365625E-07, -0.00789011745389591
1.76235609375E-07, -0.00715734527254147
1.762375625E-07, -0.00788570886640729
1.76239515625E-07, -0.00778098875589731
1.7624146875E-07, -0.00899204971752535
1.76243421875E-07, -0.00799980392974343
1.76245375E-07, -0.00911467730372521
1.76247328125E-07, -0.0095824495229712
1.7624928125E-07, -0.00871135388001579
1.76251234375E-07, -0.00920965897028296
1.762531875E-07, -0.00919640837518304
1.76255140625E-07, -0.0101484123099466
1.7625709375E-07, -0.00933941680845716
1.76259046875E-07, -0.00949969092516294
1.76261E-07, -0.0102900260733388
1.76262953125E-07, -0.00977043636594862
1.7626490625E-07, -0.0107536900991059
1.76266859375E-07, -0.0108881576218779
1.762688125E-07, -0.00998097501426444
1.76270765625E-07, -0.00982927753987829
1.7627271875E-07, -0.0107516087710011
1.76274671875E-07, -0.0107133851646202
1.76276625E-07, -0.0105718583777713
1.76278578125E-07, -0.0105812508531811
1.7628053125E-07, -0.0104157899816173
1.76282484375E-07, -0.0105646575754828
1.762844375E-07, -0.0112273297236824
1.76286390625E-07, -0.0105197745439484
1.7628834375E-07, -0.010005129323786
1.76290296875E-07, -0.0111495537692302
1.7629225E-07, -0.0102720081775556
1.76294203125E-07, -0.0102409578852095
1.7629615625E-07, -0.0108536313901759
1.76298109375E-07, -0.0108748301164223
1.763000625E-07, -0.0108234199290642
1.76302015625E-07, -0.0104912805381806
1.7630396875E-07, -0.00996571571079576
1.76305921875E-07, -0.00988580916927053
1.76307875E-07, -0.0104795477257952
1.76309828125E-07, -0.00959010121629223
1.7631178125E-07, -0.00965528623112064
1.76313734375E-07, -0.0098194646665502
1.763156875E-07, -0.0096230038239074
1.76317640625E-07, -0.00958902630514462
1.7631959375E-07, -0.0102733671929675
1.76321546875E-07, -0.00930992976393329
1.763235E-07, -0.00945086866226316
1.76325453125E-07, -0.00909374138572939
1.7632740625E-07, -0.00859019639378051
1.76329359375E-07, -0.00946503171577113
1.763313125E-07, -0.00922643433675368
1.76333265625E-07, -0.00888739172000403
1.7633521875E-07, -0.00825374578363901
1.76337171875E-07, -0.00886732714309807
1.76339125E-07, -0.00759083540439739
1.76341078125E-07, -0.00860943699183064
1.7634303125E-07, -0.00824268859748524
1.76344984375E-07, -0.00747105024275332
1.763469375E-07, -0.00789739881260307
1.76348890625E-07, -0.00746028239734651
1.7635084375E-07, -0.00724174688458136
1.76352796875E-07, -0.00723768679873011
1.7635475E-07, -0.00716506841987061
1.76356703125E-07, -0.00671026556063914
1.7635865625E-07, -0.00664565310855015
1.76360609375E-07, -0.00568134630681842
1.763625625E-07, -0.00686849786861621
1.76364515625E-07, -0.00641345179069557
1.7636646875E-07, -0.0062319853992133
1.76368421875E-07, -0.00648574764392069
1.76370375E-07, -0.00513755937111584
1.76372328125E-07, -0.00552626507752683
1.7637428125E-07, -0.00598657055892477
1.76376234375E-07, -0.00614633514534498
1.763781875E-07, -0.00557591090530807
1.76380140625E-07, -0.004922630591921
1.7638209375E-07, -0.00458434022815016
1.76384046875E-07, -0.00578227656716096
1.76386E-07, -0.00502531194827199
1.76387953125E-07, -0.00474750489534286
1.7638990625E-07, -0.00496526568841239
1.76391859375E-07, -0.0042718561744206
1.763938125E-07, -0.00438074168562846
1.76395765625E-07, -0.00493964161863448
1.7639771875E-07, -0.00462215335004266
1.76399671875E-07, -0.00479951845864775
1.76401625E-07, -0.00428174812861374
1.76403578125E-07, -0.00465780367340865
1.7640553125E-07, -0.00452878199363934
1.76407484375E-07, -0.00460616649504165
1.764094375E-07, -0.00492883545382291
1.76411390625E-07, -0.00460826685560276
1.7641334375E-07, -0.00471092763970721
1.76415296875E-07, -0.004322742780594
1.7641725E-07, -0.00440146579715267
1.76419203125E-07, -0.00474369317017466
1.7642115625E-07, -0.00503860445187093
1.76423109375E-07, -0.0043323763984704
1.764250625E-07, -0.00470361882077239
1.76427015625E-07, -0.00511963088334491
1.7642896875E-07, -0.00458598658540698
1.76430921875E-07, -0.00489710119203159
1.76432875E-07, -0.00470594913936684
1.76434828125E-07, -0.00494758911114637
1.7643678125E-07, -0.00493480033846306
1.76438734375E-07, -0.00432930822904904
1.764406875E-07, -0.00503047707185745
1.76442640625E-07, -0.0045193909380506
1.7644459375E-07, -0.00457619027654087
1.76446546875E-07, -0.00453738062363322
1.764485E-07, -0.00475927181476732
1.76450453125E-07, -0.00480851628663695
1.7645240625E-07, -0.00516184125178605
1.76454359375E-07, -0.00443546863782947
1.764563125E-07, -0.00481761877644888
1.76458265625E-07, -0.00498707509912502
1.7646021875E-07, -0.00443321403828118
1.76462171875E-07, -0.004762338853145
1.76464125E-07, -0.00477489173999547
1.76466078125E-07, -0.00485562835293178
1.7646803125E-07, -0.00462070347513439
1.76469984375E-07, -0.00452311116829726
1.764719375E-07, -0.00482923727019983
1.76473890625E-07, -0.00449466586008616
1.7647584375E-07, -0.00510700704632119
1.76477796875E-07, -0.00506048471475096
1.7647975E-07, -0.00468425252041056
1.76481703125E-07, -0.00472096190360246
1.7648365625E-07, -0.00468540155276029
1.76485609375E-07, -0.00467537031644803
1.764875625E-07, -0.00464142683001091
1.76489515625E-07, -0.00458500009645235
1.7649146875E-07, -0.00460132336701965
1.76493421875E-07, -0.00431796878492061
1.76495375E-07, -0.00457418895815405
1.76497328125E-07, -0.00435058096956381
1.7649928125E-07, -0.00447037418585509
1.76501234375E-07, -0.00437000965401826
1.765031875E-07, -0.00423592369539486
1.76505140625E-07, -0.00431596651197506
1.7650709375E-07, -0.00410897945748787
1.76509046875E-07, -0.00391591755139307
1.76511E-07, -0.00416830771596334
1.76512953125E-07, -0.00396337710190983
1.7651490625E-07, -0.00414022859863626
1.76516859375E-07, -0.00436259300254413
1.765188125E-07, -0.00447035499905353
1.76520765625E-07, -0.0041558981182483
1.7652271875E-07, -0.00402955386795188
1.76524671875E-07, -0.00371580392672649
1.76526625E-07, -0.00369225468409005
1.76528578125E-07, -0.00388740896468102
1.7653053125E-07, -0.00321492611654293
1.76532484375E-07, -0.00350894980541658
1.765344375E-07, -0.00330078099814732
1.76536390625E-07, -0.00390131657522871
1.7653834375E-07, -0.00334745534333412
1.76540296875E-07, -0.00393630487004867
1.7654225E-07, -0.00366960757991419
1.76544203125E-07, -0.00349495854988232
1.7654615625E-07, -0.00390500115914835
1.76548109375E-07, -0.00339436933991808
1.765500625E-07, -0.00356948419573671
1.76552015625E-07, -0.00349461453471219
1.7655396875E-07, -0.00349075330608938
1.76555921875E-07, -0.00363250949869861
1.76557875E-07, -0.00388719230870126
1.76559828125E-07, -0.00326413877753705
1.7656178125E-07, -0.00339422836924716
1.76563734375E-07, -0.00381804136258364
1.765656875E-07, -0.00233125634439404
1.76567640625E-07, -0.00321290462996204
1.7656959375E-07, -0.00307387629181856
1.76571546875E-07, -0.00329707985016883
1.765735E-07, -0.00364602128106001
1.76575453125E-07, -0.00323944501232424
1.7657740625E-07, -0.00279207279152713
1.76579359375E-07, -0.00375619929814544
1.765813125E-07, -0.0028967328597685
1.76583265625E-07, -0.00345487729935591
1.7658521875E-07, -0.00264680883623606
1.76587171875E-07, -0.00329663078284152
1.76589125E-07, -0.00357905935865831
1.76591078125E-07, -0.00302907460490439
1.7659303125E-07, -0.0032379795668363
1.76594984375E-07, -0.00363990844241467
1.765969375E-07, -0.0031732749287801
1.76598890625E-07, -0.00378603205101278
1.7660084375E-07, -0.00365255791731146
1.76602796875E-07, -0.00295456181373343
1.7660475E-07, -0.00361310837449686
1.76606703125E-07, -0.00357495203619445
1.7660865625E-07, -0.00354611027230163
1.76610609375E-07, -0.00333363303896521
1.766125625E-07, -0.00286454024054056
1.76614515625E-07, -0.00319502659804551
1.7661646875E-07, -0.0033104080586659
1.76618421875E-07, -0.00363450963494159
1.76620375E-07, -0.00285362508918151
1.76622328125E-07, -0.00268620831430995
1.7662428125E-07, -0.00262083811573627
1.76626234375E-07, -0.00326080941283883
1.766281875E-07, -0.00283431276522811
1.76630140625E-07, -0.00298907175349702
1.7663209375E-07, -0.00344961561615257
1.76634046875E-07, -0.00279872279581336
1.76636E-07, -0.00247346803316809
1.76637953125E-07, -0.00240900916939827
1.7663990625E-07, -0.00251058722110063
1.76641859375E-07, -0.00260695677370526
1.766438125E-07, -0.00249113515688335
1.76645765625E-07, -0.00212081894441563
1.7664771875E-07, -0.00197989366948562
1.76649671875E-07, -0.00244789265471327
1.76651625E-07, -0.00277522708654187
1.76653578125E-07, -0.00286526053416404
1.7665553125E-07, -0.00237462912219858
1.76657484375E-07, -0.00211231793513321
1.766594375E-07, -0.00181202426690448
1.76661390625E-07, -0.0023538011394126
1.7666334375E-07, -0.00175449308566584
1.76665296875E-07, -0.00210101182297874
1.7666725E-07, -0.00187416330931433
1.76669203125E-07, -0.00171909858008398
1.7667115625E-07, -0.00165733874464771
1.76673109375E-07, -0.00172963561914756
1.766750625E-07, -0.00132860020506246
1.76677015625E-07, -0.00161791512562759
1.7667896875E-07, -0.00186897718494307
1.76680921875E-07, -0.00183591667466085
1.76682875E-07, -0.00145075662570945
1.76684828125E-07, -0.00145320683280331
1.7668678125E-07, -0.00128230358789369
1.76688734375E-07, -0.00138517138268587
1.766906875E-07, -0.00159304466066952
1.76692640625E-07, -0.00180205198978094
1.7669459375E-07, -0.0013723853281342
1.76696546875E-07, -0.00187452220270833
1.766985E-07, -0.00138184927190035
1.76700453125E-07, -0.00108396483870926
1.7670240625E-07, -0.00204786911037321
1.76704359375E-07, -0.00189880534960785
1.767063125E-07, -0.00175736918560407
1.76708265625E-07, -0.00192641069091806
1.7671021875E-07, -0.00199663700320953
1.76712171875E-07, -0.00187974658019484
1.76714125E-07, -0.00231988583184204
1.76716078125E-07, -0.00198314575791656
1.7671803125E-07, -0.00121754501960025
1.76719984375E-07, -0.00163818088157242
1.767219375E-07, -0.00193542437136522
1.76723890625E-07, -0.00185833092469726
1.7672584375E-07, -0.00160888182245586
1.76727796875E-07, -0.00134865433898441
1.7672975E-07, -0.00190009790004879
1.76731703125E-07, -0.00223883971898347
1.7673365625E-07, -0.00192990389658522
1.76735609375E-07, -0.00197940050666595
1.767375625E-07, -0.000652221096933752
1.76739515625E-07, -0.0019653385522766
1.7674146875E-07, -0.00220873176579161
1.76743421875E-07, -0.00235426412957613
1.76745375E-07, -0.00193162469311996
1.76747328125E-07, -0.00164956063660569
1.7674928125E-07, -0.00239188329785017
1.76751234375E-07, -0.00247296106286908
1.767531875E-07, -0.00156236437157149
1.76755140625E-07, -0.00140155752533057
1.7675709375E-07, -0.00207548169437177
1.76759046875E-07, -0.00194122778286988
1.76761E-07, -0.00237038977692406
1.76762953125E-07, -0.00175040730647399
1.7676490625E-07, -0.00141885806817031
1.76766859375E-07, -0.00143440694686115
1.767688125E-07, -0.00124965172259819
1.76770765625E-07, -0.00161311997391479
1.7677271875E-07, -0.000477771742330614
1.76774671875E-07, -0.00139367383971905
1.76776625E-07, -0.000972386153072365
1.76778578125E-07, -0.000723767239628424
1.7678053125E-07, -0.000926978861296404
1.76782484375E-07, -0.000175282686204647
1.767844375E-07, -0.000529967965782881
1.76786390625E-07, 0.000335294083794649
1.7678834375E-07, 0.0003900354890664
1.76790296875E-07, -0.000558519380544584
1.7679225E-07, 0.000835008368465367
1.76794203125E-07, 0.000958024349952725
1.7679615625E-07, 0.00116168130346728
1.76798109375E-07, 0.00179344552657306
1.768000625E-07, 0.00207790684158811
1.76802015625E-07, 0.00116930062675398
1.7680396875E-07, 0.00197854612595068
1.76805921875E-07, 0.00255133842545478
1.76807875E-07, 0.00348484617711101
1.76809828125E-07, 0.0029497515851445
1.7681178125E-07, 0.00241715153049557
1.76813734375E-07, 0.00354118006013701
1.768156875E-07, 0.0033886092192154
1.76817640625E-07, 0.00405527395313257
1.7681959375E-07, 0.0046232985137544
1.76821546875E-07, 0.00430297382440679
1.768235E-07, 0.00421071166352841
1.76825453125E-07, 0.00515686620397701
1.7682740625E-07, 0.00499517460075717
1.76829359375E-07, 0.00601843858111752
1.768313125E-07, 0.0058994342654257
1.76833265625E-07, 0.00586320319691545
1.7683521875E-07, 0.00630418685593862
1.76837171875E-07, 0.00554301452788919
1.76839125E-07, 0.0060948715839671
1.76841078125E-07, 0.00733200799593814
1.7684303125E-07, 0.00733205161387174
1.76844984375E-07, 0.00736415550501065
1.768469375E-07, 0.00693537742879394
1.76848890625E-07, 0.00708599749023104
1.7685084375E-07, 0.00716280737042856
1.76852796875E-07, 0.00687921061551306
1.7685475E-07, 0.0075281192811597
1.76856703125E-07, 0.00731960451240681
1.7685865625E-07, 0.00668978525717631
1.76860609375E-07, 0.00677631767601163
1.768625625E-07, 0.00654917791804521
1.76864515625E-07, 0.00746723263268248
1.7686646875E-07, 0.00631169760420106
1.76868421875E-07, 0.00651341175087477
1.76870375E-07, 0.00660811366722419
1.76872328125E-07, 0.00567136834478386
1.7687428125E-07, 0.00628287967392103
1.76876234375E-07, 0.00588696210574834
1.768781875E-07, 0.00518199070518486
1.76880140625E-07, 0.00604432260809012
1.7688209375E-07, 0.00623016942034989
1.76884046875E-07, 0.00573153875023873
1.76886E-07, 0.00474199886943294
1.76887953125E-07, 0.00452354828050647
1.7688990625E-07, 0.00442059938649797
1.76891859375E-07, 0.00482675368215722
1.768938125E-07, 0.0041492138801738
1.76895765625E-07, 0.00396505887885722
1.7689771875E-07, 0.00354104261878609
1.76899671875E-07, 0.00307433376726732
1.76901625E-07, 0.002860913099687
1.76903578125E-07, 0.00263404901166382
1.7690553125E-07, 0.0023994429424217
1.76907484375E-07, 0.00190959942641147
1.769094375E-07, 0.00233190889078479
1.76911390625E-07, 0.00154368326526736
1.7691334375E-07, 0.00149662845482565
1.76915296875E-07, 0.000726866415867939
1.7691725E-07, 0.000711770984219051
1.76919203125E-07, -1.65250715165606E-05
1.7692115625E-07, 0.000727558066220578
1.76923109375E-07, 0.000407466426730566
1.769250625E-07, -0.000397936210448267
1.76927015625E-07, 0.000152072428155552
1.7692896875E-07, -0.000449031463429264
1.76930921875E-07, -0.00093615199417089
1.76932875E-07, -1.1664689014484E-05
1.76934828125E-07, -0.00174774279705661
1.7693678125E-07, -0.000713536121800742
1.76938734375E-07, -0.00102500900675443
1.769406875E-07, -0.00219391770453108
1.76942640625E-07, -0.000183149533350766
1.7694459375E-07, -0.000653412794322329
1.76946546875E-07, -0.000798885225841886
1.769485E-07, -0.000348912190876088
1.76950453125E-07, -0.00176982415931228
1.7695240625E-07, -0.00128998009937476
1.76954359375E-07, -0.00224735034072453
1.769563125E-07, -0.000832069630580602
1.76958265625E-07, -0.000818371818938819
1.7696021875E-07, -0.00172427510610155
1.76962171875E-07, -0.00220307348244306
1.76964125E-07, -0.00025401191845332
1.76966078125E-07, -0.000331147344886563
1.7696803125E-07, -0.00150206168895699
1.76969984375E-07, -0.00136378000443121
1.769719375E-07, -0.00095683135972959
1.76973890625E-07, -0.000650889066566215
1.7697584375E-07, -0.000313515787573934
1.76977796875E-07, -0.000415472953221882
1.7697975E-07, 8.4615569316473E-05
1.76981703125E-07, -8.08354322870978E-05
1.7698365625E-07, 0.000682749130343052
1.76985609375E-07, -0.000213338163823185
1.769875625E-07, 0.000553233345325618
1.76989515625E-07, 0.00103126839292968
1.7699146875E-07, 0.00100984438829716
1.76993421875E-07, -0.000424796440797498
1.76995375E-07, 0.000332012305461103
1.76997328125E-07, -0.000312742239540963
1.7699928125E-07, 0.000436832245264048
1.77001234375E-07, 0.00217543818375856
1.770031875E-07, 0.0020216339104863
1.77005140625E-07, 0.00139253679089586
1.7700709375E-07, 0.00140809257560889
1.77009046875E-07, 0.000944590941760537
1.77011E-07, 0.00114537805202766
1.77012953125E-07, 0.000652155314455749
1.7701490625E-07, 0.00135263210643037
1.77016859375E-07, 0.0020546930954952
1.770188125E-07, 0.00195377469294271
1.77020765625E-07, 0.000987438758576227
1.7702271875E-07, 0.00133410115005242
1.77024671875E-07, 0.0017970202278264
1.77026625E-07, 0.00125915047285033
1.77028578125E-07, 0.00183479984923914
1.7703053125E-07, 0.00170443534046628
1.77032484375E-07, 0.00121161372567704
1.770344375E-07, 0.00171135324656391
1.77036390625E-07, 0.00105712151946179
1.7703834375E-07, 0.00158617851980612
1.77040296875E-07, 0.00145273544699834
1.7704225E-07, 0.0018150579007839
1.77044203125E-07, 0.00165961082172217
1.7704615625E-07, 0.00107505151397501
1.77048109375E-07, 0.00124457448438211
1.770500625E-07, 0.0015085189606381
1.77052015625E-07, 0.00129014182076192
1.7705396875E-07, 0.00204722760029076
1.77055921875E-07, 0.0013616388589119
1.77057875E-07, 0.000379534610041975
1.77059828125E-07, 0.000768500844351656
1.7706178125E-07, 0.00187475835978396
1.77063734375E-07, 0.000720369106768938
1.770656875E-07, 0.000530808592376051
1.77067640625E-07, 0.0014736216903748
1.7706959375E-07, 0.001923017883031
1.77071546875E-07, 0.00252521571372084
1.770735E-07, 0.00151902832396568
1.77075453125E-07, 0.00176493581850979
1.7707740625E-07, 0.000945738683144988
1.77079359375E-07, 0.000906248303302194
1.770813125E-07, 0.000991115269640479
1.77083265625E-07, 0.00112994085555427
1.7708521875E-07, 0.00175567137103286
1.77087171875E-07, 0.0013421464100199
1.77089125E-07, 0.00180580425710398
1.77091078125E-07, 0.000909391327586059
1.7709303125E-07, 0.00207426635449562
1.77094984375E-07, 0.0016558644104113
1.770969375E-07, 0.00209168885824853
1.77098890625E-07, 0.00246833015667493
1.7710084375E-07, 0.00164969434347427
1.77102796875E-07, 0.00231845981787314
1.7710475E-07, 0.00261508890491796
1.77106703125E-07, 0.00189836802089789
1.7710865625E-07, 0.0021628680208426
1.77110609375E-07, 0.00285524424863425
1.771125625E-07, 0.00277416804853628
1.77114515625E-07, 0.00268877611220044
1.7711646875E-07, 0.00344488672710632
1.77118421875E-07, 0.00276071490359731
1.77120375E-07, 0.00341078705165042
1.77122328125E-07, 0.00385659238686348
1.7712428125E-07, 0.00344999515935541
1.77126234375E-07, 0.0035458405210829
1.771281875E-07, 0.00335045509613716
1.77130140625E-07, 0.003626584349149
1.7713209375E-07, 0.00515837244166371
1.77134046875E-07, 0.00403000943940751
1.77136E-07, 0.00491050097731222
1.77137953125E-07, 0.00477941629657877
1.7713990625E-07, 0.0039164466248289
1.77141859375E-07, 0.00467236435690847
1.771438125E-07, 0.00503908491786642
1.77145765625E-07, 0.00543438883860419
1.7714771875E-07, 0.00514314576833604
1.77149671875E-07, 0.00508205754290571
1.77151625E-07, 0.00520410712841253
1.77153578125E-07, 0.00568498074918566
1.7715553125E-07, 0.00559759490314625
1.77157484375E-07, 0.00568980858149922
1.771594375E-07, 0.00632824199580434
1.77161390625E-07, 0.00628760792648577
1.7716334375E-07, 0.00553468293799483
1.77165296875E-07, 0.00596563110063817
1.7716725E-07, 0.005569254385524
1.77169203125E-07, 0.00732947692371036
1.7717115625E-07, 0.00612404884412892
1.77173109375E-07, 0.0064881392525079
1.771750625E-07, 0.00655689768502473
1.77177015625E-07, 0.00635606291113073
1.7717896875E-07, 0.00662560397507346
1.77180921875E-07, 0.00640906345564797
1.77182875E-07, 0.00622128826965959
1.77184828125E-07, 0.00639088375675078
1.7718678125E-07, 0.00734527669470687
1.77188734375E-07, 0.00795379842321785
1.771906875E-07, 0.00650799999745625
1.77192640625E-07, 0.00730306499195649
1.7719459375E-07, 0.00672905921058565
1.77196546875E-07, 0.00730312548530184
1.771985E-07, 0.00718195693477936
1.77200453125E-07, 0.00720035510427116
1.7720240625E-07, 0.00727946755158589
1.77204359375E-07, 0.00670078961425193
1.772063125E-07, 0.00781721790828611
1.77208265625E-07, 0.00789055014610205
1.7721021875E-07, 0.00738663434294484
1.77212171875E-07, 0.00649478772734021
1.77214125E-07, 0.00673876289663584
1.77216078125E-07, 0.00600062526815183
1.7721803125E-07, 0.00644363420182179
1.77219984375E-07, 0.00625531554215164
1.772219375E-07, 0.00706356377858092
1.77223890625E-07, 0.00671427749011825
1.7722584375E-07, 0.00702812359881793
1.77227796875E-07, 0.00613864083026635
1.7722975E-07, 0.00689522175604304
1.77231703125E-07, 0.00611722583574747
1.7723365625E-07, 0.00541518920843934
1.77235609375E-07, 0.00620965534338099
1.772375625E-07, 0.00680382001881056
1.77239515625E-07, 0.00584877659339884
1.7724146875E-07, 0.00598143268548556
1.77243421875E-07, 0.00548757946046535
1.77245375E-07, 0.0051381460804479
1.77247328125E-07, 0.00650747549132949
1.7724928125E-07, 0.00544119695074366
1.77251234375E-07, 0.00548999319982619
1.772531875E-07, 0.00537805667899103
1.77255140625E-07, 0.00519368550103085
1.7725709375E-07, 0.00524747438356826
1.77259046875E-07, 0.00497468934020808
1.77261E-07, 0.00501887491621994
1.77262953125E-07, 0.0045605725681824
1.7726490625E-07, 0.00492135572030165
1.77266859375E-07, 0.00430290873386966
1.772688125E-07, 0.00518062762079834
1.77270765625E-07, 0.00372005815023985
1.7727271875E-07, 0.00400574979562106
1.77274671875E-07, 0.00460317627041613
1.77276625E-07, 0.00465840355768077
1.77278578125E-07, 0.00336876609226722
1.7728053125E-07, 0.00441676896287687
1.77282484375E-07, 0.00401418300364731
1.772844375E-07, 0.00361159006030599
1.77286390625E-07, 0.00416395686267816
1.7728834375E-07, 0.00313067926231969
1.77290296875E-07, 0.00355364280578145
1.7729225E-07, 0.00250332008282011
1.77294203125E-07, 0.00243774901472309
1.7729615625E-07, 0.00273140284752951
1.77298109375E-07, 0.00235964196008917
1.773000625E-07, 0.00297242276275785
1.77302015625E-07, 0.00287879548478706
1.7730396875E-07, 0.00367799013555021
1.77305921875E-07, 0.00305441589348761
1.77307875E-07, 0.00301291812255541
1.77309828125E-07, 0.00218810589092113
1.7731178125E-07, 0.00172921366668823
1.77313734375E-07, 0.00256724678061907
1.773156875E-07, 0.00169413089672573
1.77317640625E-07, 0.00216762764285377
1.7731959375E-07, 0.00190041186790998
1.77321546875E-07, 0.00198943792140282
1.773235E-07, 0.00168458231359621
1.77325453125E-07, 0.00107750295855898
1.7732740625E-07, 0.00139296853327217
1.77329359375E-07, 0.00108707751106995
1.773313125E-07, 0.000988648296424958
1.77333265625E-07, 0.000990237506956422
1.7733521875E-07, 0.000928251507717178
1.77337171875E-07, 0.00104145791465526
1.77339125E-07, 0.000949887561725883
1.77341078125E-07, 0.000323616201670955
1.7734303125E-07, 0.000714738816339537
1.77344984375E-07, 0.000497228797581352
1.773469375E-07, 0.000623068312238458
1.77348890625E-07, 0.000214282935623551
1.7735084375E-07, -0.000697078048621493
1.77352796875E-07, 1.4783331862134E-05
1.7735475E-07, 0.000732460853114196
1.77356703125E-07, -0.000257417271165222
1.7735865625E-07, 0.000302052203762387
1.77360609375E-07, 0.000816522216630054
1.773625625E-07, -0.000548601564181835
1.77364515625E-07, -0.000164293589920272
1.7736646875E-07, 0.000616692661660823
1.77368421875E-07, -0.0012436800696899
1.77370375E-07, -0.000215818162603978
1.77372328125E-07, -0.000384151017933258
1.7737428125E-07, 0.000116948504147746
1.77376234375E-07, -0.000743912730650271
1.773781875E-07, -0.0004529156768862
1.77380140625E-07, -0.0018447326295242
1.7738209375E-07, -0.000551878376721851
1.77384046875E-07, -0.00105418196606873
1.77386E-07, -0.000913863993973812
1.77387953125E-07, -0.000928208782664932
1.7738990625E-07, -0.00103348419351929
1.77391859375E-07, -0.00109216680852973
1.773938125E-07, -0.00127368689968246
1.77395765625E-07, -0.0010997964281941
1.7739771875E-07, -0.00106570689829656
1.77399671875E-07, -0.000758400182054478
1.77401625E-07, -0.00130259183846172
1.77403578125E-07, -0.00139397578195356
1.7740553125E-07, -0.00119304868840936
1.77407484375E-07, -0.000622724846529641
1.774094375E-07, -0.00191598626286181
1.77411390625E-07, -0.00231633585973142
1.7741334375E-07, -0.00126261658108454
1.77415296875E-07, -0.00165394811375503
1.7741725E-07, -0.00168611988354519
1.77419203125E-07, -0.00242657339139332
1.7742115625E-07, -0.00216017297618232
1.77423109375E-07, -0.00274697827963433
1.774250625E-07, -0.00129782471429212
1.77427015625E-07, -0.00217074804795409
1.7742896875E-07, -0.00175837619114133
1.77430921875E-07, -0.00120179645534626
1.77432875E-07, -0.000961611254123677
1.77434828125E-07, -0.000531349807056594
1.7743678125E-07, -0.00241985087947874
1.77438734375E-07, -0.00286240534651308
1.774406875E-07, -0.0022036392242441
1.77442640625E-07, -0.0031545612673253
1.7744459375E-07, -0.003597446067544
1.77446546875E-07, -0.00339212905857614
1.774485E-07, -0.00188075562838752
1.77450453125E-07, -0.0029892708354112
1.7745240625E-07, -0.00290461864865119
1.77454359375E-07, -0.0029608331233144
1.774563125E-07, -0.00412122716072736
1.77458265625E-07, -0.00452690275418315
1.7746021875E-07, -0.00315103613698669
1.77462171875E-07, -0.00428347088747055
1.77464125E-07, -0.00346449462729991
1.77466078125E-07, -0.00383084987419319
1.7746803125E-07, -0.00520691025025881
1.77469984375E-07, -0.0041421653465246
1.774719375E-07, -0.00375358498352294
1.77473890625E-07, -0.00433373163903994
1.7747584375E-07, -0.00492404383440864
1.77477796875E-07, -0.00480116003687092
1.7747975E-07, -0.00601002097702182
1.77481703125E-07, -0.00459796575289862
1.7748365625E-07, -0.00519352149101683
1.77485609375E-07, -0.00564436061042091
1.774875625E-07, -0.00413822407293923
1.77489515625E-07, -0.00487497881956463
1.7749146875E-07, -0.0045852631737955
1.77493421875E-07, -0.00614265543110463
1.77495375E-07, -0.00590939503616656
1.77497328125E-07, -0.00517572933558628
1.7749928125E-07, -0.00436444270889032
1.77501234375E-07, -0.00540594693992799
1.775031875E-07, -0.0053987608404078
1.77505140625E-07, -0.00487180460757013
1.7750709375E-07, -0.00662965024329307
1.77509046875E-07, -0.00488047750945815
1.77511E-07, -0.00604067774885635
1.77512953125E-07, -0.00499763941844295
1.7751490625E-07, -0.00496500466495796
1.77516859375E-07, -0.00638275906267561
1.775188125E-07, -0.00590647853318582
1.77520765625E-07, -0.00534106233626829
1.7752271875E-07, -0.00396881057137907
1.77524671875E-07, -0.0044428686986723
1.77526625E-07, -0.00568332305671597
1.77528578125E-07, -0.00477185407161146
1.7753053125E-07, -0.00447502313663647
1.77532484375E-07, -0.0049412248199738
1.775344375E-07, -0.004507236716731
1.77536390625E-07, -0.00453989496554028
1.7753834375E-07, -0.00386777776272524
1.77540296875E-07, -0.00463008869415291
1.7754225E-07, -0.00477365310692262
1.77544203125E-07, -0.00459937884136284
1.7754615625E-07, -0.00437634919000371
1.77548109375E-07, -0.00429783376546614
1.775500625E-07, -0.00455429415093652
1.77552015625E-07, -0.00485073599716951
1.7755396875E-07, -0.00368574605630726
1.77555921875E-07, -0.00458730931008164
1.77557875E-07, -0.00387596894452341
1.77559828125E-07, -0.00353577607543564
1.7756178125E-07, -0.00231642226046637
1.77563734375E-07, -0.0042704455537283
1.775656875E-07, -0.00266894784220378
1.77567640625E-07, -0.00473114861715495
1.7756959375E-07, -0.00392219710369886
1.77571546875E-07, -0.00381592966191525
1.775735E-07, -0.00358875762667271
1.77575453125E-07, -0.00450245184627533
1.7757740625E-07, -0.0033598582004744
1.77579359375E-07, -0.00242410909570488
1.775813125E-07, -0.00375136363396033
1.77583265625E-07, -0.00278728530665103
1.7758521875E-07, -0.0036985346604567
1.77587171875E-07, -0.00354418645265882
1.77589125E-07, -0.00305673787368203
1.77591078125E-07, -0.00346597480343308
1.7759303125E-07, -0.00281485367408225
1.77594984375E-07, -0.00204621535444816
1.775969375E-07, -0.00340982647726529
1.77598890625E-07, -0.00396265124641761
1.7760084375E-07, -0.00212048868356955
1.77602796875E-07, -0.00197553383870291
1.7760475E-07, -0.00311960489839916
1.77606703125E-07, -0.00261804959347266
1.7760865625E-07, -0.00278655943072636
1.77610609375E-07, -0.00217416066350598
1.776125625E-07, -0.00216800917947029
1.77614515625E-07, -0.00369036646392777
1.7761646875E-07, -0.00309695623418792
1.77618421875E-07, -0.00265246395361572
1.77620375E-07, -0.00199524245216326
1.77622328125E-07, -0.00218389481407654
1.7762428125E-07, -0.00139707835870492
1.77626234375E-07, -0.0026077910169911
1.776281875E-07, -0.00206800836695836
1.77630140625E-07, -0.00223171084305784
1.7763209375E-07, -0.00296594170165778
1.77634046875E-07, -0.00169137411432979


