File Format, WaveformXYValues
Format Version, 1
Instrument, N1045A,04F,LOJ
SwVersion, A.06.71.21
SerialNumber, MY56260108
Date, 11/29/2023 14:06:41 GMT+08:00

Source Name, Channel 1A

Points, 2048
Signal Type, Unspecified
Channel Bandwidth, 2E+10
Channel Noise, 6.66857143682292E-05
X Units, Second
Y Units, Volt
Data, 
1.73636E-07, -0.000662568971057372
1.73637953125E-07, -0.0010107877777812
1.7363990625E-07, -0.00115147284615424
1.73641859375E-07, -0.00100034316088565
1.736438125E-07, -0.00106512198377404
1.73645765625E-07, -0.00122785730945064
1.7364771875E-07, -0.000985445171283637
1.73649671875E-07, -0.00135319354994405
1.73651625E-07, -0.00105144716047684
1.73653578125E-07, -0.000613871125129872
1.7365553125E-07, -0.00158509843263202
1.73657484375E-07, -0.000725883656106866
1.736594375E-07, -0.000859727964504336
1.73661390625E-07, -0.00118440855781592
1.7366334375E-07, -0.00146188831130383
1.73665296875E-07, -0.00118424277660451
1.7366725E-07, -0.00145375839981489
1.73669203125E-07, -0.00165666232022588
1.7367115625E-07, -0.00159832083253482
1.73673109375E-07, -0.00089714234702014
1.736750625E-07, -0.000447488482457106
1.73677015625E-07, -0.00111542230846712
1.7367896875E-07, -0.00147652436171891
1.73680921875E-07, -0.00138648285970982
1.73682875E-07, -0.00162568141962628
1.73684828125E-07, -0.000707063683639995
1.7368678125E-07, -0.000962500290190607
1.73688734375E-07, -0.00102394816130945
1.736906875E-07, -0.00144838494974741
1.73692640625E-07, -0.00118012955408742
1.7369459375E-07, -0.00157706898461777
1.73696546875E-07, -0.00147622128847711
1.736985E-07, -0.00143588668111572
1.73700453125E-07, -0.00141988948985374
1.7370240625E-07, -0.00182528488188799
1.73704359375E-07, -0.000808331939989445
1.737063125E-07, -0.00136109330011768
1.73708265625E-07, -0.00127296332654731
1.7371021875E-07, -0.00112390799777262
1.73712171875E-07, -0.00135270727566735
1.73714125E-07, -0.00168241436059328
1.73716078125E-07, -0.000795149442123276
1.7371803125E-07, -0.00102349005629543
1.73719984375E-07, -0.0015228418382105
1.737219375E-07, -0.00189789677126784
1.73723890625E-07, -0.00191115308495951
1.7372584375E-07, -0.00189114458405833
1.73727796875E-07, -0.000927157409425528
1.7372975E-07, -0.00158404904777511
1.73731703125E-07, -0.00188266378103518
1.7373365625E-07, -0.00157994680706829
1.73735609375E-07, -0.0013669024016285
1.737375625E-07, -0.00147996938548651
1.73739515625E-07, -0.00160017936336582
1.7374146875E-07, -0.00174094096077426
1.73743421875E-07, -0.00199819789347086
1.73745375E-07, -0.00152952487187081
1.73747328125E-07, -0.00174458208195552
1.7374928125E-07, -0.0014561755085729
1.73751234375E-07, -0.00172015992499764
1.737531875E-07, -0.00138654454432731
1.73755140625E-07, -0.00135407689930713
1.7375709375E-07, -0.00167659425193268
1.73759046875E-07, -0.00153133910328549
1.73761E-07, -0.00144859275542817
1.73762953125E-07, -0.00131125686118666
1.7376490625E-07, -0.00154938853361796
1.73766859375E-07, -0.00124324206696139
1.737688125E-07, -0.00163864162013997
1.73770765625E-07, -0.00180037152140427
1.7377271875E-07, -0.00151249503935083
1.73774671875E-07, -0.00147462774995353
1.73776625E-07, -0.00165782906353267
1.73778578125E-07, -0.00199708845312662
1.7378053125E-07, -0.0018481397967342
1.73782484375E-07, -0.0014596424030079
1.737844375E-07, -0.00162101293909711
1.73786390625E-07, -0.00173322386346796
1.7378834375E-07, -0.00146556397181167
1.73790296875E-07, -0.00185442872100173
1.7379225E-07, -0.00184715677635261
1.73794203125E-07, -0.0018358485641053
1.7379615625E-07, -0.00172469091341249
1.73798109375E-07, -0.00177454798525436
1.738000625E-07, -0.0021244758219751
1.73802015625E-07, -0.00197402924105527
1.7380396875E-07, -0.00185207140592651
1.73805921875E-07, -0.0020130374321796
1.73807875E-07, -0.00175995939113745
1.73809828125E-07, -0.00173719061514529
1.7381178125E-07, -0.00224022825985364
1.73813734375E-07, -0.00185234165514929
1.738156875E-07, -0.00176361260271321
1.73817640625E-07, -0.00132743517171837
1.7381959375E-07, -0.00216133430511336
1.73821546875E-07, -0.00213804713290988
1.738235E-07, -0.00230087890619395
1.73825453125E-07, -0.00224814815310752
1.7382740625E-07, -0.00209206010687794
1.73829359375E-07, -0.00240879355487159
1.738313125E-07, -0.00220176698509926
1.73833265625E-07, -0.00213421342053412
1.7383521875E-07, -0.00255423268588971
1.73837171875E-07, -0.0019438153818118
1.73839125E-07, -0.00224055572695151
1.73841078125E-07, -0.00245014057952894
1.7384303125E-07, -0.00261982072499831
1.73844984375E-07, -0.00239865328373801
1.738469375E-07, -0.00278571575734294
1.73848890625E-07, -0.00257927243679933
1.7385084375E-07, -0.00287447257274729
1.73852796875E-07, -0.00273968477659016
1.7385475E-07, -0.00252094611086388
1.73856703125E-07, -0.00283467999491742
1.7385865625E-07, -0.00286773465345892
1.73860609375E-07, -0.00284862026722306
1.738625625E-07, -0.00293191026796734
1.73864515625E-07, -0.00298368182573794
1.7386646875E-07, -0.00342553007535664
1.73868421875E-07, -0.00297856113532771
1.73870375E-07, -0.00349329983445146
1.73872328125E-07, -0.00249242610800568
1.7387428125E-07, -0.00310278297552854
1.73876234375E-07, -0.00394436858504836
1.738781875E-07, -0.00332077398902837
1.73880140625E-07, -0.00341122936410542
1.7388209375E-07, -0.00321716798764304
1.73884046875E-07, -0.00346777920141987
1.73886E-07, -0.00372938011065471
1.73887953125E-07, -0.00359478781642718
1.7388990625E-07, -0.00392288608902407
1.73891859375E-07, -0.00354552117416201
1.738938125E-07, -0.00390483877255181
1.73895765625E-07, -0.00394948404828427
1.7389771875E-07, -0.0040611783476035
1.73899671875E-07, -0.00390540419031612
1.73901625E-07, -0.0038082856869453
1.73903578125E-07, -0.00401072064864583
1.7390553125E-07, -0.00504888459809752
1.73907484375E-07, -0.00428859762965754
1.739094375E-07, -0.00483109358006624
1.73911390625E-07, -0.00424097172295672
1.7391334375E-07, -0.00432139129119387
1.73915296875E-07, -0.00513999340196408
1.7391725E-07, -0.00420928533027491
1.73919203125E-07, -0.00524389501638768
1.7392115625E-07, -0.00459147795854585
1.73923109375E-07, -0.00568451665382707
1.739250625E-07, -0.00441210478937385
1.73927015625E-07, -0.0045873780449313
1.7392896875E-07, -0.00456183420635109
1.73930921875E-07, -0.00461060579104055
1.73932875E-07, -0.00480531517409018
1.73934828125E-07, -0.005213112150169
1.7393678125E-07, -0.00513648459474609
1.73938734375E-07, -0.00461367192209171
1.739406875E-07, -0.00520156134995115
1.73942640625E-07, -0.00550677208568036
1.7394459375E-07, -0.00483097013139392
1.73946546875E-07, -0.00553210367145402
1.739485E-07, -0.00561228582794423
1.73950453125E-07, -0.00539264846541093
1.7395240625E-07, -0.00558196386482966
1.73954359375E-07, -0.00544156327114643
1.739563125E-07, -0.00492898442552926
1.73958265625E-07, -0.0049372731176281
1.7396021875E-07, -0.00532700132775068
1.73962171875E-07, -0.00529644237943224
1.73964125E-07, -0.00461017912484678
1.73966078125E-07, -0.00509470280248539
1.7396803125E-07, -0.00547105230525657
1.73969984375E-07, -0.00498884992180643
1.739719375E-07, -0.00496858367000839
1.73973890625E-07, -0.00590775880886883
1.7397584375E-07, -0.00470472656340185
1.73977796875E-07, -0.00559925246090905
1.7397975E-07, -0.00502368459101389
1.73981703125E-07, -0.00525640330395231
1.7398365625E-07, -0.00545328942121318
1.73985609375E-07, -0.00471844729183413
1.739875625E-07, -0.00436718410981329
1.73989515625E-07, -0.00426266343158838
1.7399146875E-07, -0.00482115657886474
1.73993421875E-07, -0.00495798950967472
1.73995375E-07, -0.00471506928873356
1.73997328125E-07, -0.00503185757801703
1.7399928125E-07, -0.00381732142098212
1.74001234375E-07, -0.00389369858796843
1.740031875E-07, -0.00445844038917333
1.74005140625E-07, -0.00220688657156151
1.7400709375E-07, -0.00329220628887723
1.74009046875E-07, -0.00369644080980915
1.74011E-07, -0.00310498044628193
1.74012953125E-07, -0.00251718662946796
1.7401490625E-07, -0.00300546373004765
1.74016859375E-07, -0.00241050590703159
1.740188125E-07, -0.00303798409345464
1.74020765625E-07, -0.002990628154044
1.7402271875E-07, -0.0015064137499403
1.74024671875E-07, -0.00145261648214764
1.74026625E-07, -0.00128837174522007
1.74028578125E-07, -0.00181617407579617
1.7403053125E-07, -0.000699430965563309
1.74032484375E-07, 0.000246324976784593
1.740344375E-07, 0.000386191178469375
1.74036390625E-07, 0.000240712729426868
1.7403834375E-07, 0.000580124125099738
1.74040296875E-07, 0.000498060449209611
1.7404225E-07, 0.00066718801893736
1.74044203125E-07, 0.000162004122273119
1.7404615625E-07, 0.00120557372418395
1.74048109375E-07, 0.00142812632528637
1.740500625E-07, 0.00202708767116778
1.74052015625E-07, 0.00185770960792752
1.7405396875E-07, 0.000708266903197456
1.74055921875E-07, 0.00285219025047254
1.74057875E-07, 0.00402637047643271
1.74059828125E-07, 0.00358741577088379
1.7406178125E-07, 0.00336706854435452
1.74063734375E-07, 0.00469125193054116
1.740656875E-07, 0.00349287958393596
1.74067640625E-07, 0.00459627447506414
1.7406959375E-07, 0.00660994003042012
1.74071546875E-07, 0.00525727242061692
1.740735E-07, 0.00610790608106673
1.74075453125E-07, 0.00737646848762041
1.7407740625E-07, 0.00745928939792153
1.74079359375E-07, 0.00600707401069438
1.740813125E-07, 0.00721427690358511
1.74083265625E-07, 0.00955515814051729
1.7408521875E-07, 0.0100456743348008
1.74087171875E-07, 0.0104782840710874
1.74089125E-07, 0.0104058738899212
1.74091078125E-07, 0.0110287219411814
1.7409303125E-07, 0.0117912776681846
1.74094984375E-07, 0.0109279549722271
1.740969375E-07, 0.0119414497152839
1.74098890625E-07, 0.0134799889597848
1.7410084375E-07, 0.0128179818523539
1.74102796875E-07, 0.0135353253225259
1.7410475E-07, 0.0121882029337563
1.74106703125E-07, 0.0137080260847997
1.7410865625E-07, 0.016119232826267
1.74110609375E-07, 0.0177777233232635
1.741125625E-07, 0.0171309158789122
1.74114515625E-07, 0.0156319050869513
1.7411646875E-07, 0.0159795526728431
1.74118421875E-07, 0.0187533440699335
1.74120375E-07, 0.020068305856775
1.74122328125E-07, 0.0191481740474096
1.7412428125E-07, 0.0191477456874195
1.74126234375E-07, 0.0189497176045389
1.741281875E-07, 0.021040305665017
1.74130140625E-07, 0.0238899915605009
1.7413209375E-07, 0.0217844352536896
1.74134046875E-07, 0.0237945541717828
1.74136E-07, 0.0224182094660537
1.74137953125E-07, 0.0249205031040273
1.7413990625E-07, 0.0246006982428481
1.74141859375E-07, 0.023410328668112
1.741438125E-07, 0.0256876836393265
1.74145765625E-07, 0.0268834784398437
1.7414771875E-07, 0.0257252310648482
1.74149671875E-07, 0.0258229564342421
1.74151625E-07, 0.0273676129056643
1.74153578125E-07, 0.0294513151139344
1.7415553125E-07, 0.029691497883254
1.74157484375E-07, 0.0291128730091087
1.741594375E-07, 0.029819057716058
1.74161390625E-07, 0.0305910891966408
1.7416334375E-07, 0.0303421913086391
1.74165296875E-07, 0.0320819655565786
1.7416725E-07, 0.0318849613708405
1.74169203125E-07, 0.031271704859032
1.7417115625E-07, 0.0310275060372422
1.74173109375E-07, 0.0313248503575788
1.741750625E-07, 0.0330566296559552
1.74177015625E-07, 0.0326950978203266
1.7417896875E-07, 0.0308545537077743
1.74180921875E-07, 0.0339422958913306
1.74182875E-07, 0.0341128617686684
1.74184828125E-07, 0.0339649910352275
1.7418678125E-07, 0.0340396203613026
1.74188734375E-07, 0.0338676936886786
1.741906875E-07, 0.0340077256674308
1.74192640625E-07, 0.0353381646819926
1.7419459375E-07, 0.0346738076817195
1.74196546875E-07, 0.0354852532780319
1.741985E-07, 0.0338191798656552
1.74200453125E-07, 0.0354834194624935
1.7420240625E-07, 0.035110516163501
1.74204359375E-07, 0.0352719909327411
1.742063125E-07, 0.0355640207213453
1.74208265625E-07, 0.0343240954647712
1.7421021875E-07, 0.0326929634474357
1.74212171875E-07, 0.0350987747816993
1.74214125E-07, 0.034324564442321
1.74216078125E-07, 0.0338946290659938
1.7421803125E-07, 0.032498864630532
1.74219984375E-07, 0.0320938484021388
1.742219375E-07, 0.0313456441046064
1.74223890625E-07, 0.0288954451213403
1.7422584375E-07, 0.0301673949763523
1.74227796875E-07, 0.0323360768604841
1.7422975E-07, 0.0264967875105129
1.74231703125E-07, 0.0288219272736573
1.7423365625E-07, 0.0277956487441857
1.74235609375E-07, 0.0285322844290219
1.742375625E-07, 0.0281010864144457
1.74239515625E-07, 0.0282062968471098
1.7424146875E-07, 0.0265602443005592
1.74243421875E-07, 0.0253450470104056
1.74245375E-07, 0.0268156251990284
1.74247328125E-07, 0.0198018699018144
1.7424928125E-07, 0.0192656865860403
1.74251234375E-07, 0.0233956863234646
1.742531875E-07, 0.0189144366875206
1.74255140625E-07, 0.0207140087900021
1.7425709375E-07, 0.0156682208615755
1.74259046875E-07, 0.0212467201268118
1.74261E-07, 0.0147880364018351
1.74262953125E-07, 0.0118451541196225
1.7426490625E-07, 0.0108188300565973
1.74266859375E-07, 0.0154564964972639
1.742688125E-07, 0.0031595227773797
1.74270765625E-07, 0.00784462406571
1.7427271875E-07, 0.006326111786484
1.74274671875E-07, 0.00547714650300578
1.74276625E-07, 0.0068698568321492
1.74278578125E-07, 0.00263111186155069
1.7428053125E-07, 0.00592593572877764
1.74282484375E-07, 0.00324833133019014
1.742844375E-07, 0.00296974346074383
1.74286390625E-07, 0.000190820164802269
1.7428834375E-07, -0.00382945131130167
1.74290296875E-07, -0.00934116938142608
1.7429225E-07, -0.00510223420540067
1.74294203125E-07, -0.0108103480404336
1.7429615625E-07, -0.0127686510612973
1.74298109375E-07, -0.0192126843136724
1.743000625E-07, -0.0238464521072144
1.74302015625E-07, -0.00878336424780625
1.7430396875E-07, -0.0303855144136032
1.74305921875E-07, -0.0262020265001774
1.74307875E-07, -0.031208258314293
1.74309828125E-07, -0.0249330802284471
1.7431178125E-07, -0.0242629726672042
1.74313734375E-07, -0.027055185640554
1.743156875E-07, -0.0296837642426152
1.74317640625E-07, -0.0306466851192815
1.7431959375E-07, -0.0439755309550057
1.74321546875E-07, -0.0407423283165218
1.743235E-07, -0.0507836714001913
1.74325453125E-07, -0.044271076461418
1.7432740625E-07, -0.0439117653355845
1.74329359375E-07, -0.0507107525798863
1.743313125E-07, -0.0585921290280171
1.74333265625E-07, -0.055488021734819
1.7433521875E-07, -0.0638834816930707
1.74337171875E-07, -0.0617970977235177
1.74339125E-07, -0.058471911536857
1.74341078125E-07, -0.0665909476543142
1.7434303125E-07, -0.070228756852727
1.74344984375E-07, -0.0658712429064827
1.743469375E-07, -0.0672243750100051
1.74348890625E-07, -0.0774226953616193
1.7435084375E-07, -0.0830338170337063
1.74352796875E-07, -0.0831081105251276
1.7435475E-07, -0.0837362271887807
1.74356703125E-07, -0.0816856627912231
1.7435865625E-07, -0.0811428492164024
1.74360609375E-07, -0.0904593454925441
1.743625625E-07, -0.086500971363662
1.74364515625E-07, -0.0911266014069353
1.7436646875E-07, -0.0927271161732593
1.74368421875E-07, -0.0985673093120445
1.74370375E-07, -0.0981713366185621
1.74372328125E-07, -0.096073427725576
1.7437428125E-07, -0.0915813239292824
1.74376234375E-07, -0.0982722998685135
1.743781875E-07, -0.107074716401325
1.74380140625E-07, -0.108889062443083
1.7438209375E-07, -0.0948639041888224
1.74384046875E-07, -0.102229968945109
1.74386E-07, -0.110484924948285
1.74387953125E-07, -0.111293780318225
1.7438990625E-07, -0.117192331198057
1.74391859375E-07, -0.113598419547318
1.743938125E-07, -0.111983186939359
1.74395765625E-07, -0.0960027534521617
1.7439771875E-07, -0.11262371640605
1.74399671875E-07, -0.117126548105018
1.74401625E-07, -0.123175120401803
1.74403578125E-07, -0.119902487056262
1.7440553125E-07, -0.117386224931299
1.74407484375E-07, -0.116119703637956
1.744094375E-07, -0.123555338210558
1.74411390625E-07, -0.119199713617862
1.7441334375E-07, -0.118853393849905
1.74415296875E-07, -0.118114466332682
1.7441725E-07, -0.121406020121463
1.74419203125E-07, -0.117696237634425
1.7442115625E-07, -0.11646246475554
1.74423109375E-07, -0.118927004600082
1.744250625E-07, -0.117526864698582
1.74427015625E-07, -0.118413833688061
1.7442896875E-07, -0.11364070533759
1.74430921875E-07, -0.116275067994815
1.74432875E-07, -0.109435442485334
1.74434828125E-07, -0.103508197183074
1.7443678125E-07, -0.112781302998097
1.74438734375E-07, -0.105540453563276
1.744406875E-07, -0.100302445833499
1.74442640625E-07, -0.0955114628168815
1.7444459375E-07, -0.0958290233914072
1.74446546875E-07, -0.0994113793402361
1.744485E-07, -0.0957029273606989
1.74450453125E-07, -0.0862459712565736
1.7445240625E-07, -0.0930751567045428
1.74454359375E-07, -0.0862322297153558
1.744563125E-07, -0.0802433831260835
1.74458265625E-07, -0.0786971953222694
1.7446021875E-07, -0.0613061670605898
1.74462171875E-07, -0.0807801988678852
1.74464125E-07, -0.058256050995978
1.74466078125E-07, -0.0633255934019951
1.7446803125E-07, -0.0729929684474938
1.74469984375E-07, -0.04823180072574
1.744719375E-07, -0.0620838880708419
1.74473890625E-07, -0.0315766164681582
1.7447584375E-07, -0.0407129930961248
1.74477796875E-07, -0.0450362816341871
1.7447975E-07, -0.0379340367087972
1.74481703125E-07, -0.0314656719252085
1.7448365625E-07, -0.0187372702735234
1.74485609375E-07, -0.0200851703986567
1.744875625E-07, -0.0353734403182346
1.74489515625E-07, -0.0103932067093701
1.7449146875E-07, -0.0111974077228115
1.74493421875E-07, 0.00120274858335209
1.74495375E-07, 0.00159346276544049
1.74497328125E-07, -0.0101077266060899
1.7449928125E-07, 0.00870228610594303
1.74501234375E-07, 0.0246800783512996
1.745031875E-07, 0.0136503294137636
1.74505140625E-07, 0.0240132128964948
1.7450709375E-07, 0.0272507369607294
1.74509046875E-07, 0.0297724811180061
1.74511E-07, 0.0406419173267197
1.74512953125E-07, 0.0335959131262483
1.7451490625E-07, 0.0429471158425416
1.74516859375E-07, 0.0557573305443291
1.745188125E-07, 0.0461911309133933
1.74520765625E-07, 0.0537923279089202
1.7452271875E-07, 0.0508922872923223
1.74524671875E-07, 0.0536748721306539
1.74526625E-07, 0.0742419369842344
1.74528578125E-07, 0.0601370535216405
1.7453053125E-07, 0.0575381245425833
1.74532484375E-07, 0.0709141157393215
1.745344375E-07, 0.064215553690588
1.74536390625E-07, 0.084401121243177
1.7453834375E-07, 0.0858539182000955
1.74540296875E-07, 0.0817360126320882
1.7454225E-07, 0.076708967112517
1.74544203125E-07, 0.0848370110265588
1.7454615625E-07, 0.086841527004385
1.74548109375E-07, 0.0867858297156641
1.745500625E-07, 0.0929667516825592
1.74552015625E-07, 0.0927833371868118
1.7455396875E-07, 0.0980737465530918
1.74555921875E-07, 0.0934898138471628
1.74557875E-07, 0.0994129155897304
1.74559828125E-07, 0.087034194255269
1.7456178125E-07, 0.0997532514721267
1.74563734375E-07, 0.0978116324976223
1.745656875E-07, 0.0947856391012057
1.74567640625E-07, 0.0966517610521549
1.7456959375E-07, 0.101955573991233
1.74571546875E-07, 0.0967823065195447
1.745735E-07, 0.0999062229749598
1.74575453125E-07, 0.0982627347434756
1.7457740625E-07, 0.0913613178296533
1.74579359375E-07, 0.0989468516689809
1.745813125E-07, 0.0817319988961031
1.74583265625E-07, 0.0980426653158734
1.7458521875E-07, 0.0936284768623804
1.74587171875E-07, 0.0940242631540583
1.74589125E-07, 0.0876672246166273
1.74591078125E-07, 0.0925249601496176
1.7459303125E-07, 0.0913261959875444
1.74594984375E-07, 0.0883926681043878
1.745969375E-07, 0.0855320186043734
1.74598890625E-07, 0.0842592030315873
1.7460084375E-07, 0.0753211265554136
1.74602796875E-07, 0.0784776634799839
1.7460475E-07, 0.0790063000488745
1.74606703125E-07, 0.0780410188625754
1.7460865625E-07, 0.072909975968421
1.74610609375E-07, 0.069176919590078
1.746125625E-07, 0.0780950261659586
1.74614515625E-07, 0.0681063830215282
1.7461646875E-07, 0.0698592618165704
1.74618421875E-07, 0.0689947521352358
1.74620375E-07, 0.061928930120118
1.74622328125E-07, 0.0656971301849778
1.7462428125E-07, 0.0642432832868675
1.74626234375E-07, 0.0554119126073407
1.746281875E-07, 0.0575393175078012
1.74630140625E-07, 0.0587561772049672
1.7463209375E-07, 0.0542709620663738
1.74634046875E-07, 0.0526676095894846
1.74636E-07, 0.0437042732111116
1.74637953125E-07, 0.0464596189691906
1.7463990625E-07, 0.0492665278515284
1.74641859375E-07, 0.0414864914184799
1.746438125E-07, 0.0404674615178444
1.74645765625E-07, 0.0377516126729821
1.7464771875E-07, 0.0449561003925571
1.74649671875E-07, 0.0382109626025132
1.74651625E-07, 0.0368834844490591
1.74653578125E-07, 0.0336923657878258
1.7465553125E-07, 0.0286755166746816
1.74657484375E-07, 0.0356080174112854
1.746594375E-07, 0.033677573596125
1.74661390625E-07, 0.0292427012140327
1.7466334375E-07, 0.0301341884186238
1.74665296875E-07, 0.0261255702540977
1.7466725E-07, 0.0253533332674206
1.74669203125E-07, 0.0249164467190608
1.7467115625E-07, 0.0248323860756503
1.74673109375E-07, 0.0234335406786823
1.746750625E-07, 0.0235946549324405
1.74677015625E-07, 0.0234230138673624
1.7467896875E-07, 0.0215629710193605
1.74680921875E-07, 0.0223782358873598
1.74682875E-07, 0.0195234647429927
1.74684828125E-07, 0.0245773751323645
1.7468678125E-07, 0.0181966345553827
1.74688734375E-07, 0.0206227819455023
1.746906875E-07, 0.0205898025006109
1.74692640625E-07, 0.0201577917030458
1.7469459375E-07, 0.0204822682852869
1.74696546875E-07, 0.0190299282721951
1.746985E-07, 0.0243505979691587
1.74700453125E-07, 0.018566175601569
1.7470240625E-07, 0.0184766991129775
1.74704359375E-07, 0.0183378075814724
1.747063125E-07, 0.0182695664512675
1.74708265625E-07, 0.0188869133604024
1.7471021875E-07, 0.0196019415040786
1.74712171875E-07, 0.0191579533261854
1.74714125E-07, 0.0181617293044412
1.74716078125E-07, 0.0190623681916055
1.7471803125E-07, 0.0176014194799853
1.74719984375E-07, 0.0191691216485011
1.747219375E-07, 0.020104752903755
1.74723890625E-07, 0.0215773543026089
1.7472584375E-07, 0.0206953814654556
1.74727796875E-07, 0.0186340991092432
1.7472975E-07, 0.0184679299669927
1.74731703125E-07, 0.0184243757510844
1.7473365625E-07, 0.0186304739006874
1.74735609375E-07, 0.0189331441949207
1.747375625E-07, 0.0198168962649631
1.74739515625E-07, 0.0185172308524097
1.7474146875E-07, 0.0204068152674176
1.74743421875E-07, 0.0184851272565738
1.74745375E-07, 0.019430638412964
1.74747328125E-07, 0.0178681511613739
1.7474928125E-07, 0.0184177778315216
1.74751234375E-07, 0.0170000242310616
1.747531875E-07, 0.0171825808212931
1.74755140625E-07, 0.0173603251471155
1.7475709375E-07, 0.0159800122824365
1.74759046875E-07, 0.0170076848725911
1.74761E-07, 0.0145881117177643
1.74762953125E-07, 0.0162621209081598
1.7476490625E-07, 0.0157031305353976
1.74766859375E-07, 0.0145368784608289
1.747688125E-07, 0.0138735970780228
1.74770765625E-07, 0.0126441387801763
1.7477271875E-07, 0.0140963409548188
1.74774671875E-07, 0.0123290553921211
1.74776625E-07, 0.0129395362218267
1.74778578125E-07, 0.0114261461909903
1.7478053125E-07, 0.0101462089122723
1.74782484375E-07, 0.0117314463646555
1.747844375E-07, 0.00976181070629722
1.74786390625E-07, 0.00964206781304172
1.7478834375E-07, 0.00836718463843533
1.74790296875E-07, 0.00782965096180234
1.7479225E-07, 0.00772978826717276
1.74794203125E-07, 0.00839491201319495
1.7479615625E-07, 0.00749716524183119
1.74798109375E-07, 0.00664758800359929
1.748000625E-07, 0.00408727563807506
1.74802015625E-07, 0.00520113088017735
1.7480396875E-07, 0.00296428383718567
1.74805921875E-07, 0.00220104174792447
1.74807875E-07, 0.00438075044473509
1.74809828125E-07, 0.00229559892799336
1.7481178125E-07, 0.000606461667539369
1.74813734375E-07, -0.000132798852242808
1.748156875E-07, -0.000391537957819815
1.74817640625E-07, -0.000122179653981233
1.7481959375E-07, -0.000502778723900121
1.74821546875E-07, -0.00187158853898459
1.748235E-07, -0.00129251540278084
1.74825453125E-07, -0.00222612120083963
1.7482740625E-07, -0.00397650222478417
1.74829359375E-07, -0.00391673096552026
1.748313125E-07, -0.00416703537917018
1.74833265625E-07, -0.00605455886029526
1.7483521875E-07, 0.0012991153864801
1.74837171875E-07, -0.00442844225168203
1.74839125E-07, -0.00654361121399541
1.74841078125E-07, -0.00659896487038193
1.7484303125E-07, -0.0056623427747578
1.74844984375E-07, -0.00640515077574688
1.748469375E-07, -0.00801485327646561
1.74848890625E-07, -0.00714877788718672
1.7485084375E-07, -0.00739407413838923
1.74852796875E-07, -0.00743337049774683
1.7485475E-07, -0.00690705942498411
1.74856703125E-07, -0.00786923361304239
1.7485865625E-07, -0.00681792095631416
1.74860609375E-07, -0.00682647405280932
1.748625625E-07, -0.00808540619823264
1.74864515625E-07, -0.00867622447175606
1.7486646875E-07, -0.008735489718013
1.74868421875E-07, -0.00827958958933235
1.74870375E-07, -0.00746886488247886
1.74872328125E-07, -0.00856940774174894
1.7487428125E-07, -0.00876706208888381
1.74876234375E-07, -0.00839428682108018
1.748781875E-07, -0.0082796401697003
1.74880140625E-07, -0.00643959126172893
1.7488209375E-07, -0.00804516268983116
1.74884046875E-07, -0.00706179242629885
1.74886E-07, -0.00736656782309637
1.74887953125E-07, -0.00749194790796676
1.7488990625E-07, -0.00575259785244588
1.74891859375E-07, -0.00684620534951896
1.748938125E-07, -0.00604464134345148
1.74895765625E-07, -0.00559574325376224
1.7489771875E-07, -0.0059473904483572
1.74899671875E-07, -0.00487746798935535
1.74901625E-07, -0.00599205936330593
1.74903578125E-07, -0.00507311624991673
1.7490553125E-07, -0.00529315037599726
1.74907484375E-07, -0.00419037626583694
1.749094375E-07, -0.00446073083216513
1.74911390625E-07, -0.00417352154696157
1.7491334375E-07, -0.00393716479220595
1.74915296875E-07, -0.00222888514310547
1.7491725E-07, -0.00321857839740931
1.74919203125E-07, -0.00428518467587986
1.7492115625E-07, -0.00203740267995127
1.74923109375E-07, -0.00281087154774703
1.749250625E-07, -0.00235691218054589
1.74927015625E-07, -0.00309084378844911
1.7492896875E-07, -0.00204036616148972
1.74930921875E-07, -0.00106832284826573
1.74932875E-07, -0.00230041811441738
1.74934828125E-07, -0.000488504280046227
1.7493678125E-07, -0.00034045852553629
1.74938734375E-07, -0.00026134244365705
1.749406875E-07, 0.000349040432060062
1.74942640625E-07, -8.35704315709156E-05
1.7494459375E-07, 0.000133467551530293
1.74946546875E-07, 0.000819481823823899
1.749485E-07, 0.000354449511754008
1.74950453125E-07, 0.00185992287128135
1.7495240625E-07, 0.000955742933772338
1.74954359375E-07, 0.00208853861132934
1.749563125E-07, 0.00175657970505934
1.74958265625E-07, 0.0015165221291175
1.7496021875E-07, 0.00165359621347816
1.74962171875E-07, 0.000434411323696639
1.74964125E-07, 0.00108423470607345
1.74966078125E-07, 0.000867501545338475
1.7496803125E-07, 0.00107847472481932
1.74969984375E-07, 0.00132851819185073
1.749719375E-07, 0.0010106767618168
1.74973890625E-07, 0.00158793359954603
1.7497584375E-07, 0.00102415274619238
1.74977796875E-07, 0.00235616210241758
1.7497975E-07, 0.00165548517386689
1.74981703125E-07, 0.00185248282525527
1.7498365625E-07, 0.0017995883631903
1.74985609375E-07, 0.00122970025647395
1.749875625E-07, 0.00143384919915905
1.74989515625E-07, 0.000845733456673347
1.7499146875E-07, 0.000676128890521089
1.74993421875E-07, -0.000576937112349801
1.74995375E-07, 0.00156197031867074
1.74997328125E-07, 0.00121945178939041
1.7499928125E-07, 0.000877149579055951
1.75001234375E-07, 0.000516784003172451
1.750031875E-07, 0.000261636556843833
1.75005140625E-07, 0.00130957696025198
1.7500709375E-07, 0.000334104964946397
1.75009046875E-07, 0.000168774130727832
1.75011E-07, 0.000349139297150819
1.75012953125E-07, 0.000385733705151996
1.7501490625E-07, -0.000145184106253924
1.75016859375E-07, -0.000377761505197399
1.750188125E-07, -0.000547247555029885
1.75020765625E-07, -0.00339320112043926
1.7502271875E-07, -0.000603937374037265
1.75024671875E-07, -0.000903741477745922
1.75026625E-07, -0.00227894982548666
1.75028578125E-07, -0.00291068351529159
1.7503053125E-07, -0.00224428264154437
1.75032484375E-07, -0.00306004917643417
1.750344375E-07, -0.00223495143514221
1.75036390625E-07, -0.00428367253441636
1.7503834375E-07, -0.00310866596888983
1.75040296875E-07, -0.00355438838101212
1.7504225E-07, -0.00321987770251977
1.75044203125E-07, -0.00544524943689968
1.7504615625E-07, -0.00465832342652755
1.75048109375E-07, -0.00392849115548985
1.750500625E-07, -0.00610107924809021
1.75052015625E-07, -0.00608593669246325
1.7505396875E-07, -0.00623866940334678
1.75055921875E-07, -0.00661615953417033
1.75057875E-07, -0.00607669658256247
1.75059828125E-07, -0.00661292240866555
1.7506178125E-07, -0.00859833811391289
1.75063734375E-07, -0.00991359794544164
1.750656875E-07, -0.0081268788366583
1.75067640625E-07, -0.0101134944843471
1.7506959375E-07, -0.00901343208024418
1.75071546875E-07, -0.00886530412165115
1.750735E-07, -0.0102682247981098
1.75075453125E-07, -0.0100300085566856
1.7507740625E-07, -0.0114774694555374
1.75079359375E-07, -0.0134291703838836
1.750813125E-07, -0.0136239636832078
1.75083265625E-07, -0.0131256060515762
1.7508521875E-07, -0.0127411753581937
1.75087171875E-07, -0.0128935945254878
1.75089125E-07, -0.0139746720337124
1.75091078125E-07, -0.016859752385101
1.7509303125E-07, -0.0180606401921896
1.75094984375E-07, -0.0165596125574005
1.750969375E-07, -0.0182261145738505
1.75098890625E-07, -0.0164140180933908
1.7510084375E-07, -0.0192466018420085
1.75102796875E-07, -0.0148455249042205
1.7510475E-07, -0.0197890163569381
1.75106703125E-07, -0.0194487102802581
1.7510865625E-07, -0.021087876929656
1.75110609375E-07, -0.0202302512325117
1.751125625E-07, -0.021222987956563
1.75114515625E-07, -0.0232335924803087
1.7511646875E-07, -0.0215517943237394
1.75118421875E-07, -0.0220557514596094
1.75120375E-07, -0.0240231382975659
1.75122328125E-07, -0.023731270550088
1.7512428125E-07, -0.0243223271714659
1.75126234375E-07, -0.0247095822833044
1.751281875E-07, -0.0244986129984987
1.75130140625E-07, -0.0228525423092038
1.7513209375E-07, -0.0250578794310606
1.75134046875E-07, -0.0256417396029858
1.75136E-07, -0.0278873883765117
1.75137953125E-07, -0.0274892619150667
1.7513990625E-07, -0.0281221275786445
1.75141859375E-07, -0.0280492677231499
1.751438125E-07, -0.0293791059351601
1.75145765625E-07, -0.0293812017621867
1.7514771875E-07, -0.0284657076795658
1.75149671875E-07, -0.0306496951559674
1.75151625E-07, -0.0305187097038699
1.75153578125E-07, -0.0287832474577928
1.7515553125E-07, -0.0308513380379207
1.75157484375E-07, -0.0296871877584804
1.751594375E-07, -0.0310702579952446
1.75161390625E-07, -0.0290258397972769
1.7516334375E-07, -0.032159933268774
1.75165296875E-07, -0.0319858018260267
1.7516725E-07, -0.032621540356425
1.75169203125E-07, -0.0329970328768785
1.7517115625E-07, -0.0324816466695422
1.75173109375E-07, -0.0320082148416396
1.751750625E-07, -0.0328971141530544
1.75177015625E-07, -0.0325495979382172
1.7517896875E-07, -0.0307697655667846
1.75180921875E-07, -0.0306706812591733
1.75182875E-07, -0.0320544797187364
1.75184828125E-07, -0.0325104215952905
1.7518678125E-07, -0.031938340909048
1.75188734375E-07, -0.0325319737581061
1.751906875E-07, -0.0321622319625567
1.75192640625E-07, -0.0320944546968051
1.7519459375E-07, -0.0313495796214702
1.75196546875E-07, -0.0318401535078442
1.751985E-07, -0.0315933217426322
1.75200453125E-07, -0.0313467248515972
1.7520240625E-07, -0.0303513613137911
1.75204359375E-07, -0.0309282759011991
1.752063125E-07, -0.0312894466003087
1.75208265625E-07, -0.0300675559257721
1.7521021875E-07, -0.0265139770849582
1.75212171875E-07, -0.0287393626148524
1.75214125E-07, -0.0300259293258284
1.75216078125E-07, -0.0292912958933955
1.7521803125E-07, -0.0311603000308636
1.75219984375E-07, -0.0295203698065356
1.752219375E-07, -0.0294444354697792
1.75223890625E-07, -0.0285200570672596
1.7522584375E-07, -0.0280598337215826
1.75227796875E-07, -0.0286751711449683
1.7522975E-07, -0.0278957512086503
1.75231703125E-07, -0.0284944837944457
1.7523365625E-07, -0.0269822329895281
1.75235609375E-07, -0.0273073707298266
1.752375625E-07, -0.0274746577683062
1.75239515625E-07, -0.026619539538656
1.7524146875E-07, -0.02524477695667
1.75243421875E-07, -0.0249631650109047
1.75245375E-07, -0.0243354908362609
1.75247328125E-07, -0.0250714583581421
1.7524928125E-07, -0.023112038158276
1.75251234375E-07, -0.0240038296229372
1.752531875E-07, -0.0251958780519541
1.75255140625E-07, -0.0234364335617181
1.7525709375E-07, -0.0235318998853475
1.75259046875E-07, -0.0224502059581871
1.75261E-07, -0.0230781075886626
1.75262953125E-07, -0.0222814610584851
1.7526490625E-07, -0.0216861285826122
1.75266859375E-07, -0.0230709895876736
1.752688125E-07, -0.022131149483163
1.75270765625E-07, -0.0206931954350827
1.7527271875E-07, -0.0219122151766885
1.75274671875E-07, -0.0193076689384216
1.75276625E-07, -0.0181466205438142
1.75278578125E-07, -0.0196180971223897
1.7528053125E-07, -0.0186257474276458
1.75282484375E-07, -0.020140626935293
1.752844375E-07, -0.0190428546388674
1.75286390625E-07, -0.0180619470537626
1.7528834375E-07, -0.0193001283425476
1.75290296875E-07, -0.0168565671746175
1.7529225E-07, -0.0165293628169
1.75294203125E-07, -0.0165376307011146
1.7529615625E-07, -0.0154341996781779
1.75298109375E-07, -0.0154886326028524
1.753000625E-07, -0.0159745335086287
1.75302015625E-07, -0.0146531629414629
1.7530396875E-07, -0.014932297015007
1.75305921875E-07, -0.0132737652269017
1.75307875E-07, -0.0140469675742096
1.75309828125E-07, -0.0127743818857689
1.7531178125E-07, -0.0118170908542148
1.75313734375E-07, -0.0123277803332091
1.753156875E-07, -0.01180274389222
1.75317640625E-07, -0.0129195558131361
1.7531959375E-07, -0.0113499581162295
1.75321546875E-07, -0.0104434584904195
1.753235E-07, -0.0112075043538603
1.75325453125E-07, -0.0107891515549936
1.7532740625E-07, -0.00783544930459603
1.75329359375E-07, -0.00969505043944311
1.753313125E-07, -0.00828591990295875
1.75333265625E-07, -0.00879658853272849
1.7533521875E-07, -0.00814132936969804
1.75337171875E-07, -0.0063944084843377
1.75339125E-07, -0.00739273312615774
1.75341078125E-07, -0.00551718173920369
1.7534303125E-07, -0.00738517380747317
1.75344984375E-07, -0.00696114909628525
1.753469375E-07, -0.00547906925144448
1.75348890625E-07, -0.00588837019589204
1.7535084375E-07, -0.00497639807459594
1.75352796875E-07, -0.00437986317950955
1.7535475E-07, -0.00369923506508453
1.75356703125E-07, -0.00416135248003038
1.7535865625E-07, -0.00248675760810027
1.75360609375E-07, -0.00489257599646219
1.753625625E-07, -0.00226279870881195
1.75364515625E-07, -0.00158917928037858
1.7536646875E-07, -0.00187529981549077
1.75368421875E-07, -0.00259371126082382
1.75370375E-07, -0.00155982252915721
1.75372328125E-07, -0.00305811330140025
1.7537428125E-07, -0.000810010496995862
1.75376234375E-07, 0.000658465941141729
1.753781875E-07, -0.000276586163777499
1.75380140625E-07, 0.000599089198227398
1.7538209375E-07, 0.000164098317713907
1.75384046875E-07, 0.000846568662285422
1.75386E-07, 0.00151764914005378
1.75387953125E-07, 0.000669476254984755
1.7538990625E-07, 0.000966107326428908
1.75391859375E-07, 0.00146436687392659
1.753938125E-07, 0.00197025104976924
1.75395765625E-07, 0.0015909652569783
1.7539771875E-07, 0.00171636368486379
1.75399671875E-07, 0.00297466483170387
1.75401625E-07, 0.00290722962393953
1.75403578125E-07, 0.00311512727437613
1.7540553125E-07, 0.00245187465078701
1.75407484375E-07, 0.0023122980718405
1.754094375E-07, 0.00242387735701449
1.75411390625E-07, 0.00370987217075886
1.7541334375E-07, 0.00360375233264554
1.75415296875E-07, 0.0034881082151409
1.7541725E-07, 0.00365413665554729
1.75419203125E-07, 0.00491132005151018
1.7542115625E-07, 0.00429595329259246
1.75423109375E-07, 0.0027010322614346
1.754250625E-07, 0.00447387255398363
1.75427015625E-07, 0.0050692312969339
1.7542896875E-07, 0.00469749712504801
1.75430921875E-07, 0.00614086209978841
1.75432875E-07, 0.00530650279203524
1.75434828125E-07, 0.00638128826876557
1.7543678125E-07, 0.00583269720686511
1.75438734375E-07, 0.00619385528435948
1.754406875E-07, 0.00616501737463396
1.75442640625E-07, 0.00654976739880127
1.7544459375E-07, 0.00674666981820569
1.75446546875E-07, 0.00676199432162068
1.754485E-07, 0.00690677211534208
1.75450453125E-07, 0.00707366628177553
1.7545240625E-07, 0.00686544727623189
1.75454359375E-07, 0.00711747131755603
1.754563125E-07, 0.00779795128590982
1.75458265625E-07, 0.00658494176269351
1.7546021875E-07, 0.0083821090153849
1.75462171875E-07, 0.00771566806270078
1.75464125E-07, 0.00818807787724537
1.75466078125E-07, 0.00853591740616766
1.7546803125E-07, 0.00844292148356464
1.75469984375E-07, 0.0091633556290226
1.754719375E-07, 0.00932938795109498
1.75473890625E-07, 0.00945922978909943
1.7547584375E-07, 0.00919464808667557
1.75477796875E-07, 0.0106717836092945
1.7547975E-07, 0.010195327471772
1.75481703125E-07, 0.0102238882147205
1.7548365625E-07, 0.00996009921709322
1.75485609375E-07, 0.0101442301254962
1.754875625E-07, 0.0120963889867209
1.75489515625E-07, 0.0114064944764019
1.7549146875E-07, 0.0129249099625368
1.75493421875E-07, 0.0115643376130187
1.75495375E-07, 0.0120454790858418
1.75497328125E-07, 0.0120593107568134
1.7549928125E-07, 0.0127964269419279
1.75501234375E-07, 0.0123304634273477
1.755031875E-07, 0.0118941419133305
1.75505140625E-07, 0.0119688105846127
1.7550709375E-07, 0.0125588626278281
1.75509046875E-07, 0.0134650808428353
1.75511E-07, 0.0120082743739781
1.75512953125E-07, 0.0140129695740208
1.7551490625E-07, 0.013570979104134
1.75516859375E-07, 0.0144081917085186
1.755188125E-07, 0.0135971325445022
1.75520765625E-07, 0.0140059905195465
1.7552271875E-07, 0.0142957174497616
1.75524671875E-07, 0.0137156288886533
1.75526625E-07, 0.0144172055340437
1.75528578125E-07, 0.0142948460910425
1.7553053125E-07, 0.0141633618695906
1.75532484375E-07, 0.0141384250888348
1.755344375E-07, 0.0145260596975555
1.75536390625E-07, 0.0142471391356345
1.7553834375E-07, 0.0145583154619394
1.75540296875E-07, 0.0143067452606474
1.7554225E-07, 0.0147393805250541
1.75544203125E-07, 0.0139571797969729
1.7554615625E-07, 0.0142270908219126
1.75548109375E-07, 0.0143859413096505
1.755500625E-07, 0.0146780018391301
1.75552015625E-07, 0.0142419716350202
1.7555396875E-07, 0.0132171382220928
1.75555921875E-07, 0.0137938625542087
1.75557875E-07, 0.0139582973484612
1.75559828125E-07, 0.0135777337674268
1.7556178125E-07, 0.0128877058055622
1.75563734375E-07, 0.0132520495748028
1.755656875E-07, 0.0137788226723679
1.75567640625E-07, 0.0133411589797119
1.7556959375E-07, 0.0117215307741863
1.75571546875E-07, 0.01240683525539
1.755735E-07, 0.0127823163178603
1.75575453125E-07, 0.011899164790826
1.7557740625E-07, 0.010404736847649
1.75579359375E-07, 0.01124799270963
1.755813125E-07, 0.011465406851784
1.75583265625E-07, 0.0109279757506614
1.7558521875E-07, 0.0107421035432258
1.75587171875E-07, 0.00931475012854269
1.75589125E-07, 0.0104644152278405
1.75591078125E-07, 0.0105194935197749
1.7559303125E-07, 0.0103482855391129
1.75594984375E-07, 0.00865418690344734
1.755969375E-07, 0.00831006928310533
1.75598890625E-07, 0.00948279798065458
1.7560084375E-07, 0.00813647448728217
1.75602796875E-07, 0.00823198314615961
1.7560475E-07, 0.00656261210872356
1.75606703125E-07, 0.00702628217848447
1.7560865625E-07, 0.00810286165285295
1.75610609375E-07, 0.00750461971862533
1.756125625E-07, 0.00700542509123108
1.75614515625E-07, 0.00679785312086586
1.7561646875E-07, 0.00569760638046772
1.75618421875E-07, 0.00645033180866191
1.75620375E-07, 0.00582420134620018
1.75622328125E-07, 0.00641364945724005
1.7562428125E-07, 0.00513533671289785
1.75626234375E-07, 0.00506195476768505
1.756281875E-07, 0.00579438709313083
1.75630140625E-07, 0.005014278959615
1.7563209375E-07, 0.004248251004414
1.75634046875E-07, 0.00439520955033146
1.75636E-07, 0.00429735348366916
1.75637953125E-07, 0.00397053182411124
1.7563990625E-07, 0.00400136486506897
1.75641859375E-07, 0.00329693141108164
1.756438125E-07, 0.00392649414307529
1.75645765625E-07, 0.00307542220355183
1.7564771875E-07, 0.00312032763127362
1.75649671875E-07, 0.00338631486602795
1.75651625E-07, 0.00349134712196439
1.75653578125E-07, 0.00326886829101032
1.7565553125E-07, 0.00299390174748634
1.75657484375E-07, 0.0034877263140198
1.756594375E-07, 0.00259691395742242
1.75661390625E-07, 0.00282602076094684
1.7566334375E-07, 0.00347552014961555
1.75665296875E-07, 0.00309922417332664
1.7566725E-07, 0.00278999429929873
1.75669203125E-07, 0.00296922961460085
1.7567115625E-07, 0.0026908500168967
1.75673109375E-07, 0.00291897094862591
1.756750625E-07, 0.00291022198053157
1.75677015625E-07, 0.00313834509187536
1.7567896875E-07, 0.00295874305504441
1.75680921875E-07, 0.0040783810441189
1.75682875E-07, 0.00369826426553304
1.75684828125E-07, 0.00323133506965703
1.7568678125E-07, 0.00406086986851096
1.75688734375E-07, 0.00364385616738997
1.756906875E-07, 0.00406726308787944
1.75692640625E-07, 0.00366583658807223
1.7569459375E-07, 0.00434618106546875
1.75696546875E-07, 0.00380367811674213
1.756985E-07, 0.00355824082050791
1.75700453125E-07, 0.00401821477420775
1.7570240625E-07, 0.00475344400203145
1.75704359375E-07, 0.00466116106565828
1.757063125E-07, 0.0042904495247431
1.75708265625E-07, 0.00524454151818116
1.7571021875E-07, 0.00427642488632942
1.75712171875E-07, 0.00503458404143842
1.75714125E-07, 0.00552857540740384
1.75716078125E-07, 0.00521226963050182
1.7571803125E-07, 0.00539764188719785
1.75719984375E-07, 0.00575074739566326
1.757219375E-07, 0.0058274827405302
1.75723890625E-07, 0.00570923951005387
1.7572584375E-07, 0.00578793185631471
1.75727796875E-07, 0.00611605633742187
1.7572975E-07, 0.00596266669088619
1.75731703125E-07, 0.00581617801531473
1.7573365625E-07, 0.00649318516313134
1.75735609375E-07, 0.00586519589625835
1.757375625E-07, 0.00646267252558418
1.75739515625E-07, 0.00634451563420431
1.7574146875E-07, 0.00676786829249581
1.75743421875E-07, 0.00694610359300371
1.75745375E-07, 0.00665194144305721
1.75747328125E-07, 0.00713047177746694
1.7574928125E-07, 0.00717118806195797
1.75751234375E-07, 0.00796501471000256
1.757531875E-07, 0.00761823577772484
1.75755140625E-07, 0.00719410101057221
1.7575709375E-07, 0.00736549240291606
1.75759046875E-07, 0.0083929411927215
1.75761E-07, 0.0083006638022419
1.75762953125E-07, 0.00799006572091692
1.7576490625E-07, 0.00801061091903511
1.75766859375E-07, 0.00804809068267088
1.757688125E-07, 0.008147907470955
1.75770765625E-07, 0.00855069447913009
1.7577271875E-07, 0.00886560553980181
1.75774671875E-07, 0.00880894670548424
1.75776625E-07, 0.00904848403535694
1.75778578125E-07, 0.00862632990960913
1.7578053125E-07, 0.00926052299592407
1.75782484375E-07, 0.00883882512023075
1.757844375E-07, 0.00925468651948145
1.75786390625E-07, 0.00888103901468684
1.7578834375E-07, 0.0088757238254942
1.75790296875E-07, 0.009427026601844
1.7579225E-07, 0.00923082945964797
1.75794203125E-07, 0.00975376855970722
1.7579615625E-07, 0.00986048931456877
1.75798109375E-07, 0.0098830760707612
1.758000625E-07, 0.00945212389427852
1.75802015625E-07, 0.0099805468985406
1.7580396875E-07, 0.0100016622666117
1.75805921875E-07, 0.010167215865745
1.75807875E-07, 0.0102049346946237
1.75809828125E-07, 0.0104843837760514
1.7581178125E-07, 0.00946973475985848
1.75813734375E-07, 0.0104220956354698
1.758156875E-07, 0.0105717305649544
1.75817640625E-07, 0.0107142153076149
1.7581959375E-07, 0.0108127392097695
1.75821546875E-07, 0.0107470294769353
1.758235E-07, 0.0107403590695319
1.75825453125E-07, 0.0107910355921332
1.7582740625E-07, 0.0108973739965577
1.75829359375E-07, 0.0109973554446872
1.758313125E-07, 0.0109225909732568
1.75833265625E-07, 0.0112380707310669
1.7583521875E-07, 0.0110369984177539
1.75837171875E-07, 0.0116833352672592
1.75839125E-07, 0.0114475129263417
1.75841078125E-07, 0.0107156808386023
1.7584303125E-07, 0.0117649584468402
1.75844984375E-07, 0.0121631605344013
1.758469375E-07, 0.0119571529067461
1.75848890625E-07, 0.0120322393962343
1.7585084375E-07, 0.0119970302326082
1.75852796875E-07, 0.0116082825832272
1.7585475E-07, 0.0122596274627354
1.75856703125E-07, 0.0120318869575553
1.7585865625E-07, 0.0125116739789241
1.75860609375E-07, 0.0126212507517519
1.758625625E-07, 0.0121763555504034
1.75864515625E-07, 0.011896592214616
1.7586646875E-07, 0.0124304412247764
1.75868421875E-07, 0.0125668255835975
1.75870375E-07, 0.012699046621948
1.75872328125E-07, 0.0125821502370036
1.7587428125E-07, 0.0124539209950877
1.75876234375E-07, 0.0126180138238897
1.758781875E-07, 0.0124407726400328
1.75880140625E-07, 0.0127982786418729
1.7588209375E-07, 0.0133327003389808
1.75884046875E-07, 0.0124295834415792
1.75886E-07, 0.0130185531792313
1.75887953125E-07, 0.0132189761758707
1.7588990625E-07, 0.0132016437138142
1.75891859375E-07, 0.0125888758980496
1.758938125E-07, 0.0131197142167135
1.75895765625E-07, 0.0130430336079038
1.7589771875E-07, 0.0127895232043369
1.75899671875E-07, 0.0126643664158156
1.75901625E-07, 0.0128530210691387
1.75903578125E-07, 0.0127118243473005
1.7590553125E-07, 0.0133180365456798
1.75907484375E-07, 0.0130276603983814
1.759094375E-07, 0.0128127765102886
1.75911390625E-07, 0.0129207518629433
1.7591334375E-07, 0.0119362443576636
1.75915296875E-07, 0.0124461868397324
1.7591725E-07, 0.0127013569441055
1.75919203125E-07, 0.0120895385048004
1.7592115625E-07, 0.0117775287397324
1.75923109375E-07, 0.0125984411556492
1.759250625E-07, 0.0114849214289708
1.75927015625E-07, 0.0117879489952425
1.7592896875E-07, 0.0121962533910019
1.75930921875E-07, 0.0115800799985148
1.75932875E-07, 0.0119558291046994
1.75934828125E-07, 0.0122260456896585
1.7593678125E-07, 0.0116948976982765
1.75938734375E-07, 0.0119306035507443
1.759406875E-07, 0.0109101513994096
1.75942640625E-07, 0.0112424977119598
1.7594459375E-07, 0.0105221030967638
1.75946546875E-07, 0.00992429730366548
1.759485E-07, 0.0101961069571804
1.75950453125E-07, 0.00989614082685561
1.7595240625E-07, 0.0096683670979854
1.75954359375E-07, 0.00841535906651654
1.759563125E-07, 0.00891434637552067
1.75958265625E-07, 0.0077259759375966
1.7596021875E-07, 0.00778425155715463
1.75962171875E-07, 0.00788480257378316
1.75964125E-07, 0.00808627335680145
1.75966078125E-07, 0.00783710010898916
1.7596803125E-07, 0.00738858659195482
1.75969984375E-07, 0.00701526093396393
1.759719375E-07, 0.00665332399885619
1.75973890625E-07, 0.00565032113869716
1.7597584375E-07, 0.00622429395450131
1.75977796875E-07, 0.00556178429073536
1.7597975E-07, 0.00615778997270427
1.75981703125E-07, 0.00428884695114614
1.7598365625E-07, 0.00419335885415708
1.75985609375E-07, 0.00344079203465886
1.759875625E-07, 0.00249006988915599
1.75989515625E-07, 0.00246652961278434
1.7599146875E-07, 0.00140744934646406
1.75993421875E-07, 0.00287421481283945
1.75995375E-07, 0.000454254948154308
1.75997328125E-07, 0.00121166144246574
1.7599928125E-07, 0.00255434039287978
1.76001234375E-07, 0.00103080636983703
1.760031875E-07, 0.000954200544121998
1.76005140625E-07, 0.00140650145868711
1.7600709375E-07, -0.000114854038223362
1.76009046875E-07, 0.00122803629381574
1.76011E-07, -0.000364614300414085
1.76012953125E-07, -0.00287760970011363
1.7601490625E-07, -0.00190075445743102
1.76016859375E-07, -0.00215687281723594
1.760188125E-07, -0.00219674556726522
1.76020765625E-07, -0.00341023400503913
1.7602271875E-07, -0.00436924345164587
1.76024671875E-07, -0.0034043199513888
1.76026625E-07, -0.00485789167558248
1.76028578125E-07, -0.00603710370353515
1.7603053125E-07, -0.0045791709993675
1.76032484375E-07, -0.00832088117652485
1.760344375E-07, -0.00778925495564454
1.76036390625E-07, -0.00676692910499208
1.7603834375E-07, -0.00769122529430822
1.76040296875E-07, -0.00812906292862717
1.7604225E-07, -0.00989002208056666
1.76044203125E-07, -0.00776051269234356
1.7604615625E-07, -0.00842218943697603
1.76048109375E-07, -0.0109193248924256
1.760500625E-07, -0.0100040593370203
1.76052015625E-07, -0.0115559372403018
1.7605396875E-07, -0.0115091940161268
1.76055921875E-07, -0.0109870938854835
1.76057875E-07, -0.0124016421792718
1.76059828125E-07, -0.0123046172656805
1.7606178125E-07, -0.0134920958907943
1.76063734375E-07, -0.0129532876202539
1.760656875E-07, -0.0132239795378839
1.76067640625E-07, -0.0144184509845855
1.7606959375E-07, -0.0118462802136091
1.76071546875E-07, -0.0145190109992141
1.760735E-07, -0.0135889292289701
1.76075453125E-07, -0.0147699860075133
1.7607740625E-07, -0.0145718512986832
1.76079359375E-07, -0.0145207473536365
1.760813125E-07, -0.0143953900917429
1.76083265625E-07, -0.0157445198212381
1.7608521875E-07, -0.0151905001813659
1.76087171875E-07, -0.0155339291634269
1.76089125E-07, -0.0158659666658177
1.76091078125E-07, -0.0165183739337261
1.7609303125E-07, -0.0151502992683821
1.76094984375E-07, -0.0156760415328176
1.760969375E-07, -0.0161695140162746
1.76098890625E-07, -0.015778995239043
1.7610084375E-07, -0.0163228196952643
1.76102796875E-07, -0.0157926456474488
1.7610475E-07, -0.0162065921432578
1.76106703125E-07, -0.0154568457905828
1.7610865625E-07, -0.0163624212568571
1.76110609375E-07, -0.016393278746516
1.761125625E-07, -0.0154983902447618
1.76114515625E-07, -0.0153083078788567
1.7611646875E-07, -0.0153936916690189
1.76118421875E-07, -0.0154744244881528
1.76120375E-07, -0.0154500937364948
1.76122328125E-07, -0.0139363604304476
1.7612428125E-07, -0.015243124594135
1.76126234375E-07, -0.0140770479576033
1.761281875E-07, -0.0136698542383053
1.76130140625E-07, -0.0137466536574406
1.7613209375E-07, -0.0128766975991575
1.76134046875E-07, -0.0140943214464118
1.76136E-07, -0.0122288539358923
1.76137953125E-07, -0.0117879412300991
1.7613990625E-07, -0.0122233639615752
1.76141859375E-07, -0.0119088783940338
1.761438125E-07, -0.0122801445227972
1.76145765625E-07, -0.0112807666387252
1.7614771875E-07, -0.0112597337767195
1.76149671875E-07, -0.0116622027498562
1.76151625E-07, -0.0104760773644085
1.76153578125E-07, -0.0095668480219849
1.7615553125E-07, -0.00938568908526476
1.76157484375E-07, -0.00894791247710766
1.761594375E-07, -0.0105347509873194
1.76161390625E-07, -0.00912800334427818
1.7616334375E-07, -0.00893020426019415
1.76165296875E-07, -0.00807525827205805
1.7616725E-07, -0.00735473154906939
1.76169203125E-07, -0.00815603408739498
1.7617115625E-07, -0.00767686627661809
1.76173109375E-07, -0.00693843997214984
1.761750625E-07, -0.0068214101520009
1.76177015625E-07, -0.00657240392309443
1.7617896875E-07, -0.00753579445074252
1.76180921875E-07, -0.00616000862028221
1.76182875E-07, -0.00712553103696209
1.76184828125E-07, -0.0059361385409899
1.7618678125E-07, -0.00582734283924443
1.76188734375E-07, -0.00608360010106612
1.761906875E-07, -0.00572605663477518
1.76192640625E-07, -0.00670362401819163
1.7619459375E-07, -0.00593668600775409
1.76196546875E-07, -0.00599291824047973
1.761985E-07, -0.00522353474614767
1.76200453125E-07, -0.00540163952631219
1.7620240625E-07, -0.00563109276415656
1.76204359375E-07, -0.00515958247008826
1.762063125E-07, -0.00552973462163187
1.76208265625E-07, -0.00618825328489121
1.7621021875E-07, -0.00618031379438539
1.76212171875E-07, -0.00531317071908413
1.76214125E-07, -0.00515800024421425
1.76216078125E-07, -0.00435720081080853
1.7621803125E-07, -0.00521043116984383
1.76219984375E-07, -0.00487029629417833
1.762219375E-07, -0.00602314591238649
1.76223890625E-07, -0.00500443968499826
1.7622584375E-07, -0.00607484141657622
1.76227796875E-07, -0.00585311430037161
1.7622975E-07, -0.00643126145625589
1.76231703125E-07, -0.00603522008144292
1.7623365625E-07, -0.00669096668244983
1.76235609375E-07, -0.00735157457712091
1.762375625E-07, -0.00676794354963767
1.76239515625E-07, -0.00711866495818123
1.7624146875E-07, -0.00652180945336494
1.76243421875E-07, -0.00709196991739626
1.76245375E-07, -0.00771474325952034
1.76247328125E-07, -0.00758817316461881
1.7624928125E-07, -0.00767207513960806
1.76251234375E-07, -0.00865306523518504
1.762531875E-07, -0.00758170561473681
1.76255140625E-07, -0.00905136855091304
1.7625709375E-07, -0.00848125456419899
1.76259046875E-07, -0.00838482965330785
1.76261E-07, -0.00849055891012233
1.76262953125E-07, -0.00855114459154299
1.7626490625E-07, -0.00968236971086276
1.76266859375E-07, -0.00976220672715414
1.762688125E-07, -0.00894280473976729
1.76270765625E-07, -0.00935313520288296
1.7627271875E-07, -0.0101681539548983
1.76274671875E-07, -0.00924022547834725
1.76276625E-07, -0.0104578084743256
1.76278578125E-07, -0.0100179245855133
1.7628053125E-07, -0.0105120893954133
1.76282484375E-07, -0.0105936855221262
1.762844375E-07, -0.0101723214617496
1.76286390625E-07, -0.0105768154813243
1.7628834375E-07, -0.0104693792708372
1.76290296875E-07, -0.0110941041679169
1.7629225E-07, -0.0110715985960399
1.76294203125E-07, -0.0098863141665795
1.7629615625E-07, -0.011013776760207
1.76298109375E-07, -0.0110767475739302
1.763000625E-07, -0.0109567447975017
1.76302015625E-07, -0.0112142909261003
1.7630396875E-07, -0.00989198494441893
1.76305921875E-07, -0.0109563673816472
1.76307875E-07, -0.0107378988232225
1.76309828125E-07, -0.0110903484777461
1.7631178125E-07, -0.010805255847731
1.76313734375E-07, -0.0107452253954194
1.763156875E-07, -0.0104777804167141
1.76317640625E-07, -0.0108653574822044
1.7631959375E-07, -0.0101872393571203
1.76321546875E-07, -0.0100766244365908
1.763235E-07, -0.00992585994037969
1.76325453125E-07, -0.00976344272560606
1.7632740625E-07, -0.00936977757088446
1.76329359375E-07, -0.0101027491198873
1.763313125E-07, -0.00999307258553791
1.76333265625E-07, -0.00898074748390419
1.7633521875E-07, -0.0098179055649448
1.76337171875E-07, -0.00908209540963315
1.76339125E-07, -0.00981839722857462
1.76341078125E-07, -0.00896332943357686
1.7634303125E-07, -0.00877801155352583
1.76344984375E-07, -0.00854757406523467
1.763469375E-07, -0.0090178392164922
1.76348890625E-07, -0.00853982554904357
1.7635084375E-07, -0.00805598979546949
1.76352796875E-07, -0.00879336464849956
1.7635475E-07, -0.00797545260756802
1.76356703125E-07, -0.00825628350326067
1.7635865625E-07, -0.00779695101812898
1.76360609375E-07, -0.00779712504780799
1.763625625E-07, -0.00737049268667604
1.76364515625E-07, -0.00749116052975773
1.7636646875E-07, -0.00716955413586439
1.76368421875E-07, -0.00672055692824049
1.76370375E-07, -0.00675359218995388
1.76372328125E-07, -0.00657491362006914
1.7637428125E-07, -0.00708215469831185
1.76376234375E-07, -0.00745012560150584
1.763781875E-07, -0.00550151086791005
1.76380140625E-07, -0.00605305082556948
1.7638209375E-07, -0.00639801481907289
1.76384046875E-07, -0.00592977265291765
1.76386E-07, -0.00654246991584736
1.76387953125E-07, -0.00597044431817895
1.7638990625E-07, -0.00565085618310088
1.76391859375E-07, -0.00615427422645772
1.763938125E-07, -0.00508642675061066
1.76395765625E-07, -0.00516169872568187
1.7639771875E-07, -0.00564896591132985
1.76399671875E-07, -0.0055995154518384
1.76401625E-07, -0.00517302209013733
1.76403578125E-07, -0.00468027556169252
1.7640553125E-07, -0.00517548463694655
1.76407484375E-07, -0.00471938422822851
1.764094375E-07, -0.00463128694965026
1.76411390625E-07, -0.00477334186146171
1.7641334375E-07, -0.00495911600598873
1.76415296875E-07, -0.00478016779123518
1.7641725E-07, -0.00461673547548282
1.76419203125E-07, -0.00484117008375055
1.7642115625E-07, -0.00509061783007056
1.76423109375E-07, -0.00442916397844165
1.764250625E-07, -0.00514436159875327
1.76427015625E-07, -0.00425411175050803
1.7642896875E-07, -0.0047418226089337
1.76430921875E-07, -0.00414414242631204
1.76432875E-07, -0.0046496900252011
1.76434828125E-07, -0.00473261858924994
1.7643678125E-07, -0.00466998385818392
1.76438734375E-07, -0.00492804711190079
1.764406875E-07, -0.00448393784260174
1.76442640625E-07, -0.00423029783713099
1.7644459375E-07, -0.00462180417761656
1.76446546875E-07, -0.00468755747771484
1.764485E-07, -0.00436396070256854
1.76450453125E-07, -0.00476482477817044
1.7645240625E-07, -0.00446547265852582
1.76454359375E-07, -0.00420419626314867
1.764563125E-07, -0.00447572060193378
1.76458265625E-07, -0.00454105555012864
1.7646021875E-07, -0.00528860334005296
1.76462171875E-07, -0.00472597184693624
1.76464125E-07, -0.00448827060360677
1.76466078125E-07, -0.00489156983142167
1.7646803125E-07, -0.00500745492837879
1.76469984375E-07, -0.00423281186553888
1.764719375E-07, -0.00465005332379969
1.76473890625E-07, -0.0044189299056422
1.7647584375E-07, -0.00457593023824784
1.76477796875E-07, -0.00454341695631366
1.7647975E-07, -0.00442140616327927
1.76481703125E-07, -0.00453851568473807
1.7648365625E-07, -0.00442660558917386
1.76485609375E-07, -0.00476329083897764
1.764875625E-07, -0.00497475077621119
1.76489515625E-07, -0.00403007039904939
1.7649146875E-07, -0.00425407334182451
1.76493421875E-07, -0.00445045835910145
1.76495375E-07, -0.00427664811405532
1.76497328125E-07, -0.00420056026438639
1.7649928125E-07, -0.00453948407145379
1.76501234375E-07, -0.00447834843043646
1.765031875E-07, -0.00434094507961929
1.76505140625E-07, -0.00439435339595366
1.7650709375E-07, -0.00450342456763281
1.76509046875E-07, -0.00479401515717133
1.76511E-07, -0.00455235734652608
1.76512953125E-07, -0.00450398825264445
1.7651490625E-07, -0.00420087751515776
1.76516859375E-07, -0.00403931119519961
1.765188125E-07, -0.00427518998195991
1.76520765625E-07, -0.00480389725302656
1.7652271875E-07, -0.0043189960507482
1.76524671875E-07, -0.00437099928010841
1.76526625E-07, -0.00397970709305901
1.76528578125E-07, -0.0040918111607004
1.7653053125E-07, -0.00427386290685509
1.76532484375E-07, -0.00424091862986101
1.765344375E-07, -0.00414960107364184
1.76536390625E-07, -0.00451279062181785
1.7653834375E-07, -0.00375357616311971
1.76540296875E-07, -0.0041570182881087
1.7654225E-07, -0.00427924549980115
1.76544203125E-07, -0.00394689831955443
1.7654615625E-07, -0.00414988671590462
1.76548109375E-07, -0.00412433323313291
1.765500625E-07, -0.00388589023506549
1.76552015625E-07, -0.00396438568756883
1.7655396875E-07, -0.00373424749416941
1.76555921875E-07, -0.00409738429033987
1.76557875E-07, -0.00406319537785591
1.76559828125E-07, -0.00390134880039068
1.7656178125E-07, -0.00409209349598489
1.76563734375E-07, -0.00373508513326705
1.765656875E-07, -0.00408614776606106
1.76567640625E-07, -0.00378584710097679
1.7656959375E-07, -0.0042025808226906
1.76571546875E-07, -0.00437742061759583
1.765735E-07, -0.00385996839464001
1.76575453125E-07, -0.00391240196869316
1.7657740625E-07, -0.00381284206345347
1.76579359375E-07, -0.00398692468319908
1.765813125E-07, -0.00377492727849358
1.76583265625E-07, -0.00393449309058386
1.7658521875E-07, -0.00404739841238859
1.76587171875E-07, -0.00386861245952283
1.76589125E-07, -0.00386548149751892
1.76591078125E-07, -0.00387980639174673
1.7659303125E-07, -0.00414214830036511
1.76594984375E-07, -0.00418332605618119
1.765969375E-07, -0.00363827661174871
1.76598890625E-07, -0.00413120029908494
1.7660084375E-07, -0.00376774835565776
1.76602796875E-07, -0.00386358059560756
1.7660475E-07, -0.0039890683901001
1.76606703125E-07, -0.0041130494427882
1.7660865625E-07, -0.00421119720433999
1.76610609375E-07, -0.00461180914670028
1.766125625E-07, -0.00397124245210781
1.76614515625E-07, -0.00379976758775537
1.7661646875E-07, -0.00360462230192619
1.76618421875E-07, -0.00402019270134607
1.76620375E-07, -0.00386711048927794
1.76622328125E-07, -0.00390153241813019
1.7662428125E-07, -0.00374509651289033
1.76626234375E-07, -0.00437365298163233
1.766281875E-07, -0.00347978478852169
1.76630140625E-07, -0.00397517839601034
1.7663209375E-07, -0.00340021489413899
1.76634046875E-07, -0.00315922814788652
1.76636E-07, -0.00395976141669352
1.76637953125E-07, -0.00318811769118199
1.7663990625E-07, -0.00405591292817776
1.76641859375E-07, -0.00329776848785896
1.766438125E-07, -0.00357354789309475
1.76645765625E-07, -0.00326293911019226
1.7664771875E-07, -0.00321956545277278
1.76649671875E-07, -0.00345391166265196
1.76651625E-07, -0.00386122183104751
1.76653578125E-07, -0.00343551266367677
1.7665553125E-07, -0.00283970551154673
1.76657484375E-07, -0.00365644330118163
1.766594375E-07, -0.0035138275874754
1.76661390625E-07, -0.00295542015158381
1.7666334375E-07, -0.00270876958552837
1.76665296875E-07, -0.00310088234899011
1.7666725E-07, -0.00306650279360227
1.76669203125E-07, -0.00342841683915124
1.7667115625E-07, -0.00284409670800182
1.76673109375E-07, -0.00299645911484781
1.766750625E-07, -0.00228030694153434
1.76677015625E-07, -0.00295054512008704
1.7667896875E-07, -0.00297339059474224
1.76680921875E-07, -0.00246538785931295
1.76682875E-07, -0.00239865988078387
1.76684828125E-07, -0.00265919971324351
1.7668678125E-07, -0.00238985006199321
1.76688734375E-07, -0.00227229271789873
1.766906875E-07, -0.00248472323444869
1.76692640625E-07, -0.00255547838564869
1.7669459375E-07, -0.0023247766238285
1.76696546875E-07, -0.00232292839730334
1.766985E-07, -0.0025942681972325
1.76700453125E-07, -0.00167764876257628
1.7670240625E-07, -0.00237400448036237
1.76704359375E-07, -0.00247552415625477
1.767063125E-07, -0.0026225268559193
1.76708265625E-07, -0.00229141138623643
1.7671021875E-07, -0.00233430567159875
1.76712171875E-07, -0.00223361325905024
1.76714125E-07, -0.00256853978061603
1.76716078125E-07, -0.00217166531723313
1.7671803125E-07, -0.00243078267170223
1.76719984375E-07, -0.00212481471513299
1.767219375E-07, -0.00204587875014133
1.76723890625E-07, -0.00258602930132415
1.7672584375E-07, -0.00204379938421611
1.76727796875E-07, -0.00203550291857949
1.7672975E-07, -0.00216953382259295
1.76731703125E-07, -0.00255242698264401
1.7673365625E-07, -0.00230010000601949
1.76735609375E-07, -0.00216959561853578
1.767375625E-07, -0.00261619304207614
1.76739515625E-07, -0.00254500083997864
1.7674146875E-07, -0.00270688024984175
1.76743421875E-07, -0.00233121197264648
1.76745375E-07, -0.00245091315542746
1.76747328125E-07, -0.00236683637711851
1.7674928125E-07, -0.0022947292483721
1.76751234375E-07, -0.00280863630703457
1.767531875E-07, -0.00244316591025769
1.76755140625E-07, -0.00233107386455717
1.7675709375E-07, -0.0027943691903395
1.76759046875E-07, -0.00198389260688809
1.76761E-07, -0.00276013760506647
1.76762953125E-07, -0.00252467639989124
1.7676490625E-07, -0.0024121912808085
1.76766859375E-07, -0.00318014071415829
1.767688125E-07, -0.00261247011695464
1.76770765625E-07, -0.00239188564030663
1.7677271875E-07, -0.00282075526518289
1.76774671875E-07, -0.00229917907584055
1.76776625E-07, -0.00299938800820493
1.76778578125E-07, -0.00284577869364742
1.7678053125E-07, -0.00275008477186811
1.76782484375E-07, -0.00235786168882766
1.767844375E-07, -0.00285715346907147
1.76786390625E-07, -0.0026711718001962
1.7678834375E-07, -0.00252453099084313
1.76790296875E-07, -0.00266024577062432
1.7679225E-07, -0.00223489959372339
1.76794203125E-07, -0.00243498728237668
1.7679615625E-07, -0.00260270906693244
1.76798109375E-07, -0.00244004510913552
1.768000625E-07, -0.0025321178218098
1.76802015625E-07, -0.00168953607289414
1.7680396875E-07, -0.00241273574604414
1.76805921875E-07, -0.00213079850472434
1.76807875E-07, -0.000918851670030512
1.76809828125E-07, -0.00175499389584703
1.7681178125E-07, -0.00116158150069498
1.76813734375E-07, -0.000895016984630838
1.768156875E-07, -0.00148551894618028
1.76817640625E-07, -0.000639462030188261
1.7681959375E-07, -0.000862499713399465
1.76821546875E-07, -0.000814383616557752
1.768235E-07, -0.00019312381448973
1.76825453125E-07, 0.000823237970107427
1.7682740625E-07, -1.39936677467457E-05
1.76829359375E-07, -5.03656683080095E-05
1.768313125E-07, 0.000710485456596023
1.76833265625E-07, 0.00213439476724474
1.7683521875E-07, 0.00240220056066425
1.76837171875E-07, 0.00204519021208542
1.76839125E-07, 0.00265339892323631
1.76841078125E-07, 0.00266998912044501
1.7684303125E-07, 0.00333647374106113
1.76844984375E-07, 0.00290483980175327
1.768469375E-07, 0.0031029165301636
1.76848890625E-07, 0.00393534713856151
1.7685084375E-07, 0.0044677049430281
1.76852796875E-07, 0.0042740758711608
1.7685475E-07, 0.00494040601164742
1.76856703125E-07, 0.00400363215752408
1.7685865625E-07, 0.00478978128650255
1.76860609375E-07, 0.00517677843419413
1.768625625E-07, 0.00583067818470462
1.76864515625E-07, 0.00516396963413716
1.7686646875E-07, 0.00593931985566381
1.76868421875E-07, 0.00706506850295086
1.76870375E-07, 0.00611604909192505
1.76872328125E-07, 0.0070571588805069
1.7687428125E-07, 0.00628289509332451
1.76876234375E-07, 0.00707078356494797
1.768781875E-07, 0.00636134506530513
1.76880140625E-07, 0.00718917527896122
1.7688209375E-07, 0.00688019956021897
1.76884046875E-07, 0.00701108752826184
1.76886E-07, 0.00739276166339988
1.76887953125E-07, 0.00696987038916647
1.7688990625E-07, 0.00749169710115786
1.76891859375E-07, 0.00811601215930043
1.768938125E-07, 0.00640417328203131
1.76895765625E-07, 0.00774716904283287
1.7689771875E-07, 0.00704560104123969
1.76899671875E-07, 0.00738924112077302
1.76901625E-07, 0.00791458248805405
1.76903578125E-07, 0.00682850092486181
1.7690553125E-07, 0.00646596321402324
1.76907484375E-07, 0.00677602679043893
1.769094375E-07, 0.00626134815441402
1.76911390625E-07, 0.00686468703086116
1.7691334375E-07, 0.00610936492893479
1.76915296875E-07, 0.0057996824355492
1.7691725E-07, 0.00659342261921234
1.76919203125E-07, 0.00644658081579734
1.7692115625E-07, 0.00533287882673144
1.76923109375E-07, 0.00470421279273764
1.769250625E-07, 0.00526864510641963
1.76927015625E-07, 0.00460758509951034
1.7692896875E-07, 0.00452093310937907
1.76930921875E-07, 0.00378290963965456
1.76932875E-07, 0.00388754466668202
1.76934828125E-07, 0.00375778562737127
1.7693678125E-07, 0.00327992134369732
1.76938734375E-07, 0.00312543124842067
1.769406875E-07, 0.00312556623873658
1.76942640625E-07, 0.00195164346415766
1.7694459375E-07, 0.00277291750640157
1.76946546875E-07, 0.00194649557032431
1.769485E-07, 0.00202579576655412
1.76950453125E-07, 0.0019061471913615
1.7695240625E-07, 0.00109039779948271
1.76954359375E-07, 0.00100436463205232
1.769563125E-07, 0.000684452372546569
1.76958265625E-07, 0.000815145104224462
1.7696021875E-07, 0.000496570609722034
1.76962171875E-07, 0.000221429925152552
1.76964125E-07, -4.40938746433215E-05
1.76966078125E-07, -0.000367938217536189
1.7696803125E-07, -0.000465818254288295
1.76969984375E-07, 0.000148848111185421
1.769719375E-07, -0.000870041380818108
1.76973890625E-07, -0.000567943121247261
1.7697584375E-07, -0.0010989822309255
1.76977796875E-07, -0.00123148737816903
1.7697975E-07, -0.00122137063724683
1.76981703125E-07, -0.00141988458507392
1.7698365625E-07, -0.00166304349469854
1.76985609375E-07, -0.00171012358405697
1.769875625E-07, -0.00129296057282649
1.76989515625E-07, -0.00118328597679704
1.7699146875E-07, -0.00180644640578894
1.76993421875E-07, -0.00126332609133683
1.76995375E-07, -0.00146171749184587
1.76997328125E-07, -0.00113164288401062
1.7699928125E-07, -0.00174045373268411
1.77001234375E-07, -0.00108277908910099
1.770031875E-07, -0.0015374527721917
1.77005140625E-07, -0.00127403844457811
1.7700709375E-07, -0.0014951879156669
1.77009046875E-07, -0.00113466549065608
1.77011E-07, -0.000438008859460205
1.77012953125E-07, -0.00141534139656702
1.7701490625E-07, -0.000293124069427655
1.77016859375E-07, -0.000780313399086413
1.770188125E-07, -0.000692035167711291
1.77020765625E-07, -0.000766692422857278
1.7702271875E-07, -0.000965030734342549
1.77024671875E-07, -4.30516016716245E-05
1.77026625E-07, -0.000170779724621582
1.77028578125E-07, -0.000390595430080948
1.7703053125E-07, 0.000428322328187962
1.77032484375E-07, -0.000590381408892749
1.770344375E-07, -0.000410624707965534
1.77036390625E-07, 6.00799037061663E-05
1.7703834375E-07, 0.000488860002924454
1.77040296875E-07, 0.000454381746017069
1.7704225E-07, 0.000601811150274699
1.77044203125E-07, 0.00105259221362737
1.7704615625E-07, 0.000741144995424042
1.77048109375E-07, 0.00118330899819127
1.770500625E-07, 0.00153303633470964
1.77052015625E-07, 0.00102612288414924
1.7705396875E-07, 0.00204573229910578
1.77055921875E-07, 0.00234063676917784
1.77057875E-07, 0.00213557807791155
1.77059828125E-07, 0.00189292277869356
1.7706178125E-07, 0.00167773857341997
1.77063734375E-07, 0.00299362123332194
1.770656875E-07, 0.00189402308354977
1.77067640625E-07, 0.00222661398876431
1.7706959375E-07, 0.0016294734548027
1.77071546875E-07, 0.00158218100736438
1.770735E-07, 0.00212365264094314
1.77075453125E-07, 0.00285682824151697
1.7707740625E-07, 0.00205267693123893
1.77079359375E-07, 0.00251807435554132
1.770813125E-07, 0.00340634608730891
1.77083265625E-07, 0.00339903185391994
1.7708521875E-07, 0.00196424185143744
1.77087171875E-07, 0.00272838141612745
1.77089125E-07, 0.00221355763159875
1.77091078125E-07, 0.00216756008946878
1.7709303125E-07, 0.00348865825411678
1.77094984375E-07, 0.00280697197895056
1.770969375E-07, 0.00293218097689867
1.77098890625E-07, 0.00346343703440289
1.7710084375E-07, 0.00320407994427075
1.77102796875E-07, 0.00399125590772822
1.7710475E-07, 0.00338291008719858
1.77106703125E-07, 0.00370853837610392
1.7710865625E-07, 0.00391757886632477
1.77110609375E-07, 0.00235604193773127
1.771125625E-07, 0.00337810749386792
1.77114515625E-07, 0.00391224531956125
1.7711646875E-07, 0.00319005392522884
1.77118421875E-07, 0.00459914619712017
1.77120375E-07, 0.00412726038115324
1.77122328125E-07, 0.00371839923868771
1.7712428125E-07, 0.00504355467661819
1.77126234375E-07, 0.00419323620729952
1.771281875E-07, 0.00490043503276873
1.77130140625E-07, 0.00406436763976597
1.7713209375E-07, 0.00435708800523703
1.77134046875E-07, 0.00418755517733768
1.77136E-07, 0.00514851288945989
1.77137953125E-07, 0.00495766348997355
1.7713990625E-07, 0.0046934847445292
1.77141859375E-07, 0.00491895103585176
1.771438125E-07, 0.00528760941959316
1.77145765625E-07, 0.0047927180937918
1.7714771875E-07, 0.00467967967093605
1.77149671875E-07, 0.00545919223010856
1.77151625E-07, 0.00556823477414491
1.77153578125E-07, 0.00554163389996281
1.7715553125E-07, 0.00553682733223346
1.77157484375E-07, 0.0053323550256095
1.771594375E-07, 0.00560017349226486
1.77161390625E-07, 0.00535913800925872
1.7716334375E-07, 0.00555814274611179
1.77165296875E-07, 0.00571071386616709
1.7716725E-07, 0.00609465886386042
1.77169203125E-07, 0.00619235487829859
1.7717115625E-07, 0.00587926837902846
1.77173109375E-07, 0.00607618299637819
1.771750625E-07, 0.00570780379979776
1.77177015625E-07, 0.00646827611035663
1.7717896875E-07, 0.00639842332700293
1.77180921875E-07, 0.00562942610844635
1.77182875E-07, 0.00631988497218869
1.77184828125E-07, 0.00636492447603494
1.7718678125E-07, 0.00629002660547154
1.77188734375E-07, 0.00656229323135307
1.771906875E-07, 0.00632610548941404
1.77192640625E-07, 0.00637265015106128
1.7719459375E-07, 0.00610084441091235
1.77196546875E-07, 0.00641582612293304
1.771985E-07, 0.00668237542258505
1.77200453125E-07, 0.00657105295190213
1.7720240625E-07, 0.00594438685575366
1.77204359375E-07, 0.0062686097987516
1.772063125E-07, 0.00652426856285413
1.77208265625E-07, 0.00632681519933526
1.7721021875E-07, 0.00569584350515757
1.77212171875E-07, 0.00618456930280286
1.77214125E-07, 0.00600703221228556
1.77216078125E-07, 0.00605029742316609
1.7721803125E-07, 0.00587929896386516
1.77219984375E-07, 0.00637747536569853
1.772219375E-07, 0.00594976206819905
1.77223890625E-07, 0.00604686434568082
1.7722584375E-07, 0.00550562558168403
1.77227796875E-07, 0.00562891202473928
1.7722975E-07, 0.00547796936408164
1.77231703125E-07, 0.00542734679769545
1.7723365625E-07, 0.00533298361953397
1.77235609375E-07, 0.005135725977531
1.772375625E-07, 0.00526602168283854
1.77239515625E-07, 0.00522378585305437
1.7724146875E-07, 0.00456376689358406
1.77243421875E-07, 0.00501045835098307
1.77245375E-07, 0.00478510763634851
1.77247328125E-07, 0.00411707715101805
1.7724928125E-07, 0.00422797319370371
1.77251234375E-07, 0.00412821734059063
1.772531875E-07, 0.00451325532132258
1.77255140625E-07, 0.00433428024580444
1.7725709375E-07, 0.00405799255574607
1.77259046875E-07, 0.00408130056442704
1.77261E-07, 0.00358568876707551
1.77262953125E-07, 0.00348824243378941
1.7726490625E-07, 0.00379406008807533
1.77266859375E-07, 0.00338957487664641
1.772688125E-07, 0.00266475460852908
1.77270765625E-07, 0.00284105854443583
1.7727271875E-07, 0.00291323735254777
1.77274671875E-07, 0.003023440622529
1.77276625E-07, 0.00295664680976023
1.77278578125E-07, 0.00261447118560453
1.7728053125E-07, 0.00356706367789054
1.77282484375E-07, 0.0027774577189866
1.772844375E-07, 0.00203236721181216
1.77286390625E-07, 0.00198576396686169
1.7728834375E-07, 0.00122000413495875
1.77290296875E-07, 0.00212690041332916
1.7729225E-07, 0.00186953193085601
1.77294203125E-07, 0.00206974735818739
1.7729615625E-07, 0.00210956711860844
1.77298109375E-07, 0.00121444850592634
1.773000625E-07, 0.00155344665619256
1.77302015625E-07, 0.00208699792702494
1.7730396875E-07, 0.00168738483041585
1.77305921875E-07, 0.00120194510999966
1.77307875E-07, 0.00103463074426146
1.77309828125E-07, 0.000868634899077589
1.7731178125E-07, 0.000864911042419562
1.77313734375E-07, 0.000709805253964463
1.773156875E-07, 0.00182135835256173
1.77317640625E-07, 0.000272035550237965
1.7731959375E-07, 0.0013643854661016
1.77321546875E-07, 0.000496631417362103
1.773235E-07, 0.000724938163402752
1.77325453125E-07, 0.000664481014190107
1.7732740625E-07, 0.00120434565166785
1.77329359375E-07, 0.000515013103981903
1.773313125E-07, 0.00114906343196168
1.77333265625E-07, 0.000775157804113903
1.7733521875E-07, 0.000539411245657945
1.77337171875E-07, 0.000442853670974394
1.77339125E-07, 0.00079995521998333
1.77341078125E-07, 0.00121141012718062
1.7734303125E-07, 0.00111873512459823
1.77344984375E-07, 0.00142725932284661
1.773469375E-07, 0.00140587653919155
1.77348890625E-07, 0.00114578610470622
1.7735084375E-07, 0.000564110254344269
1.77352796875E-07, 0.00108669641320942
1.7735475E-07, 0.000593640900532659
1.77356703125E-07, 0.000317647958283109
1.7735865625E-07, 0.00020557671177112
1.77360609375E-07, 0.000146853929262672
1.773625625E-07, 0.000211045176154882
1.77364515625E-07, 0.00167056661204697
1.7736646875E-07, 0.00174477393474197
1.77368421875E-07, 0.0010390472523574
1.77370375E-07, 0.0010536608998547
1.77372328125E-07, 0.000901492945412392
1.7737428125E-07, 0.000679885410049296
1.77376234375E-07, 0.000789844732595137
1.773781875E-07, 0.000684018638952175
1.77380140625E-07, 0.000761450219175149
1.7738209375E-07, 0.00041051388875424
1.77384046875E-07, 0.000870979914101595
1.77386E-07, -0.000169320918856751
1.77387953125E-07, 0.000183360159985618
1.7738990625E-07, -0.000115900377111318
1.77391859375E-07, -0.000140722245626237
1.773938125E-07, -0.000163181841708592
1.77395765625E-07, 2.98196181650258E-05
1.7739771875E-07, -0.000416883853952015
1.77399671875E-07, 0.000195985168202841
1.77401625E-07, -0.000156838964937657
1.77403578125E-07, -0.000413172209155966
1.7740553125E-07, 7.80468430296303E-05
1.77407484375E-07, -0.00053361564214005
1.774094375E-07, -0.000724772307662048
1.77411390625E-07, -0.000382291775722421
1.7741334375E-07, -0.000569862770831783
1.77415296875E-07, -0.000163491662700667
1.7741725E-07, -0.000948680529001895
1.77419203125E-07, -0.00113725924092767
1.7742115625E-07, -0.000368871443591556
1.77423109375E-07, -0.000992250847961908
1.774250625E-07, -0.000590005308676892
1.77427015625E-07, -0.000853760881535884
1.7742896875E-07, -0.000905139491185557
1.77430921875E-07, -0.00120986652011565
1.77432875E-07, -0.00109195102972342
1.77434828125E-07, -0.00183079095899807
1.7743678125E-07, -0.00141739666396907
1.77438734375E-07, -0.00197216506217329
1.774406875E-07, -0.00170779950423679
1.77442640625E-07, -0.00186898738300473
1.7744459375E-07, -0.00180395229758369
1.77446546875E-07, -0.00169332964784468
1.774485E-07, -0.00193193853056613
1.77450453125E-07, -0.00223571369915211
1.7745240625E-07, -0.00163144205367087
1.77454359375E-07, -0.00193423521147954
1.774563125E-07, -0.00158997554626764
1.77458265625E-07, -0.00159291503235195
1.7746021875E-07, -0.00198261604913277
1.77462171875E-07, -0.00254318156589202
1.77464125E-07, -0.00224211552163627
1.77466078125E-07, -0.00252733938750145
1.7746803125E-07, -0.00281807703172968
1.77469984375E-07, -0.00169968213283573
1.774719375E-07, -0.00227213541508583
1.77473890625E-07, -0.00224601707144087
1.7747584375E-07, -0.00289603089257553
1.77477796875E-07, -0.00232900522383855
1.7747975E-07, -0.00272573606731177
1.77481703125E-07, -0.00273710693316562
1.7748365625E-07, -0.00250960822884
1.77485609375E-07, -0.0028103314566165
1.774875625E-07, -0.0027961901660295
1.77489515625E-07, -0.00312421869058744
1.7749146875E-07, -0.00310392369831478
1.77493421875E-07, -0.00263202174898222
1.77495375E-07, -0.00287994563065755
1.77497328125E-07, -0.00320578133334029
1.7749928125E-07, -0.00360000867266005
1.77501234375E-07, -0.00315776481850313
1.775031875E-07, -0.00346360111855085
1.77505140625E-07, -0.00345559413764835
1.7750709375E-07, -0.00342075426819044
1.77509046875E-07, -0.00396592145219043
1.77511E-07, -0.00352352162688918
1.77512953125E-07, -0.00364327659392513
1.7751490625E-07, -0.00382112555776566
1.77516859375E-07, -0.00377888863098829
1.775188125E-07, -0.0034224738266995
1.77520765625E-07, -0.00351593198517084
1.7752271875E-07, -0.00330689650802412
1.77524671875E-07, -0.00367297740145536
1.77526625E-07, -0.00331592356989327
1.77528578125E-07, -0.00330204245106952
1.7753053125E-07, -0.00322976186172332
1.77532484375E-07, -0.00344438219487531
1.775344375E-07, -0.00411244152456306
1.77536390625E-07, -0.00316601788108227
1.7753834375E-07, -0.00354116417301966
1.77540296875E-07, -0.00355988583667057
1.7754225E-07, -0.00364849309748118
1.77544203125E-07, -0.00360948896182556
1.7754615625E-07, -0.00352052852080169
1.77548109375E-07, -0.00367364829836001
1.775500625E-07, -0.00273207771799508
1.77552015625E-07, -0.00325053217243543
1.7755396875E-07, -0.00267759374928922
1.77555921875E-07, -0.00405684083121666
1.77557875E-07, -0.00312096757573605
1.77559828125E-07, -0.00364666790645785
1.7756178125E-07, -0.00335323440287724
1.77563734375E-07, -0.0031783035302664
1.775656875E-07, -0.00314107610400498
1.77567640625E-07, -0.00319434036352729
1.7756959375E-07, -0.00329285154798833
1.77571546875E-07, -0.003024212831543
1.775735E-07, -0.00288157024028373
1.77575453125E-07, -0.00429421221911854
1.7757740625E-07, -0.00310291778038813
1.77579359375E-07, -0.00302960213597999
1.775813125E-07, -0.00366464190397284
1.77583265625E-07, -0.00281586405401808
1.7758521875E-07, -0.00329306001557287
1.77587171875E-07, -0.00291564299796965
1.77589125E-07, -0.00322758668419041
1.77591078125E-07, -0.00266929867761042
1.7759303125E-07, -0.00263661577748574
1.77594984375E-07, -0.00247123519114669
1.775969375E-07, -0.00327793406203539
1.77598890625E-07, -0.00307309923264613
1.7760084375E-07, -0.00265616429725793
1.77602796875E-07, -0.00204310113231896
1.7760475E-07, -0.0024986141550628
1.77606703125E-07, -0.00242994802502017
1.7760865625E-07, -0.0024691698007961
1.77610609375E-07, -0.00256476454708065
1.776125625E-07, -0.002904039341676
1.77614515625E-07, -0.0019497060493157
1.7761646875E-07, -0.00285519443674631
1.77618421875E-07, -0.00252503090138382
1.77620375E-07, -0.00265258180522569
1.77622328125E-07, -0.00272541390226874
1.7762428125E-07, -0.00267817943141673
1.77626234375E-07, -0.00254535662375868
1.776281875E-07, -0.00220752445005092
1.77630140625E-07, -0.00238682948449723
1.7763209375E-07, -0.00206803139275555
1.77634046875E-07, -0.00186588943568938


