File Format, WaveformXYValues
Format Version, 1
Instrument, N1045A,04F,LOJ
SwVersion, A.06.71.21
SerialNumber, MY56260108
Date, 11/29/2023 13:16:27 GMT+08:00

Source Name, Channel 1A

Points, 2048
Signal Type, Unspecified
Channel Bandwidth, 2E+10
Channel Noise, 6.66857143682292E-05
X Units, Second
Y Units, Volt
Data, 
1.73636E-07, -0.000615412736382325
1.73637953125E-07, -0.000323727077449418
1.7363990625E-07, -0.000745540499164556
1.73641859375E-07, -0.000153560848067893
1.736438125E-07, -0.000270324448742601
1.73645765625E-07, -0.0007165302026474
1.7364771875E-07, -0.000686696825262625
1.73649671875E-07, -0.00084007635175638
1.73651625E-07, -0.000658282557864715
1.73653578125E-07, -0.000969568473413847
1.7365553125E-07, -0.000873430455080193
1.73657484375E-07, -0.000889008227604392
1.736594375E-07, -0.00107786907263536
1.73661390625E-07, -0.000929811553694061
1.7366334375E-07, -0.000595678369543094
1.73665296875E-07, -0.000835962919160529
1.7366725E-07, -0.000742524704775967
1.73669203125E-07, -0.00083653504565548
1.7367115625E-07, -0.000564755089803799
1.73673109375E-07, -0.000799836210417362
1.736750625E-07, -0.000850227863261759
1.73677015625E-07, -0.00102977295994908
1.7367896875E-07, -0.00101637189540168
1.73680921875E-07, -0.00141827335305208
1.73682875E-07, -0.000692414835139991
1.73684828125E-07, -0.000754114592386407
1.7368678125E-07, -0.000668762275652628
1.73688734375E-07, -0.000791673426621913
1.736906875E-07, -0.00105335658800023
1.73692640625E-07, -0.00102492900811166
1.7369459375E-07, -0.000985620852246269
1.73696546875E-07, -0.000902740604829811
1.736985E-07, -0.000957430705041512
1.73700453125E-07, -0.00101157691217988
1.7370240625E-07, -0.000970788186762485
1.73704359375E-07, -0.001046616340687
1.737063125E-07, -0.00115889495127979
1.73708265625E-07, -0.00117507191795873
1.7371021875E-07, -0.00129118333024781
1.73712171875E-07, -0.00114642875794837
1.73714125E-07, -0.0015775689170747
1.73716078125E-07, -0.000794463613826008
1.7371803125E-07, -0.00111194072143755
1.73719984375E-07, -0.00127652966861605
1.737219375E-07, -0.00146146562531411
1.73723890625E-07, -0.00102825675671841
1.7372584375E-07, -0.00122876662318339
1.73727796875E-07, -0.000970686057487735
1.7372975E-07, -0.00107606471820395
1.73731703125E-07, -0.00050426171120346
1.7373365625E-07, -0.001321018746698
1.73735609375E-07, -0.0013046199421127
1.737375625E-07, -0.00133582515553084
1.73739515625E-07, -0.000674742054896326
1.7374146875E-07, -0.00102836932220507
1.73743421875E-07, -0.00100993247788163
1.73745375E-07, -0.00153330065967254
1.73747328125E-07, -0.00120073375163627
1.7374928125E-07, -0.00129127446906529
1.73751234375E-07, -0.00108810974716797
1.737531875E-07, -0.00143824045776599
1.73755140625E-07, -0.00185004387521207
1.7375709375E-07, -0.00188284624377463
1.73759046875E-07, -0.00103777198345591
1.73761E-07, -0.000905349008783373
1.73762953125E-07, -0.00111393015706781
1.7376490625E-07, -0.00139958466374352
1.73766859375E-07, -0.00168530491381397
1.737688125E-07, -0.00108238523444051
1.73770765625E-07, -0.0015127440340843
1.7377271875E-07, -0.00151874876761399
1.73774671875E-07, -0.00159266469807289
1.73776625E-07, -0.00150141132729549
1.73778578125E-07, -0.00121860536240879
1.7378053125E-07, -0.000971105241416271
1.73782484375E-07, -0.00124092731241769
1.737844375E-07, -0.00134270796555213
1.73786390625E-07, -0.00196501480219479
1.7378834375E-07, -0.00113917428971478
1.73790296875E-07, -0.00129728833931019
1.7379225E-07, -0.00148453833163399
1.73794203125E-07, -0.00151711213435787
1.7379615625E-07, -0.00136325444038038
1.73798109375E-07, -0.0013400552094451
1.738000625E-07, -0.0012291728292265
1.73802015625E-07, -0.00193143365220435
1.7380396875E-07, -0.0015298078717771
1.73805921875E-07, -0.00137017647681383
1.73807875E-07, -0.00211895919539938
1.73809828125E-07, -0.00125102550725412
1.7381178125E-07, -0.00206568669453516
1.73813734375E-07, -0.00188874059553033
1.738156875E-07, -0.00198641932378628
1.73817640625E-07, -0.00126426692097212
1.7381959375E-07, -0.00182939534469766
1.73821546875E-07, -0.00187525781558297
1.738235E-07, -0.00177265400433017
1.73825453125E-07, -0.00185351691317668
1.7382740625E-07, -0.0021331050917438
1.73829359375E-07, -0.00259859489693332
1.738313125E-07, -0.00179810520909802
1.73833265625E-07, -0.00182040296883291
1.7383521875E-07, -0.00183348508820632
1.73837171875E-07, -0.00232060692225511
1.73839125E-07, -0.00255150270058416
1.73841078125E-07, -0.00203860500757892
1.7384303125E-07, -0.00238144660043672
1.73844984375E-07, -0.00209047611535691
1.738469375E-07, -0.00223407258034108
1.73848890625E-07, -0.00265118777618734
1.7385084375E-07, -0.00199485380956827
1.73852796875E-07, -0.00243779380295001
1.7385475E-07, -0.00324129594322202
1.73856703125E-07, -0.0025878416788396
1.7385865625E-07, -0.00294824041488735
1.73860609375E-07, -0.00264761135896118
1.738625625E-07, -0.00304785243623603
1.73864515625E-07, -0.00310921351354112
1.7386646875E-07, -0.00269009071083913
1.73868421875E-07, -0.00302766548393657
1.73870375E-07, -0.00262247194341064
1.73872328125E-07, -0.00337560413115245
1.7387428125E-07, -0.0029272427480715
1.73876234375E-07, -0.0035271679892357
1.738781875E-07, -0.00314478208969913
1.73880140625E-07, -0.00340450084464481
1.7388209375E-07, -0.00300699936337467
1.73884046875E-07, -0.00339708372439826
1.73886E-07, -0.00364144948370505
1.73887953125E-07, -0.00345512990052245
1.7388990625E-07, -0.0034117372082663
1.73891859375E-07, -0.00339710648193807
1.738938125E-07, -0.00407220331104314
1.73895765625E-07, -0.0037958217457813
1.7389771875E-07, -0.00434425239365402
1.73899671875E-07, -0.0039297059655955
1.73901625E-07, -0.0037418334171578
1.73903578125E-07, -0.0038766318908185
1.7390553125E-07, -0.00355095705764028
1.73907484375E-07, -0.00441772825831557
1.739094375E-07, -0.00437139348820559
1.73911390625E-07, -0.00423974083150748
1.7391334375E-07, -0.00409143156868353
1.73915296875E-07, -0.00464114121321249
1.7391725E-07, -0.00450599339869225
1.73919203125E-07, -0.00424949467838675
1.7392115625E-07, -0.0047438158070748
1.73923109375E-07, -0.00493189201479565
1.739250625E-07, -0.00448727628006672
1.73927015625E-07, -0.00448938179153901
1.7392896875E-07, -0.00458414780769542
1.73930921875E-07, -0.00476457720573462
1.73932875E-07, -0.00475792746987065
1.73934828125E-07, -0.00476414655130139
1.7393678125E-07, -0.00470583667347043
1.73938734375E-07, -0.0049910063217585
1.739406875E-07, -0.00497686633710454
1.73942640625E-07, -0.00531633734711974
1.7394459375E-07, -0.00473174215654925
1.73946546875E-07, -0.0052779554425842
1.739485E-07, -0.0055976017066296
1.73950453125E-07, -0.00545099102860303
1.7395240625E-07, -0.00472532787066253
1.73954359375E-07, -0.00514235028261372
1.739563125E-07, -0.00522032789812015
1.73958265625E-07, -0.00569398846302653
1.7396021875E-07, -0.00522359985181675
1.73962171875E-07, -0.00520497901562334
1.73964125E-07, -0.00546789307601979
1.73966078125E-07, -0.0054577515036587
1.7396803125E-07, -0.00538969656035639
1.73969984375E-07, -0.00525844200067414
1.739719375E-07, -0.00297504224257653
1.73973890625E-07, -0.00518293771915414
1.7397584375E-07, -0.00515890332034198
1.73977796875E-07, -0.00553935954164654
1.7397975E-07, -0.00483586768725114
1.73981703125E-07, -0.00541958507185475
1.7398365625E-07, -0.00546934348096737
1.73985609375E-07, -0.00485897615424374
1.739875625E-07, -0.00485127799323027
1.73989515625E-07, -0.00509273601300486
1.7399146875E-07, -0.00501202854460166
1.73993421875E-07, -0.0037659956163129
1.73995375E-07, -0.00356564558935843
1.73997328125E-07, -0.00423151445958648
1.7399928125E-07, -0.00462632859604207
1.74001234375E-07, -0.00474202644195832
1.740031875E-07, -0.00283982920373406
1.74005140625E-07, -0.00401558092538777
1.7400709375E-07, -0.00338943008249233
1.74009046875E-07, -0.0030418874458825
1.74011E-07, -0.00296152496449228
1.74012953125E-07, -0.00322840459350858
1.7401490625E-07, -0.00299981553237412
1.74016859375E-07, -0.00245542370795901
1.740188125E-07, -0.00127281711402119
1.74020765625E-07, -0.00209525106739602
1.7402271875E-07, -0.0028671792491709
1.74024671875E-07, -0.00151269844873235
1.74026625E-07, -0.00207856006511464
1.74028578125E-07, -0.0013479099370609
1.7403053125E-07, -0.0014177513392745
1.74032484375E-07, -0.00193058716839524
1.740344375E-07, -0.00131052280524351
1.74036390625E-07, 0.00018011661095237
1.7403834375E-07, -0.0006296716334123
1.74040296875E-07, 0.000175185989122868
1.7404225E-07, -0.000457206325272206
1.74044203125E-07, 0.00101783917625817
1.7404615625E-07, 0.000684481277078448
1.74048109375E-07, 0.00126004224540526
1.740500625E-07, 0.0012352676517485
1.74052015625E-07, 0.00240361475359235
1.7405396875E-07, 0.00222598530727255
1.74055921875E-07, 0.00309597786202944
1.74057875E-07, 0.00153075259842284
1.74059828125E-07, 0.00408982196765414
1.7406178125E-07, 0.00316113729374799
1.74063734375E-07, 0.00349455036747328
1.740656875E-07, 0.00526917847192182
1.74067640625E-07, 0.00379225771340533
1.7406959375E-07, 0.00318139911485184
1.74071546875E-07, 0.00614618858771177
1.740735E-07, 0.00492233534631002
1.74075453125E-07, 0.00809400559306485
1.7407740625E-07, 0.00662627481889609
1.74079359375E-07, 0.00485018734339657
1.740813125E-07, 0.0075049831893739
1.74083265625E-07, 0.0081761574005822
1.7408521875E-07, 0.00961287817395355
1.74087171875E-07, 0.0086146781359499
1.74089125E-07, 0.0100933335987615
1.74091078125E-07, 0.0107136801405499
1.7409303125E-07, 0.010718913762237
1.74094984375E-07, 0.0101114093440955
1.740969375E-07, 0.0109524543006488
1.74098890625E-07, 0.0119941105345529
1.7410084375E-07, 0.0127730026073165
1.74102796875E-07, 0.0130969539975525
1.7410475E-07, 0.0131586929482268
1.74106703125E-07, 0.0134846457184055
1.7410865625E-07, 0.0140741386545148
1.74110609375E-07, 0.0146325481270556
1.741125625E-07, 0.016716652349416
1.74114515625E-07, 0.0156671359218218
1.7411646875E-07, 0.0148941626686498
1.74118421875E-07, 0.0179653945724222
1.74120375E-07, 0.0179973777921946
1.74122328125E-07, 0.0182597776000514
1.7412428125E-07, 0.0200879347720331
1.74126234375E-07, 0.0182109707565975
1.741281875E-07, 0.0193604191357862
1.74130140625E-07, 0.0204604175699948
1.7413209375E-07, 0.0214984998143724
1.74134046875E-07, 0.0232158818374459
1.74136E-07, 0.0209955492513906
1.74137953125E-07, 0.0240613417667735
1.7413990625E-07, 0.0234993791565884
1.74141859375E-07, 0.0248293656058764
1.741438125E-07, 0.0258110479362021
1.74145765625E-07, 0.0253409863949629
1.7414771875E-07, 0.026795110801366
1.74149671875E-07, 0.0237419636165054
1.74151625E-07, 0.0251343566993559
1.74153578125E-07, 0.0281604819484043
1.7415553125E-07, 0.0273469290348096
1.74157484375E-07, 0.028672448526138
1.741594375E-07, 0.0268803565535335
1.74161390625E-07, 0.0286481621093986
1.7416334375E-07, 0.0291659996640993
1.74165296875E-07, 0.0305627000156619
1.7416725E-07, 0.0321442511679831
1.74169203125E-07, 0.0308922455138204
1.7417115625E-07, 0.0308471344285341
1.74173109375E-07, 0.0315850156908801
1.741750625E-07, 0.0312286976082207
1.74177015625E-07, 0.0319725671460336
1.7417896875E-07, 0.0323818081020254
1.74180921875E-07, 0.032841572406843
1.74182875E-07, 0.033487112713691
1.74184828125E-07, 0.03245185115944
1.7418678125E-07, 0.0338730216702511
1.74188734375E-07, 0.0334783166672966
1.741906875E-07, 0.0345435283403348
1.74192640625E-07, 0.0314154045076951
1.7419459375E-07, 0.0333530459243095
1.74196546875E-07, 0.0341163357975776
1.741985E-07, 0.0342582164718401
1.74200453125E-07, 0.0342877724621831
1.7420240625E-07, 0.0338648933339466
1.74204359375E-07, 0.0342514137412034
1.742063125E-07, 0.033539112747371
1.74208265625E-07, 0.0321244820031549
1.7421021875E-07, 0.0335445100048412
1.74212171875E-07, 0.0313071292455668
1.74214125E-07, 0.0334694797156738
1.74216078125E-07, 0.0330980813465502
1.7421803125E-07, 0.0339919322114612
1.74219984375E-07, 0.0336467353489794
1.742219375E-07, 0.0333702953656671
1.74223890625E-07, 0.0327686064293235
1.7422584375E-07, 0.030359384571502
1.74227796875E-07, 0.0305168640543982
1.7422975E-07, 0.0307487310055385
1.74231703125E-07, 0.030849466672896
1.7423365625E-07, 0.0316928457334873
1.74235609375E-07, 0.028550545202771
1.742375625E-07, 0.0285997208452724
1.74239515625E-07, 0.028919652655748
1.7424146875E-07, 0.0258497802907807
1.74243421875E-07, 0.027251067828108
1.74245375E-07, 0.0230656700441828
1.74247328125E-07, 0.0204800906889212
1.7424928125E-07, 0.0237547007054709
1.74251234375E-07, 0.0213354921217589
1.742531875E-07, 0.0213816823691353
1.74255140625E-07, 0.0217932380380132
1.7425709375E-07, 0.0216037529859985
1.74259046875E-07, 0.0197617690203103
1.74261E-07, 0.0176598343217665
1.74262953125E-07, 0.0165130976797406
1.7426490625E-07, 0.0161796648330552
1.74266859375E-07, 0.0133806752438629
1.742688125E-07, 0.0151170351130977
1.74270765625E-07, 0.0118195645732778
1.7427271875E-07, 0.00811136231451315
1.74274671875E-07, 0.00551122382194753
1.74276625E-07, 0.0104169143593419
1.74278578125E-07, 0.00119993872539103
1.7428053125E-07, -0.00441664392138862
1.74282484375E-07, -0.00229655929445184
1.742844375E-07, 0.00119675480959434
1.74286390625E-07, -0.00246038151630916
1.7428834375E-07, -0.00163887460030894
1.74290296875E-07, -0.0123583330252002
1.7429225E-07, -0.00800736851382599
1.74294203125E-07, -0.0120151741716383
1.7429615625E-07, -0.0130953831356126
1.74298109375E-07, -0.0147338749230888
1.743000625E-07, -0.0121931828255066
1.74302015625E-07, -0.0130463357847182
1.7430396875E-07, -0.0218882475398057
1.74305921875E-07, -0.0164014748739446
1.74307875E-07, -0.0259810623491562
1.74309828125E-07, -0.021988995815777
1.7431178125E-07, -0.0196058764460169
1.74313734375E-07, -0.033407487427523
1.743156875E-07, -0.0336398765551676
1.74317640625E-07, -0.0339455418266346
1.7431959375E-07, -0.0314499683562299
1.74321546875E-07, -0.0356493962823745
1.743235E-07, -0.041917827261757
1.74325453125E-07, -0.0417267693957725
1.7432740625E-07, -0.0487800281786913
1.74329359375E-07, -0.045256004043819
1.743313125E-07, -0.0480008439333188
1.74333265625E-07, -0.0499941275991471
1.7433521875E-07, -0.0577632065166035
1.74337171875E-07, -0.0545020372973032
1.74339125E-07, -0.0645007705185064
1.74341078125E-07, -0.0607170129667869
1.7434303125E-07, -0.0719404787135937
1.74344984375E-07, -0.0661699563599282
1.743469375E-07, -0.0640753109534939
1.74348890625E-07, -0.0717184344466603
1.7435084375E-07, -0.0779806855566576
1.74352796875E-07, -0.0766383618503265
1.7435475E-07, -0.0823467492534643
1.74356703125E-07, -0.0785277438828055
1.7435865625E-07, -0.0853189517858172
1.74360609375E-07, -0.0872457723034761
1.743625625E-07, -0.0892368459770817
1.74364515625E-07, -0.0924306094781636
1.7436646875E-07, -0.0963129098731111
1.74368421875E-07, -0.09189521370097
1.74370375E-07, -0.0999553394829542
1.74372328125E-07, -0.0981806195280878
1.7437428125E-07, -0.108080033107703
1.74376234375E-07, -0.104686546129642
1.743781875E-07, -0.102971494525754
1.74380140625E-07, -0.103558451200785
1.7438209375E-07, -0.106938410476324
1.74384046875E-07, -0.109940374266806
1.74386E-07, -0.109996329224269
1.74387953125E-07, -0.113463085583419
1.7438990625E-07, -0.115668974454769
1.74391859375E-07, -0.11392946076617
1.743938125E-07, -0.112976620502372
1.74395765625E-07, -0.117986724950801
1.7439771875E-07, -0.117549125211348
1.74399671875E-07, -0.113704492945113
1.74401625E-07, -0.119926803012571
1.74403578125E-07, -0.121592062547642
1.7440553125E-07, -0.123354620019271
1.74407484375E-07, -0.122241911824487
1.744094375E-07, -0.121579833755684
1.74411390625E-07, -0.108531700361851
1.7441334375E-07, -0.12093905597575
1.74415296875E-07, -0.11217171750227
1.7441725E-07, -0.116873277973201
1.74419203125E-07, -0.122018854219836
1.7442115625E-07, -0.11607476520855
1.74423109375E-07, -0.120630516089003
1.744250625E-07, -0.122157441926961
1.74427015625E-07, -0.10525289456814
1.7442896875E-07, -0.114941526011265
1.74430921875E-07, -0.114307880466336
1.74432875E-07, -0.114222020629868
1.74434828125E-07, -0.113171814867425
1.7443678125E-07, -0.109691029746656
1.74438734375E-07, -0.0999463877224877
1.744406875E-07, -0.106001659721936
1.74442640625E-07, -0.0973401821775919
1.7444459375E-07, -0.104670662305031
1.74446546875E-07, -0.100499562466035
1.744485E-07, -0.102410275061217
1.74450453125E-07, -0.0898865892614288
1.7445240625E-07, -0.0926052508153158
1.74454359375E-07, -0.0847387902801407
1.744563125E-07, -0.0838344970116229
1.74458265625E-07, -0.0860067660127917
1.7446021875E-07, -0.0804147528420012
1.74462171875E-07, -0.0778102432874418
1.74464125E-07, -0.0585104601959953
1.74466078125E-07, -0.0705362789473581
1.7446803125E-07, -0.054635821670869
1.74469984375E-07, -0.0674819189279377
1.744719375E-07, -0.0675607338000723
1.74473890625E-07, -0.0563760264353139
1.7447584375E-07, -0.0479490236306645
1.74477796875E-07, -0.0463360439698142
1.7447975E-07, -0.0486228103880544
1.74481703125E-07, -0.0450001096925896
1.7448365625E-07, -0.0354074986281824
1.74485609375E-07, -0.029988524757602
1.744875625E-07, -0.0218345068475549
1.74489515625E-07, -0.00972322688835304
1.7449146875E-07, -0.0159935474743908
1.74493421875E-07, -0.0241486085873848
1.74495375E-07, -0.00876782827851627
1.74497328125E-07, 0.00659353561970271
1.7449928125E-07, 0.00538592102689884
1.74501234375E-07, 0.0107562469758817
1.745031875E-07, 0.0159712389465552
1.74505140625E-07, 0.0169048782497056
1.7450709375E-07, 0.0284880336968638
1.74509046875E-07, 0.0226369389788754
1.74511E-07, 0.0249017385455993
1.74512953125E-07, 0.0350195462599944
1.7451490625E-07, 0.0359834411395774
1.74516859375E-07, 0.0355087533542031
1.745188125E-07, 0.0560550825118831
1.74520765625E-07, 0.0576097796101442
1.7452271875E-07, 0.0565794423410646
1.74524671875E-07, 0.0554182152384329
1.74526625E-07, 0.051435027231545
1.74528578125E-07, 0.0609717853673701
1.7453053125E-07, 0.0594261272663546
1.74532484375E-07, 0.0703627084724848
1.745344375E-07, 0.074043690642332
1.74536390625E-07, 0.0674088927019058
1.7453834375E-07, 0.0769344584268928
1.74540296875E-07, 0.0811002429343381
1.7454225E-07, 0.0739743079467257
1.74544203125E-07, 0.0820390613046922
1.7454615625E-07, 0.0854092631755697
1.74548109375E-07, 0.0870328591445718
1.745500625E-07, 0.0910738116826921
1.74552015625E-07, 0.0917353017006295
1.7455396875E-07, 0.0890662424034601
1.74555921875E-07, 0.0959350212762429
1.74557875E-07, 0.097696388918803
1.74559828125E-07, 0.0913910212365448
1.7456178125E-07, 0.0994638152022306
1.74563734375E-07, 0.0994231351239035
1.745656875E-07, 0.0944635805628971
1.74567640625E-07, 0.101970772423239
1.7456959375E-07, 0.100025414405564
1.74571546875E-07, 0.102558773473172
1.745735E-07, 0.101412528810221
1.74575453125E-07, 0.0991791742090292
1.7457740625E-07, 0.0988194292253008
1.74579359375E-07, 0.101941169534686
1.745813125E-07, 0.0929028266173904
1.74583265625E-07, 0.0988900485055521
1.7458521875E-07, 0.0994322176278424
1.74587171875E-07, 0.0951944400484268
1.74589125E-07, 0.0946901581401278
1.74591078125E-07, 0.0933120586693975
1.7459303125E-07, 0.0921136336047927
1.74594984375E-07, 0.0937998655856328
1.745969375E-07, 0.0913315623246988
1.74598890625E-07, 0.090227475957108
1.7460084375E-07, 0.086102087017313
1.74602796875E-07, 0.0754854616886271
1.7460475E-07, 0.0857616291543762
1.74606703125E-07, 0.0831884672430671
1.7460865625E-07, 0.0786462796697262
1.74610609375E-07, 0.0736628548616292
1.746125625E-07, 0.0749244195341783
1.74614515625E-07, 0.068775931800504
1.7461646875E-07, 0.0649728568777733
1.74618421875E-07, 0.0729988514748826
1.74620375E-07, 0.0673610994258977
1.74622328125E-07, 0.0621096654883396
1.7462428125E-07, 0.0623968860684316
1.74626234375E-07, 0.0624906324146875
1.746281875E-07, 0.0551927676140706
1.74630140625E-07, 0.0556966558232055
1.7463209375E-07, 0.0518758152427937
1.74634046875E-07, 0.0518693647892729
1.74636E-07, 0.0503255105808128
1.74637953125E-07, 0.0471435187017518
1.7463990625E-07, 0.0491838244531908
1.74641859375E-07, 0.0482944299453167
1.746438125E-07, 0.0471192085714997
1.74645765625E-07, 0.0406063976906139
1.7464771875E-07, 0.0391354136604237
1.74649671875E-07, 0.0406869501076003
1.74651625E-07, 0.0346229162842491
1.74653578125E-07, 0.0390100657319794
1.7465553125E-07, 0.038336406463882
1.74657484375E-07, 0.0308101671747794
1.746594375E-07, 0.0297135700789704
1.74661390625E-07, 0.0277456328441204
1.7466334375E-07, 0.033593206391415
1.74665296875E-07, 0.0262542277716125
1.7466725E-07, 0.0266373939553536
1.74669203125E-07, 0.0259162276116738
1.7467115625E-07, 0.0219957538734963
1.74673109375E-07, 0.025347176238204
1.746750625E-07, 0.021250054736315
1.74677015625E-07, 0.0251837516324114
1.7467896875E-07, 0.0254452187065586
1.74680921875E-07, 0.0212785031643973
1.74682875E-07, 0.0215295986758276
1.74684828125E-07, 0.0204941904442286
1.7468678125E-07, 0.0203051296425601
1.74688734375E-07, 0.0194458705747149
1.746906875E-07, 0.018778749140464
1.74692640625E-07, 0.0194677207249165
1.7469459375E-07, 0.0190516400049349
1.74696546875E-07, 0.0203561829548904
1.746985E-07, 0.0189271337631116
1.74700453125E-07, 0.0210669859657252
1.7470240625E-07, 0.0183549768407061
1.74704359375E-07, 0.0180087489221335
1.747063125E-07, 0.0196438068755946
1.74708265625E-07, 0.0186235166644478
1.7471021875E-07, 0.0187965245596539
1.74712171875E-07, 0.019979215132314
1.74714125E-07, 0.0191747362733514
1.74716078125E-07, 0.0185380166749296
1.7471803125E-07, 0.018998849035831
1.74719984375E-07, 0.0187689275662419
1.747219375E-07, 0.0232382021731431
1.74723890625E-07, 0.0190375825418861
1.7472584375E-07, 0.0195240347365836
1.74727796875E-07, 0.0187742780913464
1.7472975E-07, 0.0193841699189343
1.74731703125E-07, 0.0198493638584483
1.7473365625E-07, 0.0188781752802912
1.74735609375E-07, 0.0191067414223173
1.747375625E-07, 0.0191072616321384
1.74739515625E-07, 0.0184147252828302
1.7474146875E-07, 0.0190663719354963
1.74743421875E-07, 0.0179104834943893
1.74745375E-07, 0.018929110490709
1.74747328125E-07, 0.0170923932763944
1.7474928125E-07, 0.0179221664641268
1.74751234375E-07, 0.0174901693453491
1.747531875E-07, 0.0175540949434591
1.74755140625E-07, 0.0176908037240279
1.7475709375E-07, 0.0170428258861545
1.74759046875E-07, 0.0171147965486922
1.74761E-07, 0.0161483220898536
1.74762953125E-07, 0.0169962479343992
1.7476490625E-07, 0.0164457000197284
1.74766859375E-07, 0.0160435661739373
1.747688125E-07, 0.0149715067222497
1.74770765625E-07, 0.0146804023902183
1.7477271875E-07, 0.0152218858689376
1.74774671875E-07, 0.0129921392181409
1.74776625E-07, 0.0133659170633771
1.74778578125E-07, 0.0116025616649256
1.7478053125E-07, 0.0123194921779745
1.74782484375E-07, 0.0164081369591836
1.747844375E-07, 0.0107321261034861
1.74786390625E-07, 0.00992580392664561
1.7478834375E-07, 0.00786235145002992
1.74790296875E-07, 0.010645005487429
1.7479225E-07, 0.00942410677634895
1.74794203125E-07, 0.00555565022746114
1.7479615625E-07, 0.00709085864249008
1.74798109375E-07, 0.00612724130609827
1.748000625E-07, 0.00653356123053874
1.74802015625E-07, 0.0051744378086978
1.7480396875E-07, 0.00427583505537299
1.74805921875E-07, 0.00269724171015528
1.74807875E-07, 0.00271122387952649
1.74809828125E-07, 0.00250830404316371
1.7481178125E-07, 0.00169495813414256
1.74813734375E-07, 0.000714994968782825
1.748156875E-07, -0.000820567790704183
1.74817640625E-07, 0.000456425107858223
1.7481959375E-07, -0.00137942509099863
1.74821546875E-07, -0.00257161027361756
1.748235E-07, -0.00340821715744332
1.74825453125E-07, -0.00356179795454807
1.7482740625E-07, -0.00235767278528079
1.74829359375E-07, -0.00481641692229288
1.748313125E-07, -0.0045878925546589
1.74833265625E-07, -0.00427671573380731
1.7483521875E-07, -0.00505318595633841
1.74837171875E-07, -0.00561202597896324
1.74839125E-07, -0.00550891166157335
1.74841078125E-07, -0.00552770693525846
1.7484303125E-07, -0.00737852915663875
1.74844984375E-07, -0.00627150351370807
1.748469375E-07, -0.00669446181601309
1.74848890625E-07, -0.00751611560113963
1.7485084375E-07, -0.00751906774193552
1.74852796875E-07, -0.00800387561557116
1.7485475E-07, -0.00817323800208827
1.74856703125E-07, -0.00898985088131476
1.7485865625E-07, -0.00808992824672859
1.74860609375E-07, -0.00827815944825706
1.748625625E-07, -0.00890640170957818
1.74864515625E-07, -0.00886521286292667
1.7486646875E-07, -0.00921017685809981
1.74868421875E-07, -0.00946185335466781
1.74870375E-07, -0.00854371760669916
1.74872328125E-07, -0.0085983815064772
1.7487428125E-07, -0.00911970820842088
1.74876234375E-07, -0.00937440881319101
1.748781875E-07, -0.00862580847392433
1.74880140625E-07, -0.00914800160459953
1.7488209375E-07, -0.00861776020090567
1.74884046875E-07, -0.00888843087967988
1.74886E-07, -0.00807663219087019
1.74887953125E-07, -0.00783757375945689
1.7488990625E-07, -0.00685641378143008
1.74891859375E-07, -0.00738434959908872
1.748938125E-07, -0.00658982795455039
1.74895765625E-07, -0.0074962816564434
1.7489771875E-07, -0.00748478488883686
1.74899671875E-07, -0.00685249699203893
1.74901625E-07, -0.00605808711562768
1.74903578125E-07, -0.00575631991323015
1.7490553125E-07, -0.00603557696191387
1.74907484375E-07, -0.00565745800560227
1.749094375E-07, -0.00510987517626225
1.74911390625E-07, -0.0049494779158145
1.7491334375E-07, -0.0043922469375367
1.74915296875E-07, -0.00521984295929878
1.7491725E-07, -0.00363521345886342
1.74919203125E-07, -0.00358804670196767
1.7492115625E-07, -0.00313522803138844
1.74923109375E-07, -0.00329016972851532
1.749250625E-07, -0.00358079826532768
1.74927015625E-07, -0.00333751208916661
1.7492896875E-07, -0.00275735395526224
1.74930921875E-07, -0.00204829279907628
1.74932875E-07, -0.0019125898586399
1.74934828125E-07, -0.00138588269316723
1.7493678125E-07, -0.00135812431582292
1.74938734375E-07, -0.0013915016434514
1.749406875E-07, -0.00109856556982925
1.74942640625E-07, -0.00168220897579675
1.7494459375E-07, -0.000257779439454752
1.74946546875E-07, -0.000498370554017993
1.749485E-07, -0.000591852001430043
1.74950453125E-07, 0.000489279419043959
1.7495240625E-07, -0.000507822063437535
1.74954359375E-07, -0.000775946612547487
1.749563125E-07, -0.000152642839863201
1.74958265625E-07, 0.00101489654574494
1.7496021875E-07, 0.000371551394076116
1.74962171875E-07, 0.000422562965111992
1.74964125E-07, 0.00125740099010226
1.74966078125E-07, 0.00113580338850674
1.7496803125E-07, 0.000747194913468667
1.74969984375E-07, 0.00086040361840825
1.749719375E-07, 0.0010075625574696
1.74973890625E-07, 0.000819381201849593
1.7497584375E-07, 0.00151430662248753
1.74977796875E-07, 0.00112616371136429
1.7497975E-07, 0.00164895317379114
1.74981703125E-07, 0.00113604522709214
1.7498365625E-07, 0.00154186513280374
1.74985609375E-07, 0.00129929684065394
1.749875625E-07, 0.0015447705857482
1.74989515625E-07, 0.0014274076498639
1.7499146875E-07, 0.00123900053227369
1.74993421875E-07, 0.000835185728075246
1.74995375E-07, 0.000924931835045892
1.74997328125E-07, 0.00123630295168642
1.7499928125E-07, 0.000915279452573304
1.75001234375E-07, 0.000387478604448447
1.750031875E-07, 0.000574218681606314
1.75005140625E-07, 0.000673009102496361
1.7500709375E-07, 0.000554332735189904
1.75009046875E-07, 0.000103046873735339
1.75011E-07, -0.00050327832349675
1.75012953125E-07, -0.000136472200244356
1.7501490625E-07, -0.00103415735521944
1.75016859375E-07, -0.000461290854388808
1.750188125E-07, -0.00108035415957052
1.75020765625E-07, -0.00157215725503117
1.7502271875E-07, -0.00101405617627975
1.75024671875E-07, -0.0012012490218958
1.75026625E-07, -0.00272011412818735
1.75028578125E-07, -0.00173526469278595
1.7503053125E-07, -0.00219479457594357
1.75032484375E-07, -0.00259588032315825
1.750344375E-07, -0.00228470708070824
1.75036390625E-07, -0.00368596195986566
1.7503834375E-07, -0.00453501272810759
1.75040296875E-07, -0.00272941572290588
1.7504225E-07, -0.0039027661491168
1.75044203125E-07, -0.00397786434288978
1.7504615625E-07, -0.00553336343587419
1.75048109375E-07, -0.00611733374503718
1.750500625E-07, -0.00584642724008676
1.75052015625E-07, -0.00690797662369087
1.7505396875E-07, -0.00583870516305848
1.75055921875E-07, -0.00705169443596835
1.75057875E-07, -0.00764313638589075
1.75059828125E-07, -0.00695055550801595
1.7506178125E-07, -0.00675896202999241
1.75063734375E-07, -0.00939739728744017
1.750656875E-07, -0.00851619957870593
1.75067640625E-07, -0.0094549059204174
1.7506959375E-07, -0.00992524746335899
1.75071546875E-07, -0.0102811226991785
1.750735E-07, -0.0112782952722742
1.75075453125E-07, -0.00993870834963473
1.7507740625E-07, -0.0128257927409642
1.75079359375E-07, -0.0117671753626557
1.750813125E-07, -0.0124524185814967
1.75083265625E-07, -0.0132044696940726
1.7508521875E-07, -0.0123959037831451
1.75087171875E-07, -0.015297326064075
1.75089125E-07, -0.0149946418299996
1.75091078125E-07, -0.0164361809206146
1.7509303125E-07, -0.0173237238571988
1.75094984375E-07, -0.0164302024916949
1.750969375E-07, -0.0167911836145269
1.75098890625E-07, -0.0188758394831365
1.7510084375E-07, -0.0171118017465902
1.75102796875E-07, -0.0200359722597024
1.7510475E-07, -0.0182030415790784
1.75106703125E-07, -0.0201140412050588
1.7510865625E-07, -0.0192731188934243
1.75110609375E-07, -0.0219953001307525
1.751125625E-07, -0.0224475189567033
1.75114515625E-07, -0.02243328287676
1.7511646875E-07, -0.0227069054535348
1.75118421875E-07, -0.0244715108745232
1.75120375E-07, -0.0234901669933157
1.75122328125E-07, -0.0238912220499142
1.7512428125E-07, -0.0252421059447711
1.75126234375E-07, -0.0257370895340029
1.751281875E-07, -0.0264931005138198
1.75130140625E-07, -0.0266194500141721
1.7513209375E-07, -0.0272162341950124
1.75134046875E-07, -0.0263199009436018
1.75136E-07, -0.028757991433803
1.75137953125E-07, -0.026988248028175
1.7513990625E-07, -0.029712108804648
1.75141859375E-07, -0.0299302882472111
1.751438125E-07, -0.0281597930572407
1.75145765625E-07, -0.0283869298762418
1.7514771875E-07, -0.0292321865525716
1.75149671875E-07, -0.0284982490523471
1.75151625E-07, -0.0306799363028301
1.75153578125E-07, -0.0306212056756154
1.7515553125E-07, -0.0314348410141919
1.75157484375E-07, -0.031214841324539
1.751594375E-07, -0.0312082863822779
1.75161390625E-07, -0.0291189241923199
1.7516334375E-07, -0.0324779927810801
1.75165296875E-07, -0.0318795677076091
1.7516725E-07, -0.0322008919206241
1.75169203125E-07, -0.0323620905591803
1.7517115625E-07, -0.0324541800801192
1.75173109375E-07, -0.0325355410273548
1.751750625E-07, -0.0327194411098408
1.75177015625E-07, -0.0315596676842853
1.7517896875E-07, -0.0321762590811405
1.75180921875E-07, -0.0332574080356317
1.75182875E-07, -0.0327785796424607
1.75184828125E-07, -0.032647391396652
1.7518678125E-07, -0.0317749230159594
1.75188734375E-07, -0.0328050456083395
1.751906875E-07, -0.0323998262810531
1.75192640625E-07, -0.0318771463369026
1.7519459375E-07, -0.0319644114542954
1.75196546875E-07, -0.0315428448718425
1.751985E-07, -0.0318938286969948
1.75200453125E-07, -0.0314364542038609
1.7520240625E-07, -0.0318606945912926
1.75204359375E-07, -0.028880286953812
1.752063125E-07, -0.0316956102245505
1.75208265625E-07, -0.0299319817571788
1.7521021875E-07, -0.030837953727603
1.75212171875E-07, -0.0310482034285032
1.75214125E-07, -0.0306273590637096
1.75216078125E-07, -0.0301648170497724
1.7521803125E-07, -0.0305855728856254
1.75219984375E-07, -0.0303198954620365
1.752219375E-07, -0.0298395500986831
1.75223890625E-07, -0.0287477949710958
1.7522584375E-07, -0.0294438140674916
1.75227796875E-07, -0.0287512474841238
1.7522975E-07, -0.0295183477053219
1.75231703125E-07, -0.028459354534679
1.7523365625E-07, -0.0276119965923355
1.75235609375E-07, -0.0278277640101435
1.752375625E-07, -0.0273481207299534
1.75239515625E-07, -0.0274542844595347
1.7524146875E-07, -0.026499138090332
1.75243421875E-07, -0.026097709913789
1.75245375E-07, -0.0264191664018065
1.75247328125E-07, -0.0252555468700804
1.7524928125E-07, -0.025346335588584
1.75251234375E-07, -0.0245790078729047
1.752531875E-07, -0.0249704225282042
1.75255140625E-07, -0.0247036796927342
1.7525709375E-07, -0.0243824989514898
1.75259046875E-07, -0.0241086952322641
1.75261E-07, -0.0233748246649443
1.75262953125E-07, -0.0226872086647404
1.7526490625E-07, -0.0227590657555985
1.75266859375E-07, -0.0227077858229461
1.752688125E-07, -0.0228322700093365
1.75270765625E-07, -0.0206470259474669
1.7527271875E-07, -0.0217997095375177
1.75274671875E-07, -0.0203639473352507
1.75276625E-07, -0.0207171666729248
1.75278578125E-07, -0.0199306274483878
1.7528053125E-07, -0.0206830069232299
1.75282484375E-07, -0.019899760049513
1.752844375E-07, -0.0194346458282324
1.75286390625E-07, -0.0203535881415337
1.7528834375E-07, -0.0172267722441415
1.75290296875E-07, -0.0188574460206155
1.7529225E-07, -0.01669768279322
1.75294203125E-07, -0.0164767650858124
1.7529615625E-07, -0.0166323576590542
1.75298109375E-07, -0.0161975750179322
1.753000625E-07, -0.0149348308712231
1.75302015625E-07, -0.015371169974321
1.7530396875E-07, -0.0156954087205928
1.75305921875E-07, -0.0151913551596028
1.75307875E-07, -0.0150220862786081
1.75309828125E-07, -0.0127974894632913
1.7531178125E-07, -0.0142804969463194
1.75313734375E-07, -0.0116042021347244
1.753156875E-07, -0.0119168832056094
1.75317640625E-07, -0.0120936770082802
1.7531959375E-07, -0.0112004190923498
1.75321546875E-07, -0.010458634486336
1.753235E-07, -0.0113523907305334
1.75325453125E-07, -0.0103592225561937
1.7532740625E-07, -0.0100116054365264
1.75329359375E-07, -0.0092723796091473
1.753313125E-07, -0.00734214001974663
1.75333265625E-07, -0.00797465793956425
1.7533521875E-07, -0.00943553649221113
1.75337171875E-07, -0.00870830431740762
1.75339125E-07, -0.00821489750986406
1.75341078125E-07, -0.00770666633030859
1.7534303125E-07, -0.00626612930004651
1.75344984375E-07, -0.0066433977480641
1.753469375E-07, -0.00651279163005263
1.75348890625E-07, -0.00493004152908629
1.7535084375E-07, -0.00557785396190931
1.75352796875E-07, -0.00414644449266562
1.7535475E-07, -0.00447154593921366
1.75356703125E-07, -0.00379443192317889
1.7535865625E-07, -0.00253298127008057
1.75360609375E-07, -0.0038135032694076
1.753625625E-07, -0.00278312677461461
1.75364515625E-07, -0.00295697519384934
1.7536646875E-07, -0.00139469228506861
1.75368421875E-07, -0.000235385877385733
1.75370375E-07, -0.00411920386890772
1.75372328125E-07, -0.000512136453661626
1.7537428125E-07, -0.00236397107030434
1.75376234375E-07, -0.000412586088017015
1.753781875E-07, -0.000450693348363321
1.75380140625E-07, -0.00028506938655391
1.7538209375E-07, 6.44705357842194E-05
1.75384046875E-07, -0.000450369573828069
1.75386E-07, 0.000224051388299318
1.75387953125E-07, 0.00112708159048605
1.7538990625E-07, -0.000352215667244817
1.75391859375E-07, 0.00108071494657103
1.753938125E-07, 0.00130901618687819
1.75395765625E-07, 0.0021272592911119
1.7539771875E-07, 0.0013343067355216
1.75399671875E-07, 0.00200848963711328
1.75401625E-07, 0.00222015047625699
1.75403578125E-07, 0.00272047435881235
1.7540553125E-07, 0.00254721978057541
1.75407484375E-07, 0.00297637940775719
1.754094375E-07, 0.00222710783362445
1.75411390625E-07, 0.00308706883236224
1.7541334375E-07, 0.00379090837784236
1.75415296875E-07, 0.00340631089824404
1.7541725E-07, 0.00329638343761345
1.75419203125E-07, 0.00360245928448237
1.7542115625E-07, 0.00389170499836883
1.75423109375E-07, 0.00406514254031672
1.754250625E-07, 0.00460086754020213
1.75427015625E-07, 0.00445483253665733
1.7542896875E-07, 0.00547553929552372
1.75430921875E-07, 0.00523465664905511
1.75432875E-07, 0.00455710148347243
1.75434828125E-07, 0.00513761747080763
1.7543678125E-07, 0.00496989520328707
1.75438734375E-07, 0.00563856940885676
1.754406875E-07, 0.00534574750004075
1.75442640625E-07, 0.00510603938228711
1.7544459375E-07, 0.00598022370149822
1.75446546875E-07, 0.00608322949488434
1.754485E-07, 0.00671363549491206
1.75450453125E-07, 0.00639658035566457
1.7545240625E-07, 0.00643244323698828
1.75454359375E-07, 0.00691833373904295
1.754563125E-07, 0.0071653413890738
1.75458265625E-07, 0.0073986961516622
1.7546021875E-07, 0.00758150350661173
1.75462171875E-07, 0.0081961369693731
1.75464125E-07, 0.00852790702038068
1.75466078125E-07, 0.00829236587740047
1.7546803125E-07, 0.00794974727481112
1.75469984375E-07, 0.00880017844912948
1.754719375E-07, 0.00886299296959073
1.75473890625E-07, 0.00887209613121663
1.7547584375E-07, 0.00910778314510637
1.75477796875E-07, 0.00887205423885977
1.7547975E-07, 0.00997752210435273
1.75481703125E-07, 0.00991374372180817
1.7548365625E-07, 0.0102136037698783
1.75485609375E-07, 0.00944344358415491
1.754875625E-07, 0.0103643571081111
1.75489515625E-07, 0.0115438489512524
1.7549146875E-07, 0.0114940435527466
1.75493421875E-07, 0.011384017882185
1.75495375E-07, 0.011624508391897
1.75497328125E-07, 0.0119867328605211
1.7549928125E-07, 0.0113532401406739
1.75501234375E-07, 0.0121231160414505
1.755031875E-07, 0.0117320232560767
1.75505140625E-07, 0.0126935298437153
1.7550709375E-07, 0.0125181739426935
1.75509046875E-07, 0.0132205413091539
1.75511E-07, 0.0122925232534548
1.75512953125E-07, 0.0130257463864474
1.7551490625E-07, 0.0134202770921763
1.75516859375E-07, 0.0137666829615397
1.755188125E-07, 0.0142157482643019
1.75520765625E-07, 0.013978113924426
1.7552271875E-07, 0.0144703544327126
1.75524671875E-07, 0.0142889034304794
1.75526625E-07, 0.0140137539549555
1.75528578125E-07, 0.0146050036873313
1.7553053125E-07, 0.0147193506483957
1.75532484375E-07, 0.0141594938082115
1.755344375E-07, 0.014792125956483
1.75536390625E-07, 0.0146943161449409
1.7553834375E-07, 0.0147018986889063
1.75540296875E-07, 0.0149611706511526
1.7554225E-07, 0.0148921689078184
1.75544203125E-07, 0.0149307358468161
1.7554615625E-07, 0.015220554247602
1.75548109375E-07, 0.0151785126738669
1.755500625E-07, 0.0145830082897905
1.75552015625E-07, 0.0146034168244132
1.7555396875E-07, 0.0145942528861272
1.75555921875E-07, 0.0138048014067607
1.75557875E-07, 0.0146571291810319
1.75559828125E-07, 0.0148184278150334
1.7556178125E-07, 0.0145070992974729
1.75563734375E-07, 0.0138014723747173
1.755656875E-07, 0.0140222084739612
1.75567640625E-07, 0.0137896557835553
1.7556959375E-07, 0.0142606512458888
1.75571546875E-07, 0.0132918423292951
1.755735E-07, 0.0128692545799197
1.75575453125E-07, 0.0128783396939844
1.7557740625E-07, 0.0131158678874964
1.75579359375E-07, 0.0130124435032779
1.755813125E-07, 0.0124374571704654
1.75583265625E-07, 0.011778436959628
1.7558521875E-07, 0.0107305791359771
1.75587171875E-07, 0.011566848109561
1.75589125E-07, 0.0113947338740736
1.75591078125E-07, 0.0112910815003825
1.7559303125E-07, 0.0104268468237797
1.75594984375E-07, 0.0103424467073405
1.755969375E-07, 0.00974079167769169
1.75598890625E-07, 0.00937375790313793
1.7560084375E-07, 0.00948067177992661
1.75602796875E-07, 0.00906875094515109
1.7560475E-07, 0.00889817650070607
1.75606703125E-07, 0.00845626051348656
1.7560865625E-07, 0.00843071862085589
1.75610609375E-07, 0.00844802773661554
1.756125625E-07, 0.00782089803216996
1.75614515625E-07, 0.00801154000263032
1.7561646875E-07, 0.00728460021206404
1.75618421875E-07, 0.0069026669658215
1.75620375E-07, 0.00746562978166428
1.75622328125E-07, 0.00656995054246274
1.7562428125E-07, 0.00591058186306744
1.75626234375E-07, 0.00593396461366699
1.756281875E-07, 0.00574908919944234
1.75630140625E-07, 0.0056410736241322
1.7563209375E-07, 0.00575180877700421
1.75634046875E-07, 0.00521769829141773
1.75636E-07, 0.00544706841051968
1.75637953125E-07, 0.00520708777201389
1.7563990625E-07, 0.00492931617707743
1.75641859375E-07, 0.00432074811986767
1.756438125E-07, 0.0047005004893086
1.75645765625E-07, 0.00380981071173025
1.7564771875E-07, 0.00484736598218904
1.75649671875E-07, 0.00463547822545586
1.75651625E-07, 0.00383499939887287
1.75653578125E-07, 0.00391555875631528
1.7565553125E-07, 0.00377581454508373
1.75657484375E-07, 0.00370463754616599
1.756594375E-07, 0.00393710539049125
1.75661390625E-07, 0.00366653322248963
1.7566334375E-07, 0.00326919563886893
1.75665296875E-07, 0.0034139800852496
1.7566725E-07, 0.00340159760886603
1.75669203125E-07, 0.003543084823723
1.7567115625E-07, 0.00355398360213491
1.75673109375E-07, 0.00357397664924515
1.756750625E-07, 0.00337032157877628
1.75677015625E-07, 0.00346910723417847
1.7567896875E-07, 0.00392550260597475
1.75680921875E-07, 0.00368752434425056
1.75682875E-07, 0.00402540248343198
1.75684828125E-07, 0.00361452606600186
1.7568678125E-07, 0.00369059903984877
1.75688734375E-07, 0.00406114664518966
1.756906875E-07, 0.00433683850929822
1.75692640625E-07, 0.00474908682883914
1.7569459375E-07, 0.00443531636508314
1.75696546875E-07, 0.00398322026447358
1.756985E-07, 0.00474190543527414
1.75700453125E-07, 0.00448214940835954
1.7570240625E-07, 0.00474933122003419
1.75704359375E-07, 0.00465481310517226
1.757063125E-07, 0.0051760058460965
1.75708265625E-07, 0.00524673145817361
1.7571021875E-07, 0.00551184406423917
1.75712171875E-07, 0.00571943603406637
1.75714125E-07, 0.00614325822681923
1.75716078125E-07, 0.00618576734863053
1.7571803125E-07, 0.0056778503745984
1.75719984375E-07, 0.00595861438060826
1.757219375E-07, 0.00645077852476272
1.75723890625E-07, 0.00647758675128712
1.7572584375E-07, 0.00589294874543924
1.75727796875E-07, 0.00637884446242145
1.7572975E-07, 0.00654187403540637
1.75731703125E-07, 0.00681876891358955
1.7573365625E-07, 0.00738878802109061
1.75735609375E-07, 0.00729023285827802
1.757375625E-07, 0.00731417454215781
1.75739515625E-07, 0.00699487251325835
1.7574146875E-07, 0.00785478891670183
1.75743421875E-07, 0.00803843249502602
1.75745375E-07, 0.00835471682299971
1.75747328125E-07, 0.00790876632866046
1.7574928125E-07, 0.00851838213651173
1.75751234375E-07, 0.00840119916473701
1.757531875E-07, 0.0086727462135697
1.75755140625E-07, 0.00843508094160633
1.7575709375E-07, 0.00838997378013325
1.75759046875E-07, 0.00879099564068968
1.75761E-07, 0.00833543775294461
1.75762953125E-07, 0.00883183489688649
1.7576490625E-07, 0.00901442863764873
1.75766859375E-07, 0.00902002410559056
1.757688125E-07, 0.00968211379448142
1.75770765625E-07, 0.00924006523162653
1.7577271875E-07, 0.00860160158913703
1.75774671875E-07, 0.0094321032063773
1.75776625E-07, 0.0090275105660405
1.75778578125E-07, 0.00973023469141776
1.7578053125E-07, 0.00975393511751871
1.75782484375E-07, 0.00966059137968069
1.757844375E-07, 0.00987069512180307
1.75786390625E-07, 0.00980905260754146
1.7578834375E-07, 0.010015677641355
1.75790296875E-07, 0.0101607516567681
1.7579225E-07, 0.0101081384936916
1.75794203125E-07, 0.0104494629844853
1.7579615625E-07, 0.0108872807322103
1.75798109375E-07, 0.0103240734490953
1.758000625E-07, 0.0105551758420545
1.75802015625E-07, 0.0110472733652277
1.7580396875E-07, 0.0105127951637064
1.75805921875E-07, 0.0108057448426887
1.75807875E-07, 0.0105296743722709
1.75809828125E-07, 0.0109048852064744
1.7581178125E-07, 0.0112590931125012
1.75813734375E-07, 0.0115446553143647
1.758156875E-07, 0.0112399296219617
1.75817640625E-07, 0.011140825172313
1.7581959375E-07, 0.0115322011352697
1.75821546875E-07, 0.0118136706693428
1.758235E-07, 0.0116236537986447
1.75825453125E-07, 0.0114318552967436
1.7582740625E-07, 0.0116867287817233
1.75829359375E-07, 0.0116934430712173
1.758313125E-07, 0.0116402247576521
1.75833265625E-07, 0.0115901248907463
1.7583521875E-07, 0.0122787668933729
1.75837171875E-07, 0.0116902583701377
1.75839125E-07, 0.0120416927608853
1.75841078125E-07, 0.0109321984223078
1.7584303125E-07, 0.0127189399374233
1.75844984375E-07, 0.0122564100905804
1.758469375E-07, 0.0122146764361023
1.75848890625E-07, 0.0126048311646462
1.7585084375E-07, 0.0122128467749171
1.75852796875E-07, 0.0125721439743414
1.7585475E-07, 0.0130327144110901
1.75856703125E-07, 0.0130666086919411
1.7585865625E-07, 0.0128302316773813
1.75860609375E-07, 0.0128023656674514
1.758625625E-07, 0.013322083775101
1.75864515625E-07, 0.0130244313714514
1.7586646875E-07, 0.0128676535378369
1.75868421875E-07, 0.0130698015636829
1.75870375E-07, 0.0129939076398214
1.75872328125E-07, 0.0127271537336394
1.7587428125E-07, 0.0128929633566774
1.75876234375E-07, 0.0132648919146719
1.758781875E-07, 0.0130036387643868
1.75880140625E-07, 0.0131122508084297
1.7588209375E-07, 0.0132120400980396
1.75884046875E-07, 0.0124547748673311
1.75886E-07, 0.0133285545085156
1.75887953125E-07, 0.0132513310307409
1.7588990625E-07, 0.0131526583809251
1.75891859375E-07, 0.012972941598833
1.758938125E-07, 0.0131258631092773
1.75895765625E-07, 0.0130252269130489
1.7589771875E-07, 0.0130106836770544
1.75899671875E-07, 0.0129596543417978
1.75901625E-07, 0.0131613974073941
1.75903578125E-07, 0.012767454466495
1.7590553125E-07, 0.0130391270149257
1.75907484375E-07, 0.0128693131081956
1.759094375E-07, 0.0121956611707988
1.75911390625E-07, 0.0129472656261281
1.7591334375E-07, 0.0123236833053897
1.75915296875E-07, 0.0128653934820651
1.7591725E-07, 0.0127476493643502
1.75919203125E-07, 0.0124892586980826
1.7592115625E-07, 0.0126546988730182
1.75923109375E-07, 0.0124172330658708
1.759250625E-07, 0.0126079901486466
1.75927015625E-07, 0.0120528234185504
1.7592896875E-07, 0.0118353163514736
1.75930921875E-07, 0.0118413677911511
1.75932875E-07, 0.0119339297192813
1.75934828125E-07, 0.0112378434779143
1.7593678125E-07, 0.0110246971029532
1.75938734375E-07, 0.0113801978480773
1.759406875E-07, 0.0108577014340492
1.75942640625E-07, 0.0111186046727796
1.7594459375E-07, 0.00846817737487295
1.75946546875E-07, 0.0102216240658475
1.759485E-07, 0.00958744570533138
1.75950453125E-07, 0.00949562941570632
1.7595240625E-07, 0.00950885217176547
1.75954359375E-07, 0.00906072091786649
1.759563125E-07, 0.00894211784940493
1.75958265625E-07, 0.00873625001785102
1.7596021875E-07, 0.00828662446287452
1.75962171875E-07, 0.00672163223627588
1.75964125E-07, 0.00750561892872376
1.75966078125E-07, 0.00709065957705466
1.7596803125E-07, 0.00724608706957613
1.75969984375E-07, 0.00638968866573575
1.759719375E-07, 0.00476010188203512
1.75973890625E-07, 0.00560393182956771
1.7597584375E-07, 0.00512203218567378
1.75977796875E-07, 0.00596852903156831
1.7597975E-07, 0.00538745638646765
1.75981703125E-07, 0.00390386222891803
1.7598365625E-07, 0.00186622271424347
1.75985609375E-07, 0.00179327058818722
1.759875625E-07, 0.00333764947454826
1.75989515625E-07, 0.00351752529546076
1.7599146875E-07, 0.00257450214060968
1.75993421875E-07, 0.000562538777280461
1.75995375E-07, 0.00114719685151308
1.75997328125E-07, 0.000256455659427132
1.7599928125E-07, 6.76026418688795E-05
1.76001234375E-07, 0.000597640638872668
1.760031875E-07, 0.00051463676171944
1.76005140625E-07, -0.000336783250138852
1.7600709375E-07, -0.00165302544127916
1.76009046875E-07, -0.00258243956737683
1.76011E-07, -0.00276486981141373
1.76012953125E-07, -0.00259629179902732
1.7601490625E-07, -0.00367165841415138
1.76016859375E-07, -0.00458367260390274
1.760188125E-07, -0.00473477767798964
1.76020765625E-07, -0.00379698783186927
1.7602271875E-07, -0.00496185338646526
1.76024671875E-07, -0.00417034086309081
1.76026625E-07, -0.00651035626105411
1.76028578125E-07, -0.0051074690133226
1.7603053125E-07, -0.00751303521344615
1.76032484375E-07, -0.00762132278425792
1.760344375E-07, -0.0083799515746272
1.76036390625E-07, -0.00802411924198334
1.7603834375E-07, -0.0078325320112714
1.76040296875E-07, -0.00941193091166251
1.7604225E-07, -0.00912177816607752
1.76044203125E-07, -0.00985203479977621
1.7604615625E-07, -0.0109537739862755
1.76048109375E-07, -0.0109289370038904
1.760500625E-07, -0.0108498532601135
1.76052015625E-07, -0.0126635854886516
1.7605396875E-07, -0.0137390574787214
1.76055921875E-07, -0.0144161079837596
1.76057875E-07, -0.0125561876792264
1.76059828125E-07, -0.0151321710449178
1.7606178125E-07, -0.0148628981137054
1.76063734375E-07, -0.0149575045362866
1.760656875E-07, -0.0162699332439216
1.76067640625E-07, -0.0140536378098793
1.7606959375E-07, -0.0153147971284416
1.76071546875E-07, -0.0168183179660516
1.760735E-07, -0.0155092997110261
1.76075453125E-07, -0.0159883611711226
1.7607740625E-07, -0.0167122925060001
1.76079359375E-07, -0.0179094801968845
1.760813125E-07, -0.0173319725493612
1.76083265625E-07, -0.0179393867946374
1.7608521875E-07, -0.0180214785215632
1.76087171875E-07, -0.0181255479330403
1.76089125E-07, -0.0184837520993183
1.76091078125E-07, -0.0173991062098335
1.7609303125E-07, -0.0167714466458708
1.76094984375E-07, -0.019019172903125
1.760969375E-07, -0.0180142420743969
1.76098890625E-07, -0.0185196034920746
1.7610084375E-07, -0.0182292566004551
1.76102796875E-07, -0.0157607943484608
1.7610475E-07, -0.0186580853270935
1.76106703125E-07, -0.0166865302559151
1.7610865625E-07, -0.0176267776649314
1.76110609375E-07, -0.0183397774369293
1.761125625E-07, -0.0176655626908459
1.76114515625E-07, -0.0181048565623927
1.7611646875E-07, -0.0177818875816075
1.76118421875E-07, -0.0180951752795544
1.76120375E-07, -0.0170299727978889
1.76122328125E-07, -0.0164462174577353
1.7612428125E-07, -0.0157473378943269
1.76126234375E-07, -0.0160281419346471
1.761281875E-07, -0.0163544981970944
1.76130140625E-07, -0.0160978401067613
1.7613209375E-07, -0.015785684640604
1.76134046875E-07, -0.0155683616702209
1.76136E-07, -0.0141394705555123
1.76137953125E-07, -0.01613685015786
1.7613990625E-07, -0.0151494671722599
1.76141859375E-07, -0.0140061761770848
1.761438125E-07, -0.0138076246237575
1.76145765625E-07, -0.0141682858287366
1.7614771875E-07, -0.0139759809470575
1.76149671875E-07, -0.0128770042678835
1.76151625E-07, -0.0122059858565773
1.76153578125E-07, -0.0122022924528391
1.7615553125E-07, -0.0128227381545254
1.76157484375E-07, -0.0120078585373798
1.761594375E-07, -0.0112832925986528
1.76161390625E-07, -0.0112704314662345
1.7616334375E-07, -0.0111902210609115
1.76165296875E-07, -0.0107092627354917
1.7616725E-07, -0.00991043350731354
1.76169203125E-07, -0.00895941246192432
1.7617115625E-07, -0.00990566568639961
1.76173109375E-07, -0.00915073687920591
1.761750625E-07, -0.0084337926565285
1.76177015625E-07, -0.00838586827479997
1.7617896875E-07, -0.00802341618612219
1.76180921875E-07, -0.00775763911369759
1.76182875E-07, -0.00805438067822852
1.76184828125E-07, -0.00764123211963553
1.7618678125E-07, -0.00775473765430607
1.76188734375E-07, -0.00671630549587496
1.761906875E-07, -0.00728312663679068
1.76192640625E-07, -0.00674917954594778
1.7619459375E-07, -0.00695457413776273
1.76196546875E-07, -0.00650876266965211
1.761985E-07, -0.00631498392097203
1.76200453125E-07, -0.00731835045286497
1.7620240625E-07, -0.00601410765946585
1.76204359375E-07, -0.00698877901185059
1.762063125E-07, -0.00610434901797012
1.76208265625E-07, -0.0065723659149722
1.7621021875E-07, -0.00636711902339137
1.76212171875E-07, -0.00604045040868118
1.76214125E-07, -0.0062607899135923
1.76216078125E-07, -0.00676276022977076
1.7621803125E-07, -0.00625347520437309
1.76219984375E-07, -0.00631821956022523
1.762219375E-07, -0.00604855090331212
1.76223890625E-07, -0.00683641561348062
1.7622584375E-07, -0.00630603693988062
1.76227796875E-07, -0.00681123614467812
1.7622975E-07, -0.0080290347837589
1.76231703125E-07, -0.00700302287594445
1.7623365625E-07, -0.007195498918082
1.76235609375E-07, -0.00640851254167988
1.762375625E-07, -0.00689256923547877
1.76239515625E-07, -0.00743323327483085
1.7624146875E-07, -0.00810572662198684
1.76243421875E-07, -0.00750529719683688
1.76245375E-07, -0.00824403930009375
1.76247328125E-07, -0.00818195089173414
1.7624928125E-07, -0.00798942127832768
1.76251234375E-07, -0.00847320156319329
1.762531875E-07, -0.00817120836964919
1.76255140625E-07, -0.00892826550974472
1.7625709375E-07, -0.0091007707654939
1.76259046875E-07, -0.00866980704182404
1.76261E-07, -0.00916461528780648
1.76262953125E-07, -0.00951550518539018
1.7626490625E-07, -0.00985672110994173
1.76266859375E-07, -0.00992756819686047
1.762688125E-07, -0.00994793644787131
1.76270765625E-07, -0.00991104888869824
1.7627271875E-07, -0.0103373803084906
1.76274671875E-07, -0.0101254207468854
1.76276625E-07, -0.00997506246782833
1.76278578125E-07, -0.00978058025639833
1.7628053125E-07, -0.0106080680649151
1.76282484375E-07, -0.00989537809258887
1.762844375E-07, -0.0111835283393665
1.76286390625E-07, -0.0111580497944028
1.7628834375E-07, -0.0105175288898469
1.76290296875E-07, -0.0106851889918156
1.7629225E-07, -0.0110643355961569
1.76294203125E-07, -0.0110622034431366
1.7629615625E-07, -0.0107109310077867
1.76298109375E-07, -0.0107294402219798
1.763000625E-07, -0.0112074768703341
1.76302015625E-07, -0.0108371278277157
1.7630396875E-07, -0.0104598250760292
1.76305921875E-07, -0.0106809183098556
1.76307875E-07, -0.0105841043672819
1.76309828125E-07, -0.0108052851657964
1.7631178125E-07, -0.01028300863938
1.76313734375E-07, -0.0103889562513294
1.763156875E-07, -0.0103166297297681
1.76317640625E-07, -0.010133167503397
1.7631959375E-07, -0.0101499498897451
1.76321546875E-07, -0.0101254883728311
1.763235E-07, -0.00930989889519919
1.76325453125E-07, -0.00964146393045132
1.7632740625E-07, -0.00920261568059109
1.76329359375E-07, -0.00991245163495768
1.763313125E-07, -0.00975814356399633
1.76333265625E-07, -0.00937744002288911
1.7633521875E-07, -0.00931337536564183
1.76337171875E-07, -0.00871518401368583
1.76339125E-07, -0.00878623054397924
1.76341078125E-07, -0.00809798011399048
1.7634303125E-07, -0.00878044947987778
1.76344984375E-07, -0.00835855664493723
1.763469375E-07, -0.00800848781440474
1.76348890625E-07, -0.00763256375793235
1.7635084375E-07, -0.00767995352949605
1.76352796875E-07, -0.00751871402830984
1.7635475E-07, -0.00714542473549202
1.76356703125E-07, -0.00858664610457094
1.7635865625E-07, -0.00683082251816144
1.76360609375E-07, -0.00648611792559616
1.763625625E-07, -0.0059864428604695
1.76364515625E-07, -0.00703721526122145
1.7636646875E-07, -0.00642612119645601
1.76368421875E-07, -0.00633356178946954
1.76370375E-07, -0.00548136402506454
1.76372328125E-07, -0.00582909750025433
1.7637428125E-07, -0.00597099087847419
1.76376234375E-07, -0.00474412347470439
1.763781875E-07, -0.00640233118002574
1.76380140625E-07, -0.00523447104481772
1.7638209375E-07, -0.00458957438954357
1.76384046875E-07, -0.00535121956070506
1.76386E-07, -0.00532555029866489
1.76387953125E-07, -0.00546920124402863
1.7638990625E-07, -0.00486621209940493
1.76391859375E-07, -0.00452906366913321
1.763938125E-07, -0.00450371124625631
1.76395765625E-07, -0.00524440370322862
1.7639771875E-07, -0.00428029050141854
1.76399671875E-07, -0.0039207652022039
1.76401625E-07, -0.00345966376968203
1.76403578125E-07, -0.00454109912603776
1.7640553125E-07, -0.00400990218746103
1.76407484375E-07, -0.0039374442943086
1.764094375E-07, -0.00347143013798805
1.76411390625E-07, -0.00326317375369626
1.7641334375E-07, -0.00408345529589912
1.76415296875E-07, -0.00355572643723251
1.7641725E-07, -0.00374776646883343
1.76419203125E-07, -0.00379064923243892
1.7642115625E-07, -0.00403743443067655
1.76423109375E-07, -0.00396879578173499
1.764250625E-07, -0.00428274706769852
1.76427015625E-07, -0.00366243470891599
1.7642896875E-07, -0.00345806711157025
1.76430921875E-07, -0.00402257603480571
1.76432875E-07, -0.00376707215435056
1.76434828125E-07, -0.00319278551455822
1.7643678125E-07, -0.00297163169238122
1.76438734375E-07, -0.00339515624452733
1.764406875E-07, -0.00394944643046475
1.76442640625E-07, -0.00334324345952588
1.7644459375E-07, -0.00289767911980541
1.76446546875E-07, -0.00302531801845826
1.764485E-07, -0.00358168417308129
1.76450453125E-07, -0.00325765784034219
1.7645240625E-07, -0.00344385304981815
1.76454359375E-07, -0.00300944636233177
1.764563125E-07, -0.00354080999547377
1.76458265625E-07, -0.00386787838497111
1.7646021875E-07, -0.00277086171985618
1.76462171875E-07, -0.0039738863612963
1.76464125E-07, -0.00327907535519572
1.76466078125E-07, -0.00344071850499323
1.7646803125E-07, -0.00367743722736476
1.76469984375E-07, -0.00348440885305916
1.764719375E-07, -0.00344658552527733
1.76473890625E-07, -0.00388609671263434
1.7647584375E-07, -0.0035619241127694
1.76477796875E-07, -0.00360800204577843
1.7647975E-07, -0.00371066326389421
1.76481703125E-07, -0.00391167778567956
1.7648365625E-07, -0.00369061818465437
1.76485609375E-07, -0.00326581775989731
1.764875625E-07, -0.00328932513232769
1.76489515625E-07, -0.00337039323517887
1.7649146875E-07, -0.00315149856370708
1.76493421875E-07, -0.00368809971276688
1.76495375E-07, -0.00346420998281442
1.76497328125E-07, -0.00304566574713604
1.7649928125E-07, -0.00342064282619208
1.76501234375E-07, -0.0033559249004202
1.765031875E-07, -0.00318962536551683
1.76505140625E-07, -0.00391145167644583
1.7650709375E-07, -0.00286953250708211
1.76509046875E-07, -0.00325059853225928
1.76511E-07, -0.0034741409287117
1.76512953125E-07, -0.0027475997840757
1.7651490625E-07, -0.00350822428593332
1.76516859375E-07, -0.00344503144664854
1.765188125E-07, -0.00330067993050228
1.76520765625E-07, -0.00297121703501589
1.7652271875E-07, -0.00290949564207031
1.76524671875E-07, -0.00296471562512287
1.76526625E-07, -0.00289681577113979
1.76528578125E-07, -0.00288511101669526
1.7653053125E-07, -0.00285117212904458
1.76532484375E-07, -0.00274493892620788
1.765344375E-07, -0.0027244194972228
1.76536390625E-07, -0.0027016967209504
1.7653834375E-07, -0.00289790390615732
1.76540296875E-07, -0.0026111534531108
1.7654225E-07, -0.00261461119817892
1.76544203125E-07, -0.00233788586613663
1.7654615625E-07, -0.00252467481346597
1.76548109375E-07, -0.00249468487297813
1.765500625E-07, -0.00259958369661473
1.76552015625E-07, -0.00252335449893065
1.7655396875E-07, -0.00247882633991163
1.76555921875E-07, -0.0022698388044133
1.76557875E-07, -0.00271634596244419
1.76559828125E-07, -0.00262771784895823
1.7656178125E-07, -0.00243559684313001
1.76563734375E-07, -0.00233131453127809
1.765656875E-07, -0.0024598460495384
1.76567640625E-07, -0.00259342230921733
1.7656959375E-07, -0.00237463604064456
1.76571546875E-07, -0.00221311684666208
1.765735E-07, -0.0025579768390459
1.76575453125E-07, -0.00222657981147763
1.7657740625E-07, -0.00289231913608262
1.76579359375E-07, -0.00285785045975886
1.765813125E-07, -0.00243206617433606
1.76583265625E-07, -0.00273134173085658
1.7658521875E-07, -0.0025603869478129
1.76587171875E-07, -0.00271926182850549
1.76589125E-07, -0.00272217422687239
1.76591078125E-07, -0.00260275023152459
1.7659303125E-07, -0.00237420469322107
1.76594984375E-07, -0.00273831272127895
1.765969375E-07, -0.00271261293784207
1.76598890625E-07, -0.00244308396057349
1.7660084375E-07, -0.00255778970847237
1.76602796875E-07, -0.00278882317841919
1.7660475E-07, -0.00290741747867206
1.76606703125E-07, -0.00241446078552396
1.7660865625E-07, -0.00314408482609157
1.76610609375E-07, -0.00275373677952713
1.766125625E-07, -0.00381358108300051
1.76614515625E-07, -0.00301923630559826
1.7661646875E-07, -0.00336386572818082
1.76618421875E-07, -0.00293721878851799
1.76620375E-07, -0.00316281025100905
1.76622328125E-07, -0.00365232619515417
1.7662428125E-07, -0.00306391561722551
1.76626234375E-07, -0.0035321312523637
1.766281875E-07, -0.0025681924065842
1.76630140625E-07, -0.00264057026543378
1.7663209375E-07, -0.00285423906179495
1.76634046875E-07, -0.00298474717843335
1.76636E-07, -0.00322463130859044
1.76637953125E-07, -0.00308374686942755
1.7663990625E-07, -0.00249711490457722
1.76641859375E-07, -0.00213300288444158
1.766438125E-07, -0.00287687042737991
1.76645765625E-07, -0.0029751364022471
1.7664771875E-07, -0.00323678972675611
1.76649671875E-07, -0.00354123210060257
1.76651625E-07, -0.00309443493725715
1.76653578125E-07, -0.00293422720083864
1.7665553125E-07, -0.00314156692045975
1.76657484375E-07, -0.00299258599612718
1.766594375E-07, -0.00298963142630112
1.76661390625E-07, -0.00326605935265511
1.7666334375E-07, -0.00327096241521729
1.76665296875E-07, -0.00378010076629374
1.7666725E-07, -0.00289788350575001
1.76669203125E-07, -0.00265157080703839
1.7667115625E-07, -0.00272638426739908
1.76673109375E-07, -0.00305616837020427
1.766750625E-07, -0.00295801141432514
1.76677015625E-07, -0.0023047286437469
1.7667896875E-07, -0.00289548916568185
1.76680921875E-07, -0.00278126464877351
1.76682875E-07, -0.00218759033914475
1.76684828125E-07, -0.00324228622689821
1.7668678125E-07, -0.00302726046579291
1.76688734375E-07, -0.00343060730078187
1.766906875E-07, -0.00251821720602325
1.76692640625E-07, -0.00221565136610406
1.7669459375E-07, -0.00217410116252418
1.76696546875E-07, -0.00275248067157131
1.766985E-07, -0.00325107464650094
1.76700453125E-07, -0.00242982243170995
1.7670240625E-07, -0.00278160957905619
1.76704359375E-07, -0.002363021349139
1.767063125E-07, -0.00290639773404529
1.76708265625E-07, -0.00275059239410819
1.7671021875E-07, -0.00274294755407286
1.76712171875E-07, -0.00286407492680972
1.76714125E-07, -0.00258653508184539
1.76716078125E-07, -0.00268413879732073
1.7671803125E-07, -0.0024824087983528
1.76719984375E-07, -0.00311276690588845
1.767219375E-07, -0.00267072729463549
1.76723890625E-07, -0.00261838450975044
1.7672584375E-07, -0.00266406399128292
1.76727796875E-07, -0.0026603983974369
1.7672975E-07, -0.00334533410093367
1.76731703125E-07, -0.00321519839860118
1.7673365625E-07, -0.0030642909152881
1.76735609375E-07, -0.00325421738967204
1.767375625E-07, -0.00336716237982018
1.76739515625E-07, -0.00272574866987629
1.7674146875E-07, -0.00298958787311383
1.76743421875E-07, -0.00318628603463898
1.76745375E-07, -0.00323258551707945
1.76747328125E-07, -0.00310464629375491
1.7674928125E-07, -0.00341068984021469
1.76751234375E-07, -0.0035111721851068
1.767531875E-07, -0.00321589066304347
1.76755140625E-07, -0.00332223274036295
1.7675709375E-07, -0.0033191540026016
1.76759046875E-07, -0.00226771051686196
1.76761E-07, -0.00378390261841309
1.76762953125E-07, -0.00390538025566344
1.7676490625E-07, -0.00344794542181673
1.76766859375E-07, -0.00308387789849526
1.767688125E-07, -0.00304822600454896
1.76770765625E-07, -0.00415751385185856
1.7677271875E-07, -0.00387350592350407
1.76774671875E-07, -0.00387941002120836
1.76776625E-07, -0.00355895731856361
1.76778578125E-07, -0.00332699546098487
1.7678053125E-07, -0.0033484351596566
1.76782484375E-07, -0.00327823069353567
1.767844375E-07, -0.00331706486662831
1.76786390625E-07, -0.00339294366629305
1.7678834375E-07, -0.00292894678901675
1.76790296875E-07, -0.00357320038728496
1.7679225E-07, -0.0031296568234327
1.76794203125E-07, -0.00289487438053486
1.7679615625E-07, -0.00289278377650109
1.76798109375E-07, -0.00340454790306613
1.768000625E-07, -0.0023593677090964
1.76802015625E-07, -0.00255533677949486
1.7680396875E-07, -0.00180089920996329
1.76805921875E-07, -0.00227966556996806
1.76807875E-07, -0.00214725541267058
1.76809828125E-07, -0.00148034124965286
1.7681178125E-07, -0.00257192537298798
1.76813734375E-07, -0.00177324647037855
1.768156875E-07, -0.000878271384866034
1.76817640625E-07, -0.00130337860679225
1.7681959375E-07, -0.000623996641057471
1.76821546875E-07, -0.000596398377224873
1.768235E-07, 0.00022612019224338
1.76825453125E-07, -6.53994078675312E-05
1.7682740625E-07, 0.00055418979484799
1.76829359375E-07, 0.00182535264077302
1.768313125E-07, 0.000468320831289669
1.76833265625E-07, 0.002311678570775
1.7683521875E-07, 0.00151300679904388
1.76837171875E-07, 0.00171749955762115
1.76839125E-07, 0.0025959220731769
1.76841078125E-07, 0.00239700241650138
1.7684303125E-07, 0.00253390066984161
1.76844984375E-07, 0.00226713503415991
1.768469375E-07, 0.00204331174613613
1.76848890625E-07, 0.00339156298370336
1.7685084375E-07, 0.00379625581397147
1.76852796875E-07, 0.00490163932152267
1.7685475E-07, 0.00526695872556012
1.76856703125E-07, 0.00450304760467645
1.7685865625E-07, 0.00530071238490346
1.76860609375E-07, 0.00653235188227266
1.768625625E-07, 0.00527419741860463
1.76864515625E-07, 0.00588912546403932
1.7686646875E-07, 0.00370030128014792
1.76868421875E-07, 0.0056519163968654
1.76870375E-07, 0.00520066738338448
1.76872328125E-07, 0.00581412454040716
1.7687428125E-07, 0.00629689351415116
1.76876234375E-07, 0.00567526613498136
1.768781875E-07, 0.00588235025872242
1.76880140625E-07, 0.00512530267838653
1.7688209375E-07, 0.00530418401282337
1.76884046875E-07, 0.00582691810031366
1.76886E-07, 0.00564378918234289
1.76887953125E-07, 0.00680201458043985
1.7688990625E-07, 0.00566108163925618
1.76891859375E-07, 0.00571054502957579
1.768938125E-07, 0.00592198748547463
1.76895765625E-07, 0.00591147044803018
1.7689771875E-07, 0.00624657906385751
1.76899671875E-07, 0.00414057106095018
1.76901625E-07, 0.00414338371894639
1.76903578125E-07, 0.00512895018826652
1.7690553125E-07, 0.00483621457176827
1.76907484375E-07, 0.00373637849030095
1.769094375E-07, 0.00413872484069157
1.76911390625E-07, 0.00366411050252066
1.7691334375E-07, 0.00306101134537572
1.76915296875E-07, 0.00294257766583299
1.7691725E-07, 0.00265647560221915
1.76919203125E-07, 0.00349742197892875
1.7692115625E-07, 0.00126202247576615
1.76923109375E-07, 0.00180835669770294
1.769250625E-07, 0.00178201697182982
1.76927015625E-07, 0.00102897091483792
1.7692896875E-07, 0.000688059807904187
1.76930921875E-07, 0.000351262565165158
1.76932875E-07, 0.000419393716151771
1.76934828125E-07, -0.00062497403060056
1.7693678125E-07, 0.000704691754007697
1.76938734375E-07, -0.000248241397464348
1.769406875E-07, -0.00130026978824308
1.76942640625E-07, -0.0015150609913854
1.7694459375E-07, -0.00137931861582147
1.76946546875E-07, -0.00126698192883075
1.769485E-07, -0.00109307215046146
1.76950453125E-07, -0.00160761318034463
1.7695240625E-07, -0.00176733409604945
1.76954359375E-07, -0.00187787293011886
1.769563125E-07, -0.00325475163313765
1.76958265625E-07, -0.00296389106910165
1.7696021875E-07, -0.00302202263257405
1.76962171875E-07, -0.00265972864827436
1.76964125E-07, -0.0030330708583358
1.76966078125E-07, -0.00268452445819276
1.7696803125E-07, -0.00341324003637214
1.76969984375E-07, -0.00292989604634328
1.769719375E-07, -0.00275698858503487
1.76973890625E-07, -0.00244430728348159
1.7697584375E-07, -0.00322393325318804
1.76977796875E-07, -0.0026303490686009
1.7697975E-07, -0.00251189304709198
1.76981703125E-07, -0.00283645172714661
1.7698365625E-07, -0.0022633355084015
1.76985609375E-07, -0.00229136239341462
1.769875625E-07, -0.00259791272506166
1.76989515625E-07, -0.00282472105452236
1.7699146875E-07, -0.00211740654725944
1.76993421875E-07, -0.00182584555898273
1.76995375E-07, -0.00253380084716235
1.76997328125E-07, -0.00265073894594115
1.7699928125E-07, -0.00278252928169942
1.77001234375E-07, -0.00187565700737221
1.770031875E-07, -0.00154968603407109
1.77005140625E-07, -0.000880593966218041
1.7700709375E-07, -0.0011816018794585
1.77009046875E-07, -0.00171130331054272
1.77011E-07, -0.00105509630193702
1.77012953125E-07, -4.01195314822821E-05
1.7701490625E-07, -0.000268803313883192
1.77016859375E-07, -0.000620789656948584
1.770188125E-07, -0.00100484741817077
1.77020765625E-07, 0.00017775739537177
1.7702271875E-07, -6.8359650562369E-05
1.77024671875E-07, 0.000177046600578829
1.77026625E-07, 0.000631952480507547
1.77028578125E-07, 0.000151319895256357
1.7703053125E-07, 0.000503703027512572
1.77032484375E-07, 0.000854217677147546
1.770344375E-07, 0.000939311445731974
1.77036390625E-07, 0.00113946505359738
1.7703834375E-07, 0.000862831851520541
1.77040296875E-07, 0.00117827750528395
1.7704225E-07, 0.000987933463505695
1.77044203125E-07, 0.00133604295601492
1.7704615625E-07, 0.00156795246215615
1.77048109375E-07, 0.00192034929734049
1.770500625E-07, 0.00157216583442009
1.77052015625E-07, 0.00161122188368545
1.7705396875E-07, 0.00163051384767082
1.77055921875E-07, 0.00189308918739979
1.77057875E-07, 0.00175921727539882
1.77059828125E-07, 0.00202955060079626
1.7706178125E-07, 0.0020015005421549
1.77063734375E-07, 0.00236983206263907
1.770656875E-07, 0.00200213440819907
1.77067640625E-07, 0.00207953275903834
1.7706959375E-07, 0.00236161467910702
1.77071546875E-07, 0.00238994489354981
1.770735E-07, 0.0019559401261294
1.77075453125E-07, 0.00217074593692798
1.7707740625E-07, 0.00210368308168735
1.77079359375E-07, 0.00260931404484118
1.770813125E-07, 0.00205667735969803
1.77083265625E-07, 0.00194049995789801
1.7708521875E-07, 0.00200442223853236
1.77087171875E-07, 0.00215113474011468
1.77089125E-07, 0.00185298090722096
1.77091078125E-07, 0.00209001308756325
1.7709303125E-07, 0.00206065953256486
1.77094984375E-07, 0.00203470050292302
1.770969375E-07, 0.00198433575508752
1.77098890625E-07, 0.00240728503134311
1.7710084375E-07, 0.00244213902685011
1.77102796875E-07, 0.00169931020977976
1.7710475E-07, 0.00185582069689004
1.77106703125E-07, 0.00261633503082601
1.7710865625E-07, 0.00285721507380411
1.77110609375E-07, 0.00260982358846718
1.771125625E-07, 0.0013818941245188
1.77114515625E-07, 0.00246345733279865
1.7711646875E-07, 0.00208751410497255
1.77118421875E-07, 0.00290349726605928
1.77120375E-07, 0.00224747479763918
1.77122328125E-07, 0.00258586733753566
1.7712428125E-07, 0.00234767883254255
1.77126234375E-07, 0.00277854402100403
1.771281875E-07, 0.00202863324616553
1.77130140625E-07, 0.00335775262314678
1.7713209375E-07, 0.00294361327392719
1.77134046875E-07, 0.00222507621831907
1.77136E-07, 0.00366495969741598
1.77137953125E-07, 0.0031241916275711
1.7713990625E-07, 0.00400270142033139
1.77141859375E-07, 0.00378286061424718
1.771438125E-07, 0.00320621301481767
1.77145765625E-07, 0.0040403255826989
1.7714771875E-07, 0.00435791108644463
1.77149671875E-07, 0.00526719392179671
1.77151625E-07, 0.00475831100589029
1.77153578125E-07, 0.00510310451991101
1.7715553125E-07, 0.00398317078149422
1.77157484375E-07, 0.00274369514676963
1.771594375E-07, 0.00462459020285051
1.77161390625E-07, 0.00480810975807712
1.7716334375E-07, 0.00604449894731717
1.77165296875E-07, 0.00518066337773597
1.7716725E-07, 0.00621910287968162
1.77169203125E-07, 0.00487486122919918
1.7717115625E-07, 0.00695055051880944
1.77173109375E-07, 0.0067767090762044
1.771750625E-07, 0.00722960793119779
1.77177015625E-07, 0.00694667528191533
1.7717896875E-07, 0.0059616012034287
1.77180921875E-07, 0.00758197816099521
1.77182875E-07, 0.00764657074299372
1.77184828125E-07, 0.00773011055038221
1.7718678125E-07, 0.00835384320722764
1.77188734375E-07, 0.00788102534227826
1.771906875E-07, 0.00783129174119433
1.77192640625E-07, 0.00935163099102279
1.7719459375E-07, 0.00932850311945944
1.77196546875E-07, 0.00906804445216214
1.771985E-07, 0.00946786545094586
1.77200453125E-07, 0.00910012169519082
1.7720240625E-07, 0.00853922549756379
1.77204359375E-07, 0.00944312600647407
1.772063125E-07, 0.00963338111621909
1.77208265625E-07, 0.0101975245308588
1.7721021875E-07, 0.0099207194124819
1.77212171875E-07, 0.0094064588106049
1.77214125E-07, 0.0100314185999468
1.77216078125E-07, 0.0102844502646294
1.7721803125E-07, 0.0102785791908521
1.77219984375E-07, 0.00988993609050721
1.772219375E-07, 0.0100293153322204
1.77223890625E-07, 0.0102906850945829
1.7722584375E-07, 0.010572935562351
1.77227796875E-07, 0.0104010404032366
1.7722975E-07, 0.0104427444334932
1.77231703125E-07, 0.00965967521608551
1.7723365625E-07, 0.0104685004609231
1.77235609375E-07, 0.0104229990897266
1.772375625E-07, 0.00941142576425073
1.77239515625E-07, 0.00998476815572698
1.7724146875E-07, 0.00940557994869824
1.77243421875E-07, 0.00944885377611454
1.77245375E-07, 0.0102514126354729
1.77247328125E-07, 0.00889388397909326
1.7724928125E-07, 0.00940882822611947
1.77251234375E-07, 0.00914341831397357
1.772531875E-07, 0.00926877595067604
1.77255140625E-07, 0.00927138204177906
1.7725709375E-07, 0.00874501350659722
1.77259046875E-07, 0.0086531612708062
1.77261E-07, 0.00864147260694613
1.77262953125E-07, 0.00801425482559675
1.7726490625E-07, 0.00737201976996823
1.77266859375E-07, 0.008334681881466
1.772688125E-07, 0.00740450764725979
1.77270765625E-07, 0.00689506374687643
1.7727271875E-07, 0.00716379171866259
1.77274671875E-07, 0.00701822513790411
1.77276625E-07, 0.00701005847306524
1.77278578125E-07, 0.00589184885839042
1.7728053125E-07, 0.00594566393737492
1.77282484375E-07, 0.00578359267251073
1.772844375E-07, 0.00591088730908313
1.77286390625E-07, 0.00540016137757327
1.7728834375E-07, 0.00431505105489654
1.77290296875E-07, 0.00462670448863458
1.7729225E-07, 0.00465493065979699
1.77294203125E-07, 0.00449532375742616
1.7729615625E-07, 0.00327806159326786
1.77298109375E-07, 0.00340635662578954
1.773000625E-07, 0.00266126893074955
1.77302015625E-07, 0.00322209607125079
1.7730396875E-07, 0.00315225018662971
1.77305921875E-07, 0.0028494053997697
1.77307875E-07, 0.00303378858614705
1.77309828125E-07, 0.00211057086437057
1.7731178125E-07, 0.00258325131068039
1.77313734375E-07, 0.0013828801866861
1.773156875E-07, 0.00224585855872907
1.77317640625E-07, 0.00228530406612054
1.7731959375E-07, 0.00199304967075516
1.77321546875E-07, 0.00157489937632647
1.773235E-07, 0.00156132958572696
1.77325453125E-07, 0.000894510701449857
1.7732740625E-07, 0.000801421296411026
1.77329359375E-07, 5.95598767599808E-05
1.773313125E-07, 0.00020681653217698
1.77333265625E-07, 0.000873480334149962
1.7733521875E-07, -0.000285974307237948
1.77337171875E-07, 0.000290311326736569
1.77339125E-07, 0.000268919074968512
1.77341078125E-07, -0.00018364424035143
1.7734303125E-07, 0.000384140689507453
1.77344984375E-07, -0.000144079749886127
1.773469375E-07, -0.000675943160647426
1.77348890625E-07, -0.000742853158542858
1.7735084375E-07, -0.000544946445946068
1.77352796875E-07, -0.000427890643848459
1.7735475E-07, -0.000278453876730197
1.77356703125E-07, -0.00050117286230489
1.7735865625E-07, -0.000106751762898104
1.77360609375E-07, 0.000349172909027159
1.773625625E-07, -0.000800001164949048
1.77364515625E-07, -0.000750347500127814
1.7736646875E-07, -0.000770535532965387
1.77368421875E-07, -0.000271319732349678
1.77370375E-07, -0.000909412821422327
1.77372328125E-07, -0.000541330910104584
1.7737428125E-07, -0.00038975452548277
1.77376234375E-07, -0.000311456521872639
1.773781875E-07, -0.0011083399664931
1.77380140625E-07, -0.00166333356894446
1.7738209375E-07, -0.00151087068060872
1.77384046875E-07, -0.00106649012361869
1.77386E-07, -0.00127336499389063
1.77387953125E-07, -0.000657438895380186
1.7738990625E-07, -0.00151064192120079
1.77391859375E-07, -0.00100364889901013
1.773938125E-07, -0.00160429341985379
1.77395765625E-07, -0.000604677557578965
1.7739771875E-07, -0.00131292482164424
1.77399671875E-07, -0.00144205662039481
1.77401625E-07, -0.00132166322157525
1.77403578125E-07, -0.000989057032218222
1.7740553125E-07, -0.00124501447548944
1.77407484375E-07, -0.000851817191096162
1.774094375E-07, -0.00176238682458164
1.77411390625E-07, -0.00147243520215041
1.7741334375E-07, -0.0015576172544701
1.77415296875E-07, -0.000518759801453645
1.7741725E-07, -0.0010285592173544
1.77419203125E-07, -0.00105941907076062
1.7742115625E-07, -0.00070900435818062
1.77423109375E-07, -0.00115371518262999
1.774250625E-07, -0.00202074620890109
1.77427015625E-07, -0.00108758485840424
1.7742896875E-07, -0.00199301153193873
1.77430921875E-07, -0.00184749831489715
1.77432875E-07, -0.00211957555058275
1.77434828125E-07, -0.00197339219095612
1.7743678125E-07, -0.00106960338667572
1.77438734375E-07, -0.00216246815486631
1.774406875E-07, -0.00198365244820841
1.77442640625E-07, -0.0026237936468553
1.7744459375E-07, -0.00200493605989188
1.77446546875E-07, -0.00201001385363314
1.774485E-07, -0.00259712032024868
1.77450453125E-07, -0.00252969602002134
1.7745240625E-07, -0.00251043708733005
1.77454359375E-07, -0.00264208645078705
1.774563125E-07, -0.00273467068832297
1.77458265625E-07, -0.00292587641307858
1.7746021875E-07, -0.00352101466748361
1.77462171875E-07, -0.00286253253200915
1.77464125E-07, -0.00284525351646759
1.77466078125E-07, -0.00329677179924949
1.7746803125E-07, -0.00311322440857704
1.77469984375E-07, -0.00365558973763553
1.774719375E-07, -0.00390020792847885
1.77473890625E-07, -0.00342757484960627
1.7747584375E-07, -0.00318519527948398
1.77477796875E-07, -0.00374905044245086
1.7747975E-07, -0.00335783359994674
1.77481703125E-07, -0.00375526514270004
1.7748365625E-07, -0.00399799951449324
1.77485609375E-07, -0.00426047062994451
1.774875625E-07, -0.00377833144943981
1.77489515625E-07, -0.00428818069760292
1.7749146875E-07, -0.00399202609363595
1.77493421875E-07, -0.00444260692966689
1.77495375E-07, -0.00472293220418215
1.77497328125E-07, -0.00456884006497736
1.7749928125E-07, -0.00406812195597987
1.77501234375E-07, -0.00427073470041345
1.775031875E-07, -0.00470723739516079
1.77505140625E-07, -0.00460995985919967
1.7750709375E-07, -0.00490248997025804
1.77509046875E-07, -0.00428170494546452
1.77511E-07, -0.00484349408958632
1.77512953125E-07, -0.00480806088375948
1.7751490625E-07, -0.00425698634948787
1.77516859375E-07, -0.00460565093308296
1.775188125E-07, -0.00455248905362166
1.77520765625E-07, -0.00499190417110364
1.7752271875E-07, -0.00480019069701241
1.77524671875E-07, -0.00510082558108227
1.77526625E-07, -0.00508343678132687
1.77528578125E-07, -0.00505494461642252
1.7753053125E-07, -0.0049528069012233
1.77532484375E-07, -0.00474705497765287
1.775344375E-07, -0.00499304520331303
1.77536390625E-07, -0.00460965684719651
1.7753834375E-07, -0.00425297961955154
1.77540296875E-07, -0.00446066230607417
1.7754225E-07, -0.00456941798740943
1.77544203125E-07, -0.00465250771588134
1.7754615625E-07, -0.00416532231873635
1.77548109375E-07, -0.00427645823725173
1.775500625E-07, -0.00424959918361708
1.77552015625E-07, -0.00458605851126045
1.7755396875E-07, -0.00428174448529272
1.77555921875E-07, -0.00434583146929921
1.77557875E-07, -0.0044852230162661
1.77559828125E-07, -0.00411159482584751
1.7756178125E-07, -0.00386446254075029
1.77563734375E-07, -0.00407536094680441
1.775656875E-07, -0.00441537594648173
1.77567640625E-07, -0.00434285637431781
1.7756959375E-07, -0.00403192788894275
1.77571546875E-07, -0.00405988828005774
1.775735E-07, -0.00379556591648879
1.77575453125E-07, -0.00380813174010753
1.7757740625E-07, -0.00364892955232945
1.77579359375E-07, -0.00392992035473718
1.775813125E-07, -0.00363810067260531
1.77583265625E-07, -0.00372892364078245
1.7758521875E-07, -0.0035089066447247
1.77587171875E-07, -0.00341265807615565
1.77589125E-07, -0.00339476910664316
1.77591078125E-07, -0.00334888837088089
1.7759303125E-07, -0.00322705352804574
1.77594984375E-07, -0.00366791933633136
1.775969375E-07, -0.00302692420351115
1.77598890625E-07, -0.00318900288431957
1.7760084375E-07, -0.0034068504753469
1.77602796875E-07, -0.00324378996197659
1.7760475E-07, -0.00304214287622472
1.77606703125E-07, -0.00323120357480655
1.7760865625E-07, -0.00342361848855483
1.77610609375E-07, -0.00308753533522669
1.776125625E-07, -0.00247483780224822
1.77614515625E-07, -0.00226940888876153
1.7761646875E-07, -0.00299705072691219
1.77618421875E-07, -0.00310318463226455
1.77620375E-07, -0.0034166378798592
1.77622328125E-07, -0.00238233304462019
1.7762428125E-07, -0.00263604069919752
1.77626234375E-07, -0.00261849542474045
1.776281875E-07, -0.00286592389540662
1.77630140625E-07, -0.00269205306824059
1.7763209375E-07, -0.00293658626740595
1.77634046875E-07, -0.00243029803710984


