File Format, WaveformXYValues
Format Version, 1
Instrument, N1045A,04F,LOJ
SwVersion, A.06.71.21
SerialNumber, MY56260108
Date, 11/29/2023 14:10:49 GMT+08:00

Source Name, Channel 1A

Points, 2048
Signal Type, Unspecified
Channel Bandwidth, 2E+10
Channel Noise, 6.66857143682292E-05
X Units, Second
Y Units, Volt
Data, 
1.73636E-07, -0.0014992965110193
1.73637953125E-07, -0.00161970794468992
1.7363990625E-07, -0.00159840828266642
1.73641859375E-07, -0.00156037987160078
1.736438125E-07, -0.00167224008981949
1.73645765625E-07, -0.00120477534757549
1.7364771875E-07, -0.00141701889506146
1.73649671875E-07, -0.00152027863172393
1.73651625E-07, -0.00162920906157546
1.73653578125E-07, -0.00161632970064765
1.7365553125E-07, -0.00176812367817018
1.73657484375E-07, -0.00132178799915995
1.736594375E-07, -0.00179029381549485
1.73661390625E-07, -0.00161825203313862
1.7366334375E-07, -0.00185403861743076
1.73665296875E-07, -0.00229741090980069
1.7366725E-07, -0.00197392139584898
1.73669203125E-07, -0.00168132563822314
1.7367115625E-07, -0.00173494851992798
1.73673109375E-07, -0.00165198194445681
1.736750625E-07, -0.00160428834607355
1.73677015625E-07, -0.00157688989690622
1.7367896875E-07, -0.00199095343554785
1.73680921875E-07, -0.00182695247728212
1.73682875E-07, -0.00175358941737448
1.73684828125E-07, -0.00144823190428753
1.7368678125E-07, -0.00145679983434511
1.73688734375E-07, -0.00135176682408953
1.736906875E-07, -0.00201741014179536
1.73692640625E-07, -0.00224901989950446
1.7369459375E-07, -0.00153134786682644
1.73696546875E-07, -0.00208721943859795
1.736985E-07, -0.00172875824394492
1.73700453125E-07, -0.00210847253019111
1.7370240625E-07, -0.00163827522683779
1.73704359375E-07, -0.00191552421788753
1.737063125E-07, -0.00161472162629481
1.73708265625E-07, -0.00191311400379991
1.7371021875E-07, -0.00187578913626745
1.73712171875E-07, -0.00239149783926528
1.73714125E-07, -0.00168865348486207
1.73716078125E-07, -0.00158295449986516
1.7371803125E-07, -0.00172063473995926
1.73719984375E-07, -0.00169681297626934
1.737219375E-07, -0.00144880529748465
1.73723890625E-07, -0.00167126481040822
1.7372584375E-07, -0.00177252958884496
1.73727796875E-07, -0.00190497235782503
1.7372975E-07, -0.00185381586050213
1.73731703125E-07, -0.00213083618622616
1.7373365625E-07, -0.00229774022963055
1.73735609375E-07, -0.00243892185580645
1.737375625E-07, -0.00175003867514707
1.73739515625E-07, -0.00235084128115957
1.7374146875E-07, -0.00169955786256841
1.73743421875E-07, -0.00166591990662018
1.73745375E-07, -0.00190553632704735
1.73747328125E-07, -0.00179570122339159
1.7374928125E-07, -0.00177500147407861
1.73751234375E-07, -0.00149639157322995
1.737531875E-07, -0.00190565387514946
1.73755140625E-07, -0.00199027609532424
1.7375709375E-07, -0.0018685378710533
1.73759046875E-07, -0.00186977178777782
1.73761E-07, -0.00196612056475765
1.73762953125E-07, -0.00205723119188404
1.7376490625E-07, -0.00182715672379417
1.73766859375E-07, -0.00156749990963712
1.737688125E-07, -0.00183129194033586
1.73770765625E-07, -0.00186976514286295
1.7377271875E-07, -0.00204935803116571
1.73774671875E-07, -0.00220597730049698
1.73776625E-07, -0.00205239736995797
1.73778578125E-07, -0.00196389880505003
1.7378053125E-07, -0.0018588688663939
1.73782484375E-07, -0.0018526847316076
1.737844375E-07, -0.00206666691072202
1.73786390625E-07, -0.00220947418429175
1.7378834375E-07, -0.00187628125047671
1.73790296875E-07, -0.00191260445166087
1.7379225E-07, -0.00213595155881607
1.73794203125E-07, -0.00244395376909314
1.7379615625E-07, -0.00201815324808856
1.73798109375E-07, -0.0018282296447233
1.738000625E-07, -0.00220520548012182
1.73802015625E-07, -0.00215695521765861
1.7380396875E-07, -0.0022478976184124
1.73805921875E-07, -0.00207918973597422
1.73807875E-07, -0.0019622974190426
1.73809828125E-07, -0.00204485965194888
1.7381178125E-07, -0.002225976713952
1.73813734375E-07, -0.00206767498490456
1.738156875E-07, -0.00224849116567726
1.73817640625E-07, -0.00227071946372546
1.7381959375E-07, -0.00240362415985349
1.73821546875E-07, -0.00243664184548993
1.738235E-07, -0.00250842264149198
1.73825453125E-07, -0.00210420755430609
1.7382740625E-07, -0.00234246118050823
1.73829359375E-07, -0.00261020131901797
1.738313125E-07, -0.00228725902311874
1.73833265625E-07, -0.00244067851584012
1.7383521875E-07, -0.0022793625504463
1.73837171875E-07, -0.00260291985577396
1.73839125E-07, -0.00256203075434889
1.73841078125E-07, -0.00256068659485394
1.7384303125E-07, -0.00253069446441708
1.73844984375E-07, -0.00251446812686615
1.738469375E-07, -0.00275755829309867
1.73848890625E-07, -0.00249388490047002
1.7385084375E-07, -0.00292613488793241
1.73852796875E-07, -0.00268344202809019
1.7385475E-07, -0.00285080995608412
1.73856703125E-07, -0.00253598031412263
1.7385865625E-07, -0.00292337503049187
1.73860609375E-07, -0.00288383630101797
1.738625625E-07, -0.00282675983458542
1.73864515625E-07, -0.00293156391539485
1.7386646875E-07, -0.00326929365028112
1.73868421875E-07, -0.00308662442189573
1.73870375E-07, -0.00350405550747476
1.73872328125E-07, -0.00329099481156067
1.7387428125E-07, -0.00314151537234496
1.73876234375E-07, -0.00312236711292218
1.738781875E-07, -0.00330514351247789
1.73880140625E-07, -0.00359542549595725
1.7388209375E-07, -0.00375416299711014
1.73884046875E-07, -0.00367624722285924
1.73886E-07, -0.00360223753648386
1.73887953125E-07, -0.00349026699949578
1.7388990625E-07, -0.00331112072527552
1.73891859375E-07, -0.00385790936903964
1.738938125E-07, -0.00347796544100967
1.73895765625E-07, -0.00373905909407617
1.7389771875E-07, -0.00406722782026376
1.73899671875E-07, -0.00403088939950111
1.73901625E-07, -0.00388170790765816
1.73903578125E-07, -0.00391202378222334
1.7390553125E-07, -0.00382335349117208
1.73907484375E-07, -0.00426182229385832
1.739094375E-07, -0.00419601533824307
1.73911390625E-07, -0.00411129331806941
1.7391334375E-07, -0.00469314576373221
1.73915296875E-07, -0.00482744944690224
1.7391725E-07, -0.00390692795235074
1.73919203125E-07, -0.00422389854226738
1.7392115625E-07, -0.00477708218576275
1.73923109375E-07, -0.00472654342259047
1.739250625E-07, -0.00452815763614288
1.73927015625E-07, -0.00437200344637202
1.7392896875E-07, -0.00497283519102555
1.73930921875E-07, -0.00473821204963677
1.73932875E-07, -0.00493254581276712
1.73934828125E-07, -0.00522145041599513
1.7393678125E-07, -0.00470036145398135
1.73938734375E-07, -0.00497801237024537
1.739406875E-07, -0.00486291601752154
1.73942640625E-07, -0.00499481328161275
1.7394459375E-07, -0.00515512012026298
1.73946546875E-07, -0.00438052555337187
1.739485E-07, -0.00497935682539745
1.73950453125E-07, -0.0048649771386845
1.7395240625E-07, -0.00534354562620159
1.73954359375E-07, -0.00506440307681715
1.739563125E-07, -0.00525245852476092
1.73958265625E-07, -0.00526750621862626
1.7396021875E-07, -0.00521717558907798
1.73962171875E-07, -0.00543861046868765
1.73964125E-07, -0.00578755482705984
1.73966078125E-07, -0.00524031309316145
1.7396803125E-07, -0.0053807125191868
1.73969984375E-07, -0.00536937828922252
1.739719375E-07, -0.00515859784495865
1.73973890625E-07, -0.00499458017839442
1.7397584375E-07, -0.00467203000067294
1.73977796875E-07, -0.00504820296362672
1.7397975E-07, -0.00487434520240829
1.73981703125E-07, -0.00543695386464726
1.7398365625E-07, -0.00542769646158062
1.73985609375E-07, -0.00447116261652726
1.739875625E-07, -0.00510521249144576
1.73989515625E-07, -0.00491555342491684
1.7399146875E-07, -0.0046654920627555
1.73993421875E-07, -0.00409470631447498
1.73995375E-07, -0.00526713288647551
1.73997328125E-07, -0.00444755562730328
1.7399928125E-07, -0.00480024641000168
1.74001234375E-07, -0.00417655517423758
1.740031875E-07, -0.00483440857641299
1.74005140625E-07, -0.00322933091335472
1.7400709375E-07, -0.00416443791679059
1.74009046875E-07, -0.00391164766892259
1.74011E-07, -0.00389867523083143
1.74012953125E-07, -0.00296472370176738
1.7401490625E-07, -0.0035512507975406
1.74016859375E-07, -0.00240416523532549
1.740188125E-07, -0.0028915547331668
1.74020765625E-07, -0.00202707150447706
1.7402271875E-07, -0.0025408801120105
1.74024671875E-07, -0.00246516201091398
1.74026625E-07, -0.000764081728802383
1.74028578125E-07, -0.00279592056999526
1.7403053125E-07, -0.00118988971007581
1.74032484375E-07, -0.00164592442290343
1.740344375E-07, -0.00225908113595195
1.74036390625E-07, -0.000822318196771846
1.7403834375E-07, -0.000612173309167979
1.74040296875E-07, -0.000130915286551371
1.7404225E-07, 0.000320148521215197
1.74044203125E-07, -0.000496308152088068
1.7404615625E-07, -0.000100922328519881
1.74048109375E-07, 0.00178102222094226
1.740500625E-07, 0.000413170908731579
1.74052015625E-07, 0.00157480477462227
1.7405396875E-07, 0.00150154968783226
1.74055921875E-07, 0.00306295655326734
1.74057875E-07, 0.00266750152355802
1.74059828125E-07, 0.0023239100303626
1.7406178125E-07, 0.00307936181230703
1.74063734375E-07, 0.00287994216048839
1.740656875E-07, 0.00384823483274147
1.74067640625E-07, 0.0045192790029241
1.7406959375E-07, 0.00315152983788247
1.74071546875E-07, 0.00527210164346455
1.740735E-07, 0.0060333328017732
1.74075453125E-07, 0.00617006319656868
1.7407740625E-07, 0.00596361914632314
1.74079359375E-07, 0.00631554623233624
1.740813125E-07, 0.0075576112985558
1.74083265625E-07, 0.00774046054801568
1.7408521875E-07, 0.00649901191917297
1.74087171875E-07, 0.00950257987265236
1.74089125E-07, 0.00959324497053502
1.74091078125E-07, 0.00869746055093296
1.7409303125E-07, 0.00862504252103588
1.74094984375E-07, 0.0106244430443178
1.740969375E-07, 0.0103282000867326
1.74098890625E-07, 0.0111649450446228
1.7410084375E-07, 0.0114666439378967
1.74102796875E-07, 0.0132037701827154
1.7410475E-07, 0.011430409699787
1.74106703125E-07, 0.0125605703520721
1.7410865625E-07, 0.0133254799999321
1.74110609375E-07, 0.0145890455853077
1.741125625E-07, 0.0167686046853278
1.74114515625E-07, 0.0146901251492153
1.7411646875E-07, 0.0141999737462583
1.74118421875E-07, 0.0156204726071095
1.74120375E-07, 0.0186092319120428
1.74122328125E-07, 0.0181161468351637
1.7412428125E-07, 0.0173484110022798
1.74126234375E-07, 0.0183737358635383
1.741281875E-07, 0.0189283673316261
1.74130140625E-07, 0.0196880243255205
1.7413209375E-07, 0.0214786998094956
1.74134046875E-07, 0.0201237291752977
1.74136E-07, 0.0209939587863648
1.74137953125E-07, 0.022969579613687
1.7413990625E-07, 0.0226955184909578
1.74141859375E-07, 0.0249983386529212
1.741438125E-07, 0.0255761545471725
1.74145765625E-07, 0.023329739662884
1.7414771875E-07, 0.0243492087736551
1.74149671875E-07, 0.0242635669367528
1.74151625E-07, 0.0248902656789647
1.74153578125E-07, 0.027859076506585
1.7415553125E-07, 0.0273584417121561
1.74157484375E-07, 0.026418595493612
1.741594375E-07, 0.0278446784544386
1.74161390625E-07, 0.0276635172811282
1.7416334375E-07, 0.0286753126056861
1.74165296875E-07, 0.0292735551296206
1.7416725E-07, 0.0292086311413772
1.74169203125E-07, 0.0288974033570342
1.7417115625E-07, 0.0299758636845825
1.74173109375E-07, 0.0293093833191008
1.741750625E-07, 0.0298226048986234
1.74177015625E-07, 0.0318032275794942
1.7417896875E-07, 0.0311834431243574
1.74180921875E-07, 0.0322781786538318
1.74182875E-07, 0.0325040139831547
1.74184828125E-07, 0.0335327289597199
1.7418678125E-07, 0.0305585195495344
1.74188734375E-07, 0.0308557183605627
1.741906875E-07, 0.0337469659171209
1.74192640625E-07, 0.0345559468293809
1.7419459375E-07, 0.0339160674617143
1.74196546875E-07, 0.0289397674632001
1.741985E-07, 0.0342678627682851
1.74200453125E-07, 0.0347985563168401
1.7420240625E-07, 0.0333525602508826
1.74204359375E-07, 0.0342488437756186
1.742063125E-07, 0.0343226763765437
1.74208265625E-07, 0.0338922958230525
1.7421021875E-07, 0.0346449435340738
1.74212171875E-07, 0.0337834027878367
1.74214125E-07, 0.0337160473745966
1.74216078125E-07, 0.0342515106337007
1.7421803125E-07, 0.0276969907077323
1.74219984375E-07, 0.0336442297148215
1.742219375E-07, 0.0339980927926127
1.74223890625E-07, 0.0328728479151488
1.7422584375E-07, 0.0290442786615079
1.74227796875E-07, 0.0323255358699753
1.7422975E-07, 0.0236619170574272
1.74231703125E-07, 0.0279526272067459
1.7423365625E-07, 0.0280846473639095
1.74235609375E-07, 0.0289005208774214
1.742375625E-07, 0.0290231431805041
1.74239515625E-07, 0.0292036642264592
1.7424146875E-07, 0.0296620260144471
1.74243421875E-07, 0.025567882169827
1.74245375E-07, 0.0269345042875032
1.74247328125E-07, 0.0240998171550186
1.7424928125E-07, 0.0246530015134311
1.74251234375E-07, 0.0253587722467236
1.742531875E-07, 0.0208392495703531
1.74255140625E-07, 0.0234542758119683
1.7425709375E-07, 0.0224018610531786
1.74259046875E-07, 0.0199562988570404
1.74261E-07, 0.0218892192893199
1.74262953125E-07, 0.018378178743254
1.7426490625E-07, 0.0193009506213415
1.74266859375E-07, 0.0160842778304896
1.742688125E-07, 0.0142462091375987
1.74270765625E-07, 0.016678463095771
1.7427271875E-07, 0.011081704958423
1.74274671875E-07, 0.0133897691156601
1.74276625E-07, 0.0105983278408926
1.74278578125E-07, 0.00750870278386796
1.7428053125E-07, 0.00776249478505619
1.74282484375E-07, 0.00413919113577665
1.742844375E-07, 0.00376535875046893
1.74286390625E-07, 0.00332216831096242
1.7428834375E-07, 0.00163536529902053
1.74290296875E-07, -0.00939418311870201
1.7429225E-07, 0.000279528204651181
1.74294203125E-07, -0.00475744124710553
1.7429615625E-07, -0.00511588393775305
1.74298109375E-07, -0.0101738191085288
1.743000625E-07, -0.0115635470335339
1.74302015625E-07, -0.0118121507682408
1.7430396875E-07, -0.0168779495376082
1.74305921875E-07, -0.0197021346353363
1.74307875E-07, -0.0202305975055828
1.74309828125E-07, -0.0249548839678958
1.7431178125E-07, -0.0176614995803255
1.74313734375E-07, -0.020392320992556
1.743156875E-07, -0.0276213753231416
1.74317640625E-07, -0.0309874623821853
1.7431959375E-07, -0.0262224079000027
1.74321546875E-07, -0.0364429581752913
1.743235E-07, -0.0306948357849864
1.74325453125E-07, -0.0419696166582109
1.7432740625E-07, -0.0435265596152003
1.74329359375E-07, -0.039412825528475
1.743313125E-07, -0.039644789482128
1.74333265625E-07, -0.0489508700064915
1.7433521875E-07, -0.0465074192767141
1.74337171875E-07, -0.055161018348316
1.74339125E-07, -0.0497663278115511
1.74341078125E-07, -0.0569844496778228
1.7434303125E-07, -0.0625552892069066
1.74344984375E-07, -0.0557491112395188
1.743469375E-07, -0.063461393735915
1.74348890625E-07, -0.0680317458722482
1.7435084375E-07, -0.0591138438714273
1.74352796875E-07, -0.0722760578697555
1.7435475E-07, -0.0769075257936906
1.74356703125E-07, -0.0762333228129656
1.7435865625E-07, -0.0767430694629238
1.74360609375E-07, -0.0814554853127111
1.743625625E-07, -0.0741345941401842
1.74364515625E-07, -0.0743328249730733
1.7436646875E-07, -0.0863706001305721
1.74368421875E-07, -0.0902176413227129
1.74370375E-07, -0.0911329133264097
1.74372328125E-07, -0.0928255411979082
1.7437428125E-07, -0.0971415914506492
1.74376234375E-07, -0.0976406572892595
1.743781875E-07, -0.102059160852444
1.74380140625E-07, -0.102849168436925
1.7438209375E-07, -0.106671590170009
1.74384046875E-07, -0.100317013480866
1.74386E-07, -0.10800998760705
1.74387953125E-07, -0.105789370888212
1.7438990625E-07, -0.102932587011187
1.74391859375E-07, -0.110259593644752
1.743938125E-07, -0.115234570284916
1.74395765625E-07, -0.113144828607976
1.7439771875E-07, -0.108036521916261
1.74399671875E-07, -0.118653084983784
1.74401625E-07, -0.113271217804047
1.74403578125E-07, -0.112301475489992
1.7440553125E-07, -0.112304366262677
1.74407484375E-07, -0.118887425782695
1.744094375E-07, -0.120502672118451
1.74411390625E-07, -0.115841447011583
1.7441334375E-07, -0.116404171069587
1.74415296875E-07, -0.115466644908576
1.7441725E-07, -0.120199527954337
1.74419203125E-07, -0.120509552970976
1.7442115625E-07, -0.119377889554176
1.74423109375E-07, -0.121624033371992
1.744250625E-07, -0.116965877234403
1.74427015625E-07, -0.120240894404737
1.7442896875E-07, -0.110660023768651
1.74430921875E-07, -0.111936084130488
1.74432875E-07, -0.115111902988928
1.74434828125E-07, -0.116662598926561
1.7443678125E-07, -0.107376890851771
1.74438734375E-07, -0.112219152282097
1.744406875E-07, -0.111141531122619
1.74442640625E-07, -0.110634818028779
1.7444459375E-07, -0.103689638516621
1.74446546875E-07, -0.109799617371223
1.744485E-07, -0.0913880183494689
1.74450453125E-07, -0.0949397797819943
1.7445240625E-07, -0.0985331857274408
1.74454359375E-07, -0.0956590043170317
1.744563125E-07, -0.095008568376911
1.74458265625E-07, -0.0839672423816984
1.7446021875E-07, -0.0899931575145915
1.74462171875E-07, -0.0830647898668514
1.74464125E-07, -0.0737506715666672
1.74466078125E-07, -0.0593037819482201
1.7446803125E-07, -0.068428998038103
1.74469984375E-07, -0.0696493095997253
1.744719375E-07, -0.0576700159353814
1.74473890625E-07, -0.0506203884736545
1.7447584375E-07, -0.0411902395123215
1.74477796875E-07, -0.0557901715480367
1.7447975E-07, -0.055486064250956
1.74481703125E-07, -0.0533667849278852
1.7448365625E-07, -0.0362039571102863
1.74485609375E-07, -0.0326644951246953
1.744875625E-07, -0.0362752058968464
1.74489515625E-07, -0.0157668648350945
1.7449146875E-07, -0.0223227397658447
1.74493421875E-07, -0.0293388004313084
1.74495375E-07, -0.0123540270398075
1.74497328125E-07, -0.0101587499531485
1.7449928125E-07, -0.0135820401835609
1.74501234375E-07, -0.00495204043756232
1.745031875E-07, -0.00122233548433684
1.74505140625E-07, 0.010510303451509
1.7450709375E-07, 0.0198395265030511
1.74509046875E-07, 0.0162218278094806
1.74511E-07, 0.0245517739221462
1.74512953125E-07, 0.033152950445185
1.7451490625E-07, 0.0212521203327139
1.74516859375E-07, 0.0341869537437848
1.745188125E-07, 0.0364340382310851
1.74520765625E-07, 0.0300301351666722
1.7452271875E-07, 0.0381659640519385
1.74524671875E-07, 0.0420250307676631
1.74526625E-07, 0.0521633848999357
1.74528578125E-07, 0.0506832962271188
1.7453053125E-07, 0.0622181648690576
1.74532484375E-07, 0.0693959537018005
1.745344375E-07, 0.058890735045924
1.74536390625E-07, 0.0585431170522065
1.7453834375E-07, 0.0648257021249527
1.74540296875E-07, 0.0707930406406975
1.7454225E-07, 0.0837529835012439
1.74544203125E-07, 0.0706088592686364
1.7454615625E-07, 0.0730200023085299
1.74548109375E-07, 0.0874410558351602
1.745500625E-07, 0.0837132328065218
1.74552015625E-07, 0.0889833304121431
1.7455396875E-07, 0.0906047777730445
1.74555921875E-07, 0.0841013487215698
1.74557875E-07, 0.0972150613775589
1.74559828125E-07, 0.086533299993055
1.7456178125E-07, 0.0920936668667343
1.74563734375E-07, 0.096406048008437
1.745656875E-07, 0.0858911483511407
1.74567640625E-07, 0.0940432585246977
1.7456959375E-07, 0.0999805709402224
1.74571546875E-07, 0.100904931209748
1.745735E-07, 0.0971912489390958
1.74575453125E-07, 0.0907972406864549
1.7457740625E-07, 0.0979395966210056
1.74579359375E-07, 0.0983826328632724
1.745813125E-07, 0.0967928960411101
1.74583265625E-07, 0.0989907946854859
1.7458521875E-07, 0.0953140480685736
1.74587171875E-07, 0.0989534875913631
1.74589125E-07, 0.0917348635723746
1.74591078125E-07, 0.0885429353941104
1.7459303125E-07, 0.0934843264330739
1.74594984375E-07, 0.092913964453353
1.745969375E-07, 0.0936603502666434
1.74598890625E-07, 0.087960237794599
1.7460084375E-07, 0.0886055752243016
1.74602796875E-07, 0.0881028746247855
1.7460475E-07, 0.0892303652574886
1.74606703125E-07, 0.0854760856021614
1.7460865625E-07, 0.0773027733758024
1.74610609375E-07, 0.0751962415522227
1.746125625E-07, 0.0784056661455839
1.74614515625E-07, 0.072626739724385
1.7461646875E-07, 0.0738043662797709
1.74618421875E-07, 0.0751892098970204
1.74620375E-07, 0.0690722299009431
1.74622328125E-07, 0.0696078122344654
1.7462428125E-07, 0.0621628855012539
1.74626234375E-07, 0.0616201574024213
1.746281875E-07, 0.0644700606338809
1.74630140625E-07, 0.0555210036116155
1.7463209375E-07, 0.0590396333190209
1.74634046875E-07, 0.0587824946854615
1.74636E-07, 0.0499412941827311
1.74637953125E-07, 0.0488965650932828
1.7463990625E-07, 0.0505197423631802
1.74641859375E-07, 0.049436314848588
1.746438125E-07, 0.0459758517537981
1.74645765625E-07, 0.0410341567697981
1.7464771875E-07, 0.0445627769535639
1.74649671875E-07, 0.0474345386213929
1.74651625E-07, 0.0406194706736063
1.74653578125E-07, 0.0371204721692596
1.7465553125E-07, 0.0337497557113654
1.74657484375E-07, 0.035646440537342
1.746594375E-07, 0.0354593724585838
1.74661390625E-07, 0.0332459099441943
1.7466334375E-07, 0.0347880078134102
1.74665296875E-07, 0.0304099077207872
1.7466725E-07, 0.0292666154795419
1.74669203125E-07, 0.0294275132252047
1.7467115625E-07, 0.0269223526893416
1.74673109375E-07, 0.0262564214390287
1.746750625E-07, 0.0283375531833535
1.74677015625E-07, 0.0218918939190784
1.7467896875E-07, 0.0222783326642408
1.74680921875E-07, 0.0220652827932543
1.74682875E-07, 0.0219949806708083
1.74684828125E-07, 0.0242229023053261
1.7468678125E-07, 0.0222141877952848
1.74688734375E-07, 0.0220345193455961
1.746906875E-07, 0.0199023406573241
1.74692640625E-07, 0.0193863319036499
1.7469459375E-07, 0.0215266855515515
1.74696546875E-07, 0.0191803139959152
1.746985E-07, 0.0192855518675258
1.74700453125E-07, 0.0210191834358161
1.7470240625E-07, 0.018715809972987
1.74704359375E-07, 0.0187466253057118
1.747063125E-07, 0.0195771381147218
1.74708265625E-07, 0.0190243372833034
1.7471021875E-07, 0.0186733306278413
1.74712171875E-07, 0.0199231628629683
1.74714125E-07, 0.0203419817844451
1.74716078125E-07, 0.0188315264844489
1.7471803125E-07, 0.0187208179943431
1.74719984375E-07, 0.0193562760459003
1.747219375E-07, 0.018470895893086
1.74723890625E-07, 0.0198269504566888
1.7472584375E-07, 0.0192199215222961
1.74727796875E-07, 0.0194876345056461
1.7472975E-07, 0.0189184427806248
1.74731703125E-07, 0.0197984138567352
1.7473365625E-07, 0.0212278886206582
1.74735609375E-07, 0.020143935002456
1.747375625E-07, 0.0188564839409476
1.74739515625E-07, 0.0191960960844018
1.7474146875E-07, 0.019285466099703
1.74743421875E-07, 0.0193304226523031
1.74745375E-07, 0.0187580428647563
1.74747328125E-07, 0.0188100152405367
1.7474928125E-07, 0.0185731365756003
1.74751234375E-07, 0.0182280754515354
1.747531875E-07, 0.019138833838304
1.74755140625E-07, 0.0180595031347409
1.7475709375E-07, 0.0197603275878717
1.74759046875E-07, 0.0173557137226253
1.74761E-07, 0.0178741344185754
1.74762953125E-07, 0.0175912525032978
1.7476490625E-07, 0.0167697657778825
1.74766859375E-07, 0.0179537287780026
1.747688125E-07, 0.0157017311621539
1.74770765625E-07, 0.0149009184858089
1.7477271875E-07, 0.0147652779520625
1.74774671875E-07, 0.014276144162088
1.74776625E-07, 0.0139812605637995
1.74778578125E-07, 0.0144156969538387
1.7478053125E-07, 0.0139893122582062
1.74782484375E-07, 0.0122209634678881
1.747844375E-07, 0.0103203995072463
1.74786390625E-07, 0.0113127744145933
1.7478834375E-07, 0.00911756610678981
1.74790296875E-07, 0.00988112253763663
1.7479225E-07, 0.0105261414169203
1.74794203125E-07, 0.00889856170472036
1.7479615625E-07, 0.00758110877279308
1.74798109375E-07, 0.00596354184359748
1.748000625E-07, 0.00757565406406729
1.74802015625E-07, 0.00771204807555483
1.7480396875E-07, 0.00600302802682537
1.74805921875E-07, 0.00353489719557582
1.74807875E-07, 0.00384086066028176
1.74809828125E-07, 0.00454274227806195
1.7481178125E-07, 0.00267417307250279
1.74813734375E-07, 0.00131760904753688
1.748156875E-07, 0.000938627345623236
1.74817640625E-07, 0.000740140098664203
1.7481959375E-07, 0.00141478433422805
1.74821546875E-07, 0.000519372106690469
1.748235E-07, -0.000121752609022099
1.74825453125E-07, -0.00128099085671413
1.7482740625E-07, 0.000506731274490218
1.74829359375E-07, -0.00265512428354076
1.748313125E-07, -0.00267016917650077
1.74833265625E-07, -0.00463802813748981
1.7483521875E-07, -0.00424115822599855
1.74837171875E-07, -0.00392911924576838
1.74839125E-07, -0.00354831185299976
1.74841078125E-07, -0.00435418223429856
1.7484303125E-07, -0.00653050662415504
1.74844984375E-07, -0.00385876777789372
1.748469375E-07, -0.00553427123845747
1.74848890625E-07, -0.00666805943198402
1.7485084375E-07, -0.005368349076613
1.74852796875E-07, -0.00781146193566856
1.7485475E-07, -0.00664856509786662
1.74856703125E-07, -0.00693870493052418
1.7485865625E-07, -0.00790013920362072
1.74860609375E-07, -0.00660216764200793
1.748625625E-07, -0.00828775295893839
1.74864515625E-07, -0.00743976962113598
1.7486646875E-07, -0.00776760213399439
1.74868421875E-07, -0.00842646975799433
1.74870375E-07, -0.0075743793070804
1.74872328125E-07, -0.00719900254054804
1.7487428125E-07, -0.00852020116056924
1.74876234375E-07, -0.00861248909742891
1.748781875E-07, -0.00863175694320637
1.74880140625E-07, -0.0085165203525223
1.7488209375E-07, -0.00793561533223386
1.74884046875E-07, -0.00826271058271145
1.74886E-07, -0.00815150115101174
1.74887953125E-07, -0.0079679837001335
1.7488990625E-07, -0.00701212359506268
1.74891859375E-07, -0.00779548807884689
1.748938125E-07, -0.00617986814064623
1.74895765625E-07, -0.00756860265345456
1.7489771875E-07, -0.00695637108519646
1.74899671875E-07, -0.00596761722174999
1.74901625E-07, -0.00696582261063286
1.74903578125E-07, -0.00604227852458506
1.7490553125E-07, -0.00594516915483935
1.74907484375E-07, -0.00515867412815184
1.749094375E-07, -0.00496444317248305
1.74911390625E-07, -0.00487817513642248
1.7491334375E-07, -0.00453676442563809
1.74915296875E-07, -0.00549062978427696
1.7491725E-07, -0.00420311474723912
1.74919203125E-07, -0.00360320902994098
1.7492115625E-07, -0.00277442069523708
1.74923109375E-07, -0.00350209225178716
1.749250625E-07, -0.00301104877937958
1.74927015625E-07, -0.0034028256315069
1.7492896875E-07, -0.00194724391881581
1.74930921875E-07, -0.0014461033888545
1.74932875E-07, -0.00209388667674799
1.74934828125E-07, -0.00126487025867211
1.7493678125E-07, -0.000966570138136695
1.74938734375E-07, -0.000762636765288862
1.749406875E-07, -0.000711251983252382
1.74942640625E-07, -0.00102141802035958
1.7494459375E-07, -0.00122612184292737
1.74946546875E-07, -0.000111136123210946
1.749485E-07, 0.000359454915009898
1.74950453125E-07, 3.78635597829342E-05
1.7495240625E-07, -0.00064378678150743
1.74954359375E-07, 0.000913305006319506
1.749563125E-07, 0.000366722389184698
1.74958265625E-07, 0.000713983091129322
1.7496021875E-07, 0.00138330854874292
1.74962171875E-07, 0.000673999096752587
1.74964125E-07, 0.00178198389744509
1.74966078125E-07, 0.000692548843440235
1.7496803125E-07, 0.000476100158110971
1.74969984375E-07, 0.00124093957662614
1.749719375E-07, 0.00205311450317709
1.74973890625E-07, 0.00150427616087971
1.7497584375E-07, 0.00185250297120739
1.74977796875E-07, 0.00197409941477917
1.7497975E-07, 0.00237750985653788
1.74981703125E-07, 0.00230669988117481
1.7498365625E-07, 0.0022104285676009
1.74985609375E-07, 0.00179864452804557
1.749875625E-07, 0.002602467778436
1.74989515625E-07, 0.00236384234872368
1.7499146875E-07, 0.0016141396196301
1.74993421875E-07, 0.00201321705971388
1.74995375E-07, 0.00135846990373496
1.74997328125E-07, 0.00216768728565882
1.7499928125E-07, 0.000960284338930984
1.75001234375E-07, 0.00146951693052441
1.750031875E-07, 0.00112075843526528
1.75005140625E-07, 0.00165273534043272
1.7500709375E-07, 0.000583115785525925
1.75009046875E-07, 0.0015249140018557
1.75011E-07, 0.00126478412875024
1.75012953125E-07, 0.000330019581304753
1.7501490625E-07, 0.0015533512005328
1.75016859375E-07, -3.386743135343E-05
1.750188125E-07, 0.000272115659570103
1.75020765625E-07, -4.49512614726325E-05
1.7502271875E-07, 5.47345004613538E-05
1.75024671875E-07, -0.000716319256527119
1.75026625E-07, -0.000218511332239363
1.75028578125E-07, -0.000678820839631804
1.7503053125E-07, -0.000888563674185302
1.75032484375E-07, -0.00134088245317803
1.750344375E-07, -0.00188215629620764
1.75036390625E-07, -0.00188324326471534
1.7503834375E-07, -0.00218576789330259
1.75040296875E-07, -0.00329712755258846
1.7504225E-07, -0.00276832724652253
1.75044203125E-07, -0.00322839548384358
1.7504615625E-07, -0.00328331835476197
1.75048109375E-07, -0.00398169611148854
1.750500625E-07, -0.00449215027973688
1.75052015625E-07, -0.00381785868531572
1.7505396875E-07, -0.00498571075499389
1.75055921875E-07, -0.00560368639788262
1.75057875E-07, -0.00703871951530118
1.75059828125E-07, -0.00648878836499684
1.7506178125E-07, -0.00660672564318722
1.75063734375E-07, -0.0068226664438603
1.750656875E-07, -0.00772449311464357
1.75067640625E-07, -0.00761316080219726
1.7506959375E-07, -0.0108218344517608
1.75071546875E-07, -0.00930994380515907
1.750735E-07, -0.00969694709246577
1.75075453125E-07, -0.00967021069479791
1.7507740625E-07, -0.00939339460766574
1.75079359375E-07, -0.0114880547465792
1.750813125E-07, -0.0102827259126879
1.75083265625E-07, -0.0117951953416955
1.7508521875E-07, -0.011467332373367
1.75087171875E-07, -0.012268880955786
1.75089125E-07, -0.0133005981657183
1.75091078125E-07, -0.0150631387190533
1.7509303125E-07, -0.0138562852423224
1.75094984375E-07, -0.013639091800174
1.750969375E-07, -0.0144003651041528
1.75098890625E-07, -0.0176728084578299
1.7510084375E-07, -0.0165541770641075
1.75102796875E-07, -0.0159794363149928
1.7510475E-07, -0.0183643224861583
1.75106703125E-07, -0.0185886331613344
1.7510865625E-07, -0.0187023994955365
1.75110609375E-07, -0.0196128573383238
1.751125625E-07, -0.0178239275361935
1.75114515625E-07, -0.0206900544245453
1.7511646875E-07, -0.0216015471387932
1.75118421875E-07, -0.0216118185677516
1.75120375E-07, -0.0220127263641343
1.75122328125E-07, -0.0217657959421687
1.7512428125E-07, -0.0235199363244257
1.75126234375E-07, -0.0223466990745462
1.751281875E-07, -0.025024103946124
1.75130140625E-07, -0.0233354682347624
1.7513209375E-07, -0.0242464563916456
1.75134046875E-07, -0.0240130195668924
1.75136E-07, -0.0259469702918456
1.75137953125E-07, -0.0269053269070018
1.7513990625E-07, -0.0273831137950244
1.75141859375E-07, -0.0259938267053218
1.751438125E-07, -0.0291347805007874
1.75145765625E-07, -0.0282610762610619
1.7514771875E-07, -0.0271835701064526
1.75149671875E-07, -0.0272071814907921
1.75151625E-07, -0.0292605255614413
1.75153578125E-07, -0.0298474119807066
1.7515553125E-07, -0.0297277033632217
1.75157484375E-07, -0.030236973381427
1.751594375E-07, -0.0303327716932858
1.75161390625E-07, -0.0308024985785034
1.7516334375E-07, -0.029497625373258
1.75165296875E-07, -0.0312878232267044
1.7516725E-07, -0.0305587890464195
1.75169203125E-07, -0.031137562074131
1.7517115625E-07, -0.0311364413857851
1.75173109375E-07, -0.0318485802869095
1.751750625E-07, -0.0319803029345844
1.75177015625E-07, -0.0318677874601407
1.7517896875E-07, -0.0323972484809571
1.75180921875E-07, -0.0318852638387714
1.75182875E-07, -0.0322821946243125
1.75184828125E-07, -0.0314833556190449
1.7518678125E-07, -0.0321151976742996
1.75188734375E-07, -0.0325625537146314
1.751906875E-07, -0.0323693921034645
1.75192640625E-07, -0.0323931549886606
1.7519459375E-07, -0.031490217644127
1.75196546875E-07, -0.0321490736783143
1.751985E-07, -0.0315937901028848
1.75200453125E-07, -0.0317721240326442
1.7520240625E-07, -0.0317328234842078
1.75204359375E-07, -0.031466616561932
1.752063125E-07, -0.0319962223923984
1.75208265625E-07, -0.0308685193233935
1.7521021875E-07, -0.0298252329188456
1.75212171875E-07, -0.0311381234728208
1.75214125E-07, -0.0286843343458858
1.75216078125E-07, -0.0299658854263497
1.7521803125E-07, -0.0295457740111136
1.75219984375E-07, -0.0291625620732161
1.752219375E-07, -0.0303335628112064
1.75223890625E-07, -0.0285759410077371
1.7522584375E-07, -0.0303418683372029
1.75227796875E-07, -0.028319446510701
1.7522975E-07, -0.0255306884078462
1.75231703125E-07, -0.029184540507914
1.7523365625E-07, -0.0286089715856214
1.75235609375E-07, -0.0287112716795623
1.752375625E-07, -0.0278304381778006
1.75239515625E-07, -0.026813887483816
1.7524146875E-07, -0.0275978227661439
1.75243421875E-07, -0.0273498334861232
1.75245375E-07, -0.0267302878973755
1.75247328125E-07, -0.0273641661939994
1.7524928125E-07, -0.0258666720453654
1.75251234375E-07, -0.0252028128206804
1.752531875E-07, -0.0245725437313117
1.75255140625E-07, -0.0249505652894597
1.7525709375E-07, -0.025557950396379
1.75259046875E-07, -0.0241072033432341
1.75261E-07, -0.0243503517520267
1.75262953125E-07, -0.0225338252438928
1.7526490625E-07, -0.0219460582197371
1.75266859375E-07, -0.0236410486554967
1.752688125E-07, -0.022286571784451
1.75270765625E-07, -0.0214226032518069
1.7527271875E-07, -0.0214913216439697
1.75274671875E-07, -0.0218585186582292
1.75276625E-07, -0.0200009958050589
1.75278578125E-07, -0.0204509401214753
1.7528053125E-07, -0.0204021452498545
1.75282484375E-07, -0.0200253048912776
1.752844375E-07, -0.0196948817274552
1.75286390625E-07, -0.0194728992254394
1.7528834375E-07, -0.0197566449421111
1.75290296875E-07, -0.0187050319399822
1.7529225E-07, -0.0178959623106365
1.75294203125E-07, -0.0171930952954848
1.7529615625E-07, -0.0170643557861415
1.75298109375E-07, -0.0159562416211137
1.753000625E-07, -0.0171254477955655
1.75302015625E-07, -0.0158256167329315
1.7530396875E-07, -0.0154198796494138
1.75305921875E-07, -0.0152460886275126
1.75307875E-07, -0.0140143458028075
1.75309828125E-07, -0.0145182932356521
1.7531178125E-07, -0.0154468895688942
1.75313734375E-07, -0.0137217633408602
1.753156875E-07, -0.0133059154086384
1.75317640625E-07, -0.0113648107989669
1.7531959375E-07, -0.0135749599199342
1.75321546875E-07, -0.012001443808806
1.753235E-07, -0.0116960168176036
1.75325453125E-07, -0.0113340134045137
1.7532740625E-07, -0.0103508276129896
1.75329359375E-07, -0.0102572311452143
1.753313125E-07, -0.00788059728981732
1.75333265625E-07, -0.00852551259301438
1.7533521875E-07, -0.0102667754480831
1.75337171875E-07, -0.00895332251239921
1.75339125E-07, -0.00793070634049561
1.75341078125E-07, -0.00939533302261477
1.7534303125E-07, -0.00770995491780505
1.75344984375E-07, -0.00739156734613241
1.753469375E-07, -0.00720308110921342
1.75348890625E-07, -0.00636457302455258
1.7535084375E-07, -0.00501653513835851
1.75352796875E-07, -0.00623931781248868
1.7535475E-07, -0.0068584394918021
1.75356703125E-07, -0.00511065960960205
1.7535865625E-07, -0.00338373379567772
1.75360609375E-07, -0.00404642248033267
1.753625625E-07, -0.00488422773943954
1.75364515625E-07, -0.0039267414235898
1.7536646875E-07, -0.0030514970762727
1.75368421875E-07, -0.00337848400452722
1.75370375E-07, -0.00285474870079286
1.75372328125E-07, -0.00260182765078049
1.7537428125E-07, -0.00196766557456719
1.75376234375E-07, -0.00218486379870001
1.753781875E-07, -0.00108182311868433
1.75380140625E-07, -0.00158410029151083
1.7538209375E-07, -0.00136988869870132
1.75384046875E-07, -0.000661204058538026
1.75386E-07, -0.00116406562124129
1.75387953125E-07, -0.000143614217415479
1.7538990625E-07, 0.000168252735665899
1.75391859375E-07, 7.79165411720752E-05
1.753938125E-07, 0.000694934684862508
1.75395765625E-07, 0.000570530506638682
1.7539771875E-07, 0.00151624227625027
1.75399671875E-07, 0.00139853905712378
1.75401625E-07, 0.00160000917856679
1.75403578125E-07, 0.00167503826265515
1.7540553125E-07, 0.00167016215473538
1.75407484375E-07, 0.00180661416874757
1.754094375E-07, 0.00237845181656917
1.75411390625E-07, 0.00235879601450625
1.7541334375E-07, 0.00251483195139359
1.75415296875E-07, 0.00280178006984566
1.7541725E-07, 0.00210978875393983
1.75419203125E-07, 0.00284017368521491
1.7542115625E-07, 0.0015909532263616
1.75423109375E-07, 0.0033262573729542
1.754250625E-07, 0.00369013259127804
1.75427015625E-07, 0.00431937156716964
1.7542896875E-07, 0.00405388262034078
1.75430921875E-07, 0.00415087873449349
1.75432875E-07, 0.00438367313843629
1.75434828125E-07, 0.00479965625362919
1.7543678125E-07, 0.00380421968484964
1.75438734375E-07, 0.00463506205927194
1.754406875E-07, 0.00495450775607031
1.75442640625E-07, 0.00484899943227466
1.7544459375E-07, 0.00564776844279182
1.75446546875E-07, 0.00558507085317727
1.754485E-07, 0.00561129395416562
1.75450453125E-07, 0.00464865927796362
1.7545240625E-07, 0.00624701651862628
1.75454359375E-07, 0.00620283249569023
1.754563125E-07, 0.0056341167629895
1.75458265625E-07, 0.00526348812890621
1.7546021875E-07, 0.00611399538656401
1.75462171875E-07, 0.00767002595032
1.75464125E-07, 0.00688405834864887
1.75466078125E-07, 0.00722880293493087
1.7546803125E-07, 0.00751650672657397
1.75469984375E-07, 0.0076353418322154
1.754719375E-07, 0.00750575337283139
1.75473890625E-07, 0.00724180716892149
1.7547584375E-07, 0.00740758428746847
1.75477796875E-07, 0.00810606274326662
1.7547975E-07, 0.00806706539335273
1.75481703125E-07, 0.0085692572304112
1.7548365625E-07, 0.00840220925390432
1.75485609375E-07, 0.00902587714502711
1.754875625E-07, 0.00921737653935121
1.75489515625E-07, 0.0105707806485636
1.7549146875E-07, 0.00910246366864119
1.75493421875E-07, 0.0108784210618573
1.75495375E-07, 0.0099065014985513
1.75497328125E-07, 0.0106968516269238
1.7549928125E-07, 0.0109168374440145
1.75501234375E-07, 0.0107466373010456
1.755031875E-07, 0.0111474021554314
1.75505140625E-07, 0.0112444330064095
1.7550709375E-07, 0.0115861939298673
1.75509046875E-07, 0.0120277664666118
1.75511E-07, 0.012149789920559
1.75512953125E-07, 0.0123318675633831
1.7551490625E-07, 0.0123858184115452
1.75516859375E-07, 0.0121344019474506
1.755188125E-07, 0.0126057348968908
1.75520765625E-07, 0.0131151952761644
1.7552271875E-07, 0.0124578052941974
1.75524671875E-07, 0.0138681403060216
1.75526625E-07, 0.0118106428649535
1.75528578125E-07, 0.013364522755783
1.7553053125E-07, 0.0133914806970505
1.75532484375E-07, 0.0138888090281983
1.755344375E-07, 0.0137242039439725
1.75536390625E-07, 0.0138524927565423
1.7553834375E-07, 0.0136043770888551
1.75540296875E-07, 0.0142096978392721
1.7554225E-07, 0.0138134558476798
1.75544203125E-07, 0.0139780149294375
1.7554615625E-07, 0.0136600194136305
1.75548109375E-07, 0.0135380769413087
1.755500625E-07, 0.0137768424672521
1.75552015625E-07, 0.0138819778101892
1.7555396875E-07, 0.0140132098426102
1.75555921875E-07, 0.0137156909195462
1.75557875E-07, 0.0126787391972615
1.75559828125E-07, 0.0133656630324269
1.7556178125E-07, 0.0135393020188587
1.75563734375E-07, 0.0137556374297855
1.755656875E-07, 0.0133023117927542
1.75567640625E-07, 0.0130884258032381
1.7556959375E-07, 0.013305300425008
1.75571546875E-07, 0.0125531986549656
1.755735E-07, 0.0130850330692091
1.75575453125E-07, 0.0131713359653719
1.7557740625E-07, 0.0125680186883406
1.75579359375E-07, 0.0113987238645463
1.755813125E-07, 0.0119677495271296
1.75583265625E-07, 0.0122655226679919
1.7558521875E-07, 0.0117555964948314
1.75587171875E-07, 0.0111408382488532
1.75589125E-07, 0.0106860009378285
1.75591078125E-07, 0.0105284506367911
1.7559303125E-07, 0.0107069554449663
1.75594984375E-07, 0.0101893413773091
1.755969375E-07, 0.0101185241687324
1.75598890625E-07, 0.00940204547347432
1.7560084375E-07, 0.00975026981380276
1.75602796875E-07, 0.00986467398668381
1.7560475E-07, 0.00894455603563363
1.75606703125E-07, 0.00917674755795757
1.7560865625E-07, 0.00888913575724102
1.75610609375E-07, 0.00845981772509456
1.756125625E-07, 0.00810030196319515
1.75614515625E-07, 0.00756745285710195
1.7561646875E-07, 0.00702293498536752
1.75618421875E-07, 0.0077113596472399
1.75620375E-07, 0.00682917487021435
1.75622328125E-07, 0.00648430049768704
1.7562428125E-07, 0.00607414716550582
1.75626234375E-07, 0.00617548952129911
1.756281875E-07, 0.0064894615714417
1.75630140625E-07, 0.00671436483306021
1.7563209375E-07, 0.00631810132177356
1.75634046875E-07, 0.00550649790616363
1.75636E-07, 0.00570284463183265
1.75637953125E-07, 0.00600945294507735
1.7563990625E-07, 0.00463047668349459
1.75641859375E-07, 0.00452613874542594
1.756438125E-07, 0.00446110402320687
1.75645765625E-07, 0.00441935288341828
1.7564771875E-07, 0.00477612467443251
1.75649671875E-07, 0.0043427535405297
1.75651625E-07, 0.00476354967709088
1.75653578125E-07, 0.0038159386804823
1.7565553125E-07, 0.00434566663714291
1.75657484375E-07, 0.00388136049104688
1.756594375E-07, 0.00370044961685849
1.75661390625E-07, 0.00402628782760077
1.7566334375E-07, 0.00401384410459305
1.75665296875E-07, 0.0035481856799108
1.7566725E-07, 0.00330163964024458
1.75669203125E-07, 0.0037374966788165
1.7567115625E-07, 0.00422947954962739
1.75673109375E-07, 0.00462586963287959
1.756750625E-07, 0.00372861154158132
1.75677015625E-07, 0.00355016510207535
1.7567896875E-07, 0.00396408165041531
1.75680921875E-07, 0.00336086029033908
1.75682875E-07, 0.00393794326103519
1.75684828125E-07, 0.00415073018159847
1.7568678125E-07, 0.00510837435845744
1.75688734375E-07, 0.00405575901170809
1.756906875E-07, 0.00381875258940706
1.75692640625E-07, 0.0040763865086677
1.7569459375E-07, 0.00454874133225029
1.75696546875E-07, 0.00471671372037362
1.756985E-07, 0.00496017721736073
1.75700453125E-07, 0.00500591753483393
1.7570240625E-07, 0.00435863711942579
1.75704359375E-07, 0.00451872052462962
1.757063125E-07, 0.00487430093530459
1.75708265625E-07, 0.00534063681229764
1.7571021875E-07, 0.00561379797339485
1.75712171875E-07, 0.00571620370957248
1.75714125E-07, 0.00608013739492359
1.75716078125E-07, 0.00639473402411573
1.7571803125E-07, 0.00523059823773341
1.75719984375E-07, 0.00584138685145518
1.757219375E-07, 0.00628879862842368
1.75723890625E-07, 0.00667497497484221
1.7572584375E-07, 0.00697525937991278
1.75727796875E-07, 0.00703925336600127
1.7572975E-07, 0.0068924616339399
1.75731703125E-07, 0.00704473761074504
1.7573365625E-07, 0.00701130369005929
1.75735609375E-07, 0.00735325833088898
1.757375625E-07, 0.00687172822529531
1.75739515625E-07, 0.00718191319766605
1.7574146875E-07, 0.00763139791168644
1.75743421875E-07, 0.00769245524692948
1.75745375E-07, 0.00752208944976101
1.75747328125E-07, 0.00853109441628115
1.7574928125E-07, 0.00802224674001827
1.75751234375E-07, 0.00828591168450498
1.757531875E-07, 0.00871474825915107
1.75755140625E-07, 0.0086736554222412
1.7575709375E-07, 0.0086009393107007
1.75759046875E-07, 0.00902934898887312
1.75761E-07, 0.00874653774737204
1.75762953125E-07, 0.00893724175781932
1.7576490625E-07, 0.00943887745535794
1.75766859375E-07, 0.0101359052623158
1.757688125E-07, 0.00954467458225126
1.75770765625E-07, 0.00879575685840539
1.7577271875E-07, 0.00921798267899479
1.75774671875E-07, 0.00940339593783946
1.75776625E-07, 0.00951361266634407
1.75778578125E-07, 0.00884036030652686
1.7578053125E-07, 0.00926145637391023
1.75782484375E-07, 0.0096849102842296
1.757844375E-07, 0.00946616714640819
1.75786390625E-07, 0.0101939645092016
1.7578834375E-07, 0.00972377095231866
1.75790296875E-07, 0.00988284301506631
1.7579225E-07, 0.00982802705866719
1.75794203125E-07, 0.0106703685531618
1.7579615625E-07, 0.0105260232083818
1.75798109375E-07, 0.0100704843031174
1.758000625E-07, 0.00990210377644925
1.75802015625E-07, 0.0100212134181264
1.7580396875E-07, 0.0101795248152156
1.75805921875E-07, 0.0102225274789974
1.75807875E-07, 0.010663272574465
1.75809828125E-07, 0.0106102507952217
1.7581178125E-07, 0.0106777846261937
1.75813734375E-07, 0.0107531385206783
1.758156875E-07, 0.0106839802861651
1.75817640625E-07, 0.0104994578474741
1.7581959375E-07, 0.0110495203678476
1.75821546875E-07, 0.0108442830213523
1.758235E-07, 0.0111271932303672
1.75825453125E-07, 0.0110800851990036
1.7582740625E-07, 0.011021768560137
1.75829359375E-07, 0.0108386118655526
1.758313125E-07, 0.0112355424242111
1.75833265625E-07, 0.0109563356192738
1.7583521875E-07, 0.01139254161241
1.75837171875E-07, 0.0116120451667299
1.75839125E-07, 0.0114562667595664
1.75841078125E-07, 0.0117042584291463
1.7584303125E-07, 0.0117501995071308
1.75844984375E-07, 0.011378668800735
1.758469375E-07, 0.0115861096294996
1.75848890625E-07, 0.0118388161488654
1.7585084375E-07, 0.0117038681446732
1.75852796875E-07, 0.011699533693464
1.7585475E-07, 0.0114006678778364
1.75856703125E-07, 0.0120828469518259
1.7585865625E-07, 0.0124079066120328
1.75860609375E-07, 0.0122568717460602
1.758625625E-07, 0.0122638456724955
1.75864515625E-07, 0.0125229754421884
1.7586646875E-07, 0.0122550442284628
1.75868421875E-07, 0.012122330216637
1.75870375E-07, 0.0123375118647434
1.75872328125E-07, 0.012439100669099
1.7587428125E-07, 0.0125297532533951
1.75876234375E-07, 0.0124241613773213
1.758781875E-07, 0.0125976712776492
1.75880140625E-07, 0.0125503214452561
1.7588209375E-07, 0.0127142059892046
1.75884046875E-07, 0.0123990600886652
1.75886E-07, 0.0127846820854215
1.75887953125E-07, 0.0123910910804154
1.7588990625E-07, 0.0126759218065828
1.75891859375E-07, 0.0126939366784478
1.758938125E-07, 0.0127719089077607
1.75895765625E-07, 0.0121811307900689
1.7589771875E-07, 0.0128894062719842
1.75899671875E-07, 0.0118050215763371
1.75901625E-07, 0.0122551098240249
1.75903578125E-07, 0.0125307009134699
1.7590553125E-07, 0.0129046308354763
1.75907484375E-07, 0.0125486745674943
1.759094375E-07, 0.0127907877830401
1.75911390625E-07, 0.0123659173039726
1.7591334375E-07, 0.0125867974601849
1.75915296875E-07, 0.0126209326662282
1.7591725E-07, 0.0128309558864421
1.75919203125E-07, 0.0124348638185265
1.7592115625E-07, 0.012504070642629
1.75923109375E-07, 0.0123093210399103
1.759250625E-07, 0.0114060492085801
1.75927015625E-07, 0.0121144297026481
1.7592896875E-07, 0.0120076664099491
1.75930921875E-07, 0.0115279724991298
1.75932875E-07, 0.0109862152314953
1.75934828125E-07, 0.011728857709454
1.7593678125E-07, 0.0109248383921095
1.75938734375E-07, 0.0106025216882765
1.759406875E-07, 0.0119623220079367
1.75942640625E-07, 0.0116743447292766
1.7594459375E-07, 0.010813475013335
1.75946546875E-07, 0.010821181915169
1.759485E-07, 0.010965993025484
1.75950453125E-07, 0.00998474947165255
1.7595240625E-07, 0.010188549507846
1.75954359375E-07, 0.0102987782086936
1.759563125E-07, 0.00789398040200363
1.75958265625E-07, 0.00892534417516757
1.7596021875E-07, 0.00948089962436066
1.75962171875E-07, 0.00880036960578917
1.75964125E-07, 0.00777558740182605
1.75966078125E-07, 0.0086869574060641
1.7596803125E-07, 0.0084344624048174
1.75969984375E-07, 0.00760547963029637
1.759719375E-07, 0.00710572921411075
1.75973890625E-07, 0.00702403301511575
1.7597584375E-07, 0.00717322031917629
1.75977796875E-07, 0.00672565321583574
1.7597975E-07, 0.00467330737007964
1.75981703125E-07, 0.00599357530219642
1.7598365625E-07, 0.00502929410430299
1.75985609375E-07, 0.00468611444449514
1.759875625E-07, 0.00503985941624489
1.75989515625E-07, 0.00548360242881376
1.7599146875E-07, 0.00503647762065711
1.75993421875E-07, 0.00345128138988083
1.75995375E-07, 0.00298660469675259
1.75997328125E-07, 0.00383687927939542
1.7599928125E-07, 0.00191555994423963
1.76001234375E-07, 0.0022519928599642
1.760031875E-07, 0.00354857685544269
1.76005140625E-07, 0.000698716281716033
1.7600709375E-07, 0.00137139250444979
1.76009046875E-07, -0.00103694905964411
1.76011E-07, 0.000732094631170154
1.76012953125E-07, 0.00060982421224697
1.7601490625E-07, -0.00122079645767138
1.76016859375E-07, 3.41178184175877E-05
1.760188125E-07, -0.00329272801526629
1.76020765625E-07, -0.00148105143277137
1.7602271875E-07, -0.00245180826290539
1.76024671875E-07, -0.00488788287573758
1.76026625E-07, -0.00409714452082905
1.76028578125E-07, -0.00586231443666462
1.7603053125E-07, -0.005486978197205
1.76032484375E-07, -0.00442561592188309
1.760344375E-07, -0.00663491384411457
1.76036390625E-07, -0.00602488293902123
1.7603834375E-07, -0.00655416209622956
1.76040296875E-07, -0.00749172203488129
1.7604225E-07, -0.00789305034134344
1.76044203125E-07, -0.00738224459553137
1.7604615625E-07, -0.00955385669392629
1.76048109375E-07, -0.00763486976821438
1.760500625E-07, -0.00934431950744522
1.76052015625E-07, -0.00773942296051
1.7605396875E-07, -0.0102850092845576
1.76055921875E-07, -0.0114314424198797
1.76057875E-07, -0.0112996897801994
1.76059828125E-07, -0.0105343772673474
1.7606178125E-07, -0.0116085303657598
1.76063734375E-07, -0.0114259669621221
1.760656875E-07, -0.012736208676161
1.76067640625E-07, -0.0135613368438279
1.7606959375E-07, -0.0131285478485159
1.76071546875E-07, -0.0139617188071931
1.760735E-07, -0.0133372593634678
1.76075453125E-07, -0.0142725140897879
1.7607740625E-07, -0.0147663084212964
1.76079359375E-07, -0.0152253688010998
1.760813125E-07, -0.0140738971998585
1.76083265625E-07, -0.0164152263375167
1.7608521875E-07, -0.0160133644330779
1.76087171875E-07, -0.0154479193099386
1.76089125E-07, -0.0156235496664018
1.76091078125E-07, -0.0130951334983576
1.7609303125E-07, -0.0150816934319182
1.76094984375E-07, -0.0159853711391953
1.760969375E-07, -0.0165152212212097
1.76098890625E-07, -0.0157418095385832
1.7610084375E-07, -0.0162855831973742
1.76102796875E-07, -0.0172538820639162
1.7610475E-07, -0.016794792206422
1.76106703125E-07, -0.0160212608351253
1.7610865625E-07, -0.0164479522695155
1.76110609375E-07, -0.0165920614956933
1.761125625E-07, -0.015917267523951
1.76114515625E-07, -0.016718093794877
1.7611646875E-07, -0.0158950179355641
1.76118421875E-07, -0.0162577714059711
1.76120375E-07, -0.0153842887425305
1.76122328125E-07, -0.0159784516966642
1.7612428125E-07, -0.015836197617774
1.76126234375E-07, -0.0156339962908674
1.761281875E-07, -0.0153521728490406
1.76130140625E-07, -0.0150775963074658
1.7613209375E-07, -0.013702227873048
1.76134046875E-07, -0.0137413251686389
1.76136E-07, -0.0146764037825582
1.76137953125E-07, -0.0139327759355813
1.7613990625E-07, -0.0132467586598754
1.76141859375E-07, -0.0132777982822947
1.761438125E-07, -0.0132251053450698
1.76145765625E-07, -0.0124793151349321
1.7614771875E-07, -0.0119516869462689
1.76149671875E-07, -0.0116966481195899
1.76151625E-07, -0.0123434345879786
1.76153578125E-07, -0.0108037124462491
1.7615553125E-07, -0.0115558640962558
1.76157484375E-07, -0.0115990559898431
1.761594375E-07, -0.0114260834830655
1.76161390625E-07, -0.0111076463976267
1.7616334375E-07, -0.010389049768644
1.76165296875E-07, -0.00896401965523725
1.7616725E-07, -0.00963753485455631
1.76169203125E-07, -0.0102088332820748
1.7617115625E-07, -0.00936250099383088
1.76173109375E-07, -0.00888846347746712
1.761750625E-07, -0.00816318851227672
1.76177015625E-07, -0.00829797529412545
1.7617896875E-07, -0.00721513294420735
1.76180921875E-07, -0.00742690598394511
1.76182875E-07, -0.00706750523509786
1.76184828125E-07, -0.00676202331028211
1.7618678125E-07, -0.00714154306868359
1.76188734375E-07, -0.00661289142787724
1.761906875E-07, -0.00609484074179855
1.76192640625E-07, -0.00783705747601574
1.7619459375E-07, -0.00644339676526564
1.76196546875E-07, -0.0066927391945735
1.761985E-07, -0.00545834730669268
1.76200453125E-07, -0.00661618459289116
1.7620240625E-07, -0.00565072925818285
1.76204359375E-07, -0.00573732524213192
1.762063125E-07, -0.0066621608109498
1.76208265625E-07, -0.00471520174577275
1.7621021875E-07, -0.0060038788955603
1.76212171875E-07, -0.0055302853584749
1.76214125E-07, -0.00646778605038874
1.76216078125E-07, -0.00600471195611402
1.7621803125E-07, -0.00561956827026647
1.76219984375E-07, -0.00582968693548062
1.762219375E-07, -0.00584941578807882
1.76223890625E-07, -0.00546617980852654
1.7622584375E-07, -0.00632610874984761
1.76227796875E-07, -0.00589664358560414
1.7622975E-07, -0.00582306430025631
1.76231703125E-07, -0.00657497561170767
1.7623365625E-07, -0.00637567406161966
1.76235609375E-07, -0.00662818848704605
1.762375625E-07, -0.00667985104580834
1.76239515625E-07, -0.0063361037504042
1.7624146875E-07, -0.00730851439111417
1.76243421875E-07, -0.00647557586745934
1.76245375E-07, -0.00726733857637873
1.76247328125E-07, -0.00732936556444629
1.7624928125E-07, -0.00760695328039079
1.76251234375E-07, -0.00786276057390129
1.762531875E-07, -0.00777254928663684
1.76255140625E-07, -0.0083920854086216
1.7625709375E-07, -0.00893934990883451
1.76259046875E-07, -0.00856430292829764
1.76261E-07, -0.00846244946967135
1.76262953125E-07, -0.00828104001032919
1.7626490625E-07, -0.00848332572675589
1.76266859375E-07, -0.0084131601016569
1.762688125E-07, -0.00960189392592585
1.76270765625E-07, -0.009617772222623
1.7627271875E-07, -0.00948863642038072
1.76274671875E-07, -0.00925308702011114
1.76276625E-07, -0.0100512440016343
1.76278578125E-07, -0.0103980821538076
1.7628053125E-07, -0.0103645866987967
1.76282484375E-07, -0.0103413394794428
1.762844375E-07, -0.0101917389750148
1.76286390625E-07, -0.0102062040289165
1.7628834375E-07, -0.0110678488975276
1.76290296875E-07, -0.0104785228546867
1.7629225E-07, -0.0107935049736429
1.76294203125E-07, -0.0110203461576878
1.7629615625E-07, -0.00999954510922095
1.76298109375E-07, -0.0107174416042883
1.763000625E-07, -0.0111161840695098
1.76302015625E-07, -0.0105319217457807
1.7630396875E-07, -0.0110049384211186
1.76305921875E-07, -0.0108347058162679
1.76307875E-07, -0.0108730709577627
1.76309828125E-07, -0.0110270586331066
1.7631178125E-07, -0.0107871263963495
1.76313734375E-07, -0.0105897566045944
1.763156875E-07, -0.0108771657722905
1.76317640625E-07, -0.010652642004604
1.7631959375E-07, -0.0104785221562299
1.76321546875E-07, -0.0106697033930043
1.763235E-07, -0.0108368160934005
1.76325453125E-07, -0.00999208459306602
1.7632740625E-07, -0.010029999986645
1.76329359375E-07, -0.0100000311395286
1.763313125E-07, -0.0101437939812449
1.76333265625E-07, -0.0100880183190854
1.7633521875E-07, -0.00978365435694932
1.76337171875E-07, -0.0090655400548982
1.76339125E-07, -0.00948884730648285
1.76341078125E-07, -0.00953043921919936
1.7634303125E-07, -0.00878261004417711
1.76344984375E-07, -0.00896595063933828
1.763469375E-07, -0.00922011952377542
1.76348890625E-07, -0.00918539717665629
1.7635084375E-07, -0.00816430219858574
1.76352796875E-07, -0.00854825221588616
1.7635475E-07, -0.00792093544915552
1.76356703125E-07, -0.00742066518376242
1.7635865625E-07, -0.00814100546749122
1.76360609375E-07, -0.00668491012978852
1.763625625E-07, -0.00771818767045668
1.76364515625E-07, -0.00757887659958386
1.7636646875E-07, -0.00697130388645151
1.76368421875E-07, -0.00819666343314873
1.76370375E-07, -0.00627978140416536
1.76372328125E-07, -0.00750224238924118
1.7637428125E-07, -0.00675573758011924
1.76376234375E-07, -0.00663783605555409
1.763781875E-07, -0.00643368793000078
1.76380140625E-07, -0.00687741572055557
1.7638209375E-07, -0.00676819753107354
1.76384046875E-07, -0.00636801481768096
1.76386E-07, -0.00620614836772596
1.76387953125E-07, -0.00613101978945917
1.7638990625E-07, -0.0059394201832334
1.76391859375E-07, -0.00554006064176383
1.763938125E-07, -0.00541039756742844
1.76395765625E-07, -0.005561267070251
1.7639771875E-07, -0.00564772977182267
1.76399671875E-07, -0.00504722120710777
1.76401625E-07, -0.00512660614952482
1.76403578125E-07, -0.00496523729240177
1.7640553125E-07, -0.00504860610769986
1.76407484375E-07, -0.00486052417512341
1.764094375E-07, -0.00545437697220201
1.76411390625E-07, -0.00510148258406129
1.7641334375E-07, -0.00490849190698834
1.76415296875E-07, -0.00490455419626932
1.7641725E-07, -0.00488657170034302
1.76419203125E-07, -0.00483162504347481
1.7642115625E-07, -0.00476287843689774
1.76423109375E-07, -0.00455589607619562
1.764250625E-07, -0.00439978780076672
1.76427015625E-07, -0.00438771669542651
1.7642896875E-07, -0.00439518973284934
1.76430921875E-07, -0.0044930326646497
1.76432875E-07, -0.00433149733421781
1.76434828125E-07, -0.00425294762421135
1.7643678125E-07, -0.00407882256036515
1.76438734375E-07, -0.00419854931651265
1.764406875E-07, -0.00433108765335728
1.76442640625E-07, -0.0042850701986466
1.7644459375E-07, -0.00451083214374911
1.76446546875E-07, -0.00464275419287309
1.764485E-07, -0.00426841543826945
1.76450453125E-07, -0.00413892599791824
1.7645240625E-07, -0.00395954967845118
1.76454359375E-07, -0.0039611704572835
1.764563125E-07, -0.00411867685529652
1.76458265625E-07, -0.0045448487658757
1.7646021875E-07, -0.00486209051512111
1.76462171875E-07, -0.00440618282473473
1.76464125E-07, -0.00424042638622934
1.76466078125E-07, -0.00494070419178417
1.7646803125E-07, -0.00394423580918506
1.76469984375E-07, -0.00425988038598053
1.764719375E-07, -0.00444240882871525
1.76473890625E-07, -0.00391116183223921
1.7647584375E-07, -0.0041830461719162
1.76477796875E-07, -0.00426663630970821
1.7647975E-07, -0.00407989201807418
1.76481703125E-07, -0.00459432490778093
1.7648365625E-07, -0.00436234315817657
1.76485609375E-07, -0.0045894553225169
1.764875625E-07, -0.00439695488674329
1.76489515625E-07, -0.00479809247879373
1.7649146875E-07, -0.0040600907436117
1.76493421875E-07, -0.00473510014761948
1.76495375E-07, -0.00513609035576899
1.76497328125E-07, -0.00437598606860997
1.7649928125E-07, -0.00415799673990548
1.76501234375E-07, -0.00380090182389312
1.765031875E-07, -0.00356203488479091
1.76505140625E-07, -0.00442816383075569
1.7650709375E-07, -0.00424563732595981
1.76509046875E-07, -0.00405522466984224
1.76511E-07, -0.00384608186853243
1.76512953125E-07, -0.00397352563830607
1.7651490625E-07, -0.00424954025921421
1.76516859375E-07, -0.00421793855395459
1.765188125E-07, -0.00415183935977516
1.76520765625E-07, -0.00421501869398319
1.7652271875E-07, -0.00394838078622156
1.76524671875E-07, -0.00379342377110674
1.76526625E-07, -0.00429306905665036
1.76528578125E-07, -0.00424168273616655
1.7653053125E-07, -0.00386467233564062
1.76532484375E-07, -0.00383485175275808
1.765344375E-07, -0.00412910695528145
1.76536390625E-07, -0.00379872896158564
1.7653834375E-07, -0.00418404635553474
1.76540296875E-07, -0.00414229960106379
1.7654225E-07, -0.00411683481178226
1.76544203125E-07, -0.00402545130387152
1.7654615625E-07, -0.00392864432087567
1.76548109375E-07, -0.00382993712194836
1.765500625E-07, -0.00415212955807846
1.76552015625E-07, -0.00360950687805778
1.7655396875E-07, -0.00381853505142174
1.76555921875E-07, -0.00394688677112378
1.76557875E-07, -0.00377466562461085
1.76559828125E-07, -0.00404276899944244
1.7656178125E-07, -0.00360859434846718
1.76563734375E-07, -0.00382526494289664
1.765656875E-07, -0.00373384563891305
1.76567640625E-07, -0.00377795781210677
1.7656959375E-07, -0.00405182408655342
1.76571546875E-07, -0.00381684706040098
1.765735E-07, -0.00355488579533537
1.76575453125E-07, -0.00343912052146855
1.7657740625E-07, -0.00364167905905126
1.76579359375E-07, -0.00364993886477836
1.765813125E-07, -0.00384573650172478
1.76583265625E-07, -0.0038419620759159
1.7658521875E-07, -0.00389335333667763
1.76587171875E-07, -0.00344769206928298
1.76589125E-07, -0.00379286599120256
1.76591078125E-07, -0.00371605594647454
1.7659303125E-07, -0.00370654871531281
1.76594984375E-07, -0.00383534101651853
1.765969375E-07, -0.00377242138797009
1.76598890625E-07, -0.00403932497309781
1.7660084375E-07, -0.00358454051011032
1.76602796875E-07, -0.00369996023526397
1.7660475E-07, -0.00363354697777468
1.76606703125E-07, -0.0038029969541541
1.7660865625E-07, -0.00376177989021168
1.76610609375E-07, -0.00375052895024808
1.766125625E-07, -0.00401514671867669
1.76614515625E-07, -0.00408234692162738
1.7661646875E-07, -0.00371502619770882
1.76618421875E-07, -0.00391898509028337
1.76620375E-07, -0.00404839678310979
1.76622328125E-07, -0.00407844544445498
1.7662428125E-07, -0.00371694971516127
1.76626234375E-07, -0.0037816639540204
1.766281875E-07, -0.00381763273047132
1.76630140625E-07, -0.00368810934106041
1.7663209375E-07, -0.00389075900564582
1.76634046875E-07, -0.00359548002923455
1.76636E-07, -0.00355452298523081
1.76637953125E-07, -0.00372197034303804
1.7663990625E-07, -0.00352618398836457
1.76641859375E-07, -0.00369790033585973
1.766438125E-07, -0.00312174824724044
1.76645765625E-07, -0.00340211848017649
1.7664771875E-07, -0.00362037995758729
1.76649671875E-07, -0.00377828735829199
1.76651625E-07, -0.00359299979430773
1.76653578125E-07, -0.00361570442123863
1.7665553125E-07, -0.00356292991704932
1.76657484375E-07, -0.00331090208695297
1.766594375E-07, -0.00334171591352762
1.76661390625E-07, -0.00345645903516915
1.7666334375E-07, -0.00318323373810127
1.76665296875E-07, -0.0029437332594007
1.7666725E-07, -0.00319409030960721
1.76669203125E-07, -0.00303711588449936
1.7667115625E-07, -0.00311911162576728
1.76673109375E-07, -0.00302412390987461
1.766750625E-07, -0.00312574057749879
1.76677015625E-07, -0.00340652988975559
1.7667896875E-07, -0.00302290145343913
1.76680921875E-07, -0.00266834328684907
1.76682875E-07, -0.00300607640127666
1.76684828125E-07, -0.00299170275581073
1.7668678125E-07, -0.00291370464682512
1.76688734375E-07, -0.0030529516933615
1.766906875E-07, -0.00294209285536926
1.76692640625E-07, -0.00303660251206535
1.7669459375E-07, -0.00309863543352375
1.76696546875E-07, -0.00251209465643367
1.766985E-07, -0.00256993232188569
1.76700453125E-07, -0.00260956712395801
1.7670240625E-07, -0.00269975060673082
1.76704359375E-07, -0.00250753907108337
1.767063125E-07, -0.00273505780769444
1.76708265625E-07, -0.00235933649799259
1.7671021875E-07, -0.00233074880313164
1.76712171875E-07, -0.00268366314586519
1.76714125E-07, -0.002600334825059
1.76716078125E-07, -0.00255761347071475
1.7671803125E-07, -0.00228294598343838
1.76719984375E-07, -0.00225016289685466
1.767219375E-07, -0.00247751277751972
1.76723890625E-07, -0.00253138680781799
1.7672584375E-07, -0.00274691765936471
1.76727796875E-07, -0.00253712275532243
1.7672975E-07, -0.00260580322873229
1.76731703125E-07, -0.00252737443962002
1.7673365625E-07, -0.00255774342940823
1.76735609375E-07, -0.00246295905371107
1.767375625E-07, -0.00297856727797676
1.76739515625E-07, -0.00301040508605881
1.7674146875E-07, -0.00280673263692136
1.76743421875E-07, -0.00298962145545493
1.76745375E-07, -0.0028740393185338
1.76747328125E-07, -0.00258973649877181
1.7674928125E-07, -0.00313757583527877
1.76751234375E-07, -0.00309566164833214
1.767531875E-07, -0.00287293278551552
1.76755140625E-07, -0.00277474506449409
1.7675709375E-07, -0.00255724480239044
1.76759046875E-07, -0.0029521040394975
1.76761E-07, -0.00319241657722904
1.76762953125E-07, -0.00328623415696921
1.7676490625E-07, -0.00313523375223862
1.76766859375E-07, -0.00333796437524307
1.767688125E-07, -0.0032355256065692
1.76770765625E-07, -0.0032405451829808
1.7677271875E-07, -0.00321677588118055
1.76774671875E-07, -0.00338051240978484
1.76776625E-07, -0.00264308040087439
1.76778578125E-07, -0.00322207179080087
1.7678053125E-07, -0.0029825284279052
1.76782484375E-07, -0.00334196862235696
1.767844375E-07, -0.00253484883069606
1.76786390625E-07, -0.00345133244583164
1.7678834375E-07, -0.00402058115994519
1.76790296875E-07, -0.00317712403730615
1.7679225E-07, -0.00327377459471307
1.76794203125E-07, -0.00302843940176011
1.7679615625E-07, -0.00311471866316261
1.76798109375E-07, -0.00312532228333906
1.768000625E-07, -0.00351150694606494
1.76802015625E-07, -0.00325857454480214
1.7680396875E-07, -0.00282495666084287
1.76805921875E-07, -0.00242560248960323
1.76807875E-07, -0.00253596844224059
1.76809828125E-07, -0.00286296080234295
1.7681178125E-07, -0.002355655096964
1.76813734375E-07, -0.00280785629817585
1.768156875E-07, -0.00243367833609028
1.76817640625E-07, -0.00260067380846474
1.7681959375E-07, -0.0022269900417774
1.76821546875E-07, -0.00227084635079172
1.768235E-07, -0.00166078835068646
1.76825453125E-07, -0.0017132213187345
1.7682740625E-07, -0.00140186432327225
1.76829359375E-07, -0.00149402703711367
1.768313125E-07, -0.000556612627170469
1.76833265625E-07, -0.000255649904974427
1.7683521875E-07, -6.76596785286862E-05
1.76837171875E-07, -0.000881676591622516
1.76839125E-07, -0.000964672464896309
1.76841078125E-07, -8.98268605484013E-05
1.7684303125E-07, 0.000118807633647132
1.76844984375E-07, 0.000625276739838292
1.768469375E-07, 0.00164453980702247
1.76848890625E-07, 0.000577322466504422
1.7685084375E-07, 0.002206352518723
1.76852796875E-07, 0.0016352252289881
1.7685475E-07, 0.00180981337414297
1.76856703125E-07, 0.00172039071562426
1.7685865625E-07, 0.00261387618813743
1.76860609375E-07, 0.00308328237418638
1.768625625E-07, 0.00313897202376693
1.76864515625E-07, 0.00264723313687247
1.7686646875E-07, 0.00380438479265934
1.76868421875E-07, 0.00412814635252348
1.76870375E-07, 0.00497231830642505
1.76872328125E-07, 0.00433761015820173
1.7687428125E-07, 0.00484697861973478
1.76876234375E-07, 0.00561320573456495
1.768781875E-07, 0.00522635841726482
1.76880140625E-07, 0.00624421328721477
1.7688209375E-07, 0.00531673685658884
1.76884046875E-07, 0.00591210764078662
1.76886E-07, 0.00669675084283133
1.76887953125E-07, 0.00638089015466774
1.7688990625E-07, 0.0066693639600259
1.76891859375E-07, 0.00735700796693084
1.768938125E-07, 0.0069298346853788
1.76895765625E-07, 0.00738641994675354
1.7689771875E-07, 0.00737766705252448
1.76899671875E-07, 0.00663903883843634
1.76901625E-07, 0.00740340774721547
1.76903578125E-07, 0.00783652898066479
1.7690553125E-07, 0.00742314259682068
1.76907484375E-07, 0.00700344703523839
1.769094375E-07, 0.00830155383344394
1.76911390625E-07, 0.00769793302109498
1.7691334375E-07, 0.00785171625559636
1.76915296875E-07, 0.00745538576140671
1.7691725E-07, 0.00751735134245749
1.76919203125E-07, 0.00799149449387946
1.7692115625E-07, 0.00714171066295497
1.76923109375E-07, 0.0070100632500767
1.769250625E-07, 0.00684000676394257
1.76927015625E-07, 0.00686178102216072
1.7692896875E-07, 0.00766997113022913
1.76930921875E-07, 0.00665049699445322
1.76932875E-07, 0.00680087815512339
1.76934828125E-07, 0.00692820747285832
1.7693678125E-07, 0.00652108359174368
1.76938734375E-07, 0.00672219950823228
1.769406875E-07, 0.00616382840968142
1.76942640625E-07, 0.00584849584962616
1.7694459375E-07, 0.00588889033836487
1.76946546875E-07, 0.00543606543650847
1.769485E-07, 0.00503117207139709
1.76950453125E-07, 0.00458971399126893
1.7695240625E-07, 0.00452181595417014
1.76954359375E-07, 0.00440743643515975
1.769563125E-07, 0.00396471335086588
1.76958265625E-07, 0.0040294687556528
1.7696021875E-07, 0.00372284847458283
1.76962171875E-07, 0.00424628488548411
1.76964125E-07, 0.00322805319300392
1.76966078125E-07, 0.00301284135149463
1.7696803125E-07, 0.00329936766944379
1.76969984375E-07, 0.00267128996906573
1.769719375E-07, 0.00240365732876768
1.76973890625E-07, 0.00230702004804995
1.7697584375E-07, 0.00169062000246376
1.76977796875E-07, 0.00268535708863535
1.7697975E-07, 0.00165478676785131
1.76981703125E-07, 0.00156300173493145
1.7698365625E-07, 0.000889507323109343
1.76985609375E-07, 0.00118391937270081
1.769875625E-07, 0.000998413505821013
1.76989515625E-07, 0.000718661938721049
1.7699146875E-07, 0.00125009278940983
1.76993421875E-07, 0.00101056114678254
1.76995375E-07, 0.000584783507687973
1.76997328125E-07, 4.43301079856249E-05
1.7699928125E-07, 0.00096811880218041
1.77001234375E-07, 0.000438588796385945
1.770031875E-07, 0.000210049428014135
1.77005140625E-07, 0.000176733100749706
1.7700709375E-07, 0.000549818778148223
1.77009046875E-07, 0.000295820386192675
1.77011E-07, 0.000347667138030083
1.77012953125E-07, 0.000396817560505203
1.7701490625E-07, 0.000443909061930615
1.77016859375E-07, 0.000495689874464046
1.770188125E-07, 0.000186185504599101
1.77020765625E-07, 0.000154107183342837
1.7702271875E-07, 0.000862731633159477
1.77024671875E-07, 0.000637513740764017
1.77026625E-07, 0.000614869165848128
1.77028578125E-07, 0.000461237602992126
1.7703053125E-07, 0.00037903293356264
1.77032484375E-07, 0.000842452628123528
1.770344375E-07, 0.00112833244969055
1.77036390625E-07, 0.00107593271063629
1.7703834375E-07, 0.00126259311640166
1.77040296875E-07, 0.00189107397752617
1.7704225E-07, 0.00103758919238524
1.77044203125E-07, 0.00156401000421819
1.7704615625E-07, 0.00183248399363299
1.77048109375E-07, 0.00180900420111033
1.770500625E-07, 0.00169955854940428
1.77052015625E-07, 0.00217091048915781
1.7705396875E-07, 0.00277536631000854
1.77055921875E-07, 0.00246473234120646
1.77057875E-07, 0.0023727823564063
1.77059828125E-07, 0.00272221165951198
1.7706178125E-07, 0.00314587199857445
1.77063734375E-07, 0.00223888772394799
1.770656875E-07, 0.00314378334453177
1.77067640625E-07, 0.00239325618491669
1.7706959375E-07, 0.00308617400184473
1.77071546875E-07, 0.00385763255691693
1.770735E-07, 0.00297851072856176
1.77075453125E-07, 0.00378276285887173
1.7707740625E-07, 0.00312852326858667
1.77079359375E-07, 0.00341089677412754
1.770813125E-07, 0.00408601915223351
1.77083265625E-07, 0.00398431144008469
1.7708521875E-07, 0.00365721200872714
1.77087171875E-07, 0.00337669692364463
1.77089125E-07, 0.00360342811742023
1.77091078125E-07, 0.00377786269495632
1.7709303125E-07, 0.00367391034369107
1.77094984375E-07, 0.00385067041165386
1.770969375E-07, 0.0032158812787622
1.77098890625E-07, 0.00341215213160532
1.7710084375E-07, 0.00340072623857794
1.77102796875E-07, 0.00328434315857318
1.7710475E-07, 0.00391795045410133
1.77106703125E-07, 0.00364595404476015
1.7710865625E-07, 0.00343742013863459
1.77110609375E-07, 0.00349345089025338
1.771125625E-07, 0.00346728621882951
1.77114515625E-07, 0.00393631867983498
1.7711646875E-07, 0.00380829836882641
1.77118421875E-07, 0.003435689770336
1.77120375E-07, 0.003533030520575
1.77122328125E-07, 0.00332916152172345
1.7712428125E-07, 0.00285126564215746
1.77126234375E-07, 0.00343413051291512
1.771281875E-07, 0.00353917173928981
1.77130140625E-07, 0.00298183985191959
1.7713209375E-07, 0.00298458261903915
1.77134046875E-07, 0.00323251336355269
1.77136E-07, 0.00310736693349187
1.77137953125E-07, 0.00332180251640894
1.7713990625E-07, 0.00324445569347379
1.77141859375E-07, 0.0031607211507138
1.771438125E-07, 0.00332787542558073
1.77145765625E-07, 0.00302930579855269
1.7714771875E-07, 0.00322796385407615
1.77149671875E-07, 0.00331859477603699
1.77151625E-07, 0.00302355644621889
1.77153578125E-07, 0.00336319599267157
1.7715553125E-07, 0.00319657796662445
1.77157484375E-07, 0.00344091133576629
1.771594375E-07, 0.00333710991774238
1.77161390625E-07, 0.00317405305128422
1.7716334375E-07, 0.00356048968545735
1.77165296875E-07, 0.00323121762113989
1.7716725E-07, 0.00388943229524313
1.77169203125E-07, 0.00354067784247495
1.7717115625E-07, 0.0037781486399198
1.77173109375E-07, 0.00331074434998416
1.771750625E-07, 0.00339309666562293
1.77177015625E-07, 0.00391191336277617
1.7717896875E-07, 0.00370082963487474
1.77180921875E-07, 0.00372696747992083
1.77182875E-07, 0.00342068344152809
1.77184828125E-07, 0.00369976384084382
1.7718678125E-07, 0.00399462398687655
1.77188734375E-07, 0.00338595905663994
1.771906875E-07, 0.00396786337010209
1.77192640625E-07, 0.00342979799372585
1.7719459375E-07, 0.00384416363165085
1.77196546875E-07, 0.0037318116757481
1.771985E-07, 0.0041003367708739
1.77200453125E-07, 0.00419010055128593
1.7720240625E-07, 0.00457693135647531
1.77204359375E-07, 0.00403734259521626
1.772063125E-07, 0.00389098316637628
1.77208265625E-07, 0.00428849094528188
1.7721021875E-07, 0.0040109616022368
1.77212171875E-07, 0.00419414683162178
1.77214125E-07, 0.00428922548973289
1.77216078125E-07, 0.004713820644797
1.7721803125E-07, 0.00423208230829819
1.77219984375E-07, 0.00446129989562954
1.772219375E-07, 0.00437990878561433
1.77223890625E-07, 0.00404728811214055
1.7722584375E-07, 0.00453616187292738
1.77227796875E-07, 0.00393667425276673
1.7722975E-07, 0.00462979158245985
1.77231703125E-07, 0.00440634243546679
1.7723365625E-07, 0.00426319022790771
1.77235609375E-07, 0.00414587822418467
1.772375625E-07, 0.0039204184021321
1.77239515625E-07, 0.00414397205039107
1.7724146875E-07, 0.00407254174383951
1.77243421875E-07, 0.00409318034072012
1.77245375E-07, 0.00411149983684627
1.77247328125E-07, 0.0040846625217416
1.7724928125E-07, 0.00384490585918758
1.77251234375E-07, 0.00344773725419154
1.772531875E-07, 0.00389190911670922
1.77255140625E-07, 0.00344947601130272
1.7725709375E-07, 0.00364263603059145
1.77259046875E-07, 0.00383117113627414
1.77261E-07, 0.0035261917812612
1.77262953125E-07, 0.00398334517103226
1.7726490625E-07, 0.00328373089955238
1.77266859375E-07, 0.00359141243137646
1.772688125E-07, 0.00353017213902268
1.77270765625E-07, 0.00325021981929607
1.7727271875E-07, 0.00280735683057328
1.77274671875E-07, 0.00320063548518913
1.77276625E-07, 0.00275892130451533
1.77278578125E-07, 0.00273853407678243
1.7728053125E-07, 0.00296924899954217
1.77282484375E-07, 0.00250661268392742
1.772844375E-07, 0.00246019415744162
1.77286390625E-07, 0.00236872518962649
1.7728834375E-07, 0.00255403756825869
1.77290296875E-07, 0.00213054681941549
1.7729225E-07, 0.00218804390385101
1.77294203125E-07, 0.00189158084168826
1.7729615625E-07, 0.00189018092677747
1.77298109375E-07, 0.0022448520581198
1.773000625E-07, 0.00164430268207746
1.77302015625E-07, 0.00152793951424919
1.7730396875E-07, 0.00133269312407787
1.77305921875E-07, 0.00126315050355852
1.77307875E-07, 0.000881017798861825
1.77309828125E-07, 0.000985188519472078
1.7731178125E-07, 0.000716595421539948
1.77313734375E-07, 0.00106233154481857
1.773156875E-07, 0.000356199977518228
1.77317640625E-07, 0.000487974601895709
1.7731959375E-07, 4.61738053025459E-05
1.77321546875E-07, 5.05530390519599E-05
1.773235E-07, -0.000149608263964813
1.77325453125E-07, -0.000113858883581481
1.7732740625E-07, 0.000224655685227215
1.77329359375E-07, -0.000397845797390873
1.773313125E-07, -0.000441206518004225
1.77333265625E-07, -0.000269226011526633
1.7733521875E-07, -0.000359859317383487
1.77337171875E-07, -0.00061312244864667
1.77339125E-07, -0.000666919020851005
1.77341078125E-07, -0.00144565591199212
1.7734303125E-07, -0.000904554131257449
1.77344984375E-07, -0.000854954951663196
1.773469375E-07, -0.00115209158711254
1.77348890625E-07, -0.000691162331706332
1.7735084375E-07, -0.00161369706574705
1.77352796875E-07, -0.00128610572942071
1.7735475E-07, -0.00196088046016063
1.77356703125E-07, -0.0008266398261524
1.7735865625E-07, -0.00181365583056925
1.77360609375E-07, -0.00161028694018426
1.773625625E-07, -0.00184172057124851
1.77364515625E-07, -0.00164442891789101
1.7736646875E-07, -0.00148003332992048
1.77368421875E-07, -0.00162363683546777
1.77370375E-07, -0.00138599994352321
1.77372328125E-07, -0.00171286713528177
1.7737428125E-07, -0.00186097824406095
1.77376234375E-07, -0.00189769646771695
1.773781875E-07, -0.00081994577039009
1.77380140625E-07, -0.00198331751886189
1.7738209375E-07, -0.00169059255675862
1.77384046875E-07, -0.00180330686354856
1.77386E-07, -0.00150054133417462
1.77387953125E-07, -0.00167912923701426
1.7738990625E-07, -0.0018051989616084
1.77391859375E-07, -0.0017547794458004
1.773938125E-07, -0.00180098022164653
1.77395765625E-07, -0.00150630258640417
1.7739771875E-07, -0.00147318472298781
1.77399671875E-07, -0.00125466786547672
1.77401625E-07, -0.00118971501466026
1.77403578125E-07, -0.00151920444000495
1.7740553125E-07, -0.00148141488067877
1.77407484375E-07, -0.00115434581802904
1.774094375E-07, -0.00100169559602405
1.77411390625E-07, -0.00127867339390475
1.7741334375E-07, -0.00104996495504612
1.77415296875E-07, -0.00121387931205561
1.7741725E-07, -0.00148621028820022
1.77419203125E-07, -0.00133158623765095
1.7742115625E-07, -0.00097777008463944
1.77423109375E-07, -0.000636292173524931
1.774250625E-07, -0.00124114990400499
1.77427015625E-07, -0.00110194095281326
1.7742896875E-07, -0.000770011347270616
1.77430921875E-07, -0.000999184277661353
1.77432875E-07, -0.000708549210047117
1.77434828125E-07, -0.000672583634074856
1.7743678125E-07, -0.000803768292630053
1.77438734375E-07, -0.000715175113510489
1.774406875E-07, -0.00070832304294708
1.77442640625E-07, -0.000800403929267512
1.7744459375E-07, -0.000571709168172212
1.77446546875E-07, -0.000270110718233633
1.774485E-07, -0.000567923156372011
1.77450453125E-07, -0.000452277067415569
1.7745240625E-07, -0.00047228628308352
1.77454359375E-07, -0.000598068021454032
1.774563125E-07, -0.000810197208392967
1.77458265625E-07, -0.000249022713651742
1.7746021875E-07, -0.000670812665393033
1.77462171875E-07, -0.00112555829801486
1.77464125E-07, -0.000716800731315609
1.77466078125E-07, -0.000530295962725937
1.7746803125E-07, -0.000808725954878677
1.77469984375E-07, -0.000642913084520851
1.774719375E-07, -0.000752103992865718
1.77473890625E-07, -0.000706132053100343
1.7747584375E-07, -0.000908878142647004
1.77477796875E-07, -0.00097115802403132
1.7747975E-07, -0.00104497027245522
1.77481703125E-07, -0.00140776910870395
1.7748365625E-07, -0.00134566290936303
1.77485609375E-07, -0.00160590826445018
1.774875625E-07, -0.00180556161766858
1.77489515625E-07, -0.00185461711400577
1.7749146875E-07, -0.0012684845957655
1.77493421875E-07, -0.00138887704343875
1.77495375E-07, -0.0013328155414726
1.77497328125E-07, -0.00139534767339542
1.7749928125E-07, -0.00167635765393985
1.77501234375E-07, -0.00212746740890618
1.775031875E-07, -0.0016399368887566
1.77505140625E-07, -0.00180420119335028
1.7750709375E-07, -0.00223361643827515
1.77509046875E-07, -0.00191598106335868
1.77511E-07, -0.00273902868807542
1.77512953125E-07, -0.00208717282627751
1.7751490625E-07, -0.00216195354764395
1.77516859375E-07, -0.00246711127516818
1.775188125E-07, -0.00248602615366094
1.77520765625E-07, -0.00264074508784276
1.7752271875E-07, -0.00249300745878583
1.77524671875E-07, -0.00284859010036192
1.77526625E-07, -0.00290704771905849
1.77528578125E-07, -0.00242032983671858
1.7753053125E-07, -0.00248073819543344
1.77532484375E-07, -0.00285322267811481
1.775344375E-07, -0.00246394153706363
1.77536390625E-07, -0.00284796871712134
1.7753834375E-07, -0.00338233921611025
1.77540296875E-07, -0.00285996385990988
1.7754225E-07, -0.00296983523840635
1.77544203125E-07, -0.00314802689844864
1.7754615625E-07, -0.00276373451607667
1.77548109375E-07, -0.00314868514620529
1.775500625E-07, -0.00250972640844054
1.77552015625E-07, -0.00295397277863847
1.7755396875E-07, -0.00306578405298783
1.77555921875E-07, -0.00309460328173331
1.77557875E-07, -0.00292394298629475
1.77559828125E-07, -0.00342699980257954
1.7756178125E-07, -0.00321305140470169
1.77563734375E-07, -0.00233176612817617
1.775656875E-07, -0.00325086099291738
1.77567640625E-07, -0.00288262388061342
1.7756959375E-07, -0.00283075591720003
1.77571546875E-07, -0.00295561961091274
1.775735E-07, -0.0030703073424717
1.77575453125E-07, -0.00297168134935591
1.7757740625E-07, -0.0026700408638262
1.77579359375E-07, -0.00280538866202437
1.775813125E-07, -0.00285124541593031
1.77583265625E-07, -0.00228251904377409
1.7758521875E-07, -0.00265668118407106
1.77587171875E-07, -0.00255245054453196
1.77589125E-07, -0.00288742212419222
1.77591078125E-07, -0.00243283034366017
1.7759303125E-07, -0.00262286278708559
1.77594984375E-07, -0.0025371094422767
1.775969375E-07, -0.00249706507536629
1.77598890625E-07, -0.00264066557517778
1.7760084375E-07, -0.00196583153579482
1.77602796875E-07, -0.00219270298528742
1.7760475E-07, -0.00221385025723084
1.77606703125E-07, -0.00258195847461124
1.7760865625E-07, -0.00225786594452544
1.77610609375E-07, -0.00215874321850048
1.776125625E-07, -0.00239238061968288
1.77614515625E-07, -0.0021292483835797
1.7761646875E-07, -0.00203531245697951
1.77618421875E-07, -0.00210911283406785
1.77620375E-07, -0.00156211355987366
1.77622328125E-07, -0.00181600874780484
1.7762428125E-07, -0.00175541364749368
1.77626234375E-07, -0.00159735620896376
1.776281875E-07, -0.00156881273922257
1.77630140625E-07, -0.00163968122477396
1.7763209375E-07, -0.00190187215509329
1.77634046875E-07, -0.00131452362922913


