File Format, WaveformXYValues
Format Version, 1
Instrument, N1045A,04F,LOJ
SwVersion, A.06.71.21
SerialNumber, MY56260108
Date, 11/29/2023 13:21:36 GMT+08:00

Source Name, Channel 1A

Points, 2048
Signal Type, Unspecified
Channel Bandwidth, 2E+10
Channel Noise, 6.66857143682292E-05
X Units, Second
Y Units, Volt
Data, 
1.73636E-07, -0.00146432946860198
1.73637953125E-07, -0.000650405259928154
1.7363990625E-07, -0.00125538041927904
1.73641859375E-07, -0.000954787761730428
1.736438125E-07, -0.0011946676759804
1.73645765625E-07, -0.00110497783769378
1.7364771875E-07, -0.00109846049742071
1.73649671875E-07, -0.00107251807647301
1.73651625E-07, -0.0012725197782831
1.73653578125E-07, -0.00105753332712549
1.7365553125E-07, -0.00116583994989166
1.73657484375E-07, -0.000919002750717712
1.736594375E-07, -0.00139638224124007
1.73661390625E-07, -0.00119875917849682
1.7366334375E-07, -0.00117537831689261
1.73665296875E-07, -0.000966275596966535
1.7366725E-07, -0.00103842578895782
1.73669203125E-07, -0.00109917248145331
1.7367115625E-07, -0.00118789365389883
1.73673109375E-07, -0.00140477221096967
1.736750625E-07, -0.00141699624479485
1.73677015625E-07, -0.001181381917973
1.7367896875E-07, -0.00115696317784172
1.73680921875E-07, -0.00152047411183361
1.73682875E-07, -0.0010601303039103
1.73684828125E-07, -0.00151151679150191
1.7368678125E-07, -0.00158157311954702
1.73688734375E-07, -0.00142327860900026
1.736906875E-07, -0.00136041901490515
1.73692640625E-07, -0.0013627557051357
1.7369459375E-07, -0.00144377772756918
1.73696546875E-07, -0.00144252532461051
1.736985E-07, -0.00113553996239613
1.73700453125E-07, -0.00146331711092791
1.7370240625E-07, -0.00144484974505626
1.73704359375E-07, -0.00126308482545649
1.737063125E-07, -0.00140609173982691
1.73708265625E-07, -0.00122008044166037
1.7371021875E-07, -0.00141995841128111
1.73712171875E-07, -0.00134595227874302
1.73714125E-07, -0.00128641526967802
1.73716078125E-07, -0.00164708802442859
1.7371803125E-07, -0.000846915289398816
1.73719984375E-07, -0.00132178942309125
1.737219375E-07, -0.00125749476118402
1.73723890625E-07, -0.00153311356290339
1.7372584375E-07, -0.00136980824277774
1.73727796875E-07, -0.00146346871319592
1.7372975E-07, -0.00113120847966636
1.73731703125E-07, -0.00120398908590085
1.7373365625E-07, -0.00160843340235895
1.73735609375E-07, -0.00140615074757367
1.737375625E-07, -0.00146401454548132
1.73739515625E-07, -0.00122244963498588
1.7374146875E-07, -0.00139104114268919
1.73743421875E-07, -0.00137390134009912
1.73745375E-07, -0.00132107103117205
1.73747328125E-07, -0.00171807953696932
1.7374928125E-07, -0.001322058881164
1.73751234375E-07, -0.00145541862276807
1.737531875E-07, -0.00146879144801883
1.73755140625E-07, -0.00186489496744223
1.7375709375E-07, -0.00159421418867802
1.73759046875E-07, -0.00161476469010361
1.73761E-07, -0.00145602729583352
1.73762953125E-07, -0.00188675551268424
1.7376490625E-07, -0.00157312922608015
1.73766859375E-07, -0.00199408580057936
1.737688125E-07, -0.00143957902417823
1.73770765625E-07, -0.00150547844504315
1.7377271875E-07, -0.00158689604564806
1.73774671875E-07, -0.00240796793250266
1.73776625E-07, -0.0022959389255783
1.73778578125E-07, -0.00144567330521242
1.7378053125E-07, -0.00186242024533317
1.73782484375E-07, -0.00181707806905159
1.737844375E-07, -0.00156419668168245
1.73786390625E-07, -0.00117473474513747
1.7378834375E-07, -0.00151675403020221
1.73790296875E-07, -0.00150438877427815
1.7379225E-07, -0.00143411311544753
1.73794203125E-07, -0.000923766393250902
1.7379615625E-07, -0.00167998170417194
1.73798109375E-07, -0.00151081162699511
1.738000625E-07, -0.0012842578720747
1.73802015625E-07, -0.00189460481539767
1.7380396875E-07, -0.00149279913235386
1.73805921875E-07, -0.00186326795889552
1.73807875E-07, -0.0016769898772032
1.73809828125E-07, -0.001986007789346
1.7381178125E-07, -0.00192074882548383
1.73813734375E-07, -0.00223226248121782
1.738156875E-07, -0.0018502987209738
1.73817640625E-07, -0.00192861597173055
1.7381959375E-07, -0.00190468343140696
1.73821546875E-07, -0.00195409281522212
1.738235E-07, -0.00145801794320964
1.73825453125E-07, -0.00192029587216089
1.7382740625E-07, -0.00171603184372687
1.73829359375E-07, -0.0018445948554164
1.738313125E-07, -0.00204711070000364
1.73833265625E-07, -0.00206970022274548
1.7383521875E-07, -0.00238188735505918
1.73837171875E-07, -0.00232102286851373
1.73839125E-07, -0.00238717309746657
1.73841078125E-07, -0.00220106988925988
1.7384303125E-07, -0.00234707022360332
1.73844984375E-07, -0.00248200551873152
1.738469375E-07, -0.00221876113515588
1.73848890625E-07, -0.00272786446131249
1.7385084375E-07, -0.0025442851782354
1.73852796875E-07, -0.00224945717418381
1.7385475E-07, -0.00269557191426462
1.73856703125E-07, -0.00255824779861347
1.7385865625E-07, -0.00246783947471423
1.73860609375E-07, -0.0027753442675796
1.738625625E-07, -0.00278636179962696
1.73864515625E-07, -0.00286802325906844
1.7386646875E-07, -0.0029796765804003
1.73868421875E-07, -0.00305484456733038
1.73870375E-07, -0.00281515240214119
1.73872328125E-07, -0.00304134324909304
1.7387428125E-07, -0.00298633159132412
1.73876234375E-07, -0.00290904776931688
1.738781875E-07, -0.00287954569576186
1.73880140625E-07, -0.00352949277367276
1.7388209375E-07, -0.00312339145706294
1.73884046875E-07, -0.00344596401821219
1.73886E-07, -0.00344337147489773
1.73887953125E-07, -0.00362419710506838
1.7388990625E-07, -0.00371008695897008
1.73891859375E-07, -0.00366720620690547
1.738938125E-07, -0.00366659737266402
1.73895765625E-07, -0.00347566719222484
1.7389771875E-07, -0.00436346750951416
1.73899671875E-07, -0.00397978233943736
1.73901625E-07, -0.00385459076432411
1.73903578125E-07, -0.0039184841888435
1.7390553125E-07, -0.00377009491037475
1.73907484375E-07, -0.00433497193806045
1.739094375E-07, -0.00400816184726366
1.73911390625E-07, -0.00452045406900645
1.7391334375E-07, -0.0039497871066061
1.73915296875E-07, -0.0043166923412994
1.7391725E-07, -0.00451818207744242
1.73919203125E-07, -0.00370605222754968
1.7392115625E-07, -0.00481020038293965
1.73923109375E-07, -0.0044471377986506
1.739250625E-07, -0.00501069455604907
1.73927015625E-07, -0.00489325971051443
1.7392896875E-07, -0.004846899373699
1.73930921875E-07, -0.00501015990962294
1.73932875E-07, -0.00514385320992416
1.73934828125E-07, -0.00483328595480322
1.7393678125E-07, -0.00526574955411656
1.73938734375E-07, -0.00499335750855115
1.739406875E-07, -0.00530634627191941
1.73942640625E-07, -0.00498852901716774
1.7394459375E-07, -0.00504476501415187
1.73946546875E-07, -0.00464485131919657
1.739485E-07, -0.00528055667044929
1.73950453125E-07, -0.00469000284111946
1.7395240625E-07, -0.00539512935610727
1.73954359375E-07, -0.00551442842815248
1.739563125E-07, -0.00446801576823233
1.73958265625E-07, -0.00527412248081025
1.7396021875E-07, -0.00526633773579641
1.73962171875E-07, -0.00548166028026583
1.73964125E-07, -0.00509612849363473
1.73966078125E-07, -0.00491672335093194
1.7396803125E-07, -0.0053747221898038
1.73969984375E-07, -0.00524840178112168
1.739719375E-07, -0.00417078673648518
1.73973890625E-07, -0.00498874898595707
1.7397584375E-07, -0.00386604194536285
1.73977796875E-07, -0.00501969559166447
1.7397975E-07, -0.00498623657858455
1.73981703125E-07, -0.00456781463541444
1.7398365625E-07, -0.0050141287952481
1.73985609375E-07, -0.00493156043165522
1.739875625E-07, -0.00464926195452539
1.73989515625E-07, -0.00428579263198416
1.7399146875E-07, -0.00461603957532307
1.73993421875E-07, -0.00442747757929561
1.73995375E-07, -0.00451469301422911
1.73997328125E-07, -0.00353882373126908
1.7399928125E-07, -0.00452280214571629
1.74001234375E-07, -0.00434548420719695
1.740031875E-07, -0.00451190849256154
1.74005140625E-07, -0.00400299841211143
1.7400709375E-07, -0.00347152194133048
1.74009046875E-07, -0.00338457322488357
1.74011E-07, -0.00314165242675013
1.74012953125E-07, -0.00268252938448347
1.7401490625E-07, -0.00169708332314659
1.74016859375E-07, -0.00297087713967001
1.740188125E-07, -0.00246233235042645
1.74020765625E-07, -0.000982537634115985
1.7402271875E-07, -0.00225840964575893
1.74024671875E-07, -0.00132008340262443
1.74026625E-07, -0.00181171935034272
1.74028578125E-07, -0.00229100712173625
1.7403053125E-07, -0.00102005347287825
1.74032484375E-07, -0.00094327140302663
1.740344375E-07, -0.000434511402255717
1.74036390625E-07, -0.00109571158889184
1.7403834375E-07, 0.000385082008277874
1.74040296875E-07, -0.00065239875618762
1.7404225E-07, -0.00045949739132708
1.74044203125E-07, 0.000672577132698334
1.7404615625E-07, 0.00106492231711729
1.74048109375E-07, 0.00119949568353275
1.740500625E-07, 0.000661557249331533
1.74052015625E-07, 0.00327170734832415
1.7405396875E-07, 0.00311328996938198
1.74055921875E-07, 0.00298750948138046
1.74057875E-07, 0.00496965520801565
1.74059828125E-07, 0.00231089841325804
1.7406178125E-07, 0.00319442564139867
1.74063734375E-07, 0.00266047937048985
1.740656875E-07, 0.00467782500122801
1.74067640625E-07, 0.00549701133616135
1.7406959375E-07, 0.00505711409883971
1.74071546875E-07, 0.00453994935393689
1.740735E-07, 0.00586727075109613
1.74075453125E-07, 0.00597323151821155
1.7407740625E-07, 0.00700800114936006
1.74079359375E-07, 0.00802626350313531
1.740813125E-07, 0.00878189623472926
1.74083265625E-07, 0.00700447788171168
1.7408521875E-07, 0.008322497631022
1.74087171875E-07, 0.0100508345236253
1.74089125E-07, 0.00975359247349787
1.74091078125E-07, 0.0102124239781499
1.7409303125E-07, 0.00938551522128134
1.74094984375E-07, 0.0101584496074026
1.740969375E-07, 0.0103507401445784
1.74098890625E-07, 0.00986646520715535
1.7410084375E-07, 0.0123564774728384
1.74102796875E-07, 0.0130808565672822
1.7410475E-07, 0.0136464018941048
1.74106703125E-07, 0.0144700512400963
1.7410865625E-07, 0.0146643616037559
1.74110609375E-07, 0.0148422163057391
1.741125625E-07, 0.0151960041252109
1.74114515625E-07, 0.015350554193011
1.7411646875E-07, 0.0164607417153533
1.74118421875E-07, 0.0203865054533783
1.74120375E-07, 0.0164269926413764
1.74122328125E-07, 0.0193800066403606
1.7412428125E-07, 0.0183607153436387
1.74126234375E-07, 0.0199319638252699
1.741281875E-07, 0.0196422968823281
1.74130140625E-07, 0.0202312725254592
1.7413209375E-07, 0.021540592715282
1.74134046875E-07, 0.0217837176589433
1.74136E-07, 0.0227175908795499
1.74137953125E-07, 0.0233498410240412
1.7413990625E-07, 0.0227924856201854
1.74141859375E-07, 0.0238977354297933
1.741438125E-07, 0.024675505259853
1.74145765625E-07, 0.0258241176652636
1.7414771875E-07, 0.0257401108941928
1.74149671875E-07, 0.0269896537125217
1.74151625E-07, 0.026065537717124
1.74153578125E-07, 0.0262820703574494
1.7415553125E-07, 0.0286060635280923
1.74157484375E-07, 0.0278780626622198
1.741594375E-07, 0.0282019068399724
1.74161390625E-07, 0.0303019602457845
1.7416334375E-07, 0.0294404910987374
1.74165296875E-07, 0.0263508707624136
1.7416725E-07, 0.0288667387271239
1.74169203125E-07, 0.0293401773935486
1.7417115625E-07, 0.0309142335377552
1.74173109375E-07, 0.031178908567553
1.741750625E-07, 0.0301454487481402
1.74177015625E-07, 0.0319944064707746
1.7417896875E-07, 0.0330144845271327
1.74180921875E-07, 0.0333022679896577
1.74182875E-07, 0.0329575341124451
1.74184828125E-07, 0.03189238164225
1.7418678125E-07, 0.032972164992572
1.74188734375E-07, 0.0339885325733158
1.741906875E-07, 0.0331856791380788
1.74192640625E-07, 0.0340793107793547
1.7419459375E-07, 0.0333112093218926
1.74196546875E-07, 0.0337645936701005
1.741985E-07, 0.0343846403460017
1.74200453125E-07, 0.0331965725119618
1.7420240625E-07, 0.0352358458910843
1.74204359375E-07, 0.0347709272698405
1.742063125E-07, 0.0340407313889351
1.74208265625E-07, 0.0333678111481095
1.7421021875E-07, 0.0344127624165464
1.74212171875E-07, 0.0322466583156071
1.74214125E-07, 0.0320672010937522
1.74216078125E-07, 0.0329410275240793
1.7421803125E-07, 0.0327107013892927
1.74219984375E-07, 0.0336982826664749
1.742219375E-07, 0.0328919353853242
1.74223890625E-07, 0.0299622876276347
1.7422584375E-07, 0.0305509000619944
1.74227796875E-07, 0.0324154183807772
1.7422975E-07, 0.030694453973143
1.74231703125E-07, 0.0311511537475392
1.7423365625E-07, 0.0307267735202388
1.74235609375E-07, 0.0224588491219832
1.742375625E-07, 0.0282278889006673
1.74239515625E-07, 0.0280132376633452
1.7424146875E-07, 0.0270077106604747
1.74243421875E-07, 0.0263258780276878
1.74245375E-07, 0.0270536649278523
1.74247328125E-07, 0.0154516527290891
1.7424928125E-07, 0.0214909650742781
1.74251234375E-07, 0.021437078498711
1.742531875E-07, 0.0231368103860158
1.74255140625E-07, 0.0222768710537024
1.7425709375E-07, 0.0127775021987869
1.74259046875E-07, 0.0207483439394603
1.74261E-07, 0.0157197805192643
1.74262953125E-07, 0.0169358750697669
1.7426490625E-07, 0.0120361175886023
1.74266859375E-07, 0.0159403233077677
1.742688125E-07, 0.010860517986648
1.74270765625E-07, 0.0147539868637456
1.7427271875E-07, 0.0064002863726225
1.74274671875E-07, 0.00728467250390341
1.74276625E-07, 0.00427282548587829
1.74278578125E-07, 0.00122618752535912
1.7428053125E-07, 0.00204665697260293
1.74282484375E-07, 0.0020388966050352
1.742844375E-07, -0.0113910509897312
1.74286390625E-07, 0.00160478402473597
1.7428834375E-07, -0.00573503616013662
1.74290296875E-07, 0.00317819742562205
1.7429225E-07, 0.000295615584687357
1.74294203125E-07, -0.0058172190525776
1.7429615625E-07, -0.010936970121408
1.74298109375E-07, -0.0144206363019297
1.743000625E-07, -0.0120850028221064
1.74302015625E-07, -0.017194458124747
1.7430396875E-07, -0.0189230483248323
1.74305921875E-07, -0.0205863563341747
1.74307875E-07, -0.0217440825022637
1.74309828125E-07, -0.0271128717528868
1.7431178125E-07, -0.0241710189782641
1.74313734375E-07, -0.0282926584448897
1.743156875E-07, -0.0391319117788266
1.74317640625E-07, -0.0321953968727954
1.7431959375E-07, -0.039268053641387
1.74321546875E-07, -0.0379549221756597
1.743235E-07, -0.0424757968294688
1.74325453125E-07, -0.0419707184042888
1.7432740625E-07, -0.0464926759599813
1.74329359375E-07, -0.0522852691814102
1.743313125E-07, -0.0578576578183415
1.74333265625E-07, -0.0578417926879987
1.7433521875E-07, -0.0529997791110934
1.74337171875E-07, -0.0523207139596088
1.74339125E-07, -0.0572486602171478
1.74341078125E-07, -0.0687855106051262
1.7434303125E-07, -0.0615321410763866
1.74344984375E-07, -0.0633717392024189
1.743469375E-07, -0.0669217018809918
1.74348890625E-07, -0.0728142499580968
1.7435084375E-07, -0.073365210676454
1.74352796875E-07, -0.0765637742965063
1.7435475E-07, -0.0770507246584387
1.74356703125E-07, -0.0791958035301117
1.7435865625E-07, -0.081615013207801
1.74360609375E-07, -0.0800244259882059
1.743625625E-07, -0.0844266486640348
1.74364515625E-07, -0.089116704196807
1.7436646875E-07, -0.0915860330025191
1.74368421875E-07, -0.088190542439307
1.74370375E-07, -0.0975634436029165
1.74372328125E-07, -0.0935087873035726
1.7437428125E-07, -0.0927141447815671
1.74376234375E-07, -0.107401618178643
1.743781875E-07, -0.103671721039291
1.74380140625E-07, -0.10264281151285
1.7438209375E-07, -0.0963012455628998
1.74384046875E-07, -0.106316416934161
1.74386E-07, -0.109200802902633
1.74387953125E-07, -0.113907630334477
1.7438990625E-07, -0.110414451812318
1.74391859375E-07, -0.114161300924265
1.743938125E-07, -0.118952894093554
1.74395765625E-07, -0.115714654228178
1.7439771875E-07, -0.118316464370521
1.74399671875E-07, -0.120124784092329
1.74401625E-07, -0.109720550234806
1.74403578125E-07, -0.113529377241156
1.7440553125E-07, -0.121011705541967
1.74407484375E-07, -0.117862949783985
1.744094375E-07, -0.124289655895143
1.74411390625E-07, -0.123998613501277
1.7441334375E-07, -0.118622863420485
1.74415296875E-07, -0.123245355725136
1.7441725E-07, -0.117838158388266
1.74419203125E-07, -0.109993373249974
1.7442115625E-07, -0.122181600831468
1.74423109375E-07, -0.116662391392666
1.744250625E-07, -0.122327926566125
1.74427015625E-07, -0.103793048786168
1.7442896875E-07, -0.111100599792003
1.74430921875E-07, -0.11250508650866
1.74432875E-07, -0.118848043479012
1.74434828125E-07, -0.105260719364889
1.7443678125E-07, -0.109301003595581
1.74438734375E-07, -0.108348789320284
1.744406875E-07, -0.105176733013426
1.74442640625E-07, -0.102506436229328
1.7444459375E-07, -0.0964327687801993
1.74446546875E-07, -0.0952915998357972
1.744485E-07, -0.0962704219927245
1.74450453125E-07, -0.103664267148342
1.7445240625E-07, -0.0904048397867539
1.74454359375E-07, -0.0779141389326567
1.744563125E-07, -0.0830014907595718
1.74458265625E-07, -0.0898535027486316
1.7446021875E-07, -0.0840849680167954
1.74462171875E-07, -0.0755108276416604
1.74464125E-07, -0.0708716696179872
1.74466078125E-07, -0.0719323338248118
1.7446803125E-07, -0.060343239075831
1.74469984375E-07, -0.0639969078068378
1.744719375E-07, -0.0621233800432549
1.74473890625E-07, -0.0423302110023316
1.7447584375E-07, -0.0421353262755583
1.74477796875E-07, -0.0369410979195852
1.7447975E-07, -0.02032954925053
1.74481703125E-07, -0.0454754811238958
1.7448365625E-07, -0.0343148428226328
1.74485609375E-07, -0.0297019280710868
1.744875625E-07, -0.0239298721412101
1.74489515625E-07, -0.030202757888565
1.7449146875E-07, -0.00291590646980789
1.74493421875E-07, -0.0130514619835087
1.74495375E-07, -0.0165920004161832
1.74497328125E-07, -0.0042810317428199
1.7449928125E-07, -0.00225673948542847
1.74501234375E-07, 0.00995854593197532
1.745031875E-07, 0.00886054322813474
1.74505140625E-07, 0.0260189850168121
1.7450709375E-07, 0.0205099007491425
1.74509046875E-07, 0.0255800755504681
1.74511E-07, 0.0270879141242272
1.74512953125E-07, 0.033500986345787
1.7451490625E-07, 0.0376824458374717
1.74516859375E-07, 0.0440118387947935
1.745188125E-07, 0.0424048880326813
1.74520765625E-07, 0.0453583670934658
1.7452271875E-07, 0.0561738872333356
1.74524671875E-07, 0.0488876537105874
1.74526625E-07, 0.0613517247041141
1.74528578125E-07, 0.0571433267757945
1.7453053125E-07, 0.0584372041061513
1.74532484375E-07, 0.0568875009990165
1.745344375E-07, 0.0679656350670706
1.74536390625E-07, 0.083663378782549
1.7453834375E-07, 0.076603507625518
1.74540296875E-07, 0.074118085163187
1.7454225E-07, 0.0758944069047773
1.74544203125E-07, 0.0876585592862039
1.7454615625E-07, 0.0889220576703375
1.74548109375E-07, 0.0823941519681944
1.745500625E-07, 0.0895973249687116
1.74552015625E-07, 0.0930770106121561
1.7455396875E-07, 0.0939997950437617
1.74555921875E-07, 0.0926207417259274
1.74557875E-07, 0.0989642283286897
1.74559828125E-07, 0.0909863777635065
1.7456178125E-07, 0.0854061898409481
1.74563734375E-07, 0.0970036792866818
1.745656875E-07, 0.0968919242461499
1.74567640625E-07, 0.0986567040949382
1.7456959375E-07, 0.100922306988797
1.74571546875E-07, 0.0986397686860604
1.745735E-07, 0.0964554538925876
1.74575453125E-07, 0.102735222485169
1.7457740625E-07, 0.0984492354078265
1.74579359375E-07, 0.0955002543551228
1.745813125E-07, 0.0997670001333728
1.74583265625E-07, 0.0867775389392938
1.7458521875E-07, 0.0935550492148936
1.74587171875E-07, 0.0956836999471705
1.74589125E-07, 0.0922205018348372
1.74591078125E-07, 0.0927793628169273
1.7459303125E-07, 0.0900724814298238
1.74594984375E-07, 0.0892647715399068
1.745969375E-07, 0.0897570598963885
1.74598890625E-07, 0.0874971446316039
1.7460084375E-07, 0.0829760854192818
1.74602796875E-07, 0.0828634133783694
1.7460475E-07, 0.07971106837989
1.74606703125E-07, 0.0793608519492348
1.7460865625E-07, 0.0760865880004511
1.74610609375E-07, 0.0758156813017981
1.746125625E-07, 0.0756264588746222
1.74614515625E-07, 0.0663245695653351
1.7461646875E-07, 0.0712471536374783
1.74618421875E-07, 0.0702702305678065
1.74620375E-07, 0.0658996185842296
1.74622328125E-07, 0.0680410417994487
1.7462428125E-07, 0.0575908677334564
1.74626234375E-07, 0.0542189756390758
1.746281875E-07, 0.0542967717767011
1.74630140625E-07, 0.0577618726458654
1.7463209375E-07, 0.0569518166354317
1.74634046875E-07, 0.0545353883641644
1.74636E-07, 0.0496485610795388
1.74637953125E-07, 0.0484670952563771
1.7463990625E-07, 0.0492651333950538
1.74641859375E-07, 0.043492460360396
1.746438125E-07, 0.0459481102401248
1.74645765625E-07, 0.0431715070945933
1.7464771875E-07, 0.0447668337066504
1.74649671875E-07, 0.0398869969140989
1.74651625E-07, 0.0370431388225333
1.74653578125E-07, 0.0373832992859762
1.7465553125E-07, 0.0314452576771644
1.74657484375E-07, 0.0353975822981993
1.746594375E-07, 0.0363737233225813
1.74661390625E-07, 0.0279956127173142
1.7466334375E-07, 0.0302232927184684
1.74665296875E-07, 0.0272974212682587
1.7466725E-07, 0.028661002773584
1.74669203125E-07, 0.0253800165119061
1.7467115625E-07, 0.0235292386719955
1.74673109375E-07, 0.026734102733523
1.746750625E-07, 0.0213768190843278
1.74677015625E-07, 0.0234313443014055
1.7467896875E-07, 0.0253389209459609
1.74680921875E-07, 0.0216569675404152
1.74682875E-07, 0.0212627536584955
1.74684828125E-07, 0.0225728433520733
1.7468678125E-07, 0.0196767296536994
1.74688734375E-07, 0.0197793847270686
1.746906875E-07, 0.0192662446715624
1.74692640625E-07, 0.0208324346169359
1.7469459375E-07, 0.0215990084422259
1.74696546875E-07, 0.01835102015689
1.746985E-07, 0.0193328476754866
1.74700453125E-07, 0.0180797833495767
1.7470240625E-07, 0.0195688955849272
1.74704359375E-07, 0.0186876438487627
1.747063125E-07, 0.0198992201380783
1.74708265625E-07, 0.0204116341234586
1.7471021875E-07, 0.0198534706167037
1.74712171875E-07, 0.0183158324691737
1.74714125E-07, 0.0177649075992038
1.74716078125E-07, 0.0193122630640578
1.7471803125E-07, 0.0185363192350775
1.74719984375E-07, 0.0192000501226768
1.747219375E-07, 0.0193593792270798
1.74723890625E-07, 0.017911285880995
1.7472584375E-07, 0.0195927110294215
1.74727796875E-07, 0.0197084901679565
1.7472975E-07, 0.0184082895733346
1.74731703125E-07, 0.0181904196313157
1.7473365625E-07, 0.0201540360097653
1.74735609375E-07, 0.017986879200967
1.747375625E-07, 0.0190138004418009
1.74739515625E-07, 0.0187981771177737
1.7474146875E-07, 0.0188937717649474
1.74743421875E-07, 0.0183789910187604
1.74745375E-07, 0.0188133469832227
1.74747328125E-07, 0.0196353119855934
1.7474928125E-07, 0.0185124165579902
1.74751234375E-07, 0.0200486042312232
1.747531875E-07, 0.0178084034242104
1.74755140625E-07, 0.0155030914773672
1.7475709375E-07, 0.0152249804223065
1.74759046875E-07, 0.0170917687376772
1.74761E-07, 0.0167214537968817
1.74762953125E-07, 0.0156712464530999
1.7476490625E-07, 0.0161655131766573
1.74766859375E-07, 0.0152511583247429
1.747688125E-07, 0.0165399194402448
1.74770765625E-07, 0.0141004066491404
1.7477271875E-07, 0.0134204981552808
1.74774671875E-07, 0.0127630078356633
1.74776625E-07, 0.0117685316752232
1.74778578125E-07, 0.0130099890162929
1.7478053125E-07, 0.0098057343566209
1.74782484375E-07, 0.0107043610421353
1.747844375E-07, 0.0108769941212878
1.74786390625E-07, 0.0113023150004241
1.7478834375E-07, 0.00714171855267632
1.74790296875E-07, 0.0076657828500733
1.7479225E-07, 0.00775273224746458
1.74794203125E-07, 0.00735902114858405
1.7479615625E-07, 0.00578889226192417
1.74798109375E-07, 0.0065960369421151
1.748000625E-07, 0.00677160508108146
1.74802015625E-07, 0.00376019093171921
1.7480396875E-07, 0.00336718051914592
1.74805921875E-07, 0.00379734309907074
1.74807875E-07, 0.00401548371118317
1.74809828125E-07, 0.00271894455915021
1.7481178125E-07, 0.000357326652479537
1.74813734375E-07, 0.00131022686793014
1.748156875E-07, 0.0007981079087271
1.74817640625E-07, -0.00143537536807731
1.7481959375E-07, -0.000221494446551195
1.74821546875E-07, -0.0040278808737564
1.748235E-07, -0.00216061519018075
1.74825453125E-07, -0.00282919060330035
1.7482740625E-07, -0.0017710036120292
1.74829359375E-07, -0.00141408083369999
1.748313125E-07, -0.00317477420725005
1.74833265625E-07, -0.00508007306663354
1.7483521875E-07, -0.00479352303875894
1.74837171875E-07, -0.00611312430494313
1.74839125E-07, -0.00516869155518187
1.74841078125E-07, -0.00544474582042531
1.7484303125E-07, -0.00673003961256218
1.74844984375E-07, -0.00575520882482217
1.748469375E-07, -0.00634469770901618
1.74848890625E-07, -0.00713957742221741
1.7485084375E-07, -0.00853858355541118
1.74852796875E-07, -0.00803263462168805
1.7485475E-07, -0.00764874481294081
1.74856703125E-07, -0.00828275182582201
1.7485865625E-07, -0.0071513531108388
1.74860609375E-07, -0.00859122523369506
1.748625625E-07, -0.00785906918862776
1.74864515625E-07, -0.00878520479660599
1.7486646875E-07, -0.00859807949086197
1.74868421875E-07, -0.00862274463466429
1.74870375E-07, -0.00892347816852089
1.74872328125E-07, -0.00862032757266677
1.7487428125E-07, -0.00884727967363192
1.74876234375E-07, -0.00899294991211885
1.748781875E-07, -0.00793269763043725
1.74880140625E-07, -0.00873355101962848
1.7488209375E-07, -0.00803703675102233
1.74884046875E-07, -0.00776278756777779
1.74886E-07, -0.00736660563278752
1.74887953125E-07, -0.00757685865191966
1.7488990625E-07, -0.0067330181394075
1.74891859375E-07, -0.00745914698696565
1.748938125E-07, -0.00555505158834768
1.74895765625E-07, -0.00669245543412529
1.7489771875E-07, -0.00673483654167351
1.74899671875E-07, -0.00591256336347849
1.74901625E-07, -0.0052734355750583
1.74903578125E-07, -0.00573975404563034
1.7490553125E-07, -0.00587518333343947
1.74907484375E-07, -0.00498132044316162
1.749094375E-07, -0.00429317429316705
1.74911390625E-07, -0.00480449617881661
1.7491334375E-07, -0.0043362428339786
1.74915296875E-07, -0.0039650000372443
1.7491725E-07, -0.00391210430864044
1.74919203125E-07, -0.00315178348367271
1.7492115625E-07, -0.00415792990084921
1.74923109375E-07, -0.0023025977177781
1.749250625E-07, -0.00349587472040835
1.74927015625E-07, -0.00217203741582615
1.7492896875E-07, -0.00215931492248233
1.74930921875E-07, -0.00331255227021948
1.74932875E-07, -0.00335444587674278
1.74934828125E-07, -0.000756914872849391
1.7493678125E-07, -0.00118881759690806
1.74938734375E-07, -0.000711493310981365
1.749406875E-07, -0.0018147747787052
1.74942640625E-07, -0.000669782685724289
1.7494459375E-07, -0.000627950083243952
1.74946546875E-07, 0.000144276240151481
1.749485E-07, -7.75360741590795E-06
1.74950453125E-07, -0.000446388847634473
1.7495240625E-07, 1.35800245817267E-05
1.74954359375E-07, 0.000598513273179042
1.749563125E-07, 0.000692565189206703
1.74958265625E-07, 0.0011642036138278
1.7496021875E-07, 0.000974629675397347
1.74962171875E-07, 0.000196316158618622
1.74964125E-07, 0.00137287184848535
1.74966078125E-07, 0.00147698943175617
1.7496803125E-07, 0.00171463595527662
1.74969984375E-07, -0.000304483222069666
1.749719375E-07, 0.00155751601970097
1.74973890625E-07, 0.00203748825260337
1.7497584375E-07, 0.00150261633937908
1.74977796875E-07, 0.0016770609874795
1.7497975E-07, 0.00151015055008734
1.74981703125E-07, 0.00169537812495946
1.7498365625E-07, 0.00110183694284826
1.74985609375E-07, 0.00184254653539146
1.749875625E-07, 0.00145363833004546
1.74989515625E-07, 0.00139472209902329
1.7499146875E-07, 0.000882874459480232
1.74993421875E-07, 0.00150682736660051
1.74995375E-07, 0.000951926739616075
1.74997328125E-07, 0.000143908750050826
1.7499928125E-07, 0.00156300799869329
1.75001234375E-07, 0.000959468792541301
1.750031875E-07, 0.000783627574961701
1.75005140625E-07, 0.00110320750106271
1.7500709375E-07, 0.000210971519632639
1.75009046875E-07, -5.21340580818166E-05
1.75011E-07, -0.000252320748736694
1.75012953125E-07, 0.000150521439287971
1.7501490625E-07, -0.000894749476472511
1.75016859375E-07, -0.000949647915582941
1.750188125E-07, 0.00024628620347134
1.75020765625E-07, -6.76549262868621E-05
1.7502271875E-07, -0.000954529393182801
1.75024671875E-07, -0.00432617851402551
1.75026625E-07, -0.00235009150685742
1.75028578125E-07, -0.000931588505737012
1.7503053125E-07, -0.00172651457008809
1.75032484375E-07, -0.00110788673581658
1.750344375E-07, -0.00314102119530061
1.75036390625E-07, -0.00185802179994447
1.7503834375E-07, -0.0040082696301296
1.75040296875E-07, -0.00301388264882457
1.7504225E-07, -0.00452298831157504
1.75044203125E-07, -0.00507647473214565
1.7504615625E-07, -0.00426439093144128
1.75048109375E-07, -0.00611306515038647
1.750500625E-07, -0.00599562400748693
1.75052015625E-07, -0.00636050068092894
1.7505396875E-07, -0.00513784506820643
1.75055921875E-07, -0.00574230283486939
1.75057875E-07, -0.00705582089058752
1.75059828125E-07, -0.00784192796667232
1.7506178125E-07, -0.00923979984427222
1.75063734375E-07, -0.00867121760053596
1.750656875E-07, -0.00760540556598011
1.75067640625E-07, -0.0080853519338512
1.7506959375E-07, -0.00866667229677217
1.75071546875E-07, -0.00970688176217218
1.750735E-07, -0.010287221154296
1.75075453125E-07, -0.0111464449141627
1.7507740625E-07, -0.011193860915591
1.75079359375E-07, -0.0127962947888981
1.750813125E-07, -0.0133933763720594
1.75083265625E-07, -0.0116498008215958
1.7508521875E-07, -0.0131349377308492
1.75087171875E-07, -0.0158363995544131
1.75089125E-07, -0.0141007439099504
1.75091078125E-07, -0.0166117917058231
1.7509303125E-07, -0.0151797306573341
1.75094984375E-07, -0.016316701642054
1.750969375E-07, -0.0170124470672389
1.75098890625E-07, -0.0178377602146652
1.7510084375E-07, -0.0171619713229503
1.75102796875E-07, -0.018012012916594
1.7510475E-07, -0.0197590921325745
1.75106703125E-07, -0.020589384144842
1.7510865625E-07, -0.0200197475018993
1.75110609375E-07, -0.0200658953805852
1.751125625E-07, -0.0206041150247197
1.75114515625E-07, -0.0223536751448838
1.7511646875E-07, -0.0224480794652937
1.75118421875E-07, -0.0242890859067268
1.75120375E-07, -0.0233484288677726
1.75122328125E-07, -0.0250133371422769
1.7512428125E-07, -0.0259630072441328
1.75126234375E-07, -0.0252636761099602
1.751281875E-07, -0.0244863677243613
1.75130140625E-07, -0.0261613402513696
1.7513209375E-07, -0.0241725952210248
1.75134046875E-07, -0.0253862182440524
1.75136E-07, -0.0258792458406466
1.75137953125E-07, -0.0268520368461247
1.7513990625E-07, -0.02877954197815
1.75141859375E-07, -0.0284395120969935
1.751438125E-07, -0.0290321513441153
1.75145765625E-07, -0.02837804910307
1.7514771875E-07, -0.0288935508940374
1.75149671875E-07, -0.029447903696291
1.75151625E-07, -0.0303244164056575
1.75153578125E-07, -0.0309170510549298
1.7515553125E-07, -0.0298156478518593
1.75157484375E-07, -0.0308014511779251
1.751594375E-07, -0.03107606318876
1.75161390625E-07, -0.0310576883500314
1.7516334375E-07, -0.030745690781495
1.75165296875E-07, -0.0303425996304813
1.7516725E-07, -0.0322303586424968
1.75169203125E-07, -0.0317160826185766
1.7517115625E-07, -0.0317175057602816
1.75173109375E-07, -0.0322128107267344
1.751750625E-07, -0.0318848245512204
1.75177015625E-07, -0.0325201855539319
1.7517896875E-07, -0.0305780503779468
1.75180921875E-07, -0.0320017214299492
1.75182875E-07, -0.0330042510607858
1.75184828125E-07, -0.0325281797653825
1.7518678125E-07, -0.032565257709319
1.75188734375E-07, -0.0330739780255778
1.751906875E-07, -0.0327004810384747
1.75192640625E-07, -0.032537117513104
1.7519459375E-07, -0.032079347242534
1.75196546875E-07, -0.0323201014505458
1.751985E-07, -0.0320634090812286
1.75200453125E-07, -0.0319476260282347
1.7520240625E-07, -0.030760880543407
1.75204359375E-07, -0.0310144907491009
1.752063125E-07, -0.0318444112633179
1.75208265625E-07, -0.0308245352291968
1.7521021875E-07, -0.0303232523252631
1.75212171875E-07, -0.0294706767834241
1.75214125E-07, -0.0296322499942548
1.75216078125E-07, -0.0304907382192175
1.7521803125E-07, -0.0306160295606008
1.75219984375E-07, -0.0306520180791297
1.752219375E-07, -0.0287448709788576
1.75223890625E-07, -0.0297072595853479
1.7522584375E-07, -0.0294700296767571
1.75227796875E-07, -0.0287508432751169
1.7522975E-07, -0.0288440375875557
1.75231703125E-07, -0.0274674080736787
1.7523365625E-07, -0.0278585322387216
1.75235609375E-07, -0.027815473580621
1.752375625E-07, -0.0265041378938078
1.75239515625E-07, -0.0281008838735435
1.7524146875E-07, -0.0266386793358134
1.75243421875E-07, -0.0264582192503812
1.75245375E-07, -0.0262063494568577
1.75247328125E-07, -0.0260798142008437
1.7524928125E-07, -0.0265122443789208
1.75251234375E-07, -0.025613786662626
1.752531875E-07, -0.0250054327991635
1.75255140625E-07, -0.0242743625354729
1.7525709375E-07, -0.0248982117097925
1.75259046875E-07, -0.0241542764748214
1.75261E-07, -0.0236972141528513
1.75262953125E-07, -0.0222799426196794
1.7526490625E-07, -0.0242089682283661
1.75266859375E-07, -0.0221728126730291
1.752688125E-07, -0.0195253291404237
1.75270765625E-07, -0.0223111175815998
1.7527271875E-07, -0.0205418851274674
1.75274671875E-07, -0.0198065053416171
1.75276625E-07, -0.0205440232736157
1.75278578125E-07, -0.0204282301765422
1.7528053125E-07, -0.0201961600851748
1.75282484375E-07, -0.0192975294639059
1.752844375E-07, -0.0187135636206099
1.75286390625E-07, -0.0192444242649595
1.7528834375E-07, -0.0182069683776378
1.75290296875E-07, -0.017638244832573
1.7529225E-07, -0.0176133792311789
1.75294203125E-07, -0.0156653336565916
1.7529615625E-07, -0.0172599060465159
1.75298109375E-07, -0.016434135172894
1.753000625E-07, -0.0139973981211828
1.75302015625E-07, -0.0147616106757292
1.7530396875E-07, -0.0155037157406638
1.75305921875E-07, -0.0150673270532982
1.75307875E-07, -0.01600501764823
1.75309828125E-07, -0.0143974595422105
1.7531178125E-07, -0.0125589189151172
1.75313734375E-07, -0.0117788401000757
1.753156875E-07, -0.0129042717650963
1.75317640625E-07, -0.0119912055474201
1.7531959375E-07, -0.0101589125220626
1.75321546875E-07, -0.00970558172007884
1.753235E-07, -0.0112071995334477
1.75325453125E-07, -0.0097598680956818
1.7532740625E-07, -0.00961169961084449
1.75329359375E-07, -0.00999377804981492
1.753313125E-07, -0.00927306093919735
1.75333265625E-07, -0.0091659702895709
1.7533521875E-07, -0.00705186098611338
1.75337171875E-07, -0.0066442630909456
1.75339125E-07, -0.00799565952305084
1.75341078125E-07, -0.00811229996115019
1.7534303125E-07, -0.00650380857207732
1.75344984375E-07, -0.00764864590452176
1.753469375E-07, -0.00425122788406597
1.75348890625E-07, -0.00664404876016088
1.7535084375E-07, -0.00592453686727117
1.75352796875E-07, -0.00372133596974099
1.7535475E-07, -0.00460896379170929
1.75356703125E-07, -0.00446907679294522
1.7535865625E-07, -0.00305684931334197
1.75360609375E-07, -0.00302810330867588
1.753625625E-07, -0.00372276156356883
1.75364515625E-07, -0.00221329073444651
1.7536646875E-07, -0.0029378950943723
1.75368421875E-07, -0.00136375804959534
1.75370375E-07, -0.00152234074114009
1.75372328125E-07, -0.000431965791736
1.7537428125E-07, -0.00167391375235022
1.75376234375E-07, -0.00130147304103129
1.753781875E-07, -0.00142845850746461
1.75380140625E-07, 0.000512904754987903
1.7538209375E-07, 0.000211511939282671
1.75384046875E-07, 0.000417080733080491
1.75386E-07, -0.000200179011878798
1.75387953125E-07, 0.000983757734273799
1.7538990625E-07, 0.00121459541892502
1.75391859375E-07, 0.00144845383159077
1.753938125E-07, 0.00106365041766255
1.75395765625E-07, 0.00126268276062279
1.7539771875E-07, 0.00130945960461026
1.75399671875E-07, 0.000924016074919469
1.75401625E-07, 0.0024064089939542
1.75403578125E-07, 0.00243639467461266
1.7540553125E-07, 0.00265739074321392
1.75407484375E-07, 0.00267755829682445
1.754094375E-07, 0.00199729043247337
1.75411390625E-07, 0.00314021021890829
1.7541334375E-07, 0.00283968467886832
1.75415296875E-07, 0.00314033392250897
1.7541725E-07, 0.00387105344179715
1.75419203125E-07, 0.00348919398411542
1.7542115625E-07, 0.00337004946451423
1.75423109375E-07, 0.00422547309384914
1.754250625E-07, 0.00391810108498494
1.75427015625E-07, 0.00413697628360594
1.7542896875E-07, 0.00460350974356785
1.75430921875E-07, 0.0049489831332298
1.75432875E-07, 0.0038814343080081
1.75434828125E-07, 0.00453534765138492
1.7543678125E-07, 0.0060701465993882
1.75438734375E-07, 0.00544695444891383
1.754406875E-07, 0.00491561885435772
1.75442640625E-07, 0.00530696697623562
1.7544459375E-07, 0.00534063572150787
1.75446546875E-07, 0.00552160758035245
1.754485E-07, 0.00590387006866183
1.75450453125E-07, 0.00601908964595541
1.7545240625E-07, 0.00673157935651288
1.75454359375E-07, 0.00643923277410225
1.754563125E-07, 0.0068690867467727
1.75458265625E-07, 0.00639279235815003
1.7546021875E-07, 0.00703270049261599
1.75462171875E-07, 0.00756084270174631
1.75464125E-07, 0.00803751907513865
1.75466078125E-07, 0.0070057938344588
1.7546803125E-07, 0.00780135149754561
1.75469984375E-07, 0.0081000316047352
1.754719375E-07, 0.00768341136846728
1.75473890625E-07, 0.00873515264036869
1.7547584375E-07, 0.00902582362111889
1.75477796875E-07, 0.00972082238260724
1.7547975E-07, 0.0094037242989949
1.75481703125E-07, 0.00993414373890403
1.7548365625E-07, 0.00972523113496208
1.75485609375E-07, 0.0104918144832223
1.754875625E-07, 0.010193883256119
1.75489515625E-07, 0.0100948680174489
1.7549146875E-07, 0.0106743835954089
1.75493421875E-07, 0.010190673953179
1.75495375E-07, 0.0115057658225821
1.75497328125E-07, 0.0113854999336201
1.7549928125E-07, 0.0113024014723322
1.75501234375E-07, 0.0115293517425057
1.755031875E-07, 0.011986163638495
1.75505140625E-07, 0.0122221500211894
1.7550709375E-07, 0.0126754204502241
1.75509046875E-07, 0.0125811566837309
1.75511E-07, 0.0124174735513792
1.75512953125E-07, 0.0130960958959621
1.7551490625E-07, 0.0133613578223024
1.75516859375E-07, 0.0133564893534273
1.755188125E-07, 0.0134162052285826
1.75520765625E-07, 0.0134077496891789
1.7552271875E-07, 0.0134644463343884
1.75524671875E-07, 0.0135363107733652
1.75526625E-07, 0.0142301586322764
1.75528578125E-07, 0.0136738718445468
1.7553053125E-07, 0.0140894403534619
1.75532484375E-07, 0.0138019277137045
1.755344375E-07, 0.0145675810457344
1.75536390625E-07, 0.0144303010197346
1.7553834375E-07, 0.0142311153621538
1.75540296875E-07, 0.0146717268174882
1.7554225E-07, 0.0144015391761597
1.75544203125E-07, 0.0144428211480348
1.7554615625E-07, 0.0141837097026768
1.75548109375E-07, 0.0138517464660622
1.755500625E-07, 0.01420229219908
1.75552015625E-07, 0.0143495584550755
1.7555396875E-07, 0.0140974627251446
1.75555921875E-07, 0.0130128103870655
1.75557875E-07, 0.0144390363446876
1.75559828125E-07, 0.0140238145036371
1.7556178125E-07, 0.0137301394695306
1.75563734375E-07, 0.0136322059341394
1.755656875E-07, 0.0130240590964394
1.75567640625E-07, 0.0138291675016096
1.7556959375E-07, 0.0129822173424821
1.75571546875E-07, 0.0116055745134621
1.755735E-07, 0.0126866996489026
1.75575453125E-07, 0.0120296151166377
1.7557740625E-07, 0.0123955000765586
1.75579359375E-07, 0.0131951432163485
1.755813125E-07, 0.0126451176181031
1.75583265625E-07, 0.0122205074721832
1.7558521875E-07, 0.0113092059027249
1.75587171875E-07, 0.0115353226500315
1.75589125E-07, 0.0101239525381977
1.75591078125E-07, 0.0100705939218073
1.7559303125E-07, 0.0104310667037441
1.75594984375E-07, 0.00988843047919064
1.755969375E-07, 0.00992427058836559
1.75598890625E-07, 0.00848008911216208
1.7560084375E-07, 0.00911312613246917
1.75602796875E-07, 0.00847297869457617
1.7560475E-07, 0.00832316952744225
1.75606703125E-07, 0.00943983709918384
1.7560865625E-07, 0.00769078400657271
1.75610609375E-07, 0.00823750265361495
1.756125625E-07, 0.00697775143758894
1.75614515625E-07, 0.00814436549592413
1.7561646875E-07, 0.00681185641030706
1.75618421875E-07, 0.00620953946918545
1.75620375E-07, 0.00763234144712899
1.75622328125E-07, 0.00541417558788175
1.7562428125E-07, 0.00610458426620887
1.75626234375E-07, 0.00553170477037239
1.756281875E-07, 0.00479926570403945
1.75630140625E-07, 0.00631947591110465
1.7563209375E-07, 0.00510576698481125
1.75634046875E-07, 0.00455127505608382
1.75636E-07, 0.00451634493397751
1.75637953125E-07, 0.00427282292544984
1.7563990625E-07, 0.00537947721599709
1.75641859375E-07, 0.00399744300251866
1.756438125E-07, 0.00371591955784766
1.75645765625E-07, 0.00368983927061801
1.7564771875E-07, 0.00362552582463039
1.75649671875E-07, 0.00403369187111642
1.75651625E-07, 0.00368307913374998
1.75653578125E-07, 0.00369833730048209
1.7565553125E-07, 0.00375119933084331
1.75657484375E-07, 0.00373937946969525
1.756594375E-07, 0.00360904310424536
1.75661390625E-07, 0.0035611483548462
1.7566334375E-07, 0.00374448439584051
1.75665296875E-07, 0.00385078724891781
1.7566725E-07, 0.00414984505819448
1.75669203125E-07, 0.00337660660447817
1.7567115625E-07, 0.00354397866562767
1.75673109375E-07, 0.00373314954374719
1.756750625E-07, 0.00353856804232542
1.75677015625E-07, 0.00427619736985666
1.7567896875E-07, 0.00351827623453529
1.75680921875E-07, 0.00419919983654849
1.75682875E-07, 0.00414952051093516
1.75684828125E-07, 0.00425023657497236
1.7568678125E-07, 0.00408742869205971
1.75688734375E-07, 0.00515582969013582
1.756906875E-07, 0.00397862567255318
1.75692640625E-07, 0.00436538274956343
1.7569459375E-07, 0.00465663604517257
1.75696546875E-07, 0.00457635033253277
1.756985E-07, 0.00452662332552907
1.75700453125E-07, 0.00495811825380887
1.7570240625E-07, 0.00557047115699485
1.75704359375E-07, 0.00564042821882452
1.757063125E-07, 0.00525208510608042
1.75708265625E-07, 0.00564782496257532
1.7571021875E-07, 0.00524080334532544
1.75712171875E-07, 0.00583274438749547
1.75714125E-07, 0.00578098247606996
1.75716078125E-07, 0.00593238831412102
1.7571803125E-07, 0.00645539718197392
1.75719984375E-07, 0.00630447862921854
1.757219375E-07, 0.00641076304272248
1.75723890625E-07, 0.00677274444793329
1.7572584375E-07, 0.00602776236352422
1.75727796875E-07, 0.00707921771358777
1.7572975E-07, 0.007133726465822
1.75731703125E-07, 0.00685438566955336
1.7573365625E-07, 0.00703922890492537
1.75735609375E-07, 0.00804173564741638
1.757375625E-07, 0.00740644624272552
1.75739515625E-07, 0.00784361537715624
1.7574146875E-07, 0.00794369277116787
1.75743421875E-07, 0.00815411695301976
1.75745375E-07, 0.00837712463529792
1.75747328125E-07, 0.00792239185802696
1.7574928125E-07, 0.00815795289240544
1.75751234375E-07, 0.00824526435819665
1.757531875E-07, 0.00855371402795341
1.75755140625E-07, 0.00860755034105866
1.7575709375E-07, 0.00873099257544614
1.75759046875E-07, 0.00860767467986054
1.75761E-07, 0.00877917755533839
1.75762953125E-07, 0.00942863525128963
1.7576490625E-07, 0.00878979271121246
1.75766859375E-07, 0.00950658837145151
1.757688125E-07, 0.00964897296670458
1.75770765625E-07, 0.00956923145735884
1.7577271875E-07, 0.00982585103921008
1.75774671875E-07, 0.00985967416067602
1.75776625E-07, 0.00970370464900911
1.75778578125E-07, 0.0087724609645438
1.7578053125E-07, 0.00974946115745428
1.75782484375E-07, 0.0098744301109364
1.757844375E-07, 0.00990774025733034
1.75786390625E-07, 0.00991501135665437
1.7578834375E-07, 0.0102675532702503
1.75790296875E-07, 0.0104735131715622
1.7579225E-07, 0.0103471045255182
1.75794203125E-07, 0.010013417076517
1.7579615625E-07, 0.0101522098417694
1.75798109375E-07, 0.00947573306606998
1.758000625E-07, 0.00997261627238846
1.75802015625E-07, 0.0105222332015722
1.7580396875E-07, 0.0106821361255135
1.75805921875E-07, 0.0111348662631703
1.75807875E-07, 0.0106068591164375
1.75809828125E-07, 0.0110686767186764
1.7581178125E-07, 0.0109188460944554
1.75813734375E-07, 0.0108623220749792
1.758156875E-07, 0.0109532716426599
1.75817640625E-07, 0.0103631468369295
1.7581959375E-07, 0.0114589711554852
1.75821546875E-07, 0.0108220854553637
1.758235E-07, 0.0113232514831391
1.75825453125E-07, 0.011557999712478
1.7582740625E-07, 0.0114867529364067
1.75829359375E-07, 0.0120814661531786
1.758313125E-07, 0.0116703057933225
1.75833265625E-07, 0.0110749708596031
1.7583521875E-07, 0.0112591541220085
1.75837171875E-07, 0.0123150368898282
1.75839125E-07, 0.0119621677608432
1.75841078125E-07, 0.0117068628034701
1.7584303125E-07, 0.0120352602704349
1.75844984375E-07, 0.0128145092489433
1.758469375E-07, 0.0112559095102901
1.75848890625E-07, 0.012765377631437
1.7585084375E-07, 0.0125019893509927
1.75852796875E-07, 0.0122593139063093
1.7585475E-07, 0.0126771504252431
1.75856703125E-07, 0.0126150803754043
1.7585865625E-07, 0.0118450811376513
1.75860609375E-07, 0.0124512079027775
1.758625625E-07, 0.0127059001809855
1.75864515625E-07, 0.012922360637489
1.7586646875E-07, 0.013221592732079
1.75868421875E-07, 0.0125028336440659
1.75870375E-07, 0.0131740411599941
1.75872328125E-07, 0.0126848350585467
1.7587428125E-07, 0.0125406618438598
1.75876234375E-07, 0.0128727562298822
1.758781875E-07, 0.0123531618122184
1.75880140625E-07, 0.0127783007613006
1.7588209375E-07, 0.0125733270139147
1.75884046875E-07, 0.0123202796879142
1.75886E-07, 0.0123570454664376
1.75887953125E-07, 0.0127157644004204
1.7588990625E-07, 0.0125343446469504
1.75891859375E-07, 0.0129149938622947
1.758938125E-07, 0.0128272058683653
1.75895765625E-07, 0.0122666781846526
1.7589771875E-07, 0.0129621869705855
1.75899671875E-07, 0.0125969935926126
1.75901625E-07, 0.0130999888429454
1.75903578125E-07, 0.0139465621385579
1.7590553125E-07, 0.0129038364239191
1.75907484375E-07, 0.012519611307905
1.759094375E-07, 0.0128335799298915
1.75911390625E-07, 0.013076002048943
1.7591334375E-07, 0.0121558337490049
1.75915296875E-07, 0.012272357608944
1.7591725E-07, 0.0119995291958627
1.75919203125E-07, 0.0123809251564782
1.7592115625E-07, 0.0120691592225556
1.75923109375E-07, 0.0114195580163387
1.759250625E-07, 0.0120231667571501
1.75927015625E-07, 0.0120322352317394
1.7592896875E-07, 0.0106190942519868
1.75930921875E-07, 0.010744686367526
1.75932875E-07, 0.0114299335139758
1.75934828125E-07, 0.0112620351746705
1.7593678125E-07, 0.0119112151927507
1.75938734375E-07, 0.0106898751837191
1.759406875E-07, 0.00919588217013903
1.75942640625E-07, 0.0110813080630255
1.7594459375E-07, 0.00936884239111815
1.75946546875E-07, 0.0104496723860148
1.759485E-07, 0.0102315131824157
1.75950453125E-07, 0.00970769820988021
1.7595240625E-07, 0.00913062543638581
1.75954359375E-07, 0.00791730212514274
1.759563125E-07, 0.00890715886462257
1.75958265625E-07, 0.00893785161579586
1.7596021875E-07, 0.008453106231509
1.75962171875E-07, 0.0068410063332251
1.75964125E-07, 0.00803637859374136
1.75966078125E-07, 0.00661878305311617
1.7596803125E-07, 0.00664293816863331
1.75969984375E-07, 0.00672601705783809
1.759719375E-07, 0.00839523612369635
1.75973890625E-07, 0.00674264849904714
1.7597584375E-07, 0.00584535226096392
1.75977796875E-07, 0.00486147551246009
1.7597975E-07, 0.00542831152533681
1.75981703125E-07, 0.00583385754139366
1.7598365625E-07, 0.00352587218020475
1.75985609375E-07, 0.00235375270361782
1.759875625E-07, 0.00199240985972938
1.75989515625E-07, 0.00217810780042958
1.7599146875E-07, 0.00318482515265639
1.75993421875E-07, 4.08845019627534E-05
1.75995375E-07, 0.000479420554941237
1.75997328125E-07, 0.000469152448781286
1.7599928125E-07, -0.000364557094470355
1.76001234375E-07, 0.00136226515469703
1.760031875E-07, 0.00184620812364402
1.76005140625E-07, 0.000201402982049942
1.7600709375E-07, 0.000845193764503944
1.76009046875E-07, -0.00166455741383499
1.76011E-07, -0.00160659808294226
1.76012953125E-07, -0.00273318515536961
1.7601490625E-07, -0.00258422565549987
1.76016859375E-07, -0.00242674707557665
1.760188125E-07, -0.00403033115800627
1.76020765625E-07, -0.00401817401028098
1.7602271875E-07, -0.00541811417210128
1.76024671875E-07, -0.00437626874119552
1.76026625E-07, -0.0061732890728414
1.76028578125E-07, -0.00512287993910571
1.7603053125E-07, -0.00719063687156576
1.76032484375E-07, -0.00715689433255863
1.760344375E-07, -0.0094844815931791
1.76036390625E-07, -0.00739614353481729
1.7603834375E-07, -0.00895276643870288
1.76040296875E-07, -0.00766279560841415
1.7604225E-07, -0.010783341849229
1.76044203125E-07, -0.00902280255409467
1.7604615625E-07, -0.010051075279812
1.76048109375E-07, -0.0105089169760959
1.760500625E-07, -0.0105770794466902
1.76052015625E-07, -0.0113040961497443
1.7605396875E-07, -0.0117326123595199
1.76055921875E-07, -0.0144554013645367
1.76057875E-07, -0.0129259910972874
1.76059828125E-07, -0.0136771686513027
1.7606178125E-07, -0.0124148658429623
1.76063734375E-07, -0.0128682244718399
1.760656875E-07, -0.0135317677570021
1.76067640625E-07, -0.0131318545327596
1.7606959375E-07, -0.0155461848530288
1.76071546875E-07, -0.0153709219032394
1.760735E-07, -0.0153681992941586
1.76075453125E-07, -0.0155588745271473
1.7607740625E-07, -0.0167287258404816
1.76079359375E-07, -0.0162135242720389
1.760813125E-07, -0.0166652773772798
1.76083265625E-07, -0.0171083266950526
1.7608521875E-07, -0.0167946880928751
1.76087171875E-07, -0.0167824991818241
1.76089125E-07, -0.0184689429549126
1.76091078125E-07, -0.0175573255240993
1.7609303125E-07, -0.0174434197472288
1.76094984375E-07, -0.0177706816460529
1.760969375E-07, -0.0174229526451021
1.76098890625E-07, -0.0175674072911241
1.7610084375E-07, -0.0174459544586226
1.76102796875E-07, -0.0172575968623357
1.7610475E-07, -0.0176148529086541
1.76106703125E-07, -0.0171555151947332
1.7610865625E-07, -0.016187375616662
1.76110609375E-07, -0.0170674467620604
1.761125625E-07, -0.0167077146776761
1.76114515625E-07, -0.0167465250550371
1.7611646875E-07, -0.0176857416271378
1.76118421875E-07, -0.0169422100831917
1.76120375E-07, -0.0160420307247601
1.76122328125E-07, -0.0165075927205662
1.7612428125E-07, -0.016612846183945
1.76126234375E-07, -0.0150546063932069
1.761281875E-07, -0.0160861459686222
1.76130140625E-07, -0.0149016678238573
1.7613209375E-07, -0.0146227469818311
1.76134046875E-07, -0.0147877137229844
1.76136E-07, -0.0136152357483193
1.76137953125E-07, -0.0136573965511057
1.7613990625E-07, -0.0140008597810505
1.76141859375E-07, -0.0143099024509126
1.761438125E-07, -0.0127703021367251
1.76145765625E-07, -0.0135140466334973
1.7614771875E-07, -0.0118910943987427
1.76149671875E-07, -0.0129273259131424
1.76151625E-07, -0.0123427342111428
1.76153578125E-07, -0.012304612079242
1.7615553125E-07, -0.0111545483902725
1.76157484375E-07, -0.0101048674192712
1.761594375E-07, -0.0104215816194238
1.76161390625E-07, -0.0111605533644246
1.7616334375E-07, -0.0106368028449733
1.76165296875E-07, -0.00995690575714202
1.7616725E-07, -0.0094384566769015
1.76169203125E-07, -0.0102196253735274
1.7617115625E-07, -0.00831127593172431
1.76173109375E-07, -0.00952745177125308
1.761750625E-07, -0.00897525717697781
1.76177015625E-07, -0.00846872537786873
1.7617896875E-07, -0.00827475633511997
1.76180921875E-07, -0.0072568741030603
1.76182875E-07, -0.00687729730305649
1.76184828125E-07, -0.00759372335457903
1.7618678125E-07, -0.00737159636894427
1.76188734375E-07, -0.00645837037085362
1.761906875E-07, -0.00602536134182021
1.76192640625E-07, -0.00632816877955762
1.7619459375E-07, -0.00665397867648861
1.76196546875E-07, -0.00630767819490615
1.761985E-07, -0.00572930997027422
1.76200453125E-07, -0.00640201616478271
1.7620240625E-07, -0.00577036015396819
1.76204359375E-07, -0.00573547878020916
1.762063125E-07, -0.00575131352855532
1.76208265625E-07, -0.00653185282654475
1.7621021875E-07, -0.00601294129740006
1.76212171875E-07, -0.006218757284929
1.76214125E-07, -0.00544907053751895
1.76216078125E-07, -0.00565074721591107
1.7621803125E-07, -0.00547075976149125
1.76219984375E-07, -0.00650747580805304
1.762219375E-07, -0.00590046522570833
1.76223890625E-07, -0.0063358277057564
1.7622584375E-07, -0.00559963477684153
1.76227796875E-07, -0.00640034452424596
1.7622975E-07, -0.00642674360910609
1.76231703125E-07, -0.00679928371463192
1.7623365625E-07, -0.00637826210126082
1.76235609375E-07, -0.00657767113685042
1.762375625E-07, -0.00700761775510919
1.76239515625E-07, -0.00730105377260924
1.7624146875E-07, -0.00760245030959847
1.76243421875E-07, -0.00776525547125374
1.76245375E-07, -0.00734886265908975
1.76247328125E-07, -0.00848910501275383
1.7624928125E-07, -0.00810121028389162
1.76251234375E-07, -0.0079047444865634
1.762531875E-07, -0.00811841430575736
1.76255140625E-07, -0.00828640110006638
1.7625709375E-07, -0.008395373289402
1.76259046875E-07, -0.00890109677573212
1.76261E-07, -0.00897357846094783
1.76262953125E-07, -0.00918464780785686
1.7626490625E-07, -0.00865827851938461
1.76266859375E-07, -0.00901548637398744
1.762688125E-07, -0.0092278400862548
1.76270765625E-07, -0.00966355391651461
1.7627271875E-07, -0.0093445292022438
1.76274671875E-07, -0.0101579511970043
1.76276625E-07, -0.00975779911674892
1.76278578125E-07, -0.00904190464564863
1.7628053125E-07, -0.00993197764336143
1.76282484375E-07, -0.0110479623266533
1.762844375E-07, -0.0101047473012512
1.76286390625E-07, -0.0104894125973222
1.7628834375E-07, -0.0110632691337409
1.76290296875E-07, -0.010748304180229
1.7629225E-07, -0.010636749100206
1.76294203125E-07, -0.0105399598666069
1.7629615625E-07, -0.0112701905018981
1.76298109375E-07, -0.0108585294135036
1.763000625E-07, -0.0109399058191524
1.76302015625E-07, -0.0110947346482354
1.7630396875E-07, -0.0108065682456429
1.76305921875E-07, -0.0102025985788639
1.76307875E-07, -0.0103888568416388
1.76309828125E-07, -0.0105113308632485
1.7631178125E-07, -0.0106417118823134
1.76313734375E-07, -0.0106105883817609
1.763156875E-07, -0.0108400661395149
1.76317640625E-07, -0.0110570267383865
1.7631959375E-07, -0.0100124724194187
1.76321546875E-07, -0.00986209907715936
1.763235E-07, -0.0100659794510157
1.76325453125E-07, -0.009429057984818
1.7632740625E-07, -0.00923151412709448
1.76329359375E-07, -0.00968966983907986
1.763313125E-07, -0.00956368100396613
1.76333265625E-07, -0.0100669542818778
1.7633521875E-07, -0.00948121746926703
1.76337171875E-07, -0.00810308895871095
1.76339125E-07, -0.00890470575467832
1.76341078125E-07, -0.00853912901512808
1.7634303125E-07, -0.00858320012491397
1.76344984375E-07, -0.00848988193189155
1.763469375E-07, -0.00726199038459445
1.76348890625E-07, -0.00837878238530422
1.7635084375E-07, -0.00874552156557145
1.76352796875E-07, -0.00722737712492786
1.7635475E-07, -0.00683478872584068
1.76356703125E-07, -0.00816285617379548
1.7635865625E-07, -0.0079598628193205
1.76360609375E-07, -0.00731371262143984
1.763625625E-07, -0.00748336952884458
1.76364515625E-07, -0.00642499317554641
1.7636646875E-07, -0.00629365886320588
1.76368421875E-07, -0.00650813544091974
1.76370375E-07, -0.00663554853056698
1.76372328125E-07, -0.0071055806949839
1.7637428125E-07, -0.0057854850655
1.76376234375E-07, -0.00610225135486055
1.763781875E-07, -0.00614667378335597
1.76380140625E-07, -0.00552880145311788
1.7638209375E-07, -0.00650665979783401
1.76384046875E-07, -0.00545477051060583
1.76386E-07, -0.00612590607469075
1.76387953125E-07, -0.00493422324133961
1.7638990625E-07, -0.00571742294441214
1.76391859375E-07, -0.00557621441883051
1.763938125E-07, -0.0053994714729465
1.76395765625E-07, -0.00550203920361596
1.7639771875E-07, -0.00498575396759786
1.76399671875E-07, -0.00502377046727073
1.76401625E-07, -0.00544974015446407
1.76403578125E-07, -0.00506125530880785
1.7640553125E-07, -0.00474860769457473
1.76407484375E-07, -0.00519553062922901
1.764094375E-07, -0.0046665646385408
1.76411390625E-07, -0.00433390451284453
1.7641334375E-07, -0.0049098419982613
1.76415296875E-07, -0.00516233558360131
1.7641725E-07, -0.00521766280824271
1.76419203125E-07, -0.00475159994333778
1.7642115625E-07, -0.00487934734175394
1.76423109375E-07, -0.00401587532355479
1.764250625E-07, -0.00446875635301715
1.76427015625E-07, -0.00419770605050147
1.7642896875E-07, -0.00407646125501184
1.76430921875E-07, -0.00451461611885564
1.76432875E-07, -0.00486675994926459
1.76434828125E-07, -0.00456351227336835
1.7643678125E-07, -0.00421014671091959
1.76438734375E-07, -0.00463631311385457
1.764406875E-07, -0.00427743844234042
1.76442640625E-07, -0.00399388792544463
1.7644459375E-07, -0.00395935094550876
1.76446546875E-07, -0.00414841043836181
1.764485E-07, -0.00399167798008852
1.76450453125E-07, -0.00410008003254231
1.7645240625E-07, -0.00407633136181912
1.76454359375E-07, -0.00436603914470415
1.764563125E-07, -0.00439597602498581
1.76458265625E-07, -0.00411650157203079
1.7646021875E-07, -0.00409038666695955
1.76462171875E-07, -0.00434739972464413
1.76464125E-07, -0.00452340368344056
1.76466078125E-07, -0.00441176361484288
1.7646803125E-07, -0.00422717677791196
1.76469984375E-07, -0.00410070006146895
1.764719375E-07, -0.00410946734498822
1.76473890625E-07, -0.00412259274468961
1.7647584375E-07, -0.00402606705740146
1.76477796875E-07, -0.00406951996879334
1.7647975E-07, -0.0038336692158534
1.76481703125E-07, -0.00421916325675436
1.7648365625E-07, -0.00402179233976051
1.76485609375E-07, -0.00446091042326046
1.764875625E-07, -0.00401675218618636
1.76489515625E-07, -0.00397658549023809
1.7649146875E-07, -0.00384516112655656
1.76493421875E-07, -0.00445198005960321
1.76495375E-07, -0.0043898569246738
1.76497328125E-07, -0.00392915007985116
1.7649928125E-07, -0.00382116226037453
1.76501234375E-07, -0.00379821928419926
1.765031875E-07, -0.00383421426678176
1.76505140625E-07, -0.00364034121798136
1.7650709375E-07, -0.0041622133955965
1.76509046875E-07, -0.00399320098504203
1.76511E-07, -0.00386237960036312
1.76512953125E-07, -0.00364237622574076
1.7651490625E-07, -0.00394526834921861
1.76516859375E-07, -0.00364972557167055
1.765188125E-07, -0.00351428609995933
1.76520765625E-07, -0.00363039933491577
1.7652271875E-07, -0.00343443843752235
1.76524671875E-07, -0.00322552950369753
1.76526625E-07, -0.00364089873338658
1.76528578125E-07, -0.00344327120608282
1.7653053125E-07, -0.00352692649173426
1.76532484375E-07, -0.00310519607487318
1.765344375E-07, -0.00311603641337871
1.76536390625E-07, -0.00327484351921873
1.7653834375E-07, -0.00322923404155186
1.76540296875E-07, -0.00370123260228191
1.7654225E-07, -0.0035719271136712
1.76544203125E-07, -0.00330714331286229
1.7654615625E-07, -0.00331481147237085
1.76548109375E-07, -0.00333319080190084
1.765500625E-07, -0.00331538977289331
1.76552015625E-07, -0.00277942591737258
1.7655396875E-07, -0.00309243703401469
1.76555921875E-07, -0.002922182429611
1.76557875E-07, -0.00292003835767315
1.76559828125E-07, -0.0026864648710179
1.7656178125E-07, -0.00328585616703751
1.76563734375E-07, -0.00305300971993713
1.765656875E-07, -0.00317749487857977
1.76567640625E-07, -0.00278551102773964
1.7656959375E-07, -0.00255762383421361
1.76571546875E-07, -0.002887702290645
1.765735E-07, -0.00254316753869782
1.76575453125E-07, -0.00287206742730831
1.7657740625E-07, -0.00287736800775653
1.76579359375E-07, -0.00284040545151944
1.765813125E-07, -0.00273022964286211
1.76583265625E-07, -0.0028161278692527
1.7658521875E-07, -0.00248608222817364
1.76587171875E-07, -0.00271636473621693
1.76589125E-07, -0.00250084804944955
1.76591078125E-07, -0.00276465200923225
1.7659303125E-07, -0.00288580169463876
1.76594984375E-07, -0.00290115856961025
1.765969375E-07, -0.00264308661814324
1.76598890625E-07, -0.00284783364843225
1.7660084375E-07, -0.00306126554965386
1.76602796875E-07, -0.00257502775745131
1.7660475E-07, -0.00279442941783672
1.76606703125E-07, -0.00166110045434622
1.7660865625E-07, -0.00324194936414728
1.76610609375E-07, -0.0025126476639805
1.766125625E-07, -0.00306477100481164
1.76614515625E-07, -0.00315430812483377
1.7661646875E-07, -0.0026198969675552
1.76618421875E-07, -0.00288872714834647
1.76620375E-07, -0.00284891814825301
1.76622328125E-07, -0.0024607858352891
1.7662428125E-07, -0.00285785526015098
1.76626234375E-07, -0.003263390456877
1.766281875E-07, -0.00295543050136346
1.76630140625E-07, -0.0024415086803189
1.7663209375E-07, -0.00269205920294257
1.76634046875E-07, -0.00197848214301009
1.76636E-07, -0.00211461422304216
1.76637953125E-07, -0.00243671068052411
1.7663990625E-07, -0.00253337351419336
1.76641859375E-07, -0.00265455665609988
1.766438125E-07, -0.00265555827204393
1.76645765625E-07, -0.00208804389514412
1.7664771875E-07, -0.00146611649262893
1.76649671875E-07, -0.00266415343094739
1.76651625E-07, -0.00235341489291486
1.76653578125E-07, -0.00192587374333896
1.7665553125E-07, -0.00285519436527766
1.76657484375E-07, -0.00261803296319221
1.766594375E-07, -0.00202340723043838
1.76661390625E-07, -0.00194458967269699
1.7666334375E-07, -0.00193993073727106
1.76665296875E-07, -0.00249201397673659
1.7666725E-07, -0.00243042359213099
1.76669203125E-07, -0.00204179910803021
1.7667115625E-07, -0.00222991753717794
1.76673109375E-07, -0.00183919744056028
1.766750625E-07, -0.00279084566787442
1.76677015625E-07, -0.00218316331218353
1.7667896875E-07, -0.00248923625264614
1.76680921875E-07, -0.00186336981533764
1.76682875E-07, -0.00149729112028793
1.76684828125E-07, -0.0017981558362056
1.7668678125E-07, -0.00216193498765523
1.76688734375E-07, -0.00174890710809943
1.766906875E-07, -0.00162949464385786
1.76692640625E-07, -0.00165537071354666
1.7669459375E-07, -0.00235921955334544
1.76696546875E-07, -0.00156845992207953
1.766985E-07, -0.00172330815016884
1.76700453125E-07, -0.00227421306504865
1.7670240625E-07, -0.00185767533452183
1.76704359375E-07, -0.00198703773229411
1.767063125E-07, -0.00199082107769283
1.76708265625E-07, -0.0022841859844374
1.7671021875E-07, -0.00193887421501465
1.76712171875E-07, -0.00176888143809489
1.76714125E-07, -0.00177393656118155
1.76716078125E-07, -0.00202997003861838
1.7671803125E-07, -0.00197580854466671
1.76719984375E-07, -0.00188365944697445
1.767219375E-07, -0.00194687617523061
1.76723890625E-07, -0.00181743942981456
1.7672584375E-07, -0.00185603759975535
1.76727796875E-07, -0.00204268224338056
1.7672975E-07, -0.00182404248884309
1.76731703125E-07, -0.00172716655060779
1.7673365625E-07, -0.0021102306369204
1.76735609375E-07, -0.00204555581210344
1.767375625E-07, -0.0020559657955866
1.76739515625E-07, -0.00197629058934841
1.7674146875E-07, -0.00231555425436587
1.76743421875E-07, -0.00240919232613403
1.76745375E-07, -0.00256890506737861
1.76747328125E-07, -0.00250520940865438
1.7674928125E-07, -0.00225481024744928
1.76751234375E-07, -0.00229192939440982
1.767531875E-07, -0.002423651616818
1.76755140625E-07, -0.00296374294134888
1.7675709375E-07, -0.00266238105691931
1.76759046875E-07, -0.00261050753160292
1.76761E-07, -0.00274233348212506
1.76762953125E-07, -0.00293768003282594
1.7676490625E-07, -0.00265443663619311
1.76766859375E-07, -0.00307794558711519
1.767688125E-07, -0.00285122706343648
1.76770765625E-07, -0.00264163205790178
1.7677271875E-07, -0.00311089399475329
1.76774671875E-07, -0.00259867221575834
1.76776625E-07, -0.00279294580130168
1.76778578125E-07, -0.00323634199187128
1.7678053125E-07, -0.0025462953554243
1.76782484375E-07, -0.00254562373094298
1.767844375E-07, -0.00315782498466437
1.76786390625E-07, -0.00245715553507636
1.7678834375E-07, -0.00282637540188045
1.76790296875E-07, -0.00241709511295889
1.7679225E-07, -0.00270319134617176
1.76794203125E-07, -0.00259010350024706
1.7679615625E-07, -0.00277152578787513
1.76798109375E-07, -0.00267495926691173
1.768000625E-07, -0.00290052686721148
1.76802015625E-07, -0.00173204185391511
1.7680396875E-07, -0.00216543104074573
1.76805921875E-07, -0.00210032451387384
1.76807875E-07, -0.002108835437635
1.76809828125E-07, -0.00179529050883557
1.7681178125E-07, -0.00163045817264426
1.76813734375E-07, -0.00143681866146491
1.768156875E-07, -0.00200233167104891
1.76817640625E-07, -0.00143675219287113
1.7681959375E-07, -0.00113874683886401
1.76821546875E-07, -0.000148577130370447
1.768235E-07, -0.000568733205949191
1.76825453125E-07, 0.000329239147432409
1.7682740625E-07, 0.000363106166699096
1.76829359375E-07, 0.00105459964747456
1.768313125E-07, 1.50088779337765E-05
1.76833265625E-07, 0.000802853700804019
1.7683521875E-07, 0.00138458535296359
1.76837171875E-07, 0.00156513236200097
1.76839125E-07, 0.00157381104047849
1.76841078125E-07, 0.00192737314182328
1.7684303125E-07, 0.00349306989412593
1.76844984375E-07, 0.00232969977147836
1.768469375E-07, 0.00210250103490928
1.76848890625E-07, 0.00280929045457953
1.7685084375E-07, 0.00348043002645297
1.76852796875E-07, 0.0038912080176382
1.7685475E-07, 0.00338078464538058
1.76856703125E-07, 0.00438045821510525
1.7685865625E-07, 0.00429359493860455
1.76860609375E-07, 0.0051842118784643
1.768625625E-07, 0.00480164903052208
1.76864515625E-07, 0.00482383831951972
1.7686646875E-07, 0.00582327203468156
1.76868421875E-07, 0.00614216526114664
1.76870375E-07, 0.00557902704453444
1.76872328125E-07, 0.00581365124213778
1.7687428125E-07, 0.00608616281801147
1.76876234375E-07, 0.00567165795064184
1.768781875E-07, 0.00485790954896905
1.76880140625E-07, 0.00765882643836805
1.7688209375E-07, 0.00681528514835153
1.76884046875E-07, 0.00602633281102439
1.76886E-07, 0.00719459031344095
1.76887953125E-07, 0.00675800912647398
1.7688990625E-07, 0.00666251602961788
1.76891859375E-07, 0.00698721450388502
1.768938125E-07, 0.00607553022949209
1.76895765625E-07, 0.00667723399084742
1.7689771875E-07, 0.00690293402689824
1.76899671875E-07, 0.00570019498116331
1.76901625E-07, 0.00601510280049913
1.76903578125E-07, 0.00578902649223408
1.7690553125E-07, 0.00649372035171042
1.76907484375E-07, 0.00543170775866577
1.769094375E-07, 0.00461608040063063
1.76911390625E-07, 0.0053662989570712
1.7691334375E-07, 0.00447384852860044
1.76915296875E-07, 0.00489487684946788
1.7691725E-07, 0.00467154976920458
1.76919203125E-07, 0.00427713575519131
1.7692115625E-07, 0.00436379988593816
1.76923109375E-07, 0.00330000510598816
1.769250625E-07, 0.00345586980955781
1.76927015625E-07, 0.00355703935998732
1.7692896875E-07, 0.00350126871677109
1.76930921875E-07, 0.00223416067170972
1.76932875E-07, 0.00211213196856603
1.76934828125E-07, 0.00250687872251594
1.7693678125E-07, 0.000237622379161589
1.76938734375E-07, 0.00092625382734712
1.769406875E-07, 0.00141408394054768
1.76942640625E-07, 0.000521260675492205
1.7694459375E-07, 0.0011579176899904
1.76946546875E-07, -0.00013449582869572
1.769485E-07, -0.000676009797553067
1.76950453125E-07, -0.000509313016789625
1.7695240625E-07, 0.000246142207655492
1.76954359375E-07, -0.000801618399699686
1.769563125E-07, -0.000926939224625156
1.76958265625E-07, -0.00151922968068662
1.7696021875E-07, -0.0016363966288549
1.76962171875E-07, -0.0018330466123647
1.76964125E-07, -0.00110298481870406
1.76966078125E-07, -0.00218250569049441
1.7696803125E-07, -0.00210396148480287
1.76969984375E-07, -0.00222741153976176
1.769719375E-07, -0.0015763231598775
1.76973890625E-07, -0.00177566926792652
1.7697584375E-07, -0.00216466392304154
1.76977796875E-07, -0.00156388747616331
1.7697975E-07, -0.00213357031875614
1.76981703125E-07, -0.00209323237559668
1.7698365625E-07, -0.00241668670703052
1.76985609375E-07, -0.00238881935173763
1.769875625E-07, -0.00242020917183913
1.76989515625E-07, -0.00226343172517789
1.7699146875E-07, -0.00217557117407471
1.76993421875E-07, -0.00201913955131459
1.76995375E-07, -0.00190598275389197
1.76997328125E-07, -0.00217009895842849
1.7699928125E-07, -0.00124398227951387
1.77001234375E-07, -0.00192888950619217
1.770031875E-07, -0.00163418590527248
1.77005140625E-07, -0.00154197312470944
1.7700709375E-07, -0.00180251364874958
1.77009046875E-07, -0.0012986607858925
1.77011E-07, -0.00140881210415268
1.77012953125E-07, -0.000929680529032628
1.7701490625E-07, -0.00152667658852192
1.77016859375E-07, -0.00123590747619195
1.770188125E-07, -0.000813557792211518
1.77020765625E-07, -0.00103910824618182
1.7702271875E-07, -0.000511308814821507
1.77024671875E-07, -0.000892369411125283
1.77026625E-07, -0.00101919238895433
1.77028578125E-07, -0.000582428868399107
1.7703053125E-07, -0.000647452277199379
1.77032484375E-07, -0.000662580300893632
1.770344375E-07, -0.000436577750553311
1.77036390625E-07, -0.000298244227267108
1.7703834375E-07, -0.000270351644617332
1.77040296875E-07, -0.000181996884678782
1.7704225E-07, -0.000149324972496019
1.77044203125E-07, 0.000233947097583884
1.7704615625E-07, 4.99475147699318E-05
1.77048109375E-07, -0.000883379573840548
1.770500625E-07, -0.000220568853095958
1.77052015625E-07, -0.000334102941793769
1.7705396875E-07, 2.44923152814404E-05
1.77055921875E-07, -9.87926630278321E-05
1.77057875E-07, -0.000195311774170283
1.77059828125E-07, 0.000366114607359945
1.7706178125E-07, 0.0004197089179412
1.77063734375E-07, 2.71627497452234E-05
1.770656875E-07, -0.000114111747532032
1.77067640625E-07, 0.000145771355540442
1.7706959375E-07, 0.000408767099537883
1.77071546875E-07, -3.6616912108376E-05
1.770735E-07, -0.00010801072252248
1.77075453125E-07, 0.000143504332261052
1.7707740625E-07, -0.000134624230088099
1.77079359375E-07, -0.000146846156787145
1.770813125E-07, 9.52929972609787E-05
1.77083265625E-07, 0.00110810670718645
1.7708521875E-07, 0.000767756793592889
1.77087171875E-07, 0.000543370677492603
1.77089125E-07, 0.000457845129320016
1.77091078125E-07, 0.000517152383828244
1.7709303125E-07, 0.00160147993527445
1.77094984375E-07, 0.000576323125819873
1.770969375E-07, 0.000870230835593246
1.77098890625E-07, 0.000876596563221571
1.7710084375E-07, 0.0015099144109462
1.77102796875E-07, 0.00154879454732108
1.7710475E-07, 0.000937327113485533
1.77106703125E-07, 0.00146346596567382
1.7710865625E-07, 0.00279883639496045
1.77110609375E-07, 0.00158817837264217
1.771125625E-07, 0.00203479424928939
1.77114515625E-07, 0.00196118406062674
1.7711646875E-07, 0.0034118132327336
1.77118421875E-07, 0.00280029388174169
1.77120375E-07, 0.00301183740118707
1.77122328125E-07, 0.00355694447644983
1.7712428125E-07, 0.00319570231344849
1.77126234375E-07, 0.00396708935892489
1.771281875E-07, 0.00331632689243463
1.77130140625E-07, 0.0047995128463503
1.7713209375E-07, 0.00454932044673855
1.77134046875E-07, 0.00411821347172583
1.77136E-07, 0.00540887671125116
1.77137953125E-07, 0.00559423262999258
1.7713990625E-07, 0.00516778716410135
1.77141859375E-07, 0.00553627649632814
1.771438125E-07, 0.00604295773556698
1.77145765625E-07, 0.00565290699781856
1.7714771875E-07, 0.00622193956515882
1.77149671875E-07, 0.00640197675882605
1.77151625E-07, 0.00574503314504698
1.77153578125E-07, 0.0072333828884331
1.7715553125E-07, 0.00680062283096369
1.77157484375E-07, 0.00727185700998688
1.771594375E-07, 0.00756686384191007
1.77161390625E-07, 0.00740736141687222
1.7716334375E-07, 0.00856035731959106
1.77165296875E-07, 0.00853457750396375
1.7716725E-07, 0.00911687482594229
1.77169203125E-07, 0.00890339751694829
1.7717115625E-07, 0.00778961883836611
1.77173109375E-07, 0.00855718649124127
1.771750625E-07, 0.00973390831762493
1.77177015625E-07, 0.00947439923590428
1.7717896875E-07, 0.00901947052148095
1.77180921875E-07, 0.0103785610144448
1.77182875E-07, 0.00998057700515638
1.77184828125E-07, 0.00978330980220753
1.7718678125E-07, 0.0100639348753025
1.77188734375E-07, 0.00976223889890505
1.771906875E-07, 0.00944600251530054
1.77192640625E-07, 0.00961760299088784
1.7719459375E-07, 0.0100103758432982
1.77196546875E-07, 0.0106913280763428
1.771985E-07, 0.0100711902267363
1.77200453125E-07, 0.0102255414284828
1.7720240625E-07, 0.0105731830327799
1.77204359375E-07, 0.010299044907627
1.772063125E-07, 0.0107538984656338
1.77208265625E-07, 0.0109870565934275
1.7721021875E-07, 0.00988647403606777
1.77212171875E-07, 0.0104717201071259
1.77214125E-07, 0.00960560621428907
1.77216078125E-07, 0.00964635946358913
1.7721803125E-07, 0.00996563475384045
1.77219984375E-07, 0.00911640103969633
1.772219375E-07, 0.0096097226535716
1.77223890625E-07, 0.00943487070417248
1.7722584375E-07, 0.00971910795152574
1.77227796875E-07, 0.0090705362526104
1.7722975E-07, 0.00956035653957624
1.77231703125E-07, 0.00907017426519647
1.7723365625E-07, 0.00859614478513747
1.77235609375E-07, 0.00901938204230653
1.772375625E-07, 0.00909765382187191
1.77239515625E-07, 0.00871236604450928
1.7724146875E-07, 0.00814979781789983
1.77243421875E-07, 0.00855708034299128
1.77245375E-07, 0.00770123337950917
1.77247328125E-07, 0.00734277812720552
1.7724928125E-07, 0.00760731823980867
1.77251234375E-07, 0.00692891289213924
1.772531875E-07, 0.00626073463431783
1.77255140625E-07, 0.00675617952546053
1.7725709375E-07, 0.00590894355435323
1.77259046875E-07, 0.0064577638025181
1.77261E-07, 0.00639765931387422
1.77262953125E-07, 0.00555946945075649
1.7726490625E-07, 0.00562449306995355
1.77266859375E-07, 0.005059446076741
1.772688125E-07, 0.00403415743158306
1.77270765625E-07, 0.00476179519581972
1.7727271875E-07, 0.00436864680495041
1.77274671875E-07, 0.00472336882632446
1.77276625E-07, 0.00384623273448052
1.77278578125E-07, 0.0035972143259402
1.7728053125E-07, 0.00430196210730191
1.77282484375E-07, 0.00425349920747731
1.772844375E-07, 0.00421975303182441
1.77286390625E-07, 0.00351762732055158
1.7728834375E-07, 0.0031050305600986
1.77290296875E-07, 0.0023462197644757
1.7729225E-07, 0.00187534788700635
1.77294203125E-07, 0.00260142045570576
1.7729615625E-07, 0.00225444091785483
1.77298109375E-07, 0.00219101443576559
1.773000625E-07, 0.00184825716371505
1.77302015625E-07, 0.000738322701194943
1.7730396875E-07, 0.00182548583220381
1.77305921875E-07, 0.000579435836716446
1.77307875E-07, 0.00121796052247641
1.77309828125E-07, 0.00145264333203038
1.7731178125E-07, 0.000201183321010069
1.77313734375E-07, 0.000161150421923406
1.773156875E-07, -8.95555992412409E-05
1.77317640625E-07, 0.00012506736789029
1.7731959375E-07, 0.000293981905403668
1.77321546875E-07, -0.000280885533998693
1.773235E-07, -0.00022417015173773
1.77325453125E-07, -0.000596236247362429
1.7732740625E-07, -0.000877779031104863
1.77329359375E-07, -0.000649649217122349
1.773313125E-07, -0.00061822858413373
1.77333265625E-07, -0.000967436060386175
1.7733521875E-07, -0.00114556009705698
1.77337171875E-07, -0.000973554065622417
1.77339125E-07, -0.000786612071781349
1.77341078125E-07, -0.0014004946789171
1.7734303125E-07, -0.00142464059730614
1.77344984375E-07, -0.00180131331637678
1.773469375E-07, -0.00164780954121572
1.77348890625E-07, -0.00138746181865668
1.7735084375E-07, -0.00181381972833795
1.77352796875E-07, -0.00158854169512592
1.7735475E-07, -0.00178977233069893
1.77356703125E-07, -0.00223218577775392
1.7735865625E-07, -0.00184860611640999
1.77360609375E-07, -0.00212889925325412
1.773625625E-07, -0.00133976163870678
1.77364515625E-07, -0.00188432804197509
1.7736646875E-07, -0.00185113667781254
1.77368421875E-07, -0.00196812780183248
1.77370375E-07, -0.0021677570698637
1.77372328125E-07, -0.00205349098173182
1.7737428125E-07, -0.00199666075397905
1.77376234375E-07, -0.0018970017742973
1.773781875E-07, -0.00200502627209193
1.77380140625E-07, -0.0023432991349423
1.7738209375E-07, -0.00211462270632393
1.77384046875E-07, -0.00222657769442836
1.77386E-07, -0.00254848803388467
1.77387953125E-07, -0.00246544178055749
1.7738990625E-07, -0.00193081322519168
1.77391859375E-07, -0.00274369880484143
1.773938125E-07, -0.0023366579986807
1.77395765625E-07, -0.00154410072503158
1.7739771875E-07, -0.00256522674582105
1.77399671875E-07, -0.00216723002332836
1.77401625E-07, -0.00215675649011535
1.77403578125E-07, -0.00269050199148124
1.7740553125E-07, -0.00231975556580777
1.77407484375E-07, -0.00245713040136684
1.774094375E-07, -0.00214775441786315
1.77411390625E-07, -0.00286381159752546
1.7741334375E-07, -0.00219874327927005
1.77415296875E-07, -0.00278981765824151
1.7741725E-07, -0.00251843376957947
1.77419203125E-07, -0.00233672433129556
1.7742115625E-07, -0.00210624959092862
1.77423109375E-07, -0.00269203850774226
1.774250625E-07, -0.00286904929502806
1.77427015625E-07, -0.00261450029351381
1.7742896875E-07, -0.00263532603460921
1.77430921875E-07, -0.00270881556522878
1.77432875E-07, -0.00217313857712599
1.77434828125E-07, -0.00232741242565828
1.7743678125E-07, -0.00218491797822036
1.77438734375E-07, -0.00255339565108376
1.774406875E-07, -0.00258755235691393
1.77442640625E-07, -0.00230028411824691
1.7744459375E-07, -0.00261718430361592
1.77446546875E-07, -0.00226000476659786
1.774485E-07, -0.00291416640195944
1.77450453125E-07, -0.00202316937450037
1.7745240625E-07, -0.00246513098627555
1.77454359375E-07, -0.00261902704417768
1.774563125E-07, -0.00271000956244273
1.77458265625E-07, -0.00207026683655178
1.7746021875E-07, -0.00290514766289938
1.77462171875E-07, -0.00294482339683105
1.77464125E-07, -0.00295896944308576
1.77466078125E-07, -0.00282794831984428
1.7746803125E-07, -0.00287422856337114
1.77469984375E-07, -0.00296205180456166
1.774719375E-07, -0.00308824584214429
1.77473890625E-07, -0.00319527311354547
1.7747584375E-07, -0.00296082416011221
1.77477796875E-07, -0.00312145389054968
1.7747975E-07, -0.00337076837285605
1.77481703125E-07, -0.00320983026909384
1.7748365625E-07, -0.003448792222835
1.77485609375E-07, -0.0036255476378602
1.774875625E-07, -0.00337261266287511
1.77489515625E-07, -0.00342604202703369
1.7749146875E-07, -0.00371596160073868
1.77493421875E-07, -0.00417816747095346
1.77495375E-07, -0.003869538130059
1.77497328125E-07, -0.00341071127958797
1.7749928125E-07, -0.00392311014726639
1.77501234375E-07, -0.00392982333406994
1.775031875E-07, -0.004257433612385
1.77505140625E-07, -0.00373233984200232
1.7750709375E-07, -0.00394274488920997
1.77509046875E-07, -0.00393249910623131
1.77511E-07, -0.00381683095613855
1.77512953125E-07, -0.00397244566103248
1.7751490625E-07, -0.00406350885962644
1.77516859375E-07, -0.00396268254894219
1.775188125E-07, -0.0040279966979254
1.77520765625E-07, -0.00405968071368211
1.7752271875E-07, -0.00376851013594118
1.77524671875E-07, -0.0041508153855117
1.77526625E-07, -0.00451228037141856
1.77528578125E-07, -0.00378119768678942
1.7753053125E-07, -0.00398867526451258
1.77532484375E-07, -0.00393292802705783
1.775344375E-07, -0.00405083030433598
1.77536390625E-07, -0.00385796558002181
1.7753834375E-07, -0.0041009133823722
1.77540296875E-07, -0.0034452391171312
1.7754225E-07, -0.00388603620230898
1.77544203125E-07, -0.00353342456086206
1.7754615625E-07, -0.00429516346490599
1.77548109375E-07, -0.00410447004387878
1.775500625E-07, -0.00337515447996754
1.77552015625E-07, -0.00383124652283152
1.7755396875E-07, -0.00360737888274884
1.77555921875E-07, -0.00365848372927233
1.77557875E-07, -0.00401315249433813
1.77559828125E-07, -0.00381417402172429
1.7756178125E-07, -0.00343259498616759
1.77563734375E-07, -0.00324433358064807
1.775656875E-07, -0.00325781074174669
1.77567640625E-07, -0.00375429014588651
1.7756959375E-07, -0.00338121426689627
1.77571546875E-07, -0.00307419108273419
1.775735E-07, -0.00318735405009156
1.77575453125E-07, -0.00286327725710857
1.7757740625E-07, -0.00285619324190294
1.77579359375E-07, -0.00271855245486219
1.775813125E-07, -0.00265167140102444
1.77583265625E-07, -0.00232775268936686
1.7758521875E-07, -0.00264569030254375
1.77587171875E-07, -0.00243843137747494
1.77589125E-07, -0.00210097470677583
1.77591078125E-07, -0.00239050021369714
1.7759303125E-07, -0.00246891612724953
1.77594984375E-07, -0.00246565222804772
1.775969375E-07, -0.00205017317797517
1.77598890625E-07, -0.00219934699220777
1.7760084375E-07, -0.00192725005464251
1.77602796875E-07, -0.00153864729995558
1.7760475E-07, -0.00194270416692512
1.77606703125E-07, -0.0019302682238635
1.7760865625E-07, -0.00131173350913908
1.77610609375E-07, -0.0017167138659228
1.776125625E-07, -0.00173444489086675
1.77614515625E-07, -0.00139691222612683
1.7761646875E-07, -0.00115471380391785
1.77618421875E-07, -0.00160499895629891
1.77620375E-07, -0.00128160798832771
1.77622328125E-07, -0.000793878072210765
1.7762428125E-07, -0.000958156125311561
1.77626234375E-07, -0.000873780154898524
1.776281875E-07, -0.000407711634299454
1.77630140625E-07, -0.000630984368663942
1.7763209375E-07, 2.64627052770283E-05
1.77634046875E-07, -0.000464314082315793


