File Format, WaveformXYValues
Format Version, 1
Instrument, N1045A,04F,LOJ
SwVersion, A.06.71.21
SerialNumber, MY56260108
Date, 11/29/2023 14:12:49 GMT+08:00

Source Name, Channel 1A

Points, 2048
Signal Type, Unspecified
Channel Bandwidth, 2E+10
Channel Noise, 6.66857143682292E-05
X Units, Second
Y Units, Volt
Data, 
1.73636E-07, -0.00157369382851301
1.73637953125E-07, -0.001240100866264
1.7363990625E-07, -0.00125069720465839
1.73641859375E-07, -0.00104680759942597
1.736438125E-07, -0.000973427905071415
1.73645765625E-07, -0.00135137359823704
1.7364771875E-07, -0.00108630444935703
1.73649671875E-07, -0.00136911325704042
1.73651625E-07, -0.00121028610982618
1.73653578125E-07, -0.00140734805268811
1.7365553125E-07, -0.00163530782593149
1.73657484375E-07, -0.00126969980038744
1.736594375E-07, -0.00132962345432738
1.73661390625E-07, -0.00143250331234472
1.7366334375E-07, -0.00139194749708892
1.73665296875E-07, -0.00129664169571334
1.7366725E-07, -0.00147576957822864
1.73669203125E-07, -0.00117290895324984
1.7367115625E-07, -0.00144390184681189
1.73673109375E-07, -0.00120899729803528
1.736750625E-07, -0.00141998561270181
1.73677015625E-07, -0.00161331624682709
1.7367896875E-07, -0.00123230145842729
1.73680921875E-07, -0.00181825737310731
1.73682875E-07, -0.00122037082550063
1.73684828125E-07, -0.00125287767475487
1.7368678125E-07, -0.00130938484854421
1.73688734375E-07, -0.001481180222288
1.736906875E-07, -0.0017067629086411
1.73692640625E-07, -0.00110751672696861
1.7369459375E-07, -0.00141000721496039
1.73696546875E-07, -0.00139878545166944
1.736985E-07, -0.00125835706374472
1.73700453125E-07, -0.00174177885836656
1.7370240625E-07, -0.00119117919113816
1.73704359375E-07, -0.00154743401987733
1.737063125E-07, -0.00114461245493712
1.73708265625E-07, -0.00145526374218926
1.7371021875E-07, -0.00136973892773025
1.73712171875E-07, -0.00124914946683679
1.73714125E-07, -0.00168860980905381
1.73716078125E-07, -0.00160820526649229
1.7371803125E-07, -0.00173920940235158
1.73719984375E-07, -0.00148665102931656
1.737219375E-07, -0.00126415203241225
1.73723890625E-07, -0.00136229167331694
1.7372584375E-07, -0.00144836908531766
1.73727796875E-07, -0.00146427863174579
1.7372975E-07, -0.00165708527572813
1.73731703125E-07, -0.00146232907947482
1.7373365625E-07, -0.00138129204826933
1.73735609375E-07, -0.00169346256634703
1.737375625E-07, -0.00117065002966149
1.73739515625E-07, -0.00164151355032968
1.7374146875E-07, -0.00133232118498907
1.73743421875E-07, -0.00160740486963314
1.73745375E-07, -0.00167374176792427
1.73747328125E-07, -0.000980467034771544
1.7374928125E-07, -0.00173177630984909
1.73751234375E-07, -0.00154618915114854
1.737531875E-07, -0.0013222916226021
1.73755140625E-07, -0.00215137173758868
1.7375709375E-07, -0.00194371183416433
1.73759046875E-07, -0.00157849846817702
1.73761E-07, -0.00124153801029604
1.73762953125E-07, -0.00150495173707054
1.7376490625E-07, -0.00182277147956786
1.73766859375E-07, -0.00186871448172492
1.737688125E-07, -0.00163069176834597
1.73770765625E-07, -0.00174839679965098
1.7377271875E-07, -0.00145102426248676
1.73774671875E-07, -0.00152437821567514
1.73776625E-07, -0.00188571272807569
1.73778578125E-07, -0.00204400225519625
1.7378053125E-07, -0.00186743778238276
1.73782484375E-07, -0.00138427480041235
1.737844375E-07, -0.00178093000056595
1.73786390625E-07, -0.00166189388116283
1.7378834375E-07, -0.00212584735942035
1.73790296875E-07, -0.00163997021264028
1.7379225E-07, -0.00217744257691875
1.73794203125E-07, -0.00186359677588921
1.7379615625E-07, -0.00186227223350314
1.73798109375E-07, -0.00183866866154129
1.738000625E-07, -0.00154718139290167
1.73802015625E-07, -0.00169672731547301
1.7380396875E-07, -0.00214557855730905
1.73805921875E-07, -0.00178076726948373
1.73807875E-07, -0.00222622211145864
1.73809828125E-07, -0.00187800087659165
1.7381178125E-07, -0.0019269150119528
1.73813734375E-07, -0.00171100607720429
1.738156875E-07, -0.00206229706577139
1.73817640625E-07, -0.00168680022741142
1.7381959375E-07, -0.00212810882138794
1.73821546875E-07, -0.00171820507195875
1.738235E-07, -0.00184644778354162
1.73825453125E-07, -0.00223164795801968
1.7382740625E-07, -0.00231996834211744
1.73829359375E-07, -0.00229948995263398
1.738313125E-07, -0.00230222553725906
1.73833265625E-07, -0.00256117084156586
1.7383521875E-07, -0.00200591385329946
1.73837171875E-07, -0.00238122751771464
1.73839125E-07, -0.00251861575472057
1.73841078125E-07, -0.00208615635024885
1.7384303125E-07, -0.00240600041327541
1.73844984375E-07, -0.00261718747812251
1.738469375E-07, -0.00200806845206335
1.73848890625E-07, -0.00245077373841944
1.7385084375E-07, -0.00258699763780723
1.73852796875E-07, -0.00224287966324657
1.7385475E-07, -0.00242464694330752
1.73856703125E-07, -0.0030018915780478
1.7385865625E-07, -0.00264785814860576
1.73860609375E-07, -0.00267875610647556
1.738625625E-07, -0.00243053343281121
1.73864515625E-07, -0.00292074379607915
1.7386646875E-07, -0.0032464271741335
1.73868421875E-07, -0.00330651422601226
1.73870375E-07, -0.00314554849335023
1.73872328125E-07, -0.00343707050607472
1.7387428125E-07, -0.00321187517507017
1.73876234375E-07, -0.00358493353123218
1.738781875E-07, -0.00331359464529578
1.73880140625E-07, -0.00373968304567994
1.7388209375E-07, -0.00352261076238142
1.73884046875E-07, -0.00386749825913831
1.73886E-07, -0.00409420359843272
1.73887953125E-07, -0.00329509436197821
1.7388990625E-07, -0.00377015353935825
1.73891859375E-07, -0.00397241865281176
1.738938125E-07, -0.00385591266997153
1.73895765625E-07, -0.00370278767356978
1.7389771875E-07, -0.00416142511030631
1.73899671875E-07, -0.00386491849418843
1.73901625E-07, -0.00425988645112756
1.73903578125E-07, -0.00415302876489705
1.7390553125E-07, -0.00431988066643092
1.73907484375E-07, -0.00415221554297741
1.739094375E-07, -0.0043159268907751
1.73911390625E-07, -0.00428639244226904
1.7391334375E-07, -0.00423020497772835
1.73915296875E-07, -0.00481505939364393
1.7391725E-07, -0.00414744926325753
1.73919203125E-07, -0.00456026145553118
1.7392115625E-07, -0.0046344506142172
1.73923109375E-07, -0.00468336621604758
1.739250625E-07, -0.0050985878314648
1.73927015625E-07, -0.00479192210824685
1.7392896875E-07, -0.00490995624486714
1.73930921875E-07, -0.00478295759187553
1.73932875E-07, -0.00476621391500538
1.73934828125E-07, -0.0049690280069747
1.7393678125E-07, -0.00440077166818082
1.73938734375E-07, -0.00504577360255537
1.739406875E-07, -0.00535848421933806
1.73942640625E-07, -0.00485157400467016
1.7394459375E-07, -0.00457319971975568
1.73946546875E-07, -0.00483740200998337
1.739485E-07, -0.00516938327237266
1.73950453125E-07, -0.00442762125339528
1.7395240625E-07, -0.00555331419730843
1.73954359375E-07, -0.00527730807534601
1.739563125E-07, -0.00514494976176337
1.73958265625E-07, -0.00397497732259101
1.7396021875E-07, -0.00516703912359854
1.73962171875E-07, -0.00509162446672539
1.73964125E-07, -0.00449864311066099
1.73966078125E-07, -0.00453034600691174
1.7396803125E-07, -0.0049965156824462
1.73969984375E-07, -0.00501240832438705
1.739719375E-07, -0.00494100309250784
1.73973890625E-07, -0.00462553414094312
1.7397584375E-07, -0.00494016627894077
1.73977796875E-07, -0.00405308085417532
1.7397975E-07, -0.0051377497117653
1.73981703125E-07, -0.00397629508280049
1.7398365625E-07, -0.003878603519063
1.73985609375E-07, -0.00508950830446419
1.739875625E-07, -0.00447059430552598
1.73989515625E-07, -0.0042461433273117
1.7399146875E-07, -0.00373958558546163
1.73993421875E-07, -0.00363249410426724
1.73995375E-07, -0.00396153978692029
1.73997328125E-07, -0.00418128921357006
1.7399928125E-07, -0.00406048322231696
1.74001234375E-07, -0.00219989508945825
1.740031875E-07, -0.0031228035214987
1.74005140625E-07, -0.00335805379075227
1.7400709375E-07, -0.00351367294462023
1.74009046875E-07, -0.00226350684285307
1.74011E-07, -0.00155786167047859
1.74012953125E-07, -0.0028176981173369
1.7401490625E-07, -0.0014547199751624
1.74016859375E-07, -0.00229651347183841
1.740188125E-07, -0.0025690364470405
1.74020765625E-07, -0.000225106701217047
1.7402271875E-07, -0.00232080384550749
1.74024671875E-07, -0.000812512071053297
1.74026625E-07, -0.00127043474369695
1.74028578125E-07, -0.000681577013220409
1.7403053125E-07, -0.000449714171034125
1.74032484375E-07, -0.000496044905931628
1.740344375E-07, 0.000597780958260577
1.74036390625E-07, 0.000277928520900313
1.7403834375E-07, 7.57007010863332E-05
1.74040296875E-07, -2.75166500016632E-05
1.7404225E-07, 0.00228046789773165
1.74044203125E-07, 0.00214296484689741
1.7404615625E-07, 0.0020562123050058
1.74048109375E-07, 0.00180927855869756
1.740500625E-07, 0.00190481165607837
1.74052015625E-07, 0.00416401961082359
1.7405396875E-07, 0.00419996812206026
1.74055921875E-07, 0.00419992946558771
1.74057875E-07, 0.00346948040335286
1.74059828125E-07, 0.00392704231714342
1.7406178125E-07, 0.00562178581824755
1.74063734375E-07, 0.00438776908845997
1.740656875E-07, 0.00466434569390946
1.74067640625E-07, 0.00559873219604574
1.7406959375E-07, 0.00725362366724952
1.74071546875E-07, 0.00850830219914629
1.740735E-07, 0.00766228811632029
1.74075453125E-07, 0.00759353120264005
1.7407740625E-07, 0.00842761571107648
1.74079359375E-07, 0.00873400709950456
1.740813125E-07, 0.00855720047794324
1.74083265625E-07, 0.0102095505732478
1.7408521875E-07, 0.0101781854979856
1.74087171875E-07, 0.00978945509164065
1.74089125E-07, 0.0107538973990802
1.74091078125E-07, 0.0111552291449117
1.7409303125E-07, 0.0106857811982219
1.74094984375E-07, 0.0130896144918209
1.740969375E-07, 0.0136684906066032
1.74098890625E-07, 0.0152166665248892
1.7410084375E-07, 0.014107201578829
1.74102796875E-07, 0.0139693912825987
1.7410475E-07, 0.0148500704247641
1.74106703125E-07, 0.0166763629468306
1.7410865625E-07, 0.0161153424557768
1.74110609375E-07, 0.0179696599118597
1.741125625E-07, 0.0169994437580928
1.74114515625E-07, 0.0182514666051233
1.7411646875E-07, 0.0175963876899195
1.74118421875E-07, 0.0190769777942727
1.74120375E-07, 0.0195292754056661
1.74122328125E-07, 0.0204540867701742
1.7412428125E-07, 0.0209872520485144
1.74126234375E-07, 0.0210647405583378
1.741281875E-07, 0.0214403141433735
1.74130140625E-07, 0.0229353849978444
1.7413209375E-07, 0.020701117759667
1.74134046875E-07, 0.0243684152480365
1.74136E-07, 0.0239456235556771
1.74137953125E-07, 0.0244275286464555
1.7413990625E-07, 0.0247522062686516
1.74141859375E-07, 0.0241887977433263
1.741438125E-07, 0.0269826663974358
1.74145765625E-07, 0.0247921628356798
1.7414771875E-07, 0.0274446295293757
1.74149671875E-07, 0.0293961318659979
1.74151625E-07, 0.0281213777416574
1.74153578125E-07, 0.029541701315069
1.7415553125E-07, 0.0296016280497881
1.74157484375E-07, 0.0284019846162822
1.741594375E-07, 0.0312735166481171
1.74161390625E-07, 0.0304931651469924
1.7416334375E-07, 0.030339533250185
1.74165296875E-07, 0.0325646450565582
1.7416725E-07, 0.0323649933712732
1.74169203125E-07, 0.0321489871479858
1.7417115625E-07, 0.0315182137018733
1.74173109375E-07, 0.0320506335506817
1.741750625E-07, 0.0335541380413215
1.74177015625E-07, 0.0338908166352812
1.7417896875E-07, 0.0340023120538232
1.74180921875E-07, 0.0321228483355228
1.74182875E-07, 0.0334743686306252
1.74184828125E-07, 0.0340969948098423
1.7418678125E-07, 0.0338237016779405
1.74188734375E-07, 0.0346620517900735
1.741906875E-07, 0.0336031147005183
1.74192640625E-07, 0.0341171117615954
1.7419459375E-07, 0.0351325319178012
1.74196546875E-07, 0.0342651448922647
1.741985E-07, 0.0334521063640345
1.74200453125E-07, 0.0347481178318426
1.7420240625E-07, 0.0342233878080023
1.74204359375E-07, 0.033696540415081
1.742063125E-07, 0.0340206875178813
1.74208265625E-07, 0.0322811181965009
1.7421021875E-07, 0.0321020374386504
1.74212171875E-07, 0.032027804699805
1.74214125E-07, 0.0340587216737488
1.74216078125E-07, 0.0321190282736428
1.7421803125E-07, 0.032414034411919
1.74219984375E-07, 0.0288671371630238
1.742219375E-07, 0.0315227019014773
1.74223890625E-07, 0.0309788694758762
1.7422584375E-07, 0.0313640596370875
1.74227796875E-07, 0.0294744157082124
1.7422975E-07, 0.030900919097825
1.74231703125E-07, 0.0269655316702495
1.7423365625E-07, 0.0257834488964006
1.74235609375E-07, 0.0252205669399225
1.742375625E-07, 0.0265511090895044
1.74239515625E-07, 0.0210143238400452
1.7424146875E-07, 0.0144071104273145
1.74243421875E-07, 0.0205914184791773
1.74245375E-07, 0.0189494159109152
1.74247328125E-07, 0.0164322526881342
1.7424928125E-07, 0.0191883159593527
1.74251234375E-07, 0.0158833351446335
1.742531875E-07, 0.014945638848807
1.74255140625E-07, 0.0198616421045371
1.7425709375E-07, 0.0160415202790414
1.74259046875E-07, 0.0146582482154092
1.74261E-07, 0.0110227179704649
1.74262953125E-07, 0.0113586292986131
1.7426490625E-07, 0.00855560179373898
1.74266859375E-07, 0.00948300276350008
1.742688125E-07, 0.00179336183732759
1.74270765625E-07, 0.00604284380906275
1.7427271875E-07, 0.00400987070701367
1.74274671875E-07, 0.00458813765635858
1.74276625E-07, 0.00324946613517506
1.74278578125E-07, -0.00295738752788046
1.7428053125E-07, -0.00167192148924508
1.74282484375E-07, -0.00558580288905986
1.742844375E-07, -0.00588347019537188
1.74286390625E-07, -0.00417696878078898
1.7428834375E-07, -0.00827510051536077
1.74290296875E-07, -0.00732821478291775
1.7429225E-07, -0.00525302001427219
1.74294203125E-07, -0.0144360400342502
1.7429615625E-07, -0.0232006690982546
1.74298109375E-07, -0.0184769769103915
1.743000625E-07, -0.0361491861417821
1.74302015625E-07, -0.0177785657491933
1.7430396875E-07, -0.0268045761091086
1.74305921875E-07, -0.0275719408902168
1.74307875E-07, -0.0269925387314265
1.74309828125E-07, -0.0395023753165593
1.7431178125E-07, -0.0389832977029971
1.74313734375E-07, -0.0317687649946409
1.743156875E-07, -0.0474771545241907
1.74317640625E-07, -0.0419343411112946
1.7431959375E-07, -0.0383297503279744
1.74321546875E-07, -0.0466150622128893
1.743235E-07, -0.0448981208291269
1.74325453125E-07, -0.0496184674093964
1.7432740625E-07, -0.0487615860794313
1.74329359375E-07, -0.0514002789491678
1.743313125E-07, -0.0577480288185335
1.74333265625E-07, -0.057291562773192
1.7433521875E-07, -0.0640202723379735
1.74337171875E-07, -0.0661463182084774
1.74339125E-07, -0.0583642700029237
1.74341078125E-07, -0.070772182104173
1.7434303125E-07, -0.0654761567299287
1.74344984375E-07, -0.0704200875488358
1.743469375E-07, -0.0787032885321654
1.74348890625E-07, -0.0715980768900061
1.7435084375E-07, -0.0854809656229362
1.74352796875E-07, -0.0808222688249794
1.7435475E-07, -0.0896633831585796
1.74356703125E-07, -0.0813882685622194
1.7435865625E-07, -0.0688651701125683
1.74360609375E-07, -0.0962696321269878
1.743625625E-07, -0.098816793026786
1.74364515625E-07, -0.0869633238663817
1.7436646875E-07, -0.10276572070159
1.74368421875E-07, -0.0939618397676393
1.74370375E-07, -0.106363520148991
1.74372328125E-07, -0.104218646672649
1.7437428125E-07, -0.106322391412289
1.74376234375E-07, -0.102810952075827
1.743781875E-07, -0.105859268175446
1.74380140625E-07, -0.110819146695025
1.7438209375E-07, -0.102327072324104
1.74384046875E-07, -0.117297658952364
1.74386E-07, -0.111908899452067
1.74387953125E-07, -0.11144351669633
1.7438990625E-07, -0.116495666485178
1.74391859375E-07, -0.109779577817517
1.743938125E-07, -0.110966334904046
1.74395765625E-07, -0.112672934424015
1.7439771875E-07, -0.123817373641066
1.74399671875E-07, -0.122077940034743
1.74401625E-07, -0.122830969565719
1.74403578125E-07, -0.116363712966604
1.7440553125E-07, -0.121360802208788
1.74407484375E-07, -0.120102062806511
1.744094375E-07, -0.122328364246935
1.74411390625E-07, -0.112611691230054
1.7441334375E-07, -0.121912138661641
1.74415296875E-07, -0.111230500636602
1.7441725E-07, -0.11774399350518
1.74419203125E-07, -0.119470713026234
1.7442115625E-07, -0.118884425842401
1.74423109375E-07, -0.108086798235239
1.744250625E-07, -0.115208985347613
1.74427015625E-07, -0.109160114176308
1.7442896875E-07, -0.108513931815373
1.74430921875E-07, -0.11089757154027
1.74432875E-07, -0.0981458004939698
1.74434828125E-07, -0.097354864142359
1.7443678125E-07, -0.1029699680193
1.74438734375E-07, -0.0939182718972475
1.744406875E-07, -0.101678902927599
1.74442640625E-07, -0.0982418239829458
1.7444459375E-07, -0.087948795524593
1.74446546875E-07, -0.0888017857456438
1.744485E-07, -0.0828762824162231
1.74450453125E-07, -0.0857260734836212
1.7445240625E-07, -0.0740822239122563
1.74454359375E-07, -0.0651213332351193
1.744563125E-07, -0.0819922912868175
1.74458265625E-07, -0.0759066820253928
1.7446021875E-07, -0.063702689619242
1.74462171875E-07, -0.0717719389487568
1.74464125E-07, -0.0476720340693494
1.74466078125E-07, -0.0573723723216969
1.7446803125E-07, -0.0487115223864942
1.74469984375E-07, -0.0400134391873986
1.744719375E-07, -0.043472319029847
1.74473890625E-07, -0.0363928274176182
1.7447584375E-07, -0.0322090591188716
1.74477796875E-07, -0.0284002913900356
1.7447975E-07, -0.0112831261737082
1.74481703125E-07, -0.030160234942642
1.7448365625E-07, -0.0214416029923693
1.74485609375E-07, -0.00818419765208159
1.744875625E-07, -0.00722881446142844
1.74489515625E-07, -0.00753126910235856
1.7449146875E-07, -0.00134878098755219
1.74493421875E-07, -0.0127458995116418
1.74495375E-07, 0.0208301603795732
1.74497328125E-07, 0.0191599423212191
1.7449928125E-07, 0.0132077089735519
1.74501234375E-07, 0.0216517119315737
1.745031875E-07, 0.00748683771268995
1.74505140625E-07, 0.0271678744281689
1.7450709375E-07, 0.0476059583687819
1.74509046875E-07, 0.0192011421171305
1.74511E-07, 0.0404072541823495
1.74512953125E-07, 0.0494215824170894
1.7451490625E-07, 0.0518486106876652
1.74516859375E-07, 0.0572390042230121
1.745188125E-07, 0.048443028836348
1.74520765625E-07, 0.052107081843386
1.7452271875E-07, 0.0598004487086289
1.74524671875E-07, 0.0553707711222008
1.74526625E-07, 0.0658587197931832
1.74528578125E-07, 0.0650096526267356
1.7453053125E-07, 0.0790863561722087
1.74532484375E-07, 0.0879067265744384
1.745344375E-07, 0.0722242533828879
1.74536390625E-07, 0.078322942542419
1.7453834375E-07, 0.0771310245573401
1.74540296875E-07, 0.0877137631656305
1.7454225E-07, 0.0892192541425636
1.74544203125E-07, 0.0946346119123016
1.7454615625E-07, 0.0918707570380945
1.74548109375E-07, 0.0943945076894202
1.745500625E-07, 0.0958529563546555
1.74552015625E-07, 0.0940062921180493
1.7455396875E-07, 0.0945045621005009
1.74555921875E-07, 0.0943018733548758
1.74557875E-07, 0.102345634348944
1.74559828125E-07, 0.0971351301025976
1.7456178125E-07, 0.0991982896439543
1.74563734375E-07, 0.0977507463443935
1.745656875E-07, 0.101167690858539
1.74567640625E-07, 0.0945030185783527
1.7456959375E-07, 0.0969710903199555
1.74571546875E-07, 0.0998489463683716
1.745735E-07, 0.0971112317341267
1.74575453125E-07, 0.0964239819216083
1.7457740625E-07, 0.093812749971103
1.74579359375E-07, 0.0959203210476629
1.745813125E-07, 0.0974311500251449
1.74583265625E-07, 0.0973577589817475
1.7458521875E-07, 0.0856679806857659
1.74587171875E-07, 0.089854233898165
1.74589125E-07, 0.0831682769377565
1.74591078125E-07, 0.0836609939686408
1.7459303125E-07, 0.0881353584486607
1.74594984375E-07, 0.086139888901881
1.745969375E-07, 0.0825078460860127
1.74598890625E-07, 0.0806753225425566
1.7460084375E-07, 0.0703154163911734
1.74602796875E-07, 0.0726552132460565
1.7460475E-07, 0.0756078676193179
1.74606703125E-07, 0.0738047627694202
1.7460865625E-07, 0.0735580997612474
1.74610609375E-07, 0.0722825473464393
1.746125625E-07, 0.06847121503293
1.74614515625E-07, 0.0631485300631452
1.7461646875E-07, 0.0633848252437429
1.74618421875E-07, 0.0588694943831769
1.74620375E-07, 0.0594148041982116
1.74622328125E-07, 0.0615122933767316
1.7462428125E-07, 0.0551759151197605
1.74626234375E-07, 0.0553910092243805
1.746281875E-07, 0.0549362365742604
1.74630140625E-07, 0.0503187163061698
1.7463209375E-07, 0.0523845585528169
1.74634046875E-07, 0.0429150779823346
1.74636E-07, 0.0430828560570118
1.74637953125E-07, 0.0452297542167778
1.7463990625E-07, 0.0400950728989251
1.74641859375E-07, 0.0420019080481169
1.746438125E-07, 0.0431054735596616
1.74645765625E-07, 0.0343522069614465
1.7464771875E-07, 0.0350019447084542
1.74649671875E-07, 0.0345746921939269
1.74651625E-07, 0.0332589167279138
1.74653578125E-07, 0.035740429021205
1.7465553125E-07, 0.0313271551992615
1.74657484375E-07, 0.0297831332826164
1.746594375E-07, 0.0271033639064696
1.74661390625E-07, 0.0261837443441303
1.7466334375E-07, 0.0296690398547521
1.74665296875E-07, 0.0243629762442547
1.7466725E-07, 0.0245429784345708
1.74669203125E-07, 0.0251338092818884
1.7467115625E-07, 0.0276078578579216
1.74673109375E-07, 0.0230969717405213
1.746750625E-07, 0.0215674748035774
1.74677015625E-07, 0.0242606992500124
1.7467896875E-07, 0.0217152976132037
1.74680921875E-07, 0.024492661356351
1.74682875E-07, 0.0211627935184169
1.74684828125E-07, 0.0191910264827514
1.7468678125E-07, 0.0185107407008418
1.74688734375E-07, 0.0211007800692926
1.746906875E-07, 0.0191746601464362
1.74692640625E-07, 0.0213694997091083
1.7469459375E-07, 0.0182782854576584
1.74696546875E-07, 0.0190583476652926
1.746985E-07, 0.0194092113933162
1.74700453125E-07, 0.018740822154156
1.7470240625E-07, 0.0215065923339
1.74704359375E-07, 0.0186077267877034
1.747063125E-07, 0.0227581409293007
1.74708265625E-07, 0.0194990976137586
1.7471021875E-07, 0.020178086666665
1.74712171875E-07, 0.0189740515490759
1.74714125E-07, 0.0175485794347452
1.74716078125E-07, 0.0217070773408401
1.7471803125E-07, 0.0229867089770661
1.74719984375E-07, 0.0189784983494601
1.747219375E-07, 0.0178396654956487
1.74723890625E-07, 0.0194304285209011
1.7472584375E-07, 0.0188853080862647
1.74727796875E-07, 0.0189533085829852
1.7472975E-07, 0.0190722114462799
1.74731703125E-07, 0.0197169187428557
1.7473365625E-07, 0.0188691322715977
1.74735609375E-07, 0.0190591318102319
1.747375625E-07, 0.0181118485208586
1.74739515625E-07, 0.0190092110219563
1.7474146875E-07, 0.018805088767343
1.74743421875E-07, 0.0175719792979386
1.74745375E-07, 0.0182396648807183
1.74747328125E-07, 0.0180184348617835
1.7474928125E-07, 0.0167217207701898
1.74751234375E-07, 0.0181096370283466
1.747531875E-07, 0.0170796539216307
1.74755140625E-07, 0.0175781382485507
1.7475709375E-07, 0.0160751115435359
1.74759046875E-07, 0.0152950234304169
1.74761E-07, 0.0159700038617741
1.74762953125E-07, 0.0152103682664312
1.7476490625E-07, 0.0147227797612355
1.74766859375E-07, 0.0153057828175285
1.747688125E-07, 0.0145467373183379
1.74770765625E-07, 0.0130006751055802
1.7477271875E-07, 0.012738484104969
1.74774671875E-07, 0.0102770597380484
1.74776625E-07, 0.0119715573154267
1.74778578125E-07, 0.0113638806271333
1.7478053125E-07, 0.00958104810705411
1.74782484375E-07, 0.00724792919477882
1.747844375E-07, 0.00716213601113744
1.74786390625E-07, 0.00870646228497751
1.7478834375E-07, 0.00900643945777669
1.74790296875E-07, 0.00628982262094555
1.7479225E-07, 0.00647014500706682
1.74794203125E-07, 0.00449807378570822
1.7479615625E-07, 0.0060199187838086
1.74798109375E-07, 0.00411789139631758
1.748000625E-07, 0.00415018557384886
1.74802015625E-07, 0.00463225327751525
1.7480396875E-07, 0.00115174377281055
1.74805921875E-07, 0.00130078695242298
1.74807875E-07, 0.00135420133888977
1.74809828125E-07, -0.000501445913816618
1.7481178125E-07, 7.65251245552466E-05
1.74813734375E-07, -0.000355425662203329
1.748156875E-07, -0.00216826305302356
1.74817640625E-07, -0.00219215004160487
1.7481959375E-07, -0.00138139856834774
1.74821546875E-07, -0.00099110912020378
1.748235E-07, -0.00323648329024252
1.74825453125E-07, -0.00553366035386126
1.7482740625E-07, -0.00373337511060158
1.74829359375E-07, -0.00353899675501336
1.748313125E-07, -0.00442873323053044
1.74833265625E-07, -0.00436794711416166
1.7483521875E-07, -0.00646882339556423
1.74837171875E-07, -0.00487962087020731
1.74839125E-07, -0.00519244671320258
1.74841078125E-07, -0.00807835021441523
1.7484303125E-07, -0.00770758506455837
1.74844984375E-07, -0.00722561696862014
1.748469375E-07, -0.00843233897242218
1.74848890625E-07, -0.0070217844670915
1.7485084375E-07, -0.0067336340631628
1.74852796875E-07, -0.00884049065679299
1.7485475E-07, -0.00846335991340366
1.74856703125E-07, -0.0083032798274878
1.7485865625E-07, -0.00716870992672392
1.74860609375E-07, -0.00896466413161289
1.748625625E-07, -0.00809416635171054
1.74864515625E-07, -0.00835767722557931
1.7486646875E-07, -0.00824783985016242
1.74868421875E-07, -0.00815171357859542
1.74870375E-07, -0.00821460467007943
1.74872328125E-07, -0.00774682658863789
1.7487428125E-07, -0.00803338709150533
1.74876234375E-07, -0.00789858580812364
1.748781875E-07, -0.00769097471467415
1.74880140625E-07, -0.00729148614070799
1.7488209375E-07, -0.00738007456676246
1.74884046875E-07, -0.00773470582962741
1.74886E-07, -0.00712317422270435
1.74887953125E-07, -0.00544596797352267
1.7488990625E-07, -0.00754151486624319
1.74891859375E-07, -0.00601980562225302
1.748938125E-07, -0.0060923199602423
1.74895765625E-07, -0.00531376766853184
1.7489771875E-07, -0.00506709387496356
1.74899671875E-07, -0.00550390150714443
1.74901625E-07, -0.00507254438796754
1.74903578125E-07, -0.00495246541747711
1.7490553125E-07, -0.0042632992894186
1.74907484375E-07, -0.00378492794634531
1.749094375E-07, -0.00380315239599805
1.74911390625E-07, -0.00296884956632346
1.7491334375E-07, -0.00446687810447219
1.74915296875E-07, -0.00326906978670722
1.7491725E-07, -0.00314980252178896
1.74919203125E-07, -0.00227453651099931
1.7492115625E-07, -0.00280946518605198
1.74923109375E-07, -0.00160659735646266
1.749250625E-07, -0.00171175793781869
1.74927015625E-07, -0.00136413583945834
1.7492896875E-07, -0.000990786758024838
1.74930921875E-07, -0.00164942492735332
1.74932875E-07, -0.000634512088327501
1.74934828125E-07, -0.000650646732269897
1.7493678125E-07, -0.000758110109779841
1.74938734375E-07, -0.000223146783871613
1.749406875E-07, 0.000116678311015081
1.74942640625E-07, -3.67009637103485E-05
1.7494459375E-07, 0.000270037461012457
1.74946546875E-07, 0.000462916425046209
1.749485E-07, 0.00101732162012933
1.74950453125E-07, 0.00129292455895068
1.7495240625E-07, 0.000699799930949077
1.74954359375E-07, 0.00121389874479157
1.749563125E-07, 0.00151253150769894
1.74958265625E-07, 0.00170733579976759
1.7496021875E-07, 0.00154808491781788
1.74962171875E-07, 0.00125976137530372
1.74964125E-07, 0.00190831886011359
1.74966078125E-07, 0.00170123183106666
1.7496803125E-07, 0.00127675441492899
1.74969984375E-07, 0.00110427881356908
1.749719375E-07, 0.00173740165939361
1.74973890625E-07, 0.000650533403403463
1.7497584375E-07, 0.0010490130071383
1.74977796875E-07, 0.00202502977421081
1.7497975E-07, 0.00128918866276608
1.74981703125E-07, 0.00157344951745825
1.7498365625E-07, 0.000477773958703765
1.74985609375E-07, 0.00148468513895107
1.749875625E-07, 0.00110048480826388
1.74989515625E-07, 0.00120150296428187
1.7499146875E-07, 0.00124622662709587
1.74993421875E-07, 0.000739709864839264
1.74995375E-07, 0.00113073214692398
1.74997328125E-07, 0.000793174151763665
1.7499928125E-07, 0.00114134823917411
1.75001234375E-07, 0.000441822027525737
1.750031875E-07, 0.000466818563790447
1.75005140625E-07, 0.000185878264141054
1.7500709375E-07, -0.000505932060577405
1.75009046875E-07, -0.000112509611485711
1.75011E-07, -0.00187054654432819
1.75012953125E-07, -0.000640336567925043
1.7501490625E-07, -0.00153275221802561
1.75016859375E-07, -0.00114839464719732
1.750188125E-07, -0.00127779805405313
1.75020765625E-07, -0.001670752011101
1.7502271875E-07, -0.00169627997144199
1.75024671875E-07, -0.00239315966031705
1.75026625E-07, -0.00351769372347446
1.75028578125E-07, -0.00280014931097268
1.7503053125E-07, -0.00278135527548679
1.75032484375E-07, -0.00338753761048031
1.750344375E-07, -0.00414989027638675
1.75036390625E-07, -0.00409580031228689
1.7503834375E-07, -0.00529053517515574
1.75040296875E-07, -0.00567436520836337
1.7504225E-07, -0.00444726164950683
1.75044203125E-07, -0.00491220298368728
1.7504615625E-07, -0.00523935219434948
1.75048109375E-07, -0.00651280553779762
1.750500625E-07, -0.00704200484008401
1.75052015625E-07, -0.00732839242166837
1.7505396875E-07, -0.00755067713720878
1.75055921875E-07, -0.00871860429824074
1.75057875E-07, -0.0083695739312297
1.75059828125E-07, -0.0076950382517518
1.7506178125E-07, -0.00858938025872795
1.75063734375E-07, -0.00957047146422262
1.750656875E-07, -0.0103523222976328
1.75067640625E-07, -0.0102504951663255
1.7506959375E-07, -0.0122776774422158
1.75071546875E-07, -0.0122576737429348
1.750735E-07, -0.0112813595782401
1.75075453125E-07, -0.0124318390056797
1.7507740625E-07, -0.0143495614493169
1.75079359375E-07, -0.0135671456966735
1.750813125E-07, -0.0130535321656961
1.75083265625E-07, -0.0153314854268131
1.7508521875E-07, -0.016601910813858
1.75087171875E-07, -0.0152582142722092
1.75089125E-07, -0.0172814554409974
1.75091078125E-07, -0.0153200841439758
1.7509303125E-07, -0.0174967618448365
1.75094984375E-07, -0.0197033919803867
1.750969375E-07, -0.0159336332321619
1.75098890625E-07, -0.0200190655144286
1.7510084375E-07, -0.019292365176781
1.75102796875E-07, -0.0194913700856655
1.7510475E-07, -0.021917824939747
1.75106703125E-07, -0.0195455597700012
1.7510865625E-07, -0.0210896928201754
1.75110609375E-07, -0.0220861784854224
1.751125625E-07, -0.0228844884351094
1.75114515625E-07, -0.0240383683457232
1.7511646875E-07, -0.0228607422975887
1.75118421875E-07, -0.0250507074046539
1.75120375E-07, -0.0242129663772858
1.75122328125E-07, -0.0257435123892636
1.7512428125E-07, -0.0264669969146586
1.75126234375E-07, -0.0256998591151842
1.751281875E-07, -0.0266173930879668
1.75130140625E-07, -0.0277496972217947
1.7513209375E-07, -0.0264218016982304
1.75134046875E-07, -0.0271262694864306
1.75136E-07, -0.0283901992089817
1.75137953125E-07, -0.0292056958753381
1.7513990625E-07, -0.0291645227874239
1.75141859375E-07, -0.0291419098112658
1.751438125E-07, -0.0297711877008877
1.75145765625E-07, -0.0314337266374761
1.7514771875E-07, -0.0305113302971283
1.75149671875E-07, -0.029258313414467
1.75151625E-07, -0.0308157492918825
1.75153578125E-07, -0.0311993985175822
1.7515553125E-07, -0.030645365709356
1.75157484375E-07, -0.0326338923709627
1.751594375E-07, -0.0306402533561767
1.75161390625E-07, -0.0323291547349451
1.7516334375E-07, -0.0311988900272838
1.75165296875E-07, -0.0328406409008954
1.7516725E-07, -0.032885089367625
1.75169203125E-07, -0.0327080797862156
1.7517115625E-07, -0.0318931917100012
1.75173109375E-07, -0.0327869822160881
1.751750625E-07, -0.0328424642202261
1.75177015625E-07, -0.0329320284801289
1.7517896875E-07, -0.0322024333942046
1.75180921875E-07, -0.0323638148761219
1.75182875E-07, -0.032723223709674
1.75184828125E-07, -0.0323853097338613
1.7518678125E-07, -0.0321099343423805
1.75188734375E-07, -0.0320621157712843
1.751906875E-07, -0.0326037967781217
1.75192640625E-07, -0.0311314161709424
1.7519459375E-07, -0.0318840288163614
1.75196546875E-07, -0.0316715103985229
1.751985E-07, -0.0319179727499722
1.75200453125E-07, -0.0311393435892204
1.7520240625E-07, -0.0311054372137343
1.75204359375E-07, -0.0310340130608583
1.752063125E-07, -0.0308104374934892
1.75208265625E-07, -0.0304605463903635
1.7521021875E-07, -0.0295417123680408
1.75212171875E-07, -0.0283683720673757
1.75214125E-07, -0.0285974229414761
1.75216078125E-07, -0.0298186288601351
1.7521803125E-07, -0.0281379397979277
1.75219984375E-07, -0.0287276774478908
1.752219375E-07, -0.0278120325060159
1.75223890625E-07, -0.0282015841884119
1.7522584375E-07, -0.0276661731458802
1.75227796875E-07, -0.0264789569223844
1.7522975E-07, -0.027628716846933
1.75231703125E-07, -0.0270036613908326
1.7523365625E-07, -0.0266747166082463
1.75235609375E-07, -0.0268148935429967
1.752375625E-07, -0.026035185733731
1.75239515625E-07, -0.0257567710977771
1.7524146875E-07, -0.025346835856384
1.75243421875E-07, -0.0250638566596707
1.75245375E-07, -0.0252982320285078
1.75247328125E-07, -0.0249814127192208
1.7524928125E-07, -0.0239665445208644
1.75251234375E-07, -0.023249746517147
1.752531875E-07, -0.0240334914056337
1.75255140625E-07, -0.0237413008802738
1.7525709375E-07, -0.0244858528986505
1.75259046875E-07, -0.0228320594745547
1.75261E-07, -0.0202929893882827
1.75262953125E-07, -0.0220534131521314
1.7526490625E-07, -0.0215905377859711
1.75266859375E-07, -0.0217122745464812
1.752688125E-07, -0.0214030456470252
1.75270765625E-07, -0.0202185254377181
1.7527271875E-07, -0.020159253854176
1.75274671875E-07, -0.0189597831343221
1.75276625E-07, -0.0184473138397254
1.75278578125E-07, -0.0189096221791087
1.7528053125E-07, -0.0184996400078737
1.75282484375E-07, -0.0177320469988386
1.752844375E-07, -0.0177561000228372
1.75286390625E-07, -0.0158486229457635
1.7528834375E-07, -0.0177162814781468
1.75290296875E-07, -0.0162181864440281
1.7529225E-07, -0.0180673901995135
1.75294203125E-07, -0.0157253131547677
1.7529615625E-07, -0.014191910566893
1.75298109375E-07, -0.0154416418913916
1.753000625E-07, -0.0140392358826194
1.75302015625E-07, -0.0131114599483573
1.7530396875E-07, -0.0123788311944374
1.75305921875E-07, -0.0134934592038972
1.75307875E-07, -0.0119003425320026
1.75309828125E-07, -0.0121281413564344
1.7531178125E-07, -0.013538946351135
1.75313734375E-07, -0.0136027942467514
1.753156875E-07, -0.0103422772506798
1.75317640625E-07, -0.0107432631869053
1.7531959375E-07, -0.0104416840977876
1.75321546875E-07, -0.00938453856530595
1.753235E-07, -0.00948384706522219
1.75325453125E-07, -0.00811488725208598
1.7532740625E-07, -0.00900761096514023
1.75329359375E-07, -0.00986128945151946
1.753313125E-07, -0.00689136158509178
1.75333265625E-07, -0.00807817673735762
1.7533521875E-07, -0.00699265884438491
1.75337171875E-07, -0.00704129944146061
1.75339125E-07, -0.00721188134375475
1.75341078125E-07, -0.00689859185139575
1.7534303125E-07, -0.0050187412322725
1.75344984375E-07, -0.00519269114246013
1.753469375E-07, -0.005400275984319
1.75348890625E-07, -0.00366239570046239
1.7535084375E-07, -0.00294754650047597
1.75352796875E-07, -0.00481097437934347
1.7535475E-07, -0.00283876389930477
1.75356703125E-07, -0.00305623873980595
1.7535865625E-07, -0.00266807060483612
1.75360609375E-07, -0.00319449718761667
1.753625625E-07, -0.00112845783416601
1.75364515625E-07, -0.00287735660172676
1.7536646875E-07, -0.00165170308721546
1.75368421875E-07, -0.00216280233916927
1.75370375E-07, -0.00122112021987846
1.75372328125E-07, -2.39087846712071E-05
1.7537428125E-07, -0.00110486370815142
1.75376234375E-07, -0.00085938773062829
1.753781875E-07, 0.000341584089470752
1.75380140625E-07, 0.000395484919138146
1.7538209375E-07, 0.000358799465267361
1.75384046875E-07, 0.00119468338928398
1.75386E-07, 0.00148251903084149
1.75387953125E-07, 0.00162894907358946
1.7538990625E-07, 0.00156103787717585
1.75391859375E-07, 0.000297998950453192
1.753938125E-07, 0.00326176513025434
1.75395765625E-07, 0.00194614149621363
1.7539771875E-07, 0.00275978137233009
1.75399671875E-07, 0.00284852932676973
1.75401625E-07, 0.00275542471020547
1.75403578125E-07, 0.00281394947340057
1.7540553125E-07, 0.00289752346178909
1.75407484375E-07, 0.00326078336247117
1.754094375E-07, 0.00369674900978141
1.75411390625E-07, 0.00325142405484471
1.7541334375E-07, 0.00408595277521082
1.75415296875E-07, 0.00405432835911174
1.7541725E-07, 0.00282634716780403
1.75419203125E-07, 0.00421741542745635
1.7542115625E-07, 0.00487626124041926
1.75423109375E-07, 0.0043873565966935
1.754250625E-07, 0.00517013674373886
1.75427015625E-07, 0.00495179048314299
1.7542896875E-07, 0.00524261847112861
1.75430921875E-07, 0.00605437475854886
1.75432875E-07, 0.00473575819364325
1.75434828125E-07, 0.00586962999659067
1.7543678125E-07, 0.00608761941330152
1.75438734375E-07, 0.00560716399223733
1.754406875E-07, 0.00620914795609859
1.75442640625E-07, 0.00613207755098816
1.7544459375E-07, 0.00531498973895515
1.75446546875E-07, 0.00671530996475597
1.754485E-07, 0.0060715481900989
1.75450453125E-07, 0.00751457365310549
1.7545240625E-07, 0.00688293638937679
1.75454359375E-07, 0.00713418925698917
1.754563125E-07, 0.00844183757038099
1.75458265625E-07, 0.00684801447519002
1.7546021875E-07, 0.00809604774086052
1.75462171875E-07, 0.00840096432775849
1.75464125E-07, 0.00794549930001413
1.75466078125E-07, 0.00920326106722361
1.7546803125E-07, 0.0089356800318819
1.75469984375E-07, 0.00847794903539749
1.754719375E-07, 0.00930260534499557
1.75473890625E-07, 0.00949186697072667
1.7547584375E-07, 0.0104586810374482
1.75477796875E-07, 0.0105889616770594
1.7547975E-07, 0.010139935757808
1.75481703125E-07, 0.0109335673893615
1.7548365625E-07, 0.0112651190733977
1.75485609375E-07, 0.0107751789656339
1.754875625E-07, 0.0115261534480134
1.75489515625E-07, 0.0111547719755169
1.7549146875E-07, 0.0121032099571082
1.75493421875E-07, 0.0109956307441092
1.75495375E-07, 0.0123958188381089
1.75497328125E-07, 0.0118187949434956
1.7549928125E-07, 0.0120700955692077
1.75501234375E-07, 0.0121716009060717
1.755031875E-07, 0.0122318086746875
1.75505140625E-07, 0.0131366083130093
1.7550709375E-07, 0.0136241651847005
1.75509046875E-07, 0.0126551211541452
1.75511E-07, 0.0137994232709519
1.75512953125E-07, 0.0137359971189084
1.7551490625E-07, 0.0137810189732272
1.75516859375E-07, 0.0141558015254738
1.755188125E-07, 0.0142719758859958
1.75520765625E-07, 0.0143321853191717
1.7552271875E-07, 0.0144933316308117
1.75524671875E-07, 0.0143571169330976
1.75526625E-07, 0.0131717384211153
1.75528578125E-07, 0.0139709166220423
1.7553053125E-07, 0.0140996908935523
1.75532484375E-07, 0.0145803365144186
1.755344375E-07, 0.0142825114254732
1.75536390625E-07, 0.0147409335636736
1.7553834375E-07, 0.0148660089835393
1.75540296875E-07, 0.0146362683015428
1.7554225E-07, 0.0144867591722323
1.75544203125E-07, 0.0147299556848076
1.7554615625E-07, 0.0146273119428575
1.75548109375E-07, 0.0140163897398458
1.755500625E-07, 0.0144509885052248
1.75552015625E-07, 0.0141620507535115
1.7555396875E-07, 0.0142375212172586
1.75555921875E-07, 0.0139451276340327
1.75557875E-07, 0.0136091976187159
1.75559828125E-07, 0.0127262857361275
1.7556178125E-07, 0.0134681647471787
1.75563734375E-07, 0.0128154782473433
1.755656875E-07, 0.0129109129595609
1.75567640625E-07, 0.0119195841468851
1.7556959375E-07, 0.0121869121360747
1.75571546875E-07, 0.0124964757045833
1.755735E-07, 0.0114351652883654
1.75575453125E-07, 0.0114667341814557
1.7557740625E-07, 0.012427832596234
1.75579359375E-07, 0.0111968800767618
1.755813125E-07, 0.0111330581439815
1.75583265625E-07, 0.0103514027275068
1.7558521875E-07, 0.00984212379988875
1.75587171875E-07, 0.0115522001818546
1.75589125E-07, 0.00962631329259476
1.75591078125E-07, 0.00901677319885504
1.7559303125E-07, 0.00997447430507736
1.75594984375E-07, 0.00915336176319085
1.755969375E-07, 0.0090125166234759
1.75598890625E-07, 0.00838825379244081
1.7560084375E-07, 0.0080037488736637
1.75602796875E-07, 0.00796894815772365
1.7560475E-07, 0.00776131809422646
1.75606703125E-07, 0.00756577883952817
1.7560865625E-07, 0.00759564998373104
1.75610609375E-07, 0.00754599713515156
1.756125625E-07, 0.00641145038493526
1.75614515625E-07, 0.00695145691564841
1.7561646875E-07, 0.00540218871910939
1.75618421875E-07, 0.00669403615689085
1.75620375E-07, 0.00597137292308258
1.75622328125E-07, 0.00535281556671333
1.7562428125E-07, 0.00541017550489538
1.75626234375E-07, 0.00478454776475973
1.756281875E-07, 0.00522482709948972
1.75630140625E-07, 0.00522584858422435
1.7563209375E-07, 0.00461306478937282
1.75634046875E-07, 0.00418983518592462
1.75636E-07, 0.00492007634268104
1.75637953125E-07, 0.00473908131557176
1.7563990625E-07, 0.00483653505035964
1.75641859375E-07, 0.00423218781146052
1.756438125E-07, 0.00422934050052863
1.75645765625E-07, 0.00365055006461938
1.7564771875E-07, 0.00294605413616298
1.75649671875E-07, 0.00378597284258032
1.75651625E-07, 0.00324653047253925
1.75653578125E-07, 0.00292635459153065
1.7565553125E-07, 0.00375962281859927
1.75657484375E-07, 0.00414752359135701
1.756594375E-07, 0.00341912447300737
1.75661390625E-07, 0.00378004762732689
1.7566334375E-07, 0.00394204300591052
1.75665296875E-07, 0.00383354678486712
1.7566725E-07, 0.0037006614641817
1.75669203125E-07, 0.00313632972055899
1.7567115625E-07, 0.00371018671094263
1.75673109375E-07, 0.00382235072881569
1.756750625E-07, 0.00334874389447315
1.75677015625E-07, 0.00446619117047579
1.7567896875E-07, 0.00402382286584738
1.75680921875E-07, 0.00490104375744078
1.75682875E-07, 0.00477365283664397
1.75684828125E-07, 0.00469681133665782
1.7568678125E-07, 0.00391700419696737
1.75688734375E-07, 0.00467336012865201
1.756906875E-07, 0.00430049375130008
1.75692640625E-07, 0.00483720691040703
1.7569459375E-07, 0.00463620810973109
1.75696546875E-07, 0.00454854826612857
1.756985E-07, 0.00613709054378473
1.75700453125E-07, 0.00446876254769741
1.7570240625E-07, 0.00451815607541403
1.75704359375E-07, 0.00497681955795484
1.757063125E-07, 0.00546499189015108
1.75708265625E-07, 0.00620234212555281
1.7571021875E-07, 0.00586307630912058
1.75712171875E-07, 0.00588211226955683
1.75714125E-07, 0.00687711934426496
1.75716078125E-07, 0.00619924867954134
1.7571803125E-07, 0.00582055834323401
1.75719984375E-07, 0.00586266437521947
1.757219375E-07, 0.00653592874740626
1.75723890625E-07, 0.00670852879025978
1.7572584375E-07, 0.0068420891539207
1.75727796875E-07, 0.0072424526667461
1.7572975E-07, 0.00695976506777533
1.75731703125E-07, 0.00771848933247324
1.7573365625E-07, 0.0069317019859843
1.75735609375E-07, 0.00784369666931706
1.757375625E-07, 0.00792460347938461
1.75739515625E-07, 0.00782973888954524
1.7574146875E-07, 0.00830608921244707
1.75743421875E-07, 0.00756536633140704
1.75745375E-07, 0.00807858331797009
1.75747328125E-07, 0.00792548205971264
1.7574928125E-07, 0.00841943006720547
1.75751234375E-07, 0.00853603226674994
1.757531875E-07, 0.00832846048256752
1.75755140625E-07, 0.0089366954573201
1.7575709375E-07, 0.00821000963534291
1.75759046875E-07, 0.00865463579097363
1.75761E-07, 0.0091860242219681
1.75762953125E-07, 0.00898918535052164
1.7576490625E-07, 0.00909042536002338
1.75766859375E-07, 0.00912765644950976
1.757688125E-07, 0.00910657864341484
1.75770765625E-07, 0.00922305115938331
1.7577271875E-07, 0.00909306347346283
1.75774671875E-07, 0.00836440995667916
1.75776625E-07, 0.00964704958786637
1.75778578125E-07, 0.00953870226285886
1.7578053125E-07, 0.00970847198073412
1.75782484375E-07, 0.00945698087842731
1.757844375E-07, 0.00952542564543647
1.75786390625E-07, 0.0100563834228009
1.7578834375E-07, 0.0101339607315644
1.75790296875E-07, 0.00978049137084992
1.7579225E-07, 0.00995288398049149
1.75794203125E-07, 0.00999212084844591
1.7579615625E-07, 0.0101684048097672
1.75798109375E-07, 0.010374878707119
1.758000625E-07, 0.0107231664613518
1.75802015625E-07, 0.0105924248019202
1.7580396875E-07, 0.0105188084170026
1.75805921875E-07, 0.0107097551237318
1.75807875E-07, 0.0104051246328772
1.75809828125E-07, 0.0109360279861361
1.7581178125E-07, 0.010940347240094
1.75813734375E-07, 0.010902637727186
1.758156875E-07, 0.0109267653924781
1.75817640625E-07, 0.0110828196719905
1.7581959375E-07, 0.0110420803458751
1.75821546875E-07, 0.011294386353446
1.758235E-07, 0.0111462016368675
1.75825453125E-07, 0.0107271756619135
1.7582740625E-07, 0.0115113110103102
1.75829359375E-07, 0.0113240668715763
1.758313125E-07, 0.0114317615347655
1.75833265625E-07, 0.0117839392276072
1.7583521875E-07, 0.0120101517359132
1.75837171875E-07, 0.0116806454470995
1.75839125E-07, 0.0120667175699851
1.75841078125E-07, 0.011596261569115
1.7584303125E-07, 0.0121341841235145
1.75844984375E-07, 0.0119939108552218
1.758469375E-07, 0.0120656830856762
1.75848890625E-07, 0.0123271447774243
1.7585084375E-07, 0.0125114800728822
1.75852796875E-07, 0.0124332613934366
1.7585475E-07, 0.0122087921757482
1.75856703125E-07, 0.0127552593779549
1.7585865625E-07, 0.012667818380376
1.75860609375E-07, 0.0128037684643604
1.758625625E-07, 0.0124319429984195
1.75864515625E-07, 0.0121812881880609
1.7586646875E-07, 0.0121784779133035
1.75868421875E-07, 0.0127523055700346
1.75870375E-07, 0.0125265263020729
1.75872328125E-07, 0.0124411938566817
1.7587428125E-07, 0.0126414064665549
1.75876234375E-07, 0.0130459647145787
1.758781875E-07, 0.0129830211394843
1.75880140625E-07, 0.0127705295987264
1.7588209375E-07, 0.0132207387106164
1.75884046875E-07, 0.0133129972497939
1.75886E-07, 0.0128155999029466
1.75887953125E-07, 0.0126572995404023
1.7588990625E-07, 0.0123510815673664
1.75891859375E-07, 0.0129403608627103
1.758938125E-07, 0.0120364969511206
1.75895765625E-07, 0.0133580799474168
1.7589771875E-07, 0.0127547107795855
1.75899671875E-07, 0.0120530653320146
1.75901625E-07, 0.0127795083263109
1.75903578125E-07, 0.0126496670666776
1.7590553125E-07, 0.0128724624992962
1.75907484375E-07, 0.0135694618910308
1.759094375E-07, 0.0129664379332679
1.75911390625E-07, 0.0125024099624935
1.7591334375E-07, 0.0129331721650278
1.75915296875E-07, 0.0124546859957367
1.7591725E-07, 0.0123347796622547
1.75919203125E-07, 0.0124700125632026
1.7592115625E-07, 0.0120357225401342
1.75923109375E-07, 0.0127907789198543
1.759250625E-07, 0.0126063418979797
1.75927015625E-07, 0.011886224735271
1.7592896875E-07, 0.0118374623735399
1.75930921875E-07, 0.0111939135676242
1.75932875E-07, 0.0116450945968755
1.75934828125E-07, 0.0112448227871149
1.7593678125E-07, 0.0111189425633447
1.75938734375E-07, 0.010840018282533
1.759406875E-07, 0.0108881266958543
1.75942640625E-07, 0.01048040714658
1.7594459375E-07, 0.00975390908367815
1.75946546875E-07, 0.00929185394553854
1.759485E-07, 0.0103991056673658
1.75950453125E-07, 0.00970517290348662
1.7595240625E-07, 0.00875072964813369
1.75954359375E-07, 0.00850364012815477
1.759563125E-07, 0.00820239195570944
1.75958265625E-07, 0.00787607043370307
1.7596021875E-07, 0.00905122342922657
1.75962171875E-07, 0.00707684919595276
1.75964125E-07, 0.00791369376510007
1.75966078125E-07, 0.00676703500690405
1.7596803125E-07, 0.00704654674208966
1.75969984375E-07, 0.00523770971376429
1.759719375E-07, 0.00533210597049862
1.75973890625E-07, 0.00578466544685266
1.7597584375E-07, 0.00500038027509104
1.75977796875E-07, 0.00566574270346096
1.7597975E-07, 0.00393649263454949
1.75981703125E-07, 0.00299782621477855
1.7598365625E-07, 0.00248989121982904
1.75985609375E-07, 0.0036763715454328
1.759875625E-07, 0.00240303557827421
1.75989515625E-07, 0.000904611688586861
1.7599146875E-07, 0.000641111916827014
1.75993421875E-07, -0.000477449395681496
1.75995375E-07, 0.000247002604793156
1.75997328125E-07, -0.00175399002460079
1.7599928125E-07, -0.000877898211051901
1.76001234375E-07, 0.000245742869694366
1.760031875E-07, -0.000125244736000736
1.76005140625E-07, 0.00137169008772589
1.7600709375E-07, -0.00136756303236334
1.76009046875E-07, -0.00173947021033588
1.76011E-07, -0.00174209723545488
1.76012953125E-07, -0.00229860990799175
1.7601490625E-07, -0.00236346336433351
1.76016859375E-07, -0.00399135628111468
1.760188125E-07, -0.00429731576173379
1.76020765625E-07, -0.00325853646681078
1.7602271875E-07, -0.00557719577391177
1.76024671875E-07, -0.00574368894265985
1.76026625E-07, -0.00642329480161556
1.76028578125E-07, -0.0068241646884101
1.7603053125E-07, -0.0069453898436523
1.76032484375E-07, -0.00667329267345748
1.760344375E-07, -0.00941392355757134
1.76036390625E-07, -0.00803071654491508
1.7603834375E-07, -0.00799096982738615
1.76040296875E-07, -0.00986500936359272
1.7604225E-07, -0.00857972231213088
1.76044203125E-07, -0.0108743833824736
1.7604615625E-07, -0.0100905927648912
1.76048109375E-07, -0.0109422932415203
1.760500625E-07, -0.0114260010423784
1.76052015625E-07, -0.0110613590300838
1.7605396875E-07, -0.0120293229547673
1.76055921875E-07, -0.0117406016719704
1.76057875E-07, -0.0126086613543478
1.76059828125E-07, -0.0143290904004224
1.7606178125E-07, -0.0147649905396341
1.76063734375E-07, -0.0144273696148677
1.760656875E-07, -0.0136602629320031
1.76067640625E-07, -0.0138052044882203
1.7606959375E-07, -0.0156464246009963
1.76071546875E-07, -0.0140066104902556
1.760735E-07, -0.0147664903769252
1.76075453125E-07, -0.0150742076841297
1.7607740625E-07, -0.0138055088649385
1.76079359375E-07, -0.0159459713702577
1.760813125E-07, -0.0155314729728909
1.76083265625E-07, -0.0149840703645332
1.7608521875E-07, -0.0162618049750158
1.76087171875E-07, -0.0153767294039644
1.76089125E-07, -0.0162076569855153
1.76091078125E-07, -0.0166356297779029
1.7609303125E-07, -0.0166903558273654
1.76094984375E-07, -0.0160638092638
1.760969375E-07, -0.0166724738522805
1.76098890625E-07, -0.0162718571444981
1.7610084375E-07, -0.0163036829314374
1.76102796875E-07, -0.0161157147192954
1.7610475E-07, -0.01629261351396
1.76106703125E-07, -0.0162777288069526
1.7610865625E-07, -0.0159808225626311
1.76110609375E-07, -0.0160535657829684
1.761125625E-07, -0.0152823805564743
1.76114515625E-07, -0.0155453550152182
1.7611646875E-07, -0.015057484947335
1.76118421875E-07, -0.0142424079184262
1.76120375E-07, -0.0143846082799349
1.76122328125E-07, -0.0139115894887779
1.7612428125E-07, -0.0135008144163756
1.76126234375E-07, -0.0132282788184402
1.761281875E-07, -0.0128349721620366
1.76130140625E-07, -0.0137760007736108
1.7613209375E-07, -0.0124267352965687
1.76134046875E-07, -0.0130672336678998
1.76136E-07, -0.0121821414331889
1.76137953125E-07, -0.012084305511119
1.7613990625E-07, -0.0132427250138363
1.76141859375E-07, -0.0108619280568951
1.761438125E-07, -0.0117997275763055
1.76145765625E-07, -0.0110546171589459
1.7614771875E-07, -0.00979747845284076
1.76149671875E-07, -0.0101668758712626
1.76151625E-07, -0.00970258064532294
1.76153578125E-07, -0.00968058586838877
1.7615553125E-07, -0.0106377569351537
1.76157484375E-07, -0.00907306023326172
1.761594375E-07, -0.00946342971838756
1.76161390625E-07, -0.00898103139172439
1.7616334375E-07, -0.00828171431363142
1.76165296875E-07, -0.00846984041468986
1.7616725E-07, -0.00855544479870699
1.76169203125E-07, -0.00759720452511178
1.7617115625E-07, -0.00889921083248641
1.76173109375E-07, -0.00673424565581542
1.761750625E-07, -0.00728954649162394
1.76177015625E-07, -0.00645312290134867
1.7617896875E-07, -0.00637685963843135
1.76180921875E-07, -0.00658611636523509
1.76182875E-07, -0.00641158714356664
1.76184828125E-07, -0.00538883884467493
1.7618678125E-07, -0.00518205971703001
1.76188734375E-07, -0.00561654259854502
1.761906875E-07, -0.0059979812849065
1.76192640625E-07, -0.00512471264700966
1.7619459375E-07, -0.00571181133955532
1.76196546875E-07, -0.00687136032379843
1.761985E-07, -0.00586601704163031
1.76200453125E-07, -0.00528709751615821
1.7620240625E-07, -0.00535843478698944
1.76204359375E-07, -0.00599319550172226
1.762063125E-07, -0.00554426622887172
1.76208265625E-07, -0.00615150562760905
1.7621021875E-07, -0.00589269218328527
1.76212171875E-07, -0.0052492133699804
1.76214125E-07, -0.00591803966409301
1.76216078125E-07, -0.0060855464334416
1.7621803125E-07, -0.00647887521914949
1.76219984375E-07, -0.00580891204939369
1.762219375E-07, -0.00649160583741609
1.76223890625E-07, -0.00614645134298787
1.7622584375E-07, -0.00688974850860093
1.76227796875E-07, -0.00628693220546028
1.7622975E-07, -0.00668252674226971
1.76231703125E-07, -0.00674085372230619
1.7623365625E-07, -0.00647499101327021
1.76235609375E-07, -0.00700607283096317
1.762375625E-07, -0.00716411115478744
1.76239515625E-07, -0.00701241427375276
1.7624146875E-07, -0.00766427837825621
1.76243421875E-07, -0.00799430209450951
1.76245375E-07, -0.00815006029548213
1.76247328125E-07, -0.00868098899256504
1.7624928125E-07, -0.00908928798483845
1.76251234375E-07, -0.00847117954252803
1.762531875E-07, -0.00870742543935224
1.76255140625E-07, -0.00887536659003197
1.7625709375E-07, -0.00911657163995123
1.76259046875E-07, -0.0097862201189951
1.76261E-07, -0.00886381398598961
1.76262953125E-07, -0.0091717975652876
1.7626490625E-07, -0.00987647656478404
1.76266859375E-07, -0.00968715082981434
1.762688125E-07, -0.00998977303884774
1.76270765625E-07, -0.00999844510414531
1.7627271875E-07, -0.0102074043756423
1.76274671875E-07, -0.00987766659217431
1.76276625E-07, -0.0105598347619038
1.76278578125E-07, -0.0105428246602717
1.7628053125E-07, -0.0100277387875202
1.76282484375E-07, -0.0111363607187458
1.762844375E-07, -0.0105228573023702
1.76286390625E-07, -0.011108374787245
1.7628834375E-07, -0.01056837871767
1.76290296875E-07, -0.0104600816649007
1.7629225E-07, -0.0107302374305122
1.76294203125E-07, -0.01071416384585
1.7629615625E-07, -0.0104334822662994
1.76298109375E-07, -0.0111069938963063
1.763000625E-07, -0.0108826878390184
1.76302015625E-07, -0.0108074646448606
1.7630396875E-07, -0.0107933532793102
1.76305921875E-07, -0.0107090621342721
1.76307875E-07, -0.0101491259959177
1.76309828125E-07, -0.0103662471334934
1.7631178125E-07, -0.0105013088763188
1.76313734375E-07, -0.009983997950553
1.763156875E-07, -0.0100071579679334
1.76317640625E-07, -0.0106209889289774
1.7631959375E-07, -0.0101833011649536
1.76321546875E-07, -0.0101649318953423
1.763235E-07, -0.00999165024866152
1.76325453125E-07, -0.0103640213241544
1.7632740625E-07, -0.00894397425687034
1.76329359375E-07, -0.00861096327929923
1.763313125E-07, -0.00921605575539849
1.76333265625E-07, -0.00967681839684894
1.7633521875E-07, -0.00931080026874934
1.76337171875E-07, -0.00909880213164661
1.76339125E-07, -0.00889633822160437
1.76341078125E-07, -0.00904655259838366
1.7634303125E-07, -0.00849048546048064
1.76344984375E-07, -0.00827287316011025
1.763469375E-07, -0.00779871350803641
1.76348890625E-07, -0.00788800906608997
1.7635084375E-07, -0.00832006928521939
1.76352796875E-07, -0.00770561438812899
1.7635475E-07, -0.00723265807381076
1.76356703125E-07, -0.0073743637078298
1.7635865625E-07, -0.00745670809487476
1.76360609375E-07, -0.00761552532383838
1.763625625E-07, -0.00729152799425103
1.76364515625E-07, -0.00688959563850069
1.7636646875E-07, -0.006398739252583
1.76368421875E-07, -0.00674877559859925
1.76370375E-07, -0.00662190142625217
1.76372328125E-07, -0.00580897210944112
1.7637428125E-07, -0.00649579692229119
1.76376234375E-07, -0.00567979964815919
1.763781875E-07, -0.00646013081213171
1.76380140625E-07, -0.00565783317967014
1.7638209375E-07, -0.00647775095717106
1.76384046875E-07, -0.00584416524348881
1.76386E-07, -0.0053886292882674
1.76387953125E-07, -0.00566792967319124
1.7638990625E-07, -0.00555263227708875
1.76391859375E-07, -0.00522239515855461
1.763938125E-07, -0.00489261717811178
1.76395765625E-07, -0.00460974253276899
1.7639771875E-07, -0.00498744320179754
1.76399671875E-07, -0.00491126983101994
1.76401625E-07, -0.00496576514281895
1.76403578125E-07, -0.00520101557810786
1.7640553125E-07, -0.00458451910214211
1.76407484375E-07, -0.00509674371054097
1.764094375E-07, -0.00452418416169846
1.76411390625E-07, -0.00474803689928594
1.7641334375E-07, -0.004422071032885
1.76415296875E-07, -0.00395981373743288
1.7641725E-07, -0.0045624416301854
1.76419203125E-07, -0.00448452533607318
1.7642115625E-07, -0.00480024555099349
1.76423109375E-07, -0.00473296348480629
1.764250625E-07, -0.00449106035711188
1.76427015625E-07, -0.0046838080205331
1.7642896875E-07, -0.00460454406049698
1.76430921875E-07, -0.00494782924595542
1.76432875E-07, -0.00420607871833782
1.76434828125E-07, -0.00453899699832033
1.7643678125E-07, -0.00429160945905054
1.76438734375E-07, -0.00377158952955674
1.764406875E-07, -0.00433061861966344
1.76442640625E-07, -0.00395377506319459
1.7644459375E-07, -0.00496766178733701
1.76446546875E-07, -0.00452986903247084
1.764485E-07, -0.00490048655134631
1.76450453125E-07, -0.00445623564767427
1.7645240625E-07, -0.0044139408950985
1.76454359375E-07, -0.00456064914371229
1.764563125E-07, -0.00433501438139069
1.76458265625E-07, -0.00521142772464658
1.7646021875E-07, -0.00447952201113804
1.76462171875E-07, -0.00438823582371195
1.76464125E-07, -0.00434907247303923
1.76466078125E-07, -0.00432192742451018
1.7646803125E-07, -0.00456495266041223
1.76469984375E-07, -0.00435638654307128
1.764719375E-07, -0.0047208300991001
1.76473890625E-07, -0.00404704436874689
1.7647584375E-07, -0.00452751177177268
1.76477796875E-07, -0.004585105414519
1.7647975E-07, -0.00438133624283004
1.76481703125E-07, -0.00474397242805535
1.7648365625E-07, -0.0045502604797882
1.76485609375E-07, -0.00435465450948437
1.764875625E-07, -0.00434429743660688
1.76489515625E-07, -0.00445252474644446
1.7649146875E-07, -0.0045043189659497
1.76493421875E-07, -0.00422132645500059
1.76495375E-07, -0.00450277544707391
1.76497328125E-07, -0.00441550644830468
1.7649928125E-07, -0.00441760433256616
1.76501234375E-07, -0.00427712191424308
1.765031875E-07, -0.00426115487749777
1.76505140625E-07, -0.00477023840965875
1.7650709375E-07, -0.0040600378832067
1.76509046875E-07, -0.00434415296358733
1.76511E-07, -0.00443161173272153
1.76512953125E-07, -0.00422072887050997
1.7651490625E-07, -0.00407930566391235
1.76516859375E-07, -0.0039069328440384
1.765188125E-07, -0.00407043169657461
1.76520765625E-07, -0.00385969555673769
1.7652271875E-07, -0.00413583256501097
1.76524671875E-07, -0.00427645658165402
1.76526625E-07, -0.00386191808359965
1.76528578125E-07, -0.00375903109262202
1.7653053125E-07, -0.00396180926557244
1.76532484375E-07, -0.00380267484040566
1.765344375E-07, -0.00354674960936818
1.76536390625E-07, -0.00395588017374414
1.7653834375E-07, -0.00390275479402825
1.76540296875E-07, -0.00387263117132634
1.7654225E-07, -0.00359095557852267
1.76544203125E-07, -0.00356283169674022
1.7654615625E-07, -0.00387128408781406
1.76548109375E-07, -0.00382582807043739
1.765500625E-07, -0.00380506113541983
1.76552015625E-07, -0.00357091583499438
1.7655396875E-07, -0.00342454271740572
1.76555921875E-07, -0.00373205497139385
1.76557875E-07, -0.00355278166407929
1.76559828125E-07, -0.00379381214316532
1.7656178125E-07, -0.00361889704841959
1.76563734375E-07, -0.00352029226952154
1.765656875E-07, -0.00368401813279582
1.76567640625E-07, -0.00341524864763673
1.7656959375E-07, -0.00386625873153572
1.76571546875E-07, -0.00390391880936325
1.765735E-07, -0.00360067068387305
1.76575453125E-07, -0.00394695896478334
1.7657740625E-07, -0.00384331367685251
1.76579359375E-07, -0.00347915152799006
1.765813125E-07, -0.00326791379708601
1.76583265625E-07, -0.00366164449952507
1.7658521875E-07, -0.00352912954624079
1.76587171875E-07, -0.0033311095001508
1.76589125E-07, -0.00351370761699252
1.76591078125E-07, -0.00358042595402106
1.7659303125E-07, -0.00351716131647953
1.76594984375E-07, -0.00337704330972878
1.765969375E-07, -0.00366166477007044
1.76598890625E-07, -0.00374397042129174
1.7660084375E-07, -0.00327664531705912
1.76602796875E-07, -0.00367853946540126
1.7660475E-07, -0.00347561056700515
1.76606703125E-07, -0.00330276455181985
1.7660865625E-07, -0.00397304591541044
1.76610609375E-07, -0.00346838186308779
1.766125625E-07, -0.0033243948537531
1.76614515625E-07, -0.00380018381426001
1.7661646875E-07, -0.00335180837134197
1.76618421875E-07, -0.00341084397702853
1.76620375E-07, -0.00354172571311472
1.76622328125E-07, -0.00327243336288256
1.7662428125E-07, -0.00340890533171832
1.76626234375E-07, -0.00315919856394907
1.766281875E-07, -0.00301964195071189
1.76630140625E-07, -0.00322827635642254
1.7663209375E-07, -0.00337787126802673
1.76634046875E-07, -0.00276301002259488
1.76636E-07, -0.00298988489197991
1.76637953125E-07, -0.00280739190954221
1.7663990625E-07, -0.00329818521546492
1.76641859375E-07, -0.00306976127887638
1.766438125E-07, -0.00265531759759329
1.76645765625E-07, -0.00328000131547712
1.7664771875E-07, -0.00278815476291404
1.76649671875E-07, -0.00304676912046817
1.76651625E-07, -0.00297353964056636
1.76653578125E-07, -0.00304404432126186
1.7665553125E-07, -0.00301045038323157
1.76657484375E-07, -0.00297101017119285
1.766594375E-07, -0.00253832225592581
1.76661390625E-07, -0.00276419547783932
1.7666334375E-07, -0.0024783050457945
1.76665296875E-07, -0.00235492077670271
1.7666725E-07, -0.00243988976749275
1.76669203125E-07, -0.00241754285091126
1.7667115625E-07, -0.00282014807829684
1.76673109375E-07, -0.00237709586628613
1.766750625E-07, -0.00235944431771206
1.76677015625E-07, -0.00241513487927914
1.7667896875E-07, -0.00234917287947907
1.76680921875E-07, -0.00217770200533714
1.76682875E-07, -0.0017871576464763
1.76684828125E-07, -0.00188660866130807
1.7668678125E-07, -0.00249382631398239
1.76688734375E-07, -0.00230728296087782
1.766906875E-07, -0.00201472341560295
1.76692640625E-07, -0.002016210241804
1.7669459375E-07, -0.00241913020556778
1.76696546875E-07, -0.00244835827227987
1.766985E-07, -0.00191722969585848
1.76700453125E-07, -0.00221818584466559
1.7670240625E-07, -0.00195542454675016
1.76704359375E-07, -0.00222417588392239
1.767063125E-07, -0.0020645425201267
1.76708265625E-07, -0.00238890258836985
1.7671021875E-07, -0.00206889423796567
1.76712171875E-07, -0.00220230782933682
1.76714125E-07, -0.00191229616284443
1.76716078125E-07, -0.00217761461876695
1.7671803125E-07, -0.00258088691218159
1.76719984375E-07, -0.00217924927073548
1.767219375E-07, -0.00227633284456259
1.76723890625E-07, -0.00251794205986857
1.7672584375E-07, -0.00245589147526024
1.76727796875E-07, -0.00241367859145281
1.7672975E-07, -0.0021969696838408
1.76731703125E-07, -0.00198917243343502
1.7673365625E-07, -0.00246002150729666
1.76735609375E-07, -0.00242832044681515
1.767375625E-07, -0.0024660189997545
1.76739515625E-07, -0.00244828919798148
1.7674146875E-07, -0.00239992981777222
1.76743421875E-07, -0.00239607332621541
1.76745375E-07, -0.002732043163384
1.76747328125E-07, -0.00277889054571377
1.7674928125E-07, -0.00244785344303098
1.76751234375E-07, -0.00277625418710403
1.767531875E-07, -0.00257086187568185
1.76755140625E-07, -0.00249442865695281
1.7675709375E-07, -0.00297777983992188
1.76759046875E-07, -0.00297832788747242
1.76761E-07, -0.00287068344475113
1.76762953125E-07, -0.00280623609107125
1.7676490625E-07, -0.00306145837418094
1.76766859375E-07, -0.00311671239157796
1.767688125E-07, -0.00354569235664561
1.76770765625E-07, -0.00290646136229446
1.7677271875E-07, -0.00298305496584776
1.76774671875E-07, -0.00274535215596668
1.76776625E-07, -0.00300882958431875
1.76778578125E-07, -0.00298815281673571
1.7678053125E-07, -0.00304736222931567
1.76782484375E-07, -0.00263202177038713
1.767844375E-07, -0.00278319934887107
1.76786390625E-07, -0.00276479087264496
1.7678834375E-07, -0.00247222819317876
1.76790296875E-07, -0.00269987217820044
1.7679225E-07, -0.00218234020376309
1.76794203125E-07, -0.00241278819804952
1.7679615625E-07, -0.0024026764626004
1.76798109375E-07, -0.00244364097309891
1.768000625E-07, -0.00199719878815928
1.76802015625E-07, -0.00195138406598367
1.7680396875E-07, -0.00168687464863394
1.76805921875E-07, -0.00205819434752575
1.76807875E-07, -0.00167230144936553
1.76809828125E-07, -0.00165944283052287
1.7681178125E-07, -0.00101823807392132
1.76813734375E-07, -0.000891129816060901
1.768156875E-07, -0.000810842238259235
1.76817640625E-07, -0.000704742552158737
1.7681959375E-07, -4.99171989616334E-05
1.76821546875E-07, -5.58724286276341E-05
1.768235E-07, 2.55452589947278E-05
1.76825453125E-07, 0.00132307450517617
1.7682740625E-07, 0.00079886538259006
1.76829359375E-07, 0.00145236759320647
1.768313125E-07, 0.000424854268543465
1.76833265625E-07, 0.00190840358879692
1.7683521875E-07, 0.00189135365166883
1.76837171875E-07, 0.00166525002077367
1.76839125E-07, 0.00305041428760412
1.76841078125E-07, 0.0015558150723959
1.7684303125E-07, 0.00260764358235106
1.76844984375E-07, 0.00321296827325446
1.768469375E-07, 0.00254369876064793
1.76848890625E-07, 0.0036893746326899
1.7685084375E-07, 0.0031978876202026
1.76852796875E-07, 0.00511509321369907
1.7685475E-07, 0.00495693301470766
1.76856703125E-07, 0.0047393235495671
1.7685865625E-07, 0.00549489842576412
1.76860609375E-07, 0.00499969346218709
1.768625625E-07, 0.00573143281958123
1.76864515625E-07, 0.00601897174583369
1.7686646875E-07, 0.00551401707317769
1.76868421875E-07, 0.0055061341434525
1.76870375E-07, 0.00615943196013208
1.76872328125E-07, 0.00627637534151227
1.7687428125E-07, 0.00621716628413516
1.76876234375E-07, 0.00622403196799226
1.768781875E-07, 0.00671285192574024
1.76880140625E-07, 0.00661865485222196
1.7688209375E-07, 0.00662341929708635
1.76884046875E-07, 0.00589489402729009
1.76886E-07, 0.0062272328692772
1.76887953125E-07, 0.00637029534477406
1.7688990625E-07, 0.00692447639595254
1.76891859375E-07, 0.00589539984725367
1.768938125E-07, 0.00664871781453694
1.76895765625E-07, 0.005842256836161
1.7689771875E-07, 0.00613412770271717
1.76899671875E-07, 0.00689615101618106
1.76901625E-07, 0.00613572940847865
1.76903578125E-07, 0.00626577663494347
1.7690553125E-07, 0.00588907259931071
1.76907484375E-07, 0.00634804503945958
1.769094375E-07, 0.00567293237385526
1.76911390625E-07, 0.00531555855781794
1.7691334375E-07, 0.0049419060106553
1.76915296875E-07, 0.00519397164552732
1.7691725E-07, 0.00405795960217466
1.76919203125E-07, 0.00472175462862945
1.7692115625E-07, 0.00512999520058806
1.76923109375E-07, 0.0041713681519093
1.769250625E-07, 0.00336312726111409
1.76927015625E-07, 0.00341932417747244
1.7692896875E-07, 0.00370879369911859
1.76930921875E-07, 0.0031191059033519
1.76932875E-07, 0.00250817470304383
1.76934828125E-07, 0.00264059363778366
1.7693678125E-07, 0.00105179178835306
1.76938734375E-07, 0.00203522511128064
1.769406875E-07, 0.00212743183573352
1.76942640625E-07, 0.000573488625538164
1.7694459375E-07, 0.00166379866559799
1.76946546875E-07, 0.000802934080390237
1.769485E-07, 0.000890745556883503
1.76950453125E-07, 0.000796575892209389
1.7695240625E-07, -0.000678011697697413
1.76954359375E-07, 0.000510403113824736
1.769563125E-07, 0.000374962010705029
1.76958265625E-07, -0.00100046350988347
1.7696021875E-07, -0.000421536659043975
1.76962171875E-07, -0.00090131448982287
1.76964125E-07, -0.00107450136711148
1.76966078125E-07, -0.000326779817216161
1.7696803125E-07, -0.000801970783102492
1.76969984375E-07, -0.00128214886729928
1.769719375E-07, -0.00156008249957423
1.76973890625E-07, -0.00166230024010576
1.7697584375E-07, -0.00184555241697112
1.76977796875E-07, -0.00165630928913775
1.7697975E-07, -0.00176529456486809
1.76981703125E-07, -0.00134602751968824
1.7698365625E-07, -0.00182410706883854
1.76985609375E-07, -0.00177023236008306
1.769875625E-07, -0.00185980413140436
1.76989515625E-07, -0.00143387046004741
1.7699146875E-07, -0.00139899342102173
1.76993421875E-07, -0.00132379164923742
1.76995375E-07, -0.00109198501052349
1.76997328125E-07, -0.00109639831388806
1.7699928125E-07, -0.0010354132334837
1.77001234375E-07, -0.00112361319365797
1.770031875E-07, -0.00127275632720367
1.77005140625E-07, -0.00113291859770595
1.7700709375E-07, -0.0014756630310932
1.77009046875E-07, -0.001085513172645
1.77011E-07, -0.000821884276198718
1.77012953125E-07, -0.000730246010593744
1.7701490625E-07, -0.000736333243157642
1.77016859375E-07, -0.00112057075237086
1.770188125E-07, -0.000610028604333376
1.77020765625E-07, -0.000129760764834815
1.7702271875E-07, -0.000726095723623861
1.77024671875E-07, 6.35076980731597E-06
1.77026625E-07, -0.000106843592342871
1.77028578125E-07, 0.000157836899334509
1.7703053125E-07, 0.000506298030509418
1.77032484375E-07, 0.000536208576974215
1.770344375E-07, 0.000348695479465166
1.77036390625E-07, 0.000701173814524018
1.7703834375E-07, 0.00055612774110913
1.77040296875E-07, 0.00083137488533175
1.7704225E-07, 0.00121653367772463
1.77044203125E-07, 0.00129361984958349
1.7704615625E-07, 0.00118369194656655
1.77048109375E-07, 0.00156468143170808
1.770500625E-07, 0.00159968296431718
1.77052015625E-07, 0.00205767872011344
1.7705396875E-07, 0.0015432666113156
1.77055921875E-07, 0.00196732350713777
1.77057875E-07, 0.00188677952729642
1.77059828125E-07, 0.00200742684240384
1.7706178125E-07, 0.00219385394417344
1.77063734375E-07, 0.0019042058785246
1.770656875E-07, 0.00242549456042051
1.77067640625E-07, 0.00246998673795101
1.7706959375E-07, 0.00283517753389426
1.77071546875E-07, 0.00232938344426513
1.770735E-07, 0.00262271801475061
1.77075453125E-07, 0.00315816263572477
1.7707740625E-07, 0.00301541820705948
1.77079359375E-07, 0.00291570567039266
1.770813125E-07, 0.00293901147141078
1.77083265625E-07, 0.00315883633486538
1.7708521875E-07, 0.00309788384365175
1.77087171875E-07, 0.00312362522598791
1.77089125E-07, 0.00300000363151568
1.77091078125E-07, 0.00346553468485456
1.7709303125E-07, 0.00358182206499343
1.77094984375E-07, 0.00345927898400764
1.770969375E-07, 0.00342447532122102
1.77098890625E-07, 0.00357300196475249
1.7710084375E-07, 0.00336735055303494
1.77102796875E-07, 0.00374769059792115
1.7710475E-07, 0.00350918263349629
1.77106703125E-07, 0.00385578483602694
1.7710865625E-07, 0.00402087769062794
1.77110609375E-07, 0.00368404123361921
1.771125625E-07, 0.00346347347489193
1.77114515625E-07, 0.00405399879727081
1.7711646875E-07, 0.00373627584293477
1.77118421875E-07, 0.00368270040912848
1.77120375E-07, 0.00370459369043613
1.77122328125E-07, 0.00443032938590937
1.7712428125E-07, 0.00392720141168165
1.77126234375E-07, 0.00440775132215543
1.771281875E-07, 0.00462366920013474
1.77130140625E-07, 0.00465935573448809
1.7713209375E-07, 0.00465908669537802
1.77134046875E-07, 0.00452921342670153
1.77136E-07, 0.00488395795768676
1.77137953125E-07, 0.0042858855163421
1.7713990625E-07, 0.00478406363569115
1.77141859375E-07, 0.00501166995576637
1.771438125E-07, 0.00531951008017053
1.77145765625E-07, 0.00540434820690003
1.7714771875E-07, 0.00505750336615748
1.77149671875E-07, 0.00550134163237947
1.77151625E-07, 0.00564778055612781
1.77153578125E-07, 0.00498542643821932
1.7715553125E-07, 0.00550073842557419
1.77157484375E-07, 0.00525883530790632
1.771594375E-07, 0.0054089633969196
1.77161390625E-07, 0.00551527319838248
1.7716334375E-07, 0.00549497279953476
1.77165296875E-07, 0.00569978345622364
1.7716725E-07, 0.00544518683989259
1.77169203125E-07, 0.0057684246091453
1.7717115625E-07, 0.0054054347660316
1.77173109375E-07, 0.00517737703024511
1.771750625E-07, 0.00563296288719009
1.77177015625E-07, 0.00571163315106735
1.7717896875E-07, 0.00596502923434567
1.77180921875E-07, 0.00589672112106207
1.77182875E-07, 0.00624996093725319
1.77184828125E-07, 0.00581204338639917
1.7718678125E-07, 0.00575900553689698
1.77188734375E-07, 0.00570273090041347
1.771906875E-07, 0.00651966404289435
1.77192640625E-07, 0.00582383747074223
1.7719459375E-07, 0.00636771176610745
1.77196546875E-07, 0.00575117197551916
1.771985E-07, 0.00589535709533254
1.77200453125E-07, 0.00619562803066993
1.7720240625E-07, 0.00533548608602379
1.77204359375E-07, 0.00590897555007174
1.772063125E-07, 0.00587647428312096
1.77208265625E-07, 0.00581270163465207
1.7721021875E-07, 0.00591642269112884
1.77212171875E-07, 0.00589809795191801
1.77214125E-07, 0.00576086459070312
1.77216078125E-07, 0.00570588242003456
1.7721803125E-07, 0.00597820725719653
1.77219984375E-07, 0.00574667405244106
1.772219375E-07, 0.00506736348415003
1.77223890625E-07, 0.005625284143297
1.7722584375E-07, 0.00528740033454802
1.77227796875E-07, 0.005357311440656
1.7722975E-07, 0.00545631807519744
1.77231703125E-07, 0.00554908951355421
1.7723365625E-07, 0.00516634136848486
1.77235609375E-07, 0.00464144359106982
1.772375625E-07, 0.00535057751998033
1.77239515625E-07, 0.00485279184528278
1.7724146875E-07, 0.00474629959857059
1.77243421875E-07, 0.00468923510226916
1.77245375E-07, 0.005017542430938
1.77247328125E-07, 0.00411669540148501
1.7724928125E-07, 0.00444467702285312
1.77251234375E-07, 0.0043004921366893
1.772531875E-07, 0.00467240738413215
1.77255140625E-07, 0.00417175192394581
1.7725709375E-07, 0.00423950030880407
1.77259046875E-07, 0.00393008910586208
1.77261E-07, 0.00463337431244153
1.77262953125E-07, 0.00383557683370912
1.7726490625E-07, 0.00418859342469717
1.77266859375E-07, 0.00398517091609318
1.772688125E-07, 0.00386190052261929
1.77270765625E-07, 0.00394907688305347
1.7727271875E-07, 0.00391653558579142
1.77274671875E-07, 0.00383817202944136
1.77276625E-07, 0.00362324887378937
1.77278578125E-07, 0.00380355048418689
1.7728053125E-07, 0.00412612038629726
1.77282484375E-07, 0.00345844188960518
1.772844375E-07, 0.00384036830229588
1.77286390625E-07, 0.00365320329317633
1.7728834375E-07, 0.00308223266504014
1.77290296875E-07, 0.00347174769735442
1.7729225E-07, 0.00322681041073778
1.77294203125E-07, 0.00264758449144415
1.7729615625E-07, 0.00320029096313753
1.77298109375E-07, 0.00282892110218225
1.773000625E-07, 0.00278572577930417
1.77302015625E-07, 0.0031938330405998
1.7730396875E-07, 0.00266914594207689
1.77305921875E-07, 0.00317556031968297
1.77307875E-07, 0.00276392810447784
1.77309828125E-07, 0.00287534442058315
1.7731178125E-07, 0.00277063010745347
1.77313734375E-07, 0.00289968552048172
1.773156875E-07, 0.0023582003601787
1.77317640625E-07, 0.00231510846020831
1.7731959375E-07, 0.0018343311128201
1.77321546875E-07, 0.00299824414629543
1.773235E-07, 0.00210759069613473
1.77325453125E-07, 0.0021695732765363
1.7732740625E-07, 0.00240715654081602
1.77329359375E-07, 0.00230431687295926
1.773313125E-07, 0.00260230886758283
1.77333265625E-07, 0.00234672784948861
1.7733521875E-07, 0.00244103791992711
1.77337171875E-07, 0.00177953647071972
1.77339125E-07, 0.00195422591590074
1.77341078125E-07, 0.00190176831582016
1.7734303125E-07, 0.0018138559147587
1.77344984375E-07, 0.00190417098306598
1.773469375E-07, 0.00169653141335613
1.77348890625E-07, 0.0010304983230906
1.7735084375E-07, 0.00175739990602083
1.77352796875E-07, 0.0015441080050241
1.7735475E-07, 0.00170659682423112
1.77356703125E-07, 0.00201708423378214
1.7735865625E-07, 0.00163643980790974
1.77360609375E-07, 0.00131220308448692
1.773625625E-07, 0.00166118488006078
1.77364515625E-07, 0.000895496789387155
1.7736646875E-07, 0.00122214357573538
1.77368421875E-07, 0.00060156616440396
1.77370375E-07, 0.00119934953144197
1.77372328125E-07, 0.00117309153020787
1.7737428125E-07, 0.000686532252711702
1.77376234375E-07, 0.000798583620558843
1.773781875E-07, 0.00114691654559286
1.77380140625E-07, 0.00078806438885962
1.7738209375E-07, 0.000269084157360146
1.77384046875E-07, 0.00038221620246364
1.77386E-07, 0.000299141327402498
1.77387953125E-07, 0.000206564815492263
1.7738990625E-07, -0.000294640965856002
1.77391859375E-07, 5.03169770100013E-05
1.773938125E-07, 0.000278411155318924
1.77395765625E-07, -0.000617793513852518
1.7739771875E-07, -0.000486683709455626
1.77399671875E-07, -0.000639471092477305
1.77401625E-07, -0.000369309700964444
1.77403578125E-07, -0.000651815109145349
1.7740553125E-07, -0.000962564656298663
1.77407484375E-07, -0.00106005633067338
1.774094375E-07, -0.000529785131355072
1.77411390625E-07, -0.00134424705644884
1.7741334375E-07, -0.00110461162125086
1.77415296875E-07, -0.000935093653940423
1.7741725E-07, -0.00113641924347398
1.77419203125E-07, -0.00164391682452361
1.7742115625E-07, -0.00153807369285741
1.77423109375E-07, -0.00173710394792342
1.774250625E-07, -0.00114137262778816
1.77427015625E-07, -0.000790363734949764
1.7742896875E-07, -0.00185503211235724
1.77430921875E-07, -0.00169771054807348
1.77432875E-07, -0.00174849707950855
1.77434828125E-07, -0.00218643927653749
1.7743678125E-07, -0.0020126274645387
1.77438734375E-07, -0.0025750417094644
1.774406875E-07, -0.00269521088469025
1.77442640625E-07, -0.00272997565221593
1.7744459375E-07, -0.00277841486659076
1.77446546875E-07, -0.00219704394818572
1.774485E-07, -0.00262970919800266
1.77450453125E-07, -0.00288191017551517
1.7745240625E-07, -0.00307369757200921
1.77454359375E-07, -0.00390516602845807
1.774563125E-07, -0.00315094680553233
1.77458265625E-07, -0.00362512981295801
1.7746021875E-07, -0.00315383841309302
1.77462171875E-07, -0.00349901734090605
1.77464125E-07, -0.00353721272848162
1.77466078125E-07, -0.00385770413440172
1.7746803125E-07, -0.00391288800539061
1.77469984375E-07, -0.00410073737835875
1.774719375E-07, -0.00381850370654358
1.77473890625E-07, -0.00452041502384162
1.7747584375E-07, -0.00424810565239864
1.77477796875E-07, -0.00410257475784176
1.7747975E-07, -0.00531848011958104
1.77481703125E-07, -0.00436005816646677
1.7748365625E-07, -0.0042108165669666
1.77485609375E-07, -0.00472028997632868
1.774875625E-07, -0.0048046600238423
1.77489515625E-07, -0.0052983552187437
1.7749146875E-07, -0.00498127995851419
1.77493421875E-07, -0.00521324394933953
1.77495375E-07, -0.00515442962032324
1.77497328125E-07, -0.00474749261380742
1.7749928125E-07, -0.00496445506349619
1.77501234375E-07, -0.00523696607601619
1.775031875E-07, -0.00492804042892643
1.77505140625E-07, -0.00511084133012366
1.7750709375E-07, -0.00533999052195302
1.77509046875E-07, -0.00518901332153187
1.77511E-07, -0.00520563352478961
1.77512953125E-07, -0.00528896628383998
1.7751490625E-07, -0.00542843443051522
1.77516859375E-07, -0.00516739732188251
1.775188125E-07, -0.00520564597778466
1.77520765625E-07, -0.00530728105679605
1.7752271875E-07, -0.00538701126198367
1.77524671875E-07, -0.00483866620975071
1.77526625E-07, -0.00499876609522662
1.77528578125E-07, -0.00492660109979873
1.7753053125E-07, -0.00499320033984295
1.77532484375E-07, -0.00501996377127834
1.775344375E-07, -0.00484081040442438
1.77536390625E-07, -0.0047591621876119
1.7753834375E-07, -0.00473350500158637
1.77540296875E-07, -0.00485995949320679
1.7754225E-07, -0.00464683968021645
1.77544203125E-07, -0.00476474794864872
1.7754615625E-07, -0.0042041946118617
1.77548109375E-07, -0.00431164890004386
1.775500625E-07, -0.00470881968544333
1.77552015625E-07, -0.00459451032056723
1.7755396875E-07, -0.00441903341829864
1.77555921875E-07, -0.00415191234459333
1.77557875E-07, -0.00351386364714282
1.77559828125E-07, -0.00405309275652342
1.7756178125E-07, -0.00394783504886709
1.77563734375E-07, -0.00387392364451418
1.775656875E-07, -0.00382349430889482
1.77567640625E-07, -0.00381043899238045
1.7756959375E-07, -0.00378250096695714
1.77571546875E-07, -0.00349985441764975
1.775735E-07, -0.00350941902800836
1.77575453125E-07, -0.00331837541965786
1.7757740625E-07, -0.0031453686162999
1.77579359375E-07, -0.00323796397992355
1.775813125E-07, -0.00290051017824758
1.77583265625E-07, -0.00290367209753057
1.7758521875E-07, -0.00313080240881959
1.77587171875E-07, -0.00293385725022313
1.77589125E-07, -0.00302900629044215
1.77591078125E-07, -0.00325112123551046
1.7759303125E-07, -0.00275685997258061
1.77594984375E-07, -0.00297424907507005
1.775969375E-07, -0.00306843968676087
1.77598890625E-07, -0.00272966844228816
1.7760084375E-07, -0.00330800555726002
1.77602796875E-07, -0.00287203525432365
1.7760475E-07, -0.00302624780702742
1.77606703125E-07, -0.00264458352734043
1.7760865625E-07, -0.00263596628759472
1.77610609375E-07, -0.00284912916172694
1.776125625E-07, -0.00282901924579742
1.77614515625E-07, -0.00270836291031137
1.7761646875E-07, -0.00307249793079907
1.77618421875E-07, -0.00245582230937735
1.77620375E-07, -0.00268801438296432
1.77622328125E-07, -0.00269433010239558
1.7762428125E-07, -0.00266144690773806
1.77626234375E-07, -0.00266333303373615
1.776281875E-07, -0.00253993464570586
1.77630140625E-07, -0.0027307567950417
1.7763209375E-07, -0.00271905259727514
1.77634046875E-07, -0.00269884773286324


