File Format, WaveformXYValues
Format Version, 1
Instrument, N1045A,04F,LOJ
SwVersion, A.06.71.21
SerialNumber, MY56260108
Date, 11/29/2023 14:15:27 GMT+08:00

Source Name, Channel 1A

Points, 2048
Signal Type, Unspecified
Channel Bandwidth, 2E+10
Channel Noise, 6.66857143682292E-05
X Units, Second
Y Units, Volt
Data, 
1.73636E-07, -0.00135473580574226
1.73637953125E-07, -0.00127935197447792
1.7363990625E-07, -0.00158551594018532
1.73641859375E-07, -0.00100422336887941
1.736438125E-07, -0.00104495881457673
1.73645765625E-07, -0.00120519926339429
1.7364771875E-07, -0.00118942750839813
1.73649671875E-07, -0.00120946338197997
1.73651625E-07, -0.00107105996399821
1.73653578125E-07, -0.00164887262698224
1.7365553125E-07, -0.00215167460574632
1.73657484375E-07, -0.00198056132108714
1.736594375E-07, -0.0014772585719538
1.73661390625E-07, -0.00134580935306967
1.7366334375E-07, -0.00112368703886683
1.73665296875E-07, -0.00212367382525966
1.7366725E-07, -0.00117428806214345
1.73669203125E-07, -0.0021648909581218
1.7367115625E-07, -0.00231593681800363
1.73673109375E-07, -0.00135166100625132
1.736750625E-07, -0.0015144326834282
1.73677015625E-07, -0.00104712852465608
1.7367896875E-07, -0.00134984213779225
1.73680921875E-07, -0.00172254392372641
1.73682875E-07, -0.00169189813359314
1.73684828125E-07, -0.00168375845728399
1.7368678125E-07, -0.00115064625125108
1.73688734375E-07, -0.00175467591855377
1.736906875E-07, -0.00122832597416677
1.73692640625E-07, -0.0014521347997618
1.7369459375E-07, -0.00190556041235288
1.73696546875E-07, -0.00152801292393512
1.736985E-07, -0.00173471310980755
1.73700453125E-07, -0.00201663552218446
1.7370240625E-07, -0.00144434485390714
1.73704359375E-07, -0.00160489674407864
1.737063125E-07, -0.00194661818068025
1.73708265625E-07, -0.00201204570481391
1.7371021875E-07, -0.000936017717232325
1.73712171875E-07, -0.00173153622781565
1.73714125E-07, -0.00227671054378468
1.73716078125E-07, -0.00190170687232064
1.7371803125E-07, -0.00194579906679764
1.73719984375E-07, -0.00178160966084317
1.737219375E-07, -0.00166209089314683
1.73723890625E-07, -0.0012110753940278
1.7372584375E-07, -0.00219826615184359
1.73727796875E-07, -0.00145578954780441
1.7372975E-07, -0.00119911546562969
1.73731703125E-07, -0.00174917044415865
1.7373365625E-07, -0.00104811318454641
1.73735609375E-07, -0.00128258562806225
1.737375625E-07, -0.00101317550907027
1.73739515625E-07, -0.00129448852605646
1.7374146875E-07, -0.00196757671986729
1.73743421875E-07, -0.00150506354238736
1.73745375E-07, -0.00202703860136511
1.73747328125E-07, -0.00167658602283734
1.7374928125E-07, -0.00197341615072044
1.73751234375E-07, -0.0011843850912256
1.737531875E-07, -0.00121785253902375
1.73755140625E-07, -0.00170968842938421
1.7375709375E-07, -0.00238951798116469
1.73759046875E-07, -0.00148422075199339
1.73761E-07, -0.000720408443707343
1.73762953125E-07, -0.00180143262695114
1.7376490625E-07, -0.00162104215722826
1.73766859375E-07, -0.00116712873284344
1.737688125E-07, -0.00223041095034237
1.73770765625E-07, -0.00123114881519208
1.7377271875E-07, -0.00156739830808636
1.73774671875E-07, -0.00169438670275659
1.73776625E-07, -0.00203436138834677
1.73778578125E-07, -0.00259982589232668
1.7378053125E-07, -0.00191661186502625
1.73782484375E-07, -0.000742949935548969
1.737844375E-07, -0.00209098383324063
1.73786390625E-07, -0.00203638908822376
1.7378834375E-07, -0.00233594154585437
1.73790296875E-07, -0.00247533004602402
1.7379225E-07, -0.00208356352604895
1.73794203125E-07, -0.00184391398196378
1.7379615625E-07, -0.00157947602966762
1.73798109375E-07, -0.00215617019231659
1.738000625E-07, -0.00115562423068042
1.73802015625E-07, -0.0017619427161421
1.7380396875E-07, -0.00173411075486575
1.73805921875E-07, -0.00185513457671585
1.73807875E-07, -0.00145986894722543
1.73809828125E-07, -0.00174620883087718
1.7381178125E-07, -0.00171375873060442
1.73813734375E-07, -0.00209258665031224
1.738156875E-07, -0.00210218803457279
1.73817640625E-07, -0.00133446586989189
1.7381959375E-07, -0.00158304906502082
1.73821546875E-07, -0.00200395027533225
1.738235E-07, -0.00131317943945861
1.73825453125E-07, -0.00225691438736696
1.7382740625E-07, -0.00177253051967584
1.73829359375E-07, -0.00144814157980601
1.738313125E-07, -0.00163056978895914
1.73833265625E-07, -0.00212662140349359
1.7383521875E-07, -0.00198102138479889
1.73837171875E-07, -0.001593343094055
1.73839125E-07, -0.00243285838173238
1.73841078125E-07, -0.00225855014125709
1.7384303125E-07, -0.0022037625539026
1.73844984375E-07, -0.00204450045732817
1.738469375E-07, -0.00241895319102301
1.73848890625E-07, -0.002175840335661
1.7385084375E-07, -0.0022404729322021
1.73852796875E-07, -0.00280088455754829
1.7385475E-07, -0.00224449281364468
1.73856703125E-07, -0.00253455574965135
1.7385865625E-07, -0.00235061601429553
1.73860609375E-07, -0.0020734486979318
1.738625625E-07, -0.00248912453085323
1.73864515625E-07, -0.00241109564417353
1.7386646875E-07, -0.00250620691512169
1.73868421875E-07, -0.00243533744183174
1.73870375E-07, -0.00285365663921993
1.73872328125E-07, -0.00241201999270239
1.7387428125E-07, -0.0023292718768558
1.73876234375E-07, -0.00290324165969516
1.738781875E-07, -0.00297442399646329
1.73880140625E-07, -0.00301977589472615
1.7388209375E-07, -0.00323786628815093
1.73884046875E-07, -0.00317943166605882
1.73886E-07, -0.00376683598615315
1.73887953125E-07, -0.00352579810526181
1.7388990625E-07, -0.00354286487432696
1.73891859375E-07, -0.0034649371806755
1.738938125E-07, -0.00339443055386663
1.73895765625E-07, -0.00389579452104276
1.7389771875E-07, -0.00347448764934038
1.73899671875E-07, -0.00369935225887495
1.73901625E-07, -0.00390984750882117
1.73903578125E-07, -0.00378011154196337
1.7390553125E-07, -0.00352798111215804
1.73907484375E-07, -0.00395039943110864
1.739094375E-07, -0.00375447950660988
1.73911390625E-07, -0.00420287128477017
1.7391334375E-07, -0.00396171600157821
1.73915296875E-07, -0.00396959844162963
1.7391725E-07, -0.00404017630851052
1.73919203125E-07, -0.00436622471493956
1.7392115625E-07, -0.00443221929666339
1.73923109375E-07, -0.00435672271073778
1.739250625E-07, -0.0046003648186385
1.73927015625E-07, -0.00472068060225003
1.7392896875E-07, -0.00459725529083939
1.73930921875E-07, -0.00446359821400389
1.73932875E-07, -0.00489867277982502
1.73934828125E-07, -0.00418408289833217
1.7393678125E-07, -0.00497718222101855
1.73938734375E-07, -0.00440874804806304
1.739406875E-07, -0.00506194594491091
1.73942640625E-07, -0.0054951180817092
1.7394459375E-07, -0.00483542020003607
1.73946546875E-07, -0.00506047817399873
1.739485E-07, -0.00531207828437039
1.73950453125E-07, -0.00505681335434171
1.7395240625E-07, -0.00525097781420099
1.73954359375E-07, -0.00471294080300868
1.739563125E-07, -0.00499481573038477
1.73958265625E-07, -0.0052211771205887
1.7396021875E-07, -0.00494516370572802
1.73962171875E-07, -0.00511599679270283
1.73964125E-07, -0.00516185445607407
1.73966078125E-07, -0.00527107150293367
1.7396803125E-07, -0.0052560321138512
1.73969984375E-07, -0.00549613301105227
1.739719375E-07, -0.00561183358712826
1.73973890625E-07, -0.00476580045242752
1.7397584375E-07, -0.00530657946841401
1.73977796875E-07, -0.00539714774909824
1.7397975E-07, -0.00566704699835005
1.73981703125E-07, -0.00600482173016566
1.7398365625E-07, -0.0054068019771557
1.73985609375E-07, -0.00499702964922524
1.739875625E-07, -0.00576341756707798
1.73989515625E-07, -0.00500751980286395
1.7399146875E-07, -0.00447765845631093
1.73993421875E-07, -0.00452445541895564
1.73995375E-07, -0.00531131953633941
1.73997328125E-07, -0.00511742971010224
1.7399928125E-07, -0.00495884438394339
1.74001234375E-07, -0.00474327696956506
1.740031875E-07, -0.00446910529691871
1.74005140625E-07, -0.00450593237738861
1.7400709375E-07, -0.00439657387940454
1.74009046875E-07, -0.00448498884725281
1.74011E-07, -0.0041683774895788
1.74012953125E-07, -0.00297604770828194
1.7401490625E-07, -0.00406411514323569
1.74016859375E-07, -0.00397540893629989
1.740188125E-07, -0.00355251904925126
1.74020765625E-07, -0.00302420434089694
1.7402271875E-07, -0.00348690092366292
1.74024671875E-07, -0.00298444304424586
1.74026625E-07, -0.00265611978452417
1.74028578125E-07, -0.00225402032456495
1.7403053125E-07, -0.00199904864935215
1.74032484375E-07, -0.00321006267626032
1.740344375E-07, -0.000895035901293366
1.74036390625E-07, -0.000986789176870049
1.7403834375E-07, -0.0014164270721902
1.74040296875E-07, -0.00223684589413481
1.7404225E-07, 2.20601641180178E-06
1.74044203125E-07, -0.000326554526571745
1.7404615625E-07, -1.16136273584291E-05
1.74048109375E-07, -0.000488643005481737
1.740500625E-07, -0.00105625209544724
1.74052015625E-07, 0.000454558827325932
1.7405396875E-07, 0.000572699331038781
1.74055921875E-07, 0.00146433736844952
1.74057875E-07, 0.00120554435004393
1.74059828125E-07, 0.00248555350528467
1.7406178125E-07, 0.000854587552944529
1.74063734375E-07, 0.00426570353913028
1.740656875E-07, 0.00333585917799325
1.74067640625E-07, 0.00293241430789629
1.7406959375E-07, 0.00393758433819523
1.74071546875E-07, 0.00425089365960622
1.740735E-07, 0.0043253332113463
1.74075453125E-07, 0.00516195094502499
1.7407740625E-07, 0.00523821148129861
1.74079359375E-07, 0.00552584796199181
1.740813125E-07, 0.0068713406431401
1.74083265625E-07, 0.00651271181189717
1.7408521875E-07, 0.00608785640219203
1.74087171875E-07, 0.00660254953905491
1.74089125E-07, 0.0106505854600488
1.74091078125E-07, 0.00719332909125395
1.7409303125E-07, 0.00837848279658314
1.74094984375E-07, 0.00805894825960883
1.740969375E-07, 0.00885485741402682
1.74098890625E-07, 0.0112822436637713
1.7410084375E-07, 0.0101498159054223
1.74102796875E-07, 0.011771226582079
1.7410475E-07, 0.0114399509522872
1.74106703125E-07, 0.0105918103327124
1.7410865625E-07, 0.0127601858229557
1.74110609375E-07, 0.0130007742512749
1.741125625E-07, 0.0128243964441736
1.74114515625E-07, 0.0147043872179184
1.7411646875E-07, 0.0143438920606061
1.74118421875E-07, 0.0157203310341238
1.74120375E-07, 0.0147981679496322
1.74122328125E-07, 0.0146500203348118
1.7412428125E-07, 0.0177554427320151
1.74126234375E-07, 0.0169411881920192
1.741281875E-07, 0.0180833728463441
1.74130140625E-07, 0.0188223265823241
1.7413209375E-07, 0.0193383329394549
1.74134046875E-07, 0.019535321940455
1.74136E-07, 0.0201380185450765
1.74137953125E-07, 0.0208679486069244
1.7413990625E-07, 0.0204671253710757
1.74141859375E-07, 0.0204846744151794
1.741438125E-07, 0.0231863710248703
1.74145765625E-07, 0.0239848920774549
1.7414771875E-07, 0.0209053651212075
1.74149671875E-07, 0.0235149411773947
1.74151625E-07, 0.0238100498112642
1.74153578125E-07, 0.0263558709745938
1.7415553125E-07, 0.0258052142846864
1.74157484375E-07, 0.0231536102298385
1.741594375E-07, 0.0270083083068034
1.74161390625E-07, 0.0267503283709116
1.7416334375E-07, 0.0274641856598378
1.74165296875E-07, 0.0278391476987334
1.7416725E-07, 0.0287790083629161
1.74169203125E-07, 0.0296346871311083
1.7417115625E-07, 0.0297022891293575
1.74173109375E-07, 0.0296978855331587
1.741750625E-07, 0.0290455623336429
1.74177015625E-07, 0.0301542461066554
1.7417896875E-07, 0.0318410058994036
1.74180921875E-07, 0.0305626700193209
1.74182875E-07, 0.03152942210364
1.74184828125E-07, 0.0320470251492829
1.7418678125E-07, 0.0325087892887853
1.74188734375E-07, 0.0326420911175918
1.741906875E-07, 0.0330313745093836
1.74192640625E-07, 0.0330724454282775
1.7419459375E-07, 0.0329086278107227
1.74196546875E-07, 0.0344973946922644
1.741985E-07, 0.031989393733875
1.74200453125E-07, 0.0344953965802953
1.7420240625E-07, 0.0341279490401822
1.74204359375E-07, 0.0343588029435278
1.742063125E-07, 0.0334666696856951
1.74208265625E-07, 0.0338515500566954
1.7421021875E-07, 0.034425271681621
1.74212171875E-07, 0.0346654410568106
1.74214125E-07, 0.0333715140592832
1.74216078125E-07, 0.0324222427839479
1.7421803125E-07, 0.0347231207925797
1.74219984375E-07, 0.033431444292981
1.742219375E-07, 0.0336596186520859
1.74223890625E-07, 0.0331605187109884
1.7422584375E-07, 0.032993888745926
1.74227796875E-07, 0.0319183354598709
1.7422975E-07, 0.03049717101096
1.74231703125E-07, 0.0323506904278898
1.7423365625E-07, 0.026724368427554
1.74235609375E-07, 0.0315327040334904
1.742375625E-07, 0.0282026089151578
1.74239515625E-07, 0.0304754807613649
1.7424146875E-07, 0.0293250536173375
1.74243421875E-07, 0.0280536042231347
1.74245375E-07, 0.0282310071228972
1.74247328125E-07, 0.0267655159120156
1.7424928125E-07, 0.0255803673522432
1.74251234375E-07, 0.0233945570884557
1.742531875E-07, 0.0230426660132397
1.74255140625E-07, 0.0259939138194737
1.7425709375E-07, 0.0254421114773436
1.74259046875E-07, 0.0151712601887861
1.74261E-07, 0.0236157472067901
1.74262953125E-07, 0.020687512677397
1.7426490625E-07, 0.0174303886835239
1.74266859375E-07, 0.0200284644507945
1.742688125E-07, 0.0131751091457316
1.74270765625E-07, 0.0167399923775774
1.7427271875E-07, 0.0102862548513904
1.74274671875E-07, 0.0115910526349374
1.74276625E-07, 0.0102843102811417
1.74278578125E-07, 0.00874643100941414
1.7428053125E-07, 0.00927238041642458
1.74282484375E-07, 0.00807736635661023
1.742844375E-07, 0.00660645507708222
1.74286390625E-07, 0.00208225554579203
1.7428834375E-07, -0.0012618601046911
1.74290296875E-07, 0.00160798827760108
1.7429225E-07, -0.00411321639081358
1.74294203125E-07, -0.00324087570249981
1.7429615625E-07, -0.00402112677859799
1.74298109375E-07, -0.00544096182094353
1.743000625E-07, -0.0128970812936895
1.74302015625E-07, -0.00943519362295012
1.7430396875E-07, -0.0128443381433969
1.74305921875E-07, -0.0134350604474668
1.74307875E-07, -0.0100164966217717
1.74309828125E-07, -0.0227862433586358
1.7431178125E-07, -0.0180091918503285
1.74313734375E-07, -0.0244850822773291
1.743156875E-07, -0.0230835759464749
1.74317640625E-07, -0.0244581883042903
1.7431959375E-07, -0.0307318385986257
1.74321546875E-07, -0.0314862126900191
1.743235E-07, -0.0331417503631797
1.74325453125E-07, -0.0301208170640337
1.7432740625E-07, -0.0320567410864379
1.74329359375E-07, -0.0425693488689201
1.743313125E-07, -0.0330583978824202
1.74333265625E-07, -0.0379513568180178
1.7433521875E-07, -0.0413457745068769
1.74337171875E-07, -0.0477931208018205
1.74339125E-07, -0.0537113832517048
1.74341078125E-07, -0.0555494067796972
1.7434303125E-07, -0.0533645091365866
1.74344984375E-07, -0.0562363008662151
1.743469375E-07, -0.0622004565900948
1.74348890625E-07, -0.0590352738435019
1.7435084375E-07, -0.0644777588978018
1.74352796875E-07, -0.0675191523144122
1.7435475E-07, -0.0737301235300123
1.74356703125E-07, -0.0797002686568773
1.7435865625E-07, -0.0727191293524013
1.74360609375E-07, -0.079543328014707
1.743625625E-07, -0.0800811950465423
1.74364515625E-07, -0.0757607873628701
1.7436646875E-07, -0.0883588316272064
1.74368421875E-07, -0.0808363421207353
1.74370375E-07, -0.0866939524225128
1.74372328125E-07, -0.0907960277432248
1.7437428125E-07, -0.0949327051770271
1.74376234375E-07, -0.096738727903449
1.743781875E-07, -0.0939886390667844
1.74380140625E-07, -0.100547974039357
1.7438209375E-07, -0.100753490251119
1.74384046875E-07, -0.102358996908387
1.74386E-07, -0.101378534045731
1.74387953125E-07, -0.108753823894579
1.7438990625E-07, -0.111001870923362
1.74391859375E-07, -0.110242008259605
1.743938125E-07, -0.110584436315461
1.74395765625E-07, -0.101797863169502
1.7439771875E-07, -0.110171854023782
1.74399671875E-07, -0.116081563435308
1.74401625E-07, -0.114680129002536
1.74403578125E-07, -0.119190351250416
1.7440553125E-07, -0.119283584247502
1.74407484375E-07, -0.121549111591845
1.744094375E-07, -0.121656307870844
1.74411390625E-07, -0.116456003643213
1.7441334375E-07, -0.10456167582092
1.74415296875E-07, -0.120341101684153
1.7441725E-07, -0.119821195425977
1.74419203125E-07, -0.116175147287597
1.7442115625E-07, -0.12228179697424
1.74423109375E-07, -0.117799287604095
1.744250625E-07, -0.116481230427012
1.74427015625E-07, -0.117757289870901
1.7442896875E-07, -0.115811847900429
1.74430921875E-07, -0.118285339827837
1.74432875E-07, -0.117990259162264
1.74434828125E-07, -0.113782554599098
1.7443678125E-07, -0.116182711006477
1.74438734375E-07, -0.114664168457633
1.744406875E-07, -0.11239088798299
1.74442640625E-07, -0.110203891030073
1.7444459375E-07, -0.102382272557841
1.74446546875E-07, -0.10528764097705
1.744485E-07, -0.109738388817937
1.74450453125E-07, -0.106586326277372
1.7445240625E-07, -0.105213763506393
1.74454359375E-07, -0.0881011294735172
1.744563125E-07, -0.101695523753067
1.74458265625E-07, -0.0910487755059992
1.7446021875E-07, -0.095749190311232
1.74462171875E-07, -0.0881192110819945
1.74464125E-07, -0.0753126225147527
1.74466078125E-07, -0.0814811036543579
1.7446803125E-07, -0.0772538631117378
1.74469984375E-07, -0.0649503365800809
1.744719375E-07, -0.0781824436844778
1.74473890625E-07, -0.0578741657074466
1.7447584375E-07, -0.0614435564731719
1.74477796875E-07, -0.063977072656465
1.7447975E-07, -0.0402591362015291
1.74481703125E-07, -0.0451050818573643
1.7448365625E-07, -0.0471435654616762
1.74485609375E-07, -0.0461916850886549
1.744875625E-07, -0.0466529646401022
1.74489515625E-07, -0.0224092075767978
1.7449146875E-07, -0.0215032452536673
1.74493421875E-07, -0.0364066980046326
1.74495375E-07, -0.0218198496911158
1.74497328125E-07, -0.0152544653691098
1.7449928125E-07, -0.0141409005062384
1.74501234375E-07, -0.00275568055680185
1.745031875E-07, -0.0119898314953487
1.74505140625E-07, 0.000751783653775091
1.7450709375E-07, 0.00421923567462682
1.74509046875E-07, 0.0166056631709526
1.74511E-07, 0.00677635783036794
1.74512953125E-07, 0.0160391050781848
1.7451490625E-07, 0.0219601734918822
1.74516859375E-07, 0.0339921736478887
1.745188125E-07, 0.0233748305385673
1.74520765625E-07, 0.0278909976830865
1.7452271875E-07, 0.043461956809726
1.74524671875E-07, 0.0418860275995874
1.74526625E-07, 0.0456766729919624
1.74528578125E-07, 0.0455110186997092
1.7453053125E-07, 0.0445091485667476
1.74532484375E-07, 0.0477999085574821
1.745344375E-07, 0.0561676566750618
1.74536390625E-07, 0.067566048532755
1.7453834375E-07, 0.0621754094330763
1.74540296875E-07, 0.0589034027551479
1.7454225E-07, 0.0779223094035919
1.74544203125E-07, 0.0737125182189455
1.7454615625E-07, 0.0759881197874011
1.74548109375E-07, 0.0768711774790631
1.745500625E-07, 0.0827268307191886
1.74552015625E-07, 0.0825516896013636
1.7455396875E-07, 0.0817527587238789
1.74555921875E-07, 0.0922265502509648
1.74557875E-07, 0.0910764766646491
1.74559828125E-07, 0.0943442844996157
1.7456178125E-07, 0.0927575836123321
1.74563734375E-07, 0.0889692593065363
1.745656875E-07, 0.0986578056380622
1.74567640625E-07, 0.100506162706768
1.7456959375E-07, 0.0957683803197881
1.74571546875E-07, 0.0988430630412529
1.745735E-07, 0.0955575530355456
1.74575453125E-07, 0.100377865408601
1.7457740625E-07, 0.0995639794042845
1.74579359375E-07, 0.0957797802910642
1.745813125E-07, 0.0974485864112361
1.74583265625E-07, 0.0967891233490064
1.7458521875E-07, 0.0984664752688686
1.74587171875E-07, 0.0891549118745965
1.74589125E-07, 0.0990102394682996
1.74591078125E-07, 0.0967900657173169
1.7459303125E-07, 0.0943435462865486
1.74594984375E-07, 0.0957742249537265
1.745969375E-07, 0.0935398407545217
1.74598890625E-07, 0.0908733204519998
1.7460084375E-07, 0.0910928316194761
1.74602796875E-07, 0.0869414730791586
1.7460475E-07, 0.0849233554447485
1.74606703125E-07, 0.0823467320910316
1.7460865625E-07, 0.0818024587271485
1.74610609375E-07, 0.0794046605364939
1.746125625E-07, 0.0799537129353664
1.74614515625E-07, 0.0773992347626685
1.7461646875E-07, 0.0768940349482428
1.74618421875E-07, 0.0789789342964779
1.74620375E-07, 0.0630818323952933
1.74622328125E-07, 0.0718978433394727
1.7462428125E-07, 0.0632830405270156
1.74626234375E-07, 0.0671683819915178
1.746281875E-07, 0.0637370455715559
1.74630140625E-07, 0.0582351242333381
1.7463209375E-07, 0.0595404428617465
1.74634046875E-07, 0.057912096008861
1.74636E-07, 0.0565755046172195
1.74637953125E-07, 0.0600765004805582
1.7463990625E-07, 0.0553925773471031
1.74641859375E-07, 0.0495124240497661
1.746438125E-07, 0.0521798068769234
1.74645765625E-07, 0.047428025887673
1.7464771875E-07, 0.0479177465331696
1.74649671875E-07, 0.0403156964109314
1.74651625E-07, 0.0386782434017359
1.74653578125E-07, 0.0441579756372186
1.7465553125E-07, 0.0365346193792651
1.74657484375E-07, 0.0396512402908521
1.746594375E-07, 0.031134643337586
1.74661390625E-07, 0.0306987879152566
1.7466334375E-07, 0.0327027167509216
1.74665296875E-07, 0.0327436885373933
1.7466725E-07, 0.0342036850009485
1.74669203125E-07, 0.0250509358575101
1.7467115625E-07, 0.0270482973468408
1.74673109375E-07, 0.0301575645081417
1.746750625E-07, 0.0266483251663896
1.74677015625E-07, 0.0280646626585884
1.7467896875E-07, 0.0276899530075457
1.74680921875E-07, 0.0275895706690265
1.74682875E-07, 0.0264121648275178
1.74684828125E-07, 0.0236511720468375
1.7468678125E-07, 0.0227556874969383
1.74688734375E-07, 0.0233042233412132
1.746906875E-07, 0.0225344975345266
1.74692640625E-07, 0.0232153917924346
1.7469459375E-07, 0.0225873645884303
1.74696546875E-07, 0.0199164295576063
1.746985E-07, 0.0230212657254721
1.74700453125E-07, 0.0195821359330943
1.7470240625E-07, 0.019431397267615
1.74704359375E-07, 0.0198404721890861
1.747063125E-07, 0.0207047299045123
1.74708265625E-07, 0.0190977411518443
1.7471021875E-07, 0.0199471466379196
1.74712171875E-07, 0.0197911842327435
1.74714125E-07, 0.0203344477706871
1.74716078125E-07, 0.0221746351978868
1.7471803125E-07, 0.0200257638057215
1.74719984375E-07, 0.019265998324991
1.747219375E-07, 0.0190637852237031
1.74723890625E-07, 0.0189723748853749
1.7472584375E-07, 0.0200466632152641
1.74727796875E-07, 0.0194592686317994
1.7472975E-07, 0.0193435374776165
1.74731703125E-07, 0.0210238351575192
1.7473365625E-07, 0.0193560346672894
1.74735609375E-07, 0.019136671205603
1.747375625E-07, 0.0191192134744782
1.74739515625E-07, 0.019655159221035
1.7474146875E-07, 0.0188084631607135
1.74743421875E-07, 0.0191876694276453
1.74745375E-07, 0.0197629518447543
1.74747328125E-07, 0.0188342689462945
1.7474928125E-07, 0.019059146632902
1.74751234375E-07, 0.0194164336047345
1.747531875E-07, 0.0201088637668684
1.74755140625E-07, 0.0186205392725648
1.7475709375E-07, 0.0183366951347674
1.74759046875E-07, 0.0187654854212294
1.74761E-07, 0.0183082967785703
1.74762953125E-07, 0.0182415984433631
1.7476490625E-07, 0.0157082103550683
1.74766859375E-07, 0.0170774649757769
1.747688125E-07, 0.0167523335486679
1.74770765625E-07, 0.0162100586803838
1.7477271875E-07, 0.0172764381454137
1.74774671875E-07, 0.0139255278734568
1.74776625E-07, 0.0152031457013347
1.74778578125E-07, 0.0152089864345057
1.7478053125E-07, 0.0135424653008276
1.74782484375E-07, 0.0134440000463441
1.747844375E-07, 0.0117455610183614
1.74786390625E-07, 0.0135811698314213
1.7478834375E-07, 0.0132693414221257
1.74790296875E-07, 0.0105925067434932
1.7479225E-07, 0.0120292278618228
1.74794203125E-07, 0.0106963268572697
1.7479615625E-07, 0.00965122317839815
1.74798109375E-07, 0.0114300710248201
1.748000625E-07, 0.00640838516948831
1.74802015625E-07, 0.00887498175465345
1.7480396875E-07, 0.00586527821048246
1.74805921875E-07, 0.00728002868487108
1.74807875E-07, 0.00676871994475248
1.74809828125E-07, 0.00454396094107593
1.7481178125E-07, 0.00681689965065147
1.74813734375E-07, 0.00529223083814925
1.748156875E-07, 0.00202273601099946
1.74817640625E-07, 0.00432759469610278
1.7481959375E-07, 0.00108976308223472
1.74821546875E-07, 0.00182256847931432
1.748235E-07, 0.00107138289165666
1.74825453125E-07, -0.000648599388391014
1.7482740625E-07, -0.00112418060536904
1.74829359375E-07, -0.00133970639978713
1.748313125E-07, 0.00119748319893661
1.74833265625E-07, -0.00212826198109803
1.7483521875E-07, -0.00263360696894926
1.74837171875E-07, -0.00439551390503107
1.74839125E-07, -0.00326837550160165
1.74841078125E-07, -0.00392913041597765
1.7484303125E-07, -0.00439125239166966
1.74844984375E-07, -0.00568533837772136
1.748469375E-07, -0.00554070627582433
1.74848890625E-07, -0.00391857368980948
1.7485084375E-07, -0.00450944393093545
1.74852796875E-07, -0.00683928781142205
1.7485475E-07, -0.00510057917076067
1.74856703125E-07, -0.00662483922282825
1.7485865625E-07, -0.00667622201287931
1.74860609375E-07, -0.00707110001234783
1.748625625E-07, -0.00748380166469118
1.74864515625E-07, -0.00757092435404927
1.7486646875E-07, -0.00699993293137025
1.74868421875E-07, -0.00842937491262433
1.74870375E-07, -0.00759736711089332
1.74872328125E-07, -0.00792634876059822
1.7487428125E-07, -0.00778455826970239
1.74876234375E-07, -0.00776347426676668
1.748781875E-07, -0.00735327106154218
1.74880140625E-07, -0.00671735747669729
1.7488209375E-07, -0.0085297533763738
1.74884046875E-07, -0.0070661344178075
1.74886E-07, -0.00777648730706231
1.74887953125E-07, -0.0074016515574543
1.7488990625E-07, -0.00686884761957724
1.74891859375E-07, -0.00664490503425091
1.748938125E-07, -0.00607263477769933
1.74895765625E-07, -0.00675700017586251
1.7489771875E-07, -0.00664330052306876
1.74899671875E-07, -0.00532137504461167
1.74901625E-07, -0.00524622935559189
1.74903578125E-07, -0.00564366481473092
1.7490553125E-07, -0.00596810953589561
1.74907484375E-07, -0.0053783089392272
1.749094375E-07, -0.00511590299567465
1.74911390625E-07, -0.0047011046505139
1.7491334375E-07, -0.00449220671623534
1.74915296875E-07, -0.00383738676946257
1.7491725E-07, -0.00361890975713972
1.74919203125E-07, -0.00308447848949515
1.7492115625E-07, -0.00379330673236571
1.74923109375E-07, -0.00308061043575547
1.749250625E-07, -0.00253643652644123
1.74927015625E-07, -0.00262980681007745
1.7492896875E-07, -0.00210692046592286
1.74930921875E-07, -0.00235194038947939
1.74932875E-07, -0.00185758797607014
1.74934828125E-07, -0.00103899048728983
1.7493678125E-07, -0.00138289243583281
1.74938734375E-07, -0.000935831319189298
1.749406875E-07, -0.000359244291102844
1.74942640625E-07, -0.000969046129445807
1.7494459375E-07, 0.000442876897066948
1.74946546875E-07, -0.000998709995074886
1.749485E-07, 0.000390910846038512
1.74950453125E-07, 0.000346685488945229
1.7495240625E-07, 0.000499716474335075
1.74954359375E-07, 0.000517422479907539
1.749563125E-07, 0.00142447816671493
1.74958265625E-07, 0.00117020792269892
1.7496021875E-07, 0.00108265419125649
1.74962171875E-07, 0.000445468809980537
1.74964125E-07, 0.0016066084965448
1.74966078125E-07, 0.001421371388957
1.7496803125E-07, 0.00209227514711448
1.74969984375E-07, 0.00231905551358323
1.749719375E-07, 0.0018030550132471
1.74973890625E-07, 0.0021654186897405
1.7497584375E-07, 0.00125951214354323
1.74977796875E-07, 0.00227095149499857
1.7497975E-07, 0.00231796628284514
1.74981703125E-07, 0.00230777819690612
1.7498365625E-07, 0.0021080785906965
1.74985609375E-07, 0.00225012334052587
1.749875625E-07, 0.00215337655184777
1.74989515625E-07, 0.00241266440883394
1.7499146875E-07, 0.00238953808979856
1.74993421875E-07, 0.00240721241715476
1.74995375E-07, 0.00174320561129281
1.74997328125E-07, 0.00207749323093333
1.7499928125E-07, 0.00131225373803099
1.75001234375E-07, 0.00167514520980468
1.750031875E-07, 0.00217240317679312
1.75005140625E-07, 0.0017993271725513
1.7500709375E-07, 0.00125624932847543
1.75009046875E-07, 0.00123777150839076
1.75011E-07, 0.00168810374474882
1.75012953125E-07, 0.00169525151011188
1.7501490625E-07, 0.000704233904894909
1.75016859375E-07, 0.000779449605031751
1.750188125E-07, 0.000963588865445391
1.75020765625E-07, 0.00164062166550804
1.7502271875E-07, 0.000546333978422847
1.75024671875E-07, 0.000480319572939813
1.75026625E-07, -0.000320868943265269
1.75028578125E-07, 0.000208216427658048
1.7503053125E-07, 0.000526952165282096
1.75032484375E-07, -0.000645082501316583
1.750344375E-07, -0.00145926552047852
1.75036390625E-07, -0.00130000748073814
1.7503834375E-07, -0.00130309266641394
1.75040296875E-07, -0.0022141310603151
1.7504225E-07, -0.00153413892154274
1.75044203125E-07, -0.00241552574955052
1.7504615625E-07, -0.00288214421117109
1.75048109375E-07, -0.00254427328325232
1.750500625E-07, -0.00394910657897848
1.75052015625E-07, -0.00329101374065644
1.7505396875E-07, -0.00445261682684755
1.75055921875E-07, -0.00409552774143219
1.75057875E-07, -0.00662858758853788
1.75059828125E-07, -0.00477526326786422
1.7506178125E-07, -0.00553665218736774
1.75063734375E-07, -0.00610961142216014
1.750656875E-07, -0.00497223330657512
1.75067640625E-07, -0.00805111886583842
1.7506959375E-07, -0.00657991738456255
1.75071546875E-07, -0.00778307370866511
1.750735E-07, -0.00766578351810161
1.75075453125E-07, -0.0082893767789205
1.7507740625E-07, -0.00905746003429614
1.75079359375E-07, -0.0106068293723311
1.750813125E-07, -0.00932082574943324
1.75083265625E-07, -0.0106532591339465
1.7508521875E-07, -0.0120881370963608
1.75087171875E-07, -0.0123144550064155
1.75089125E-07, -0.0124102463274831
1.75091078125E-07, -0.0130545281880232
1.7509303125E-07, -0.0146043398153084
1.75094984375E-07, -0.0155604903117315
1.750969375E-07, -0.0142721341031767
1.75098890625E-07, -0.0140114119046649
1.7510084375E-07, -0.0153396953570346
1.75102796875E-07, -0.0167147525061677
1.7510475E-07, -0.0176378096354625
1.75106703125E-07, -0.0167262577405825
1.7510865625E-07, -0.0176253629884262
1.75110609375E-07, -0.0166956586387595
1.751125625E-07, -0.0185733809507211
1.75114515625E-07, -0.0195695266360482
1.7511646875E-07, -0.020242799821075
1.75118421875E-07, -0.0207616796668105
1.75120375E-07, -0.0211245454283522
1.75122328125E-07, -0.0225271341210629
1.7512428125E-07, -0.0228000544442458
1.75126234375E-07, -0.0225419449967798
1.751281875E-07, -0.0233022021327839
1.75130140625E-07, -0.0269178598678561
1.7513209375E-07, -0.0235829330239735
1.75134046875E-07, -0.0236526823290735
1.75136E-07, -0.0245840927165437
1.75137953125E-07, -0.0255121162702747
1.7513990625E-07, -0.027523923630591
1.75141859375E-07, -0.0266998638233506
1.751438125E-07, -0.0267345358481472
1.75145765625E-07, -0.0271466427133372
1.7514771875E-07, -0.0278533731242316
1.75149671875E-07, -0.0274210728097796
1.75151625E-07, -0.028352021146133
1.75153578125E-07, -0.0294925532484861
1.7515553125E-07, -0.0290978660606192
1.75157484375E-07, -0.0291623731863178
1.751594375E-07, -0.0301777979526797
1.75161390625E-07, -0.0309317220148444
1.7516334375E-07, -0.0302192615792377
1.75165296875E-07, -0.0313037364332842
1.7516725E-07, -0.0312378759164275
1.75169203125E-07, -0.0316824155834726
1.7517115625E-07, -0.0307473872284202
1.75173109375E-07, -0.0320967796856222
1.751750625E-07, -0.0318009681740705
1.75177015625E-07, -0.0319924981510989
1.7517896875E-07, -0.0314087330376216
1.75180921875E-07, -0.0325394191315434
1.75182875E-07, -0.0310331797640617
1.75184828125E-07, -0.0320544744847656
1.7518678125E-07, -0.032839437196913
1.75188734375E-07, -0.0328357534536581
1.751906875E-07, -0.0316267338324031
1.75192640625E-07, -0.0318353676427727
1.7519459375E-07, -0.0324233167238035
1.75196546875E-07, -0.032832416547952
1.751985E-07, -0.0317654928595072
1.75200453125E-07, -0.0316976382505143
1.7520240625E-07, -0.0321889668438875
1.75204359375E-07, -0.0321988543258908
1.752063125E-07, -0.0306143001806442
1.75208265625E-07, -0.031952272140848
1.7521021875E-07, -0.0307679783897089
1.75212171875E-07, -0.0314508300406428
1.75214125E-07, -0.031176156912579
1.75216078125E-07, -0.0311527617921158
1.7521803125E-07, -0.0307665863336442
1.75219984375E-07, -0.0298533274813341
1.752219375E-07, -0.0310512569734048
1.75223890625E-07, -0.030278801655337
1.7522584375E-07, -0.029816005879881
1.75227796875E-07, -0.0298192655025425
1.7522975E-07, -0.0296691931300857
1.75231703125E-07, -0.0289416106961177
1.7523365625E-07, -0.028086925869315
1.75235609375E-07, -0.0290623741322519
1.752375625E-07, -0.0283831654203467
1.75239515625E-07, -0.0274529823272628
1.7524146875E-07, -0.0287738862072676
1.75243421875E-07, -0.0271200883864425
1.75245375E-07, -0.0259676129834837
1.75247328125E-07, -0.0271265913706454
1.7524928125E-07, -0.0259814213789121
1.75251234375E-07, -0.0260512750528614
1.752531875E-07, -0.0261361935452179
1.75255140625E-07, -0.0248120494742531
1.7525709375E-07, -0.0259498919386661
1.75259046875E-07, -0.0251686662870852
1.75261E-07, -0.0236564455013316
1.75262953125E-07, -0.0237323372487377
1.7526490625E-07, -0.0237613475497185
1.75266859375E-07, -0.0236327156288386
1.752688125E-07, -0.0236091428084029
1.75270765625E-07, -0.0227481656020329
1.7527271875E-07, -0.0224659301791625
1.75274671875E-07, -0.0223066387410431
1.75276625E-07, -0.0223087618826728
1.75278578125E-07, -0.022261699848978
1.7528053125E-07, -0.0202130366010087
1.75282484375E-07, -0.0198219098952421
1.752844375E-07, -0.0205944815829689
1.75286390625E-07, -0.0193789789091824
1.7528834375E-07, -0.019436173670764
1.75290296875E-07, -0.0182348773926208
1.7529225E-07, -0.0193387737166903
1.75294203125E-07, -0.0192210377794075
1.7529615625E-07, -0.0173801974930382
1.75298109375E-07, -0.0176625010462813
1.753000625E-07, -0.0157517451230506
1.75302015625E-07, -0.0149282318495096
1.7530396875E-07, -0.0170849776158773
1.75305921875E-07, -0.0147822473159554
1.75307875E-07, -0.015572565732364
1.75309828125E-07, -0.0164638397025201
1.7531178125E-07, -0.0129435867211558
1.75313734375E-07, -0.0152573977361873
1.753156875E-07, -0.0127598291280177
1.75317640625E-07, -0.0128980039666239
1.7531959375E-07, -0.0125571958589394
1.75321546875E-07, -0.0126399172060334
1.753235E-07, -0.0125880570141948
1.75325453125E-07, -0.0110146357878776
1.7532740625E-07, -0.0114245305834499
1.75329359375E-07, -0.0101184289684164
1.753313125E-07, -0.0106658143317696
1.75333265625E-07, -0.0112472148590238
1.7533521875E-07, -0.00847302178040991
1.75337171875E-07, -0.00945456156522635
1.75339125E-07, -0.0101384802145814
1.75341078125E-07, -0.00831542543547598
1.7534303125E-07, -0.00809851061642828
1.75344984375E-07, -0.00770900523057423
1.753469375E-07, -0.00747926932302358
1.75348890625E-07, -0.00711466558426355
1.7535084375E-07, -0.0059183497528169
1.75352796875E-07, -0.00570211730432487
1.7535475E-07, -0.00628665399021124
1.75356703125E-07, -0.00519333141364515
1.7535865625E-07, -0.00544284428255916
1.75360609375E-07, -0.00449491522457815
1.753625625E-07, -0.00509402722452973
1.75364515625E-07, -0.00473534923458412
1.7536646875E-07, -0.0031651598090945
1.75368421875E-07, -0.00397671383313432
1.75370375E-07, -0.00233076967867109
1.75372328125E-07, -0.00258322619801452
1.7537428125E-07, -0.00244398303591963
1.75376234375E-07, -0.0025838665544695
1.753781875E-07, -0.000992562543492202
1.75380140625E-07, -0.00189983641100241
1.7538209375E-07, -0.00254748089610717
1.75384046875E-07, -0.0010239924614688
1.75386E-07, -0.000637504156607696
1.75387953125E-07, -0.000454648252660523
1.7538990625E-07, -0.00103220442972621
1.75391859375E-07, -0.000770351182430751
1.753938125E-07, 0.000459372864329231
1.75395765625E-07, 0.000441833352419587
1.7539771875E-07, 1.2084626074617E-05
1.75399671875E-07, 0.00112032414336547
1.75401625E-07, 0.00110596790619847
1.75403578125E-07, 0.000893012251084008
1.7540553125E-07, 0.00143195568284045
1.75407484375E-07, 0.00137806921032748
1.754094375E-07, 0.00168557966495512
1.75411390625E-07, 0.000685868328753176
1.7541334375E-07, 0.00198388429856391
1.75415296875E-07, 0.00232758416154441
1.7541725E-07, 0.00121194068253516
1.75419203125E-07, 0.00260309099536946
1.7542115625E-07, 0.0020808667035375
1.75423109375E-07, 0.00300761119141387
1.754250625E-07, 0.00296757807780852
1.75427015625E-07, 0.00224749388962735
1.7542896875E-07, 0.00229716553946766
1.75430921875E-07, 0.0033806941380899
1.75432875E-07, 0.0031365145584096
1.75434828125E-07, 0.00265098875176767
1.7543678125E-07, 0.00364815602144796
1.75438734375E-07, 0.00334632127577769
1.754406875E-07, 0.00528974432466408
1.75442640625E-07, 0.00409447501635717
1.7544459375E-07, 0.00422848412725514
1.75446546875E-07, 0.0042239477797599
1.754485E-07, 0.00496895337318402
1.75450453125E-07, 0.00458103023996212
1.7545240625E-07, 0.00528277087771102
1.75454359375E-07, 0.00501029597937302
1.754563125E-07, 0.00573827136586181
1.75458265625E-07, 0.005182024879467
1.7546021875E-07, 0.00619439915259375
1.75462171875E-07, 0.00622504889523831
1.75464125E-07, 0.00583837346333056
1.75466078125E-07, 0.00679454361397275
1.7546803125E-07, 0.0065134660797886
1.75469984375E-07, 0.00770304616513541
1.754719375E-07, 0.00748773239876994
1.75473890625E-07, 0.00739946901298427
1.7547584375E-07, 0.00831596578698849
1.75477796875E-07, 0.00732804446850301
1.7547975E-07, 0.00720658141740726
1.75481703125E-07, 0.00835313624699532
1.7548365625E-07, 0.00813201847324695
1.75485609375E-07, 0.00940749503849724
1.754875625E-07, 0.00830925360512237
1.75489515625E-07, 0.010599281607141
1.7549146875E-07, 0.00998915029644872
1.75493421875E-07, 0.0104935802436377
1.75495375E-07, 0.0106784286936519
1.75497328125E-07, 0.0096722966579397
1.7549928125E-07, 0.0108849485839385
1.75501234375E-07, 0.0102949509998026
1.755031875E-07, 0.0121769443448013
1.75505140625E-07, 0.0121460181562054
1.7550709375E-07, 0.011588580256496
1.75509046875E-07, 0.0118935933448801
1.75511E-07, 0.0119777672260705
1.75512953125E-07, 0.0119483467691147
1.7551490625E-07, 0.0127104667328986
1.75516859375E-07, 0.01327475088299
1.755188125E-07, 0.0126780181037519
1.75520765625E-07, 0.0134081317913822
1.7552271875E-07, 0.0134385436530786
1.75524671875E-07, 0.0129292571054747
1.75526625E-07, 0.0128465943558023
1.75528578125E-07, 0.0140830583569983
1.7553053125E-07, 0.0138090348674453
1.75532484375E-07, 0.013712689195518
1.755344375E-07, 0.0141286719189325
1.75536390625E-07, 0.0141774465112558
1.7553834375E-07, 0.0143158114003454
1.75540296875E-07, 0.0147548004545328
1.7554225E-07, 0.0136340352699004
1.75544203125E-07, 0.0141659923257048
1.7554615625E-07, 0.0144051858645042
1.75548109375E-07, 0.0142230584479212
1.755500625E-07, 0.0142162282127649
1.75552015625E-07, 0.0144254272502999
1.7555396875E-07, 0.0141259640537571
1.75555921875E-07, 0.0146429889180439
1.75557875E-07, 0.0137621617937516
1.75559828125E-07, 0.0145921025858036
1.7556178125E-07, 0.0144562764792838
1.75563734375E-07, 0.0146059435484455
1.755656875E-07, 0.0143161222596785
1.75567640625E-07, 0.0133456207000217
1.7556959375E-07, 0.0142280922075117
1.75571546875E-07, 0.0137805268505533
1.755735E-07, 0.0129129981078844
1.75575453125E-07, 0.0131353829293645
1.7557740625E-07, 0.0134216404847591
1.75579359375E-07, 0.0131925340746087
1.755813125E-07, 0.013011373968954
1.75583265625E-07, 0.0131686590671034
1.7558521875E-07, 0.0121168030479505
1.75587171875E-07, 0.0124000576965959
1.75589125E-07, 0.0124081185290041
1.75591078125E-07, 0.0120171319431111
1.7559303125E-07, 0.0112177457889952
1.75594984375E-07, 0.00986486175284504
1.755969375E-07, 0.0113611477453582
1.75598890625E-07, 0.011340612351326
1.7560084375E-07, 0.0100865731464466
1.75602796875E-07, 0.0112028352321667
1.7560475E-07, 0.00973752879027528
1.75606703125E-07, 0.00943813206425442
1.7560865625E-07, 0.010355861191093
1.75610609375E-07, 0.00890389588143028
1.756125625E-07, 0.00981425005165781
1.75614515625E-07, 0.00938451687374132
1.7561646875E-07, 0.00921312043416868
1.75618421875E-07, 0.00807367022127123
1.75620375E-07, 0.00711703254560298
1.75622328125E-07, 0.0075836656892274
1.7562428125E-07, 0.00764980094281302
1.75626234375E-07, 0.00707610503653814
1.756281875E-07, 0.0065232491472573
1.75630140625E-07, 0.00618895092491754
1.7563209375E-07, 0.00636582620063574
1.75634046875E-07, 0.00548905322644571
1.75636E-07, 0.00559797631031382
1.75637953125E-07, 0.0054875365778044
1.7563990625E-07, 0.00511526706569877
1.75641859375E-07, 0.00568951007138116
1.756438125E-07, 0.00506394015708762
1.75645765625E-07, 0.0048028002704737
1.7564771875E-07, 0.00428584230446379
1.75649671875E-07, 0.00489233448757723
1.75651625E-07, 0.00447945987623153
1.75653578125E-07, 0.00419080865816845
1.7565553125E-07, 0.00404129114212907
1.75657484375E-07, 0.00410971231189213
1.756594375E-07, 0.00414504901230208
1.75661390625E-07, 0.00346250329802386
1.7566334375E-07, 0.00414727026382289
1.75665296875E-07, 0.0042302518140157
1.7566725E-07, 0.0037815328081099
1.75669203125E-07, 0.00331744998875026
1.7567115625E-07, 0.00325207785659755
1.75673109375E-07, 0.00367058732857873
1.756750625E-07, 0.00406086758218904
1.75677015625E-07, 0.00368826795255021
1.7567896875E-07, 0.00382649692120361
1.75680921875E-07, 0.00343291396709482
1.75682875E-07, 0.00381764405896716
1.75684828125E-07, 0.00397012856357881
1.7568678125E-07, 0.00368525066561582
1.75688734375E-07, 0.00382318968900584
1.756906875E-07, 0.00431001134621361
1.75692640625E-07, 0.00452485282919488
1.7569459375E-07, 0.00483757478601583
1.75696546875E-07, 0.00457672060320953
1.756985E-07, 0.00426091881160616
1.75700453125E-07, 0.00474754368937161
1.7570240625E-07, 0.00478790947024066
1.75704359375E-07, 0.00475654103386895
1.757063125E-07, 0.00558669353471545
1.75708265625E-07, 0.00506428905702574
1.7571021875E-07, 0.00545692041160408
1.75712171875E-07, 0.00515358547384724
1.75714125E-07, 0.00519515230185004
1.75716078125E-07, 0.0054792442852117
1.7571803125E-07, 0.00578658926106336
1.75719984375E-07, 0.00589625628668422
1.757219375E-07, 0.00627737636175426
1.75723890625E-07, 0.00612361234104038
1.7572584375E-07, 0.0064409870906604
1.75727796875E-07, 0.00679395241564843
1.7572975E-07, 0.00664145333986966
1.75731703125E-07, 0.00669668171463369
1.7573365625E-07, 0.00640875576764235
1.75735609375E-07, 0.00781389164530597
1.757375625E-07, 0.00699685203591723
1.75739515625E-07, 0.00719883398767306
1.7574146875E-07, 0.00735894390570571
1.75743421875E-07, 0.00741331062609647
1.75745375E-07, 0.00765242478412365
1.75747328125E-07, 0.00813227590141376
1.7574928125E-07, 0.00745686393024582
1.75751234375E-07, 0.00807770393088142
1.757531875E-07, 0.00794895251209558
1.75755140625E-07, 0.00813509412545187
1.7575709375E-07, 0.00799442345039832
1.75759046875E-07, 0.00816102891987651
1.75761E-07, 0.00883464044538025
1.75762953125E-07, 0.00839956146256001
1.7576490625E-07, 0.00874892456725395
1.75766859375E-07, 0.00894671998397737
1.757688125E-07, 0.00893437742576211
1.75770765625E-07, 0.00913473734454205
1.7577271875E-07, 0.00903549380294305
1.75774671875E-07, 0.00922338852463087
1.75776625E-07, 0.00987954586596717
1.75778578125E-07, 0.00860090267880513
1.7578053125E-07, 0.00971648961683674
1.75782484375E-07, 0.0095557787622677
1.757844375E-07, 0.0090170502973518
1.75786390625E-07, 0.00948930561200329
1.7578834375E-07, 0.00965709027574056
1.75790296875E-07, 0.00976366378710514
1.7579225E-07, 0.0103755213489298
1.75794203125E-07, 0.00998926318496045
1.7579615625E-07, 0.0102924590145053
1.75798109375E-07, 0.0097712954597029
1.758000625E-07, 0.0100649590317412
1.75802015625E-07, 0.0105392120041048
1.7580396875E-07, 0.0106897657182169
1.75805921875E-07, 0.010563436845505
1.75807875E-07, 0.0108234001486247
1.75809828125E-07, 0.0109603272225232
1.7581178125E-07, 0.0104806900814207
1.75813734375E-07, 0.0106239242448047
1.758156875E-07, 0.0110749418295087
1.75817640625E-07, 0.0113604761234452
1.7581959375E-07, 0.0106400823073033
1.75821546875E-07, 0.0110426598011348
1.758235E-07, 0.0114890767325504
1.75825453125E-07, 0.0115963648443052
1.7582740625E-07, 0.0110271419627005
1.75829359375E-07, 0.0114318731230767
1.758313125E-07, 0.0117467329853674
1.75833265625E-07, 0.0115300800860568
1.7583521875E-07, 0.0114018816223837
1.75837171875E-07, 0.0120965036313532
1.75839125E-07, 0.0117492665761719
1.75841078125E-07, 0.0123175786471458
1.7584303125E-07, 0.0120090901877231
1.75844984375E-07, 0.0118103412932366
1.758469375E-07, 0.0125637601377516
1.75848890625E-07, 0.0127717916245278
1.7585084375E-07, 0.0123997104188264
1.75852796875E-07, 0.0117344022510068
1.7585475E-07, 0.0121692480139766
1.75856703125E-07, 0.0126585645275707
1.7585865625E-07, 0.0128890186261111
1.75860609375E-07, 0.0124820548397909
1.758625625E-07, 0.0130460718405946
1.75864515625E-07, 0.0128409262783464
1.7586646875E-07, 0.0124779937892746
1.75868421875E-07, 0.0128358812042664
1.75870375E-07, 0.0134162633929453
1.75872328125E-07, 0.0130511977319905
1.7587428125E-07, 0.0134414575512577
1.75876234375E-07, 0.0128261141743956
1.758781875E-07, 0.0126401588114389
1.75880140625E-07, 0.0132371181299769
1.7588209375E-07, 0.0129944530234736
1.75884046875E-07, 0.0132415877407593
1.75886E-07, 0.0123283557128219
1.75887953125E-07, 0.012762127490145
1.7588990625E-07, 0.0130879675489369
1.75891859375E-07, 0.0131858644856824
1.758938125E-07, 0.0131702390136882
1.75895765625E-07, 0.0134899825981647
1.7589771875E-07, 0.0130272586660067
1.75899671875E-07, 0.0133734077720121
1.75901625E-07, 0.0132752930765096
1.75903578125E-07, 0.0133751171531037
1.7590553125E-07, 0.0131091542884703
1.75907484375E-07, 0.0135138437909485
1.759094375E-07, 0.0131064661925451
1.75911390625E-07, 0.0124530694461758
1.7591334375E-07, 0.0132970298491685
1.75915296875E-07, 0.0129931278525148
1.7591725E-07, 0.0130539371760681
1.75919203125E-07, 0.0123710485575488
1.7592115625E-07, 0.0124461713041858
1.75923109375E-07, 0.012585708195438
1.759250625E-07, 0.0124835770650807
1.75927015625E-07, 0.0121748586891672
1.7592896875E-07, 0.0122926299747803
1.75930921875E-07, 0.0124603109632423
1.75932875E-07, 0.0123792052980579
1.75934828125E-07, 0.0120853934867007
1.7593678125E-07, 0.0115393433203057
1.75938734375E-07, 0.0116607914047509
1.759406875E-07, 0.0116654121554991
1.75942640625E-07, 0.011192483408574
1.7594459375E-07, 0.0122025541167153
1.75946546875E-07, 0.0108266129934894
1.759485E-07, 0.0107397587003339
1.75950453125E-07, 0.011224050785308
1.7595240625E-07, 0.00859379065628036
1.75954359375E-07, 0.0104018377853378
1.759563125E-07, 0.00910001155489297
1.75958265625E-07, 0.00885497404016712
1.7596021875E-07, 0.00932339260643703
1.75962171875E-07, 0.00921996261137178
1.75964125E-07, 0.00877164046913231
1.75966078125E-07, 0.00810332334317003
1.7596803125E-07, 0.0082028644206148
1.75969984375E-07, 0.00844342975280023
1.759719375E-07, 0.00698527785746994
1.75973890625E-07, 0.00853288657980909
1.7597584375E-07, 0.00731245988818639
1.75977796875E-07, 0.00629504742791106
1.7597975E-07, 0.00656748624853718
1.75981703125E-07, 0.00626002148326603
1.7598365625E-07, 0.00528189709325212
1.75985609375E-07, 0.00527275817066678
1.759875625E-07, 0.00464079285721567
1.75989515625E-07, 0.00529477214726435
1.7599146875E-07, 0.00387325033645042
1.75993421875E-07, 0.00378695879733383
1.75995375E-07, 0.0019824342172215
1.75997328125E-07, 0.000967076508303513
1.7599928125E-07, 0.00324961512840478
1.76001234375E-07, 0.00269793139611217
1.760031875E-07, 0.00249776609073818
1.76005140625E-07, 0.000341856978873319
1.7600709375E-07, 0.000702794574518836
1.76009046875E-07, 0.000911528071802036
1.76011E-07, 0.000802998869558559
1.76012953125E-07, 0.000852228263644435
1.7601490625E-07, -0.000458880360134579
1.76016859375E-07, -0.00217394063732286
1.760188125E-07, -0.00358458204392843
1.76020765625E-07, -0.00232962691666237
1.7602271875E-07, -0.00311669501247631
1.76024671875E-07, -0.00221923868864366
1.76026625E-07, -0.00387846904519545
1.76028578125E-07, -0.0043595340645338
1.7603053125E-07, -0.00246016639580176
1.76032484375E-07, -0.0047266183347788
1.760344375E-07, -0.00515454503548596
1.76036390625E-07, -0.00549816694841184
1.7603834375E-07, -0.00652109321315995
1.76040296875E-07, -0.00895076472156723
1.7604225E-07, -0.00778324425850415
1.76044203125E-07, -0.00729331644475829
1.7604615625E-07, -0.00806937794522769
1.76048109375E-07, -0.00900697863129477
1.760500625E-07, -0.00894766537373158
1.76052015625E-07, -0.0086773248539184
1.7605396875E-07, -0.0102213176208382
1.76055921875E-07, -0.0110064869263221
1.76057875E-07, -0.0107926023876628
1.76059828125E-07, -0.0117898686405434
1.7606178125E-07, -0.00995963458968405
1.76063734375E-07, -0.0131147831006757
1.760656875E-07, -0.0127875912854607
1.76067640625E-07, -0.0129742581083313
1.7606959375E-07, -0.0125010702025447
1.76071546875E-07, -0.0139656528069519
1.760735E-07, -0.0150270134364111
1.76075453125E-07, -0.0138191127508294
1.7607740625E-07, -0.0145339582591672
1.76079359375E-07, -0.014906344170526
1.760813125E-07, -0.0156833138429463
1.76083265625E-07, -0.0155401721089654
1.7608521875E-07, -0.0157634074431884
1.76087171875E-07, -0.0159287928461266
1.76089125E-07, -0.0166822053087635
1.76091078125E-07, -0.015695329511418
1.7609303125E-07, -0.0162062769827057
1.76094984375E-07, -0.0165393393240784
1.760969375E-07, -0.0160537055989744
1.76098890625E-07, -0.0169007401119608
1.7610084375E-07, -0.0167168864078577
1.76102796875E-07, -0.0178357630875514
1.7610475E-07, -0.0174569593048615
1.76106703125E-07, -0.0170595561970483
1.7610865625E-07, -0.0173070566366056
1.76110609375E-07, -0.0166478238081721
1.761125625E-07, -0.0174860542229291
1.76114515625E-07, -0.0171482299546036
1.7611646875E-07, -0.0165276549692402
1.76118421875E-07, -0.0165861338614424
1.76120375E-07, -0.0156345465031187
1.76122328125E-07, -0.0164045168657415
1.7612428125E-07, -0.0160364270418384
1.76126234375E-07, -0.0158760297355151
1.761281875E-07, -0.0154940425090134
1.76130140625E-07, -0.0160537103704666
1.7613209375E-07, -0.0151250838277668
1.76134046875E-07, -0.0153604290839137
1.76136E-07, -0.0136821142847595
1.76137953125E-07, -0.0144924247358329
1.7613990625E-07, -0.0131921346407035
1.76141859375E-07, -0.0138072289246491
1.761438125E-07, -0.0128810897990077
1.76145765625E-07, -0.0132032939081167
1.7614771875E-07, -0.0134338831660284
1.76149671875E-07, -0.0131113122351817
1.76151625E-07, -0.0128606812811389
1.76153578125E-07, -0.0125125403281744
1.7615553125E-07, -0.0119437863506737
1.76157484375E-07, -0.0106486747372477
1.761594375E-07, -0.012270079584478
1.76161390625E-07, -0.0111750002809014
1.7616334375E-07, -0.010736847508367
1.76165296875E-07, -0.0111472731548312
1.7616725E-07, -0.0101917131205717
1.76169203125E-07, -0.0092484416731885
1.7617115625E-07, -0.00916084478488127
1.76173109375E-07, -0.0096549219154727
1.761750625E-07, -0.00863453047323651
1.76177015625E-07, -0.00926635198433952
1.7617896875E-07, -0.00903443156566309
1.76180921875E-07, -0.00766331475738561
1.76182875E-07, -0.00804929777853192
1.76184828125E-07, -0.00753513491992372
1.7618678125E-07, -0.00753486669177266
1.76188734375E-07, -0.00648154225410436
1.761906875E-07, -0.00760311098804479
1.76192640625E-07, -0.00707020161878744
1.7619459375E-07, -0.0067344609555492
1.76196546875E-07, -0.00576484884520596
1.761985E-07, -0.00572847432298239
1.76200453125E-07, -0.00618989699617595
1.7620240625E-07, -0.00586313899601217
1.76204359375E-07, -0.00612753691429564
1.762063125E-07, -0.00588173362386517
1.76208265625E-07, -0.00622208464928943
1.7621021875E-07, -0.00538427346708472
1.76212171875E-07, -0.0056591594720787
1.76214125E-07, -0.00593058043970311
1.76216078125E-07, -0.00572264974925865
1.7621803125E-07, -0.00541929966080812
1.76219984375E-07, -0.00503019313864683
1.762219375E-07, -0.00554549291636192
1.76223890625E-07, -0.00588158391290006
1.7622584375E-07, -0.00584001275956408
1.76227796875E-07, -0.00589869456386628
1.7622975E-07, -0.0059482364721523
1.76231703125E-07, -0.00649700964177329
1.7623365625E-07, -0.00660739938072858
1.76235609375E-07, -0.00609535633301021
1.762375625E-07, -0.00625204731566548
1.76239515625E-07, -0.00634617794147932
1.7624146875E-07, -0.00719198990141658
1.76243421875E-07, -0.00692325658507792
1.76245375E-07, -0.00707674933828958
1.76247328125E-07, -0.00695507376266117
1.7624928125E-07, -0.00732537439192858
1.76251234375E-07, -0.00799725348102406
1.762531875E-07, -0.00764324411845574
1.76255140625E-07, -0.00787518182489847
1.7625709375E-07, -0.0078730973504149
1.76259046875E-07, -0.00814447784017798
1.76261E-07, -0.0090537298935188
1.76262953125E-07, -0.00816984781319268
1.7626490625E-07, -0.00889461569805193
1.76266859375E-07, -0.00878142062196755
1.762688125E-07, -0.00939976452081081
1.76270765625E-07, -0.00949695946471409
1.7627271875E-07, -0.00935402364535676
1.76274671875E-07, -0.00966891184262168
1.76276625E-07, -0.0102167793993292
1.76278578125E-07, -0.00969447982924833
1.7628053125E-07, -0.00997495481839823
1.76282484375E-07, -0.00962112108089629
1.762844375E-07, -0.00975424858713336
1.76286390625E-07, -0.010353350668982
1.7628834375E-07, -0.0100890740235359
1.76290296875E-07, -0.010294840781057
1.7629225E-07, -0.0106547747362936
1.76294203125E-07, -0.0106115228805347
1.7629615625E-07, -0.00988297670952443
1.76298109375E-07, -0.0108800297418974
1.763000625E-07, -0.0103295272883033
1.76302015625E-07, -0.0106569811180004
1.7630396875E-07, -0.0108534458510611
1.76305921875E-07, -0.010304768622162
1.76307875E-07, -0.01081834878564
1.76309828125E-07, -0.0107919633465313
1.7631178125E-07, -0.0106660891737399
1.76313734375E-07, -0.0108219051940255
1.763156875E-07, -0.0103694906010836
1.76317640625E-07, -0.0105847071081316
1.7631959375E-07, -0.0107635082769161
1.76321546875E-07, -0.0110449440812516
1.763235E-07, -0.0107976738866639
1.76325453125E-07, -0.0105633294105484
1.7632740625E-07, -0.0101966115441167
1.76329359375E-07, -0.0104725635904979
1.763313125E-07, -0.0107028228169361
1.76333265625E-07, -0.0103449391408875
1.7633521875E-07, -0.0101951450389985
1.76337171875E-07, -0.00978556257693336
1.76339125E-07, -0.00949734253921035
1.76341078125E-07, -0.00962647283235294
1.7634303125E-07, -0.00983426974176768
1.76344984375E-07, -0.00894499388635239
1.763469375E-07, -0.0086599565004723
1.76348890625E-07, -0.00850428282175103
1.7635084375E-07, -0.00824269417624435
1.76352796875E-07, -0.00908187203832016
1.7635475E-07, -0.00878532638145274
1.76356703125E-07, -0.00821166457172291
1.7635865625E-07, -0.00780023921778305
1.76360609375E-07, -0.00805824851114132
1.763625625E-07, -0.00817018677500249
1.76364515625E-07, -0.00757025078998798
1.7636646875E-07, -0.00766537198064948
1.76368421875E-07, -0.00786493719996491
1.76370375E-07, -0.00720396598048022
1.76372328125E-07, -0.00704791921433589
1.7637428125E-07, -0.00692900969314518
1.76376234375E-07, -0.00669412518856858
1.763781875E-07, -0.00705892311666727
1.76380140625E-07, -0.0068202437717893
1.7638209375E-07, -0.00613475138956773
1.76384046875E-07, -0.00616289528121354
1.76386E-07, -0.00646369685875077
1.76387953125E-07, -0.00668319610128782
1.7638990625E-07, -0.00652632483188546
1.76391859375E-07, -0.00592936733335371
1.763938125E-07, -0.00590570308933366
1.76395765625E-07, -0.00619468332406331
1.7639771875E-07, -0.0056424101856052
1.76399671875E-07, -0.00615291301327468
1.76401625E-07, -0.00555176351537077
1.76403578125E-07, -0.00511781163952502
1.7640553125E-07, -0.00482980651934969
1.76407484375E-07, -0.00520348956876906
1.764094375E-07, -0.00489580762704337
1.76411390625E-07, -0.00510338196719486
1.7641334375E-07, -0.00532562736480012
1.76415296875E-07, -0.00496421524817236
1.7641725E-07, -0.00516981363331203
1.76419203125E-07, -0.00469506685262891
1.7642115625E-07, -0.00505787427454979
1.76423109375E-07, -0.00494073294168754
1.764250625E-07, -0.00453912169344673
1.76427015625E-07, -0.00425485083890695
1.7642896875E-07, -0.00430561332776901
1.76430921875E-07, -0.00448006768008234
1.76432875E-07, -0.00472970852849412
1.76434828125E-07, -0.00443106303862782
1.7643678125E-07, -0.00468264235775109
1.76438734375E-07, -0.00462473290027915
1.764406875E-07, -0.00436417757498468
1.76442640625E-07, -0.00485411983628119
1.7644459375E-07, -0.00439300855076704
1.76446546875E-07, -0.00442695892157766
1.764485E-07, -0.00457774141582284
1.76450453125E-07, -0.00457318283035254
1.7645240625E-07, -0.00465476608937104
1.76454359375E-07, -0.0043006406724122
1.764563125E-07, -0.00470229334743566
1.76458265625E-07, -0.00417626653746441
1.7646021875E-07, -0.00389819842140054
1.76462171875E-07, -0.00440733581515838
1.76464125E-07, -0.00422239263998702
1.76466078125E-07, -0.00392356096476943
1.7646803125E-07, -0.00427265283369164
1.76469984375E-07, -0.00403271242085985
1.764719375E-07, -0.00418397355305809
1.76473890625E-07, -0.00393658683603976
1.7647584375E-07, -0.00418435921345859
1.76477796875E-07, -0.00415182553366025
1.7647975E-07, -0.00400469312918858
1.76481703125E-07, -0.00411510401989736
1.7648365625E-07, -0.00398270100692993
1.76485609375E-07, -0.00420737736073436
1.764875625E-07, -0.00399003870435566
1.76489515625E-07, -0.00413108640988723
1.7649146875E-07, -0.00405410774388007
1.76493421875E-07, -0.00402531427068033
1.76495375E-07, -0.00416562819076625
1.76497328125E-07, -0.00368678270361054
1.7649928125E-07, -0.00385627471251749
1.76501234375E-07, -0.0043329176001172
1.765031875E-07, -0.00382910821513149
1.76505140625E-07, -0.00382901858689372
1.7650709375E-07, -0.00390206796673784
1.76509046875E-07, -0.00352718093972745
1.76511E-07, -0.00376657526225519
1.76512953125E-07, -0.00364471926664681
1.7651490625E-07, -0.0036549710030028
1.76516859375E-07, -0.00351912913248464
1.765188125E-07, -0.00370599501284891
1.76520765625E-07, -0.00404833944291531
1.7652271875E-07, -0.00363424771014864
1.76524671875E-07, -0.00325966469404451
1.76526625E-07, -0.00353757608205167
1.76528578125E-07, -0.00375580663727918
1.7653053125E-07, -0.0037892353926578
1.76532484375E-07, -0.00337638955676832
1.765344375E-07, -0.00350324363292076
1.76536390625E-07, -0.00316652920875729
1.7653834375E-07, -0.00364608641795427
1.76540296875E-07, -0.00297379110531434
1.7654225E-07, -0.00344349480068726
1.76544203125E-07, -0.00314317538159769
1.7654615625E-07, -0.00279120606613124
1.76548109375E-07, -0.00314247997306468
1.765500625E-07, -0.00326200676664051
1.76552015625E-07, -0.0029198760875893
1.7655396875E-07, -0.00308314086417703
1.76555921875E-07, -0.00307336660457518
1.76557875E-07, -0.00299335696764214
1.76559828125E-07, -0.00285807697970147
1.7656178125E-07, -0.00268825413757229
1.76563734375E-07, -0.00322143641811987
1.765656875E-07, -0.00315201463234701
1.76567640625E-07, -0.00306434331025139
1.7656959375E-07, -0.00259993353749844
1.76571546875E-07, -0.00226914931986914
1.765735E-07, -0.00281939353324295
1.76575453125E-07, -0.00308185594185562
1.7657740625E-07, -0.0028552190173133
1.76579359375E-07, -0.0029347454192334
1.765813125E-07, -0.00300431780267781
1.76583265625E-07, -0.00267132180018637
1.7658521875E-07, -0.00281996737084559
1.76587171875E-07, -0.00284544813139703
1.76589125E-07, -0.00260406565602596
1.76591078125E-07, -0.00259641666037093
1.7659303125E-07, -0.00248995578804128
1.76594984375E-07, -0.00325763886617005
1.765969375E-07, -0.00345112422459786
1.76598890625E-07, -0.00254939022627947
1.7660084375E-07, -0.0033442264623313
1.76602796875E-07, -0.00245719363669392
1.7660475E-07, -0.00243525221977157
1.76606703125E-07, -0.00236693518227885
1.7660865625E-07, -0.00247731434918014
1.76610609375E-07, -0.0034714374087395
1.766125625E-07, -0.00267193366340845
1.76614515625E-07, -0.00232121566986225
1.7661646875E-07, -0.00191093766895847
1.76618421875E-07, -0.00235680951206407
1.76620375E-07, -0.00275370162732611
1.76622328125E-07, -0.00286062761810359
1.7662428125E-07, -0.0018273894106706
1.76626234375E-07, -0.00208354281466642
1.766281875E-07, -0.00256657573989197
1.76630140625E-07, -0.00202230928917545
1.7663209375E-07, -0.00294292293595328
1.76634046875E-07, -0.00265978341981679
1.76636E-07, -0.00284073006060278
1.76637953125E-07, -0.00263980081221005
1.7663990625E-07, -0.00280818433395526
1.76641859375E-07, -0.00259574808086486
1.766438125E-07, -0.00272441521203846
1.76645765625E-07, -0.00257212572226918
1.7664771875E-07, -0.00215100925963435
1.76649671875E-07, -0.00274036274896359
1.76651625E-07, -0.0024072280900238
1.76653578125E-07, -0.00278148662944016
1.7665553125E-07, -0.00175177173664533
1.76657484375E-07, -0.00221738473931257
1.766594375E-07, -0.00160763682019492
1.76661390625E-07, -0.00208326251132195
1.7666334375E-07, -0.00185823497000163
1.76665296875E-07, -0.00177167481831369
1.7666725E-07, -0.00219411725485121
1.76669203125E-07, -0.0017212863372622
1.7667115625E-07, -0.00215322955013989
1.76673109375E-07, -0.00261224610613044
1.766750625E-07, -0.00189811013539666
1.76677015625E-07, -0.00177323676615552
1.7667896875E-07, -0.00196863365094367
1.76680921875E-07, -0.00163959835555736
1.76682875E-07, -0.00218206974587315
1.76684828125E-07, -0.00196683403779143
1.7668678125E-07, -0.00182751021787753
1.76688734375E-07, -0.00205028298259748
1.766906875E-07, -0.00189590026483385
1.76692640625E-07, -0.00174066236144883
1.7669459375E-07, -0.00191880009863503
1.76696546875E-07, -0.00181551611539794
1.766985E-07, -0.00155409120024271
1.76700453125E-07, -0.00203761987352072
1.7670240625E-07, -0.0018529785573792
1.76704359375E-07, -0.00206952340003008
1.767063125E-07, -0.00172217798120322
1.76708265625E-07, -0.00175662443222913
1.7671021875E-07, -0.00183615836479907
1.76712171875E-07, -0.00144462933866469
1.76714125E-07, -0.00183318360288993
1.76716078125E-07, -0.00152566330518724
1.7671803125E-07, -0.00175548547799673
1.76719984375E-07, -0.00167074902806712
1.767219375E-07, -0.00186832761130525
1.76723890625E-07, -0.00173562924798485
1.7672584375E-07, -0.00188826685123596
1.76727796875E-07, -0.00205769555308133
1.7672975E-07, -0.00216767888838144
1.76731703125E-07, -0.00178012967137372
1.7673365625E-07, -0.00218013908854509
1.76735609375E-07, -0.00179122505698484
1.767375625E-07, -0.00189311505914177
1.76739515625E-07, -0.00185611838172876
1.7674146875E-07, -0.00224760155705327
1.76743421875E-07, -0.00202397972786575
1.76745375E-07, -0.00226793418108851
1.76747328125E-07, -0.0022326647950946
1.7674928125E-07, -0.00219514765521653
1.76751234375E-07, -0.00201884136738847
1.767531875E-07, -0.00247313521263062
1.76755140625E-07, -0.00226736644966672
1.7675709375E-07, -0.00235367703380384
1.76759046875E-07, -0.00260132780388211
1.76761E-07, -0.00256418889169152
1.76762953125E-07, -0.00284926930827197
1.7676490625E-07, -0.00222980825866004
1.76766859375E-07, -0.00314414813014174
1.767688125E-07, -0.00288884665992262
1.76770765625E-07, -0.00300316451067208
1.7677271875E-07, -0.00324476160424358
1.76774671875E-07, -0.00359600173971324
1.76776625E-07, -0.00296576845045412
1.76778578125E-07, -0.00325614555912405
1.7678053125E-07, -0.00329904463911553
1.76782484375E-07, -0.00342063468570571
1.767844375E-07, -0.00341972920675128
1.76786390625E-07, -0.00363629070835848
1.7678834375E-07, -0.00374594226817163
1.76790296875E-07, -0.00349574566847453
1.7679225E-07, -0.00343333448574487
1.76794203125E-07, -0.00338360095863702
1.7679615625E-07, -0.00383496788714153
1.76798109375E-07, -0.00359990652403153
1.768000625E-07, -0.00356245016101375
1.76802015625E-07, -0.00354278253877975
1.7680396875E-07, -0.00383196397127952
1.76805921875E-07, -0.0036223430704364
1.76807875E-07, -0.00334689154134969
1.76809828125E-07, -0.00382513948717564
1.7681178125E-07, -0.00347953003685089
1.76813734375E-07, -0.00354278934586242
1.768156875E-07, -0.00350144856458256
1.76817640625E-07, -0.0035132860800886
1.7681959375E-07, -0.00325821034373311
1.76821546875E-07, -0.00311835942691226
1.768235E-07, -0.00311438369592331
1.76825453125E-07, -0.0032849881196175
1.7682740625E-07, -0.00307286674698553
1.76829359375E-07, -0.0026087396738171
1.768313125E-07, -0.00265301006551435
1.76833265625E-07, -0.00265022846211926
1.7683521875E-07, -0.00225855737181418
1.76837171875E-07, -0.0022562550779995
1.76839125E-07, -0.0021182268557096
1.76841078125E-07, -0.0019146953758812
1.7684303125E-07, -0.00160782896440512
1.76844984375E-07, -0.000569682266490234
1.768469375E-07, -0.00128722581714823
1.76848890625E-07, -0.00131586483936328
1.7685084375E-07, -0.000707099840949067
1.76852796875E-07, -0.000748083756573165
1.7685475E-07, -0.000221245192093735
1.76856703125E-07, 0.000174763379241499
1.7685865625E-07, 6.83898228320818E-05
1.76860609375E-07, 0.000242344847319125
1.768625625E-07, 0.000640887542221051
1.76864515625E-07, 0.00155423863237045
1.7686646875E-07, 0.00141914041673891
1.76868421875E-07, 0.00113222814842402
1.76870375E-07, 0.00155721496030908
1.76872328125E-07, 0.0021946843115979
1.7687428125E-07, 0.00174090766846829
1.76876234375E-07, 0.00269835136864547
1.768781875E-07, 0.00260264461748123
1.76880140625E-07, 0.00287696713656744
1.7688209375E-07, 0.00358825698930593
1.76884046875E-07, 0.00338811596995353
1.76886E-07, 0.00340128273775099
1.76887953125E-07, 0.00473193547195762
1.7688990625E-07, 0.0040937976572428
1.76891859375E-07, 0.00515263794805981
1.768938125E-07, 0.00364109662698204
1.76895765625E-07, 0.00486920236251804
1.7689771875E-07, 0.00490026538640397
1.76899671875E-07, 0.00490164108583837
1.76901625E-07, 0.00603664723556938
1.76903578125E-07, 0.0051839604540944
1.7690553125E-07, 0.00534207721996485
1.76907484375E-07, 0.00573368753732617
1.769094375E-07, 0.00584999723751196
1.76911390625E-07, 0.00539989048435336
1.7691334375E-07, 0.00565646710131937
1.76915296875E-07, 0.00538363284797304
1.7691725E-07, 0.00583251378057326
1.76919203125E-07, 0.00624463516081871
1.7692115625E-07, 0.00494219969631204
1.76923109375E-07, 0.00588315170942271
1.769250625E-07, 0.00601858521597751
1.76927015625E-07, 0.00531265051663825
1.7692896875E-07, 0.00566750874952129
1.76930921875E-07, 0.00549537365784229
1.76932875E-07, 0.00555525157434667
1.76934828125E-07, 0.00544051202138976
1.7693678125E-07, 0.00560756523258019
1.76938734375E-07, 0.00522619625636487
1.769406875E-07, 0.00440233640032863
1.76942640625E-07, 0.00462788388911787
1.7694459375E-07, 0.00501980824150201
1.76946546875E-07, 0.00480034625842521
1.769485E-07, 0.00373386188577337
1.76950453125E-07, 0.00428866357788128
1.7695240625E-07, 0.0038385231760018
1.76954359375E-07, 0.00352676020325912
1.769563125E-07, 0.00355093001857034
1.76958265625E-07, 0.00301839296016674
1.7696021875E-07, 0.00304544970152638
1.76962171875E-07, 0.00283206532137005
1.76964125E-07, 0.00240797972247427
1.76966078125E-07, 0.00234894581352882
1.7696803125E-07, 0.00182486207504345
1.76969984375E-07, 0.00184956537486846
1.769719375E-07, 0.00148085200695817
1.76973890625E-07, 0.00156411924581147
1.7697584375E-07, 0.000927864325573098
1.76977796875E-07, 0.00113534430899338
1.7697975E-07, 0.000446043794931898
1.76981703125E-07, 0.000563538611943229
1.7698365625E-07, -0.00018982843752303
1.76985609375E-07, 8.81048771340546E-05
1.769875625E-07, -0.000325856256893906
1.76989515625E-07, -0.000703541301760729
1.7699146875E-07, -0.000682967293959446
1.76993421875E-07, -0.00172764954356112
1.76995375E-07, -0.000935547733221702
1.76997328125E-07, -0.00116457132110913
1.7699928125E-07, -0.00134527658878635
1.77001234375E-07, -0.0010505519903265
1.770031875E-07, -0.00120218076265281
1.77005140625E-07, -0.00210471438121132
1.7700709375E-07, -0.00157488401374348
1.77009046875E-07, -0.00202894364557204
1.77011E-07, -0.00187815109859849
1.77012953125E-07, -0.0025025972372414
1.7701490625E-07, -0.00249470116566666
1.77016859375E-07, -0.00214007202224477
1.770188125E-07, -0.0026416393757631
1.77020765625E-07, -0.00234009580540284
1.7702271875E-07, -0.00294547699251446
1.77024671875E-07, -0.00248463098406334
1.77026625E-07, -0.00247080247150499
1.77028578125E-07, -0.002697836760296
1.7703053125E-07, -0.00292082582212848
1.77032484375E-07, -0.00273998707494686
1.770344375E-07, -0.00299452972532007
1.77036390625E-07, -0.00259070518879288
1.7703834375E-07, -0.00212181443720077
1.77040296875E-07, -0.00266593785690132
1.7704225E-07, -0.00273687613654995
1.77044203125E-07, -0.00299022872013953
1.7704615625E-07, -0.00302318182669672
1.77048109375E-07, -0.00261018363032835
1.770500625E-07, -0.00240228460121238
1.77052015625E-07, -0.00234833147772472
1.7705396875E-07, -0.00306598181117887
1.77055921875E-07, -0.00156928557748222
1.77057875E-07, -0.00241742619950835
1.77059828125E-07, -0.00278260057936866
1.7706178125E-07, -0.00212330348917057
1.77063734375E-07, -0.00221385216766142
1.770656875E-07, -0.00238206769846134
1.77067640625E-07, -0.00201679015359713
1.7706959375E-07, -0.00187852415099107
1.77071546875E-07, -0.00184235948371242
1.770735E-07, -0.00238960421391425
1.77075453125E-07, -0.00137208199993333
1.7707740625E-07, -0.0011333766508718
1.77079359375E-07, -0.00144712290226454
1.770813125E-07, -0.000422774537011715
1.77083265625E-07, -0.00102080897248022
1.7708521875E-07, -0.000853981154590705
1.77087171875E-07, -0.000810801687621959
1.77089125E-07, -0.00119622465020513
1.77091078125E-07, 3.55621929891394E-05
1.7709303125E-07, 0.000449966314695929
1.77094984375E-07, 0.00031148455275902
1.770969375E-07, 0.000677603887379321
1.77098890625E-07, 0.000996768766206198
1.7710084375E-07, 0.00136101166029416
1.77102796875E-07, 0.00171045648884685
1.7710475E-07, 0.00144064765230458
1.77106703125E-07, 0.00125839655934842
1.7710865625E-07, 0.00202307071814121
1.77110609375E-07, 0.00158563756106008
1.771125625E-07, 0.00231649284777295
1.77114515625E-07, 0.00274822433565712
1.7711646875E-07, 0.00163521970977197
1.77118421875E-07, 0.00356635962684614
1.77120375E-07, 0.00269799410939046
1.77122328125E-07, 0.00370645906659424
1.7712428125E-07, 0.00365853329173579
1.77126234375E-07, 0.00354295635927207
1.771281875E-07, 0.00492692832422689
1.77130140625E-07, 0.00515476601628156
1.7713209375E-07, 0.00444598967027467
1.77134046875E-07, 0.00446180549658311
1.77136E-07, 0.00421835701134158
1.77137953125E-07, 0.00390147640505502
1.7713990625E-07, 0.00580820715870082
1.77141859375E-07, 0.00602492927429384
1.771438125E-07, 0.00626750193030177
1.77145765625E-07, 0.00596185637373147
1.7714771875E-07, 0.00646228071907371
1.77149671875E-07, 0.00733677829526049
1.77151625E-07, 0.00581778987555872
1.77153578125E-07, 0.00689673839062248
1.7715553125E-07, 0.00602547126287886
1.77157484375E-07, 0.00721020193645623
1.771594375E-07, 0.00802748203028389
1.77161390625E-07, 0.00691140959293184
1.7716334375E-07, 0.00830987367795878
1.77165296875E-07, 0.0082891659756646
1.7716725E-07, 0.00854358471957891
1.77169203125E-07, 0.00819656052104051
1.7717115625E-07, 0.00860187085265722
1.77173109375E-07, 0.00782588534747815
1.771750625E-07, 0.00921642232981052
1.77177015625E-07, 0.00822080844586378
1.7717896875E-07, 0.00873149533437457
1.77180921875E-07, 0.00854314361021038
1.77182875E-07, 0.00885556917840656
1.77184828125E-07, 0.0091568237514739
1.7718678125E-07, 0.00910394949565839
1.77188734375E-07, 0.0099649572416445
1.771906875E-07, 0.0087693398015766
1.77192640625E-07, 0.00952614987060235
1.7719459375E-07, 0.0100320841943196
1.77196546875E-07, 0.0100443549952609
1.771985E-07, 0.00930446252584751
1.77200453125E-07, 0.00944337250891403
1.7720240625E-07, 0.0096981523262668
1.77204359375E-07, 0.00938683128423261
1.772063125E-07, 0.00968165380374637
1.77208265625E-07, 0.00908386805377288
1.7721021875E-07, 0.00857567881457026
1.77212171875E-07, 0.00950804999466491
1.77214125E-07, 0.00893354985865921
1.77216078125E-07, 0.00856859086654221
1.7721803125E-07, 0.00906180913111483
1.77219984375E-07, 0.00800457239043076
1.772219375E-07, 0.00946237138109396
1.77223890625E-07, 0.00904094256637651
1.7722584375E-07, 0.00829338137090578
1.77227796875E-07, 0.00844705322488038
1.7722975E-07, 0.00861848631124524
1.77231703125E-07, 0.00751318893021275
1.7723365625E-07, 0.00745600420461
1.77235609375E-07, 0.00795353730316874
1.772375625E-07, 0.007266205991727
1.77239515625E-07, 0.00757226870936799
1.7724146875E-07, 0.00749639722137316
1.77243421875E-07, 0.00704019196440931
1.77245375E-07, 0.00683991170744797
1.77247328125E-07, 0.00595462917535037
1.7724928125E-07, 0.00603124673061812
1.77251234375E-07, 0.00626360035512105
1.772531875E-07, 0.00652024901890493
1.77255140625E-07, 0.00663955275065491
1.7725709375E-07, 0.00498795046373315
1.77259046875E-07, 0.00645085320288438
1.77261E-07, 0.00447268219948225
1.77262953125E-07, 0.00534062895822508
1.7726490625E-07, 0.00485968694064912
1.77266859375E-07, 0.00524930884958476
1.772688125E-07, 0.00474431564930558
1.77270765625E-07, 0.00363976016717844
1.7727271875E-07, 0.00349226505906466
1.77274671875E-07, 0.00340019143651281
1.77276625E-07, 0.00383931151674489
1.77278578125E-07, 0.00263523869222811
1.7728053125E-07, 0.00357329616552521
1.77282484375E-07, 0.0022598341491987
1.772844375E-07, 0.00322581991150068
1.77286390625E-07, 0.0019155224488997
1.7728834375E-07, 0.00211192417000175
1.77290296875E-07, 0.00249266455441939
1.7729225E-07, 0.00205473414498039
1.77294203125E-07, 0.00147658798261841
1.7729615625E-07, 0.00335854210670329
1.77298109375E-07, 0.00159363020978088
1.773000625E-07, 0.00178975975605344
1.77302015625E-07, 0.0015379745381003
1.7730396875E-07, 0.000956537481132545
1.77305921875E-07, 0.0012330495651962
1.77307875E-07, 0.00148468161242795
1.77309828125E-07, 0.00109749120935666
1.7731178125E-07, 0.00254331064016617
1.77313734375E-07, 0.000693879095910198
1.773156875E-07, 0.000293627670809919
1.77317640625E-07, 0.000495663979023099
1.7731959375E-07, 0.00134483546823996
1.77321546875E-07, 0.000449612144821623
1.773235E-07, 0.00132166307648219
1.77325453125E-07, 0.00103925366636149
1.7732740625E-07, 0.000700072161882924
1.77329359375E-07, 0.000153306638484365
1.773313125E-07, -0.000268755779202887
1.77333265625E-07, -0.000529219044442035
1.7733521875E-07, 5.20404422554904E-06
1.77337171875E-07, -0.00013327830467674
1.77339125E-07, -0.000107603735341703
1.77341078125E-07, 0.000505493684534063
1.7734303125E-07, 0.000227650196468289
1.77344984375E-07, 0.000151955081255503
1.773469375E-07, -0.00016546302101636
1.77348890625E-07, 0.000339572724370922
1.7735084375E-07, 9.09407369402108E-05
1.77352796875E-07, -0.000183305425259436
1.7735475E-07, -0.000633324765227288
1.77356703125E-07, -0.000613961636049812
1.7735865625E-07, -0.000330999362247704
1.77360609375E-07, 0.00010921012666975
1.773625625E-07, 0.000845755962438345
1.77364515625E-07, -0.000880729362156885
1.7736646875E-07, -0.000295652899557499
1.77368421875E-07, -0.000476919749376435
1.77370375E-07, 0.000117736704961029
1.77372328125E-07, 2.73744299027608E-05
1.7737428125E-07, -0.000275107014297882
1.77376234375E-07, -0.00024788987537921
1.773781875E-07, -0.000419706410339568
1.77380140625E-07, -0.000118244706381272
1.7738209375E-07, -0.00102705648655434
1.77384046875E-07, 0.000434701949331392
1.77386E-07, -0.000280544865411214
1.77387953125E-07, -0.000788145961362725
1.7738990625E-07, -0.000503716044285056
1.77391859375E-07, -0.000424009332172816
1.773938125E-07, -0.000567865000730825
1.77395765625E-07, -0.000731693788089929
1.7739771875E-07, -0.000759212071553335
1.77399671875E-07, -0.000335380071540889
1.77401625E-07, -0.00132362191953846
1.77403578125E-07, -0.0009044981746707
1.7740553125E-07, -0.000479713500103692
1.77407484375E-07, -0.000871214163485373
1.774094375E-07, -0.00119775867140641
1.77411390625E-07, -0.00102489606059335
1.7741334375E-07, -0.00127509195389539
1.77415296875E-07, -0.00103163254639315
1.7741725E-07, -0.000805386080266324
1.77419203125E-07, -0.000535289927549481
1.7742115625E-07, -0.00128059741106937
1.77423109375E-07, -0.00135509394930582
1.774250625E-07, -0.000858355720956417
1.77427015625E-07, -0.00115051345347129
1.7742896875E-07, -0.000868789009202917
1.77430921875E-07, -0.000976394534528164
1.77432875E-07, -0.00124835304358881
1.77434828125E-07, -0.000818148293401322
1.7743678125E-07, -0.000764725563274954
1.77438734375E-07, -0.00204425089749864
1.774406875E-07, -0.00183639253060015
1.77442640625E-07, -0.00209151408257155
1.7744459375E-07, -0.0020835165287752
1.77446546875E-07, -0.00192416166853839
1.774485E-07, -0.00175742591555121
1.77450453125E-07, -0.00207499035571081
1.7745240625E-07, -0.00242745969768173
1.77454359375E-07, -0.00200530564010887
1.774563125E-07, -0.00175540224159243
1.77458265625E-07, -0.00295096864225273
1.7746021875E-07, -0.00227014801342689
1.77462171875E-07, -0.00245027517741455
1.77464125E-07, -0.00241475600193322
1.77466078125E-07, -0.0026720335923373
1.7746803125E-07, -0.00242971319772584
1.77469984375E-07, -0.00265658250488308
1.774719375E-07, -0.00257871481707529
1.77473890625E-07, -0.00309757923774011
1.7747584375E-07, -0.00294808981309791
1.77477796875E-07, -0.00306766657535064
1.7747975E-07, -0.00340311198647345
1.77481703125E-07, -0.00320962387497741
1.7748365625E-07, -0.00301638036765178
1.77485609375E-07, -0.00330911716346261
1.774875625E-07, -0.00326254017153055
1.77489515625E-07, -0.00340379553385549
1.7749146875E-07, -0.00321766857037023
1.77493421875E-07, -0.00350328415754842
1.77495375E-07, -0.00362281856280637
1.77497328125E-07, -0.00328663296927
1.7749928125E-07, -0.00377526997756602
1.77501234375E-07, -0.00352926157466789
1.775031875E-07, -0.00364067099849949
1.77505140625E-07, -0.00369358120206299
1.7750709375E-07, -0.0037807598098191
1.77509046875E-07, -0.00357116439788287
1.77511E-07, -0.00360531110191738
1.77512953125E-07, -0.00396538744396087
1.7751490625E-07, -0.00360726970564008
1.77516859375E-07, -0.00396098428028967
1.775188125E-07, -0.00405463341953974
1.77520765625E-07, -0.00381146405000244
1.7752271875E-07, -0.00361845389696173
1.77524671875E-07, -0.00417347251831791
1.77526625E-07, -0.00422756998622635
1.77528578125E-07, -0.00404948859242638
1.7753053125E-07, -0.00440471879511256
1.77532484375E-07, -0.00408185567258385
1.775344375E-07, -0.00412711602479
1.77536390625E-07, -0.00391193311620204
1.7753834375E-07, -0.00428101226395545
1.77540296875E-07, -0.00353228672268596
1.7754225E-07, -0.00410916976898423
1.77544203125E-07, -0.00413102771724162
1.7754615625E-07, -0.00395433916577286
1.77548109375E-07, -0.00369518121409372
1.775500625E-07, -0.0041211786174369
1.77552015625E-07, -0.00374669369715818
1.7755396875E-07, -0.00433470182867674
1.77555921875E-07, -0.00397838824910218
1.77557875E-07, -0.00433244260101446
1.77559828125E-07, -0.00382240060909539
1.7756178125E-07, -0.00398741998295258
1.77563734375E-07, -0.0039414559927532
1.775656875E-07, -0.00375410085824261
1.77567640625E-07, -0.0039965017667965
1.7756959375E-07, -0.00382335080067943
1.77571546875E-07, -0.00400760781335114
1.775735E-07, -0.00326439743739537
1.77575453125E-07, -0.00372677962717194
1.7757740625E-07, -0.00371199341168619
1.77579359375E-07, -0.00373064679392507
1.775813125E-07, -0.00428688711185411
1.77583265625E-07, -0.00341121964092255
1.7758521875E-07, -0.0033861233357468
1.77587171875E-07, -0.00368612429509216
1.77589125E-07, -0.0035953822458902
1.77591078125E-07, -0.00342232249879
1.7759303125E-07, -0.00287135882998223
1.77594984375E-07, -0.00331455546443756
1.775969375E-07, -0.00382486242008071
1.77598890625E-07, -0.00391925302221883
1.7760084375E-07, -0.00298509253681549
1.77602796875E-07, -0.00369163131939729
1.7760475E-07, -0.00336800219357353
1.77606703125E-07, -0.00321563864761803
1.7760865625E-07, -0.00269613361780793
1.77610609375E-07, -0.00294694953939045
1.776125625E-07, -0.0031940466980583
1.77614515625E-07, -0.00270073421129445
1.7761646875E-07, -0.00264295600888066
1.77618421875E-07, -0.00210656664835972
1.77620375E-07, -0.00272434545075056
1.77622328125E-07, -0.00377847283664367
1.7762428125E-07, -0.00222929989237432
1.77626234375E-07, -0.00261249502144163
1.776281875E-07, -0.00201447532698965
1.77630140625E-07, -0.00257335275490154
1.7763209375E-07, -0.0017826875397109
1.77634046875E-07, -0.00273349695545046


