File Format, WaveformXYValues
Format Version, 1
Instrument, N1045A,04F,LOJ
SwVersion, A.06.71.21
SerialNumber, MY56260108
Date, 11/29/2023 14:15:57 GMT+08:00

Source Name, Channel 1A

Points, 2048
Signal Type, Unspecified
Channel Bandwidth, 2E+10
Channel Noise, 6.66857143682292E-05
X Units, Second
Y Units, Volt
Data, 
1.73636E-07, -0.00164167017819539
1.73637953125E-07, -0.00158203938373498
1.7363990625E-07, -0.00178123646822248
1.73641859375E-07, -0.00155222851717376
1.736438125E-07, -0.00168065175760892
1.73645765625E-07, -0.00145546035879906
1.7364771875E-07, -0.00190446839575956
1.73649671875E-07, -0.00193228115123912
1.73651625E-07, -0.00173516305092504
1.73653578125E-07, -0.00116726307424977
1.7365553125E-07, -0.00137960258520846
1.73657484375E-07, -0.0013889253297373
1.736594375E-07, -0.00147849108166706
1.73661390625E-07, -0.00204182724853922
1.7366334375E-07, -0.00154044437937782
1.73665296875E-07, -0.00116078228900824
1.7366725E-07, -0.00193045917162225
1.73669203125E-07, -0.00177977776408144
1.7367115625E-07, -0.00189874233893765
1.73673109375E-07, -0.00212558055431771
1.736750625E-07, -0.00189998520525669
1.73677015625E-07, -0.00180416629020986
1.7367896875E-07, -0.00135130055862344
1.73680921875E-07, -0.00111426511431761
1.73682875E-07, -0.00229513548831203
1.73684828125E-07, -0.00192341067985162
1.7368678125E-07, -0.00192513174125609
1.73688734375E-07, -0.00218405361103915
1.736906875E-07, -0.0025283863741307
1.73692640625E-07, -0.0022434240420284
1.7369459375E-07, -0.0018941771425143
1.73696546875E-07, -0.00151915036842623
1.736985E-07, -0.00154491783791613
1.73700453125E-07, -0.00160142669057072
1.7370240625E-07, -0.00099017773128035
1.73704359375E-07, -0.00238669355560528
1.737063125E-07, -0.00166982775164633
1.73708265625E-07, -0.00206444031656645
1.7371021875E-07, -0.00246766837428541
1.73712171875E-07, -0.00157244270018433
1.73714125E-07, -0.00158403337928559
1.73716078125E-07, -0.00228444996278871
1.7371803125E-07, -0.00117277187030295
1.73719984375E-07, -0.00149867417444479
1.737219375E-07, -0.00264193676574327
1.73723890625E-07, -0.00255526496242324
1.7372584375E-07, -0.00195394911685162
1.73727796875E-07, -0.00189967218259355
1.7372975E-07, -0.00195920141166268
1.73731703125E-07, -0.00240441344972958
1.7373365625E-07, -0.00234720062631475
1.73735609375E-07, -0.00204894188491122
1.737375625E-07, -0.00177083020374268
1.73739515625E-07, -0.00116245420407035
1.7374146875E-07, -0.00159180001350499
1.73743421875E-07, -0.00142939313187032
1.73745375E-07, -0.00153121725734682
1.73747328125E-07, -0.00200328068200761
1.7374928125E-07, -0.0020996627404826
1.73751234375E-07, -0.00179830668601713
1.737531875E-07, -0.00151425357125957
1.73755140625E-07, -0.00162488880823409
1.7375709375E-07, -0.00156550913340097
1.73759046875E-07, -0.00221362092054433
1.73761E-07, -0.00186794259850807
1.73762953125E-07, -0.00208356486790483
1.7376490625E-07, -0.00195234271515108
1.73766859375E-07, -0.00226258344257656
1.737688125E-07, -0.00170444808960804
1.73770765625E-07, -0.00193803845543054
1.7377271875E-07, -0.00184487886019019
1.73774671875E-07, -0.00194996556980692
1.73776625E-07, -0.00223403509743571
1.73778578125E-07, -0.00192826360163673
1.7378053125E-07, -0.00201515128862078
1.73782484375E-07, -0.00191146187659479
1.737844375E-07, -0.00229381225864967
1.73786390625E-07, -0.0020976601130261
1.7378834375E-07, -0.00194009837027921
1.73790296875E-07, -0.00208739566638935
1.7379225E-07, -0.0024223910732153
1.73794203125E-07, -0.00214883252665064
1.7379615625E-07, -0.00187602385733975
1.73798109375E-07, -0.00170382842625306
1.738000625E-07, -0.00207836832633063
1.73802015625E-07, -0.00213973830514482
1.7380396875E-07, -0.00209661018059579
1.73805921875E-07, -0.00182727891668633
1.73807875E-07, -0.00207635443474814
1.73809828125E-07, -0.00200882348979384
1.7381178125E-07, -0.0022107841699553
1.73813734375E-07, -0.00206025217298961
1.738156875E-07, -0.00207199119497979
1.73817640625E-07, -0.0020312690905772
1.7381959375E-07, -0.00224157461022183
1.73821546875E-07, -0.00226231439590843
1.738235E-07, -0.00224123690855236
1.73825453125E-07, -0.00223417830690559
1.7382740625E-07, -0.00238747519277622
1.73829359375E-07, -0.00249809322254186
1.738313125E-07, -0.00241194977885758
1.73833265625E-07, -0.00226899314217989
1.7383521875E-07, -0.0027970984405431
1.73837171875E-07, -0.00260530611665677
1.73839125E-07, -0.00207912345314201
1.73841078125E-07, -0.00243871355368412
1.7384303125E-07, -0.00243284677788912
1.73844984375E-07, -0.00268835916631727
1.738469375E-07, -0.00268586713702289
1.73848890625E-07, -0.00278600248234874
1.7385084375E-07, -0.00274942349643035
1.73852796875E-07, -0.00283658394261707
1.7385475E-07, -0.00275401760441431
1.73856703125E-07, -0.00266479667771254
1.7385865625E-07, -0.00317818512218066
1.73860609375E-07, -0.00273682240101069
1.738625625E-07, -0.00281126064995543
1.73864515625E-07, -0.00302173243490972
1.7386646875E-07, -0.00319635366234528
1.73868421875E-07, -0.00311332348135607
1.73870375E-07, -0.00317175684642743
1.73872328125E-07, -0.00330816792523565
1.7387428125E-07, -0.00310019241191076
1.73876234375E-07, -0.00314372494977812
1.738781875E-07, -0.00329012573815364
1.73880140625E-07, -0.0033669047780171
1.7388209375E-07, -0.00327185646483508
1.73884046875E-07, -0.0036904809498417
1.73886E-07, -0.00337480506431004
1.73887953125E-07, -0.00356064039954097
1.7388990625E-07, -0.0039078745642827
1.73891859375E-07, -0.00383852411886595
1.738938125E-07, -0.00377454984193482
1.73895765625E-07, -0.00407743935700352
1.7389771875E-07, -0.00390817861487615
1.73899671875E-07, -0.00403168727876141
1.73901625E-07, -0.0038983174096069
1.73903578125E-07, -0.00379870687619168
1.7390553125E-07, -0.00417930450555659
1.73907484375E-07, -0.00435318160967437
1.739094375E-07, -0.00413985538937956
1.73911390625E-07, -0.00408853990625574
1.7391334375E-07, -0.00408597469984471
1.73915296875E-07, -0.00445401368264324
1.7391725E-07, -0.00429019954199628
1.73919203125E-07, -0.00465123441250591
1.7392115625E-07, -0.00485909177821249
1.73923109375E-07, -0.00473088106958318
1.739250625E-07, -0.00483322344508448
1.73927015625E-07, -0.00483741662916234
1.7392896875E-07, -0.00477882517702719
1.73930921875E-07, -0.00477089571931622
1.73932875E-07, -0.00483631171473054
1.73934828125E-07, -0.00491239456683195
1.7393678125E-07, -0.00500398234826571
1.73938734375E-07, -0.00500023874959402
1.739406875E-07, -0.00502157267881616
1.73942640625E-07, -0.00522607985792014
1.7394459375E-07, -0.00520159339846555
1.73946546875E-07, -0.00559845429129
1.739485E-07, -0.00515558591545087
1.73950453125E-07, -0.00490798810753906
1.7395240625E-07, -0.0055062794485942
1.73954359375E-07, -0.00527319836834659
1.739563125E-07, -0.00523099745805106
1.73958265625E-07, -0.00513207969576619
1.7396021875E-07, -0.00559459320646169
1.73962171875E-07, -0.00551208545112065
1.73964125E-07, -0.00545681197183587
1.73966078125E-07, -0.00413121999492511
1.7396803125E-07, -0.00564717702659449
1.73969984375E-07, -0.00519823037368396
1.739719375E-07, -0.00554031114792712
1.73973890625E-07, -0.00464466132745744
1.7397584375E-07, -0.00529282460232244
1.73977796875E-07, -0.0040562234538072
1.7397975E-07, -0.00494076422254527
1.73981703125E-07, -0.00530143955155214
1.7398365625E-07, -0.00396457211137691
1.73985609375E-07, -0.00483802676446124
1.739875625E-07, -0.0052601834574835
1.73989515625E-07, -0.00511455608857876
1.7399146875E-07, -0.00355978073561919
1.73993421875E-07, -0.00524557983442698
1.73995375E-07, -0.00495013529526973
1.73997328125E-07, -0.00503147854924474
1.7399928125E-07, -0.00457504118117342
1.74001234375E-07, -0.00466092877737369
1.740031875E-07, -0.00468950372959487
1.74005140625E-07, -0.00405381720734581
1.7400709375E-07, -0.00317359084253965
1.74009046875E-07, -0.00463077472320831
1.74011E-07, -0.00388303392752727
1.74012953125E-07, -0.00377723626353773
1.7401490625E-07, -0.00378167611045417
1.74016859375E-07, -0.00210747706841711
1.740188125E-07, -0.00357826697310329
1.74020765625E-07, -0.003477897129042
1.7402271875E-07, -0.00342699534781387
1.74024671875E-07, -0.00061456839419948
1.74026625E-07, -0.00248102669257453
1.74028578125E-07, -0.00203130125911974
1.7403053125E-07, -0.0018513684562823
1.74032484375E-07, -0.00206637414792732
1.740344375E-07, -0.00126156747915961
1.74036390625E-07, -0.00185918695516194
1.7403834375E-07, -0.0013542207830803
1.74040296875E-07, -0.00177035314502175
1.7404225E-07, 7.98002503421443E-05
1.74044203125E-07, 0.000465400316363206
1.7404615625E-07, -0.00128223090886105
1.74048109375E-07, -0.00034886172801916
1.740500625E-07, -0.000339017572661896
1.74052015625E-07, 0.00067371622560356
1.7405396875E-07, 0.00145886153592093
1.74055921875E-07, 0.00142984608599961
1.74057875E-07, 0.00233850294231078
1.74059828125E-07, 0.00324970293682103
1.7406178125E-07, 0.00241990500260978
1.74063734375E-07, 0.00308131647892365
1.740656875E-07, 0.00354322852150669
1.74067640625E-07, 0.00333330788718347
1.7406959375E-07, 0.00340436395904277
1.74071546875E-07, 0.00487259540419205
1.740735E-07, 0.00456739501620164
1.74075453125E-07, 0.00504159926858952
1.7407740625E-07, 0.00554313080122806
1.74079359375E-07, 0.00513618323876232
1.740813125E-07, 0.00670496565229373
1.74083265625E-07, 0.00506193385150085
1.7408521875E-07, 0.00661067116252651
1.74087171875E-07, 0.00693993041851121
1.74089125E-07, 0.00777232911981414
1.74091078125E-07, 0.00714497531769663
1.7409303125E-07, 0.00688197405424464
1.74094984375E-07, 0.00978097776278955
1.740969375E-07, 0.00885148722699054
1.74098890625E-07, 0.0108708971013091
1.7410084375E-07, 0.0114060862713382
1.74102796875E-07, 0.0107803503225385
1.7410475E-07, 0.01197195426532
1.74106703125E-07, 0.0113201226260754
1.7410865625E-07, 0.0125836171909604
1.74110609375E-07, 0.0129734528161742
1.741125625E-07, 0.0128969730601452
1.74114515625E-07, 0.0153435368432838
1.7411646875E-07, 0.0150880869483317
1.74118421875E-07, 0.0162064407349728
1.74120375E-07, 0.0149901077948091
1.74122328125E-07, 0.0180646000310783
1.7412428125E-07, 0.0146889131704985
1.74126234375E-07, 0.0171711816576285
1.741281875E-07, 0.0177897289439715
1.74130140625E-07, 0.0194449793724371
1.7413209375E-07, 0.0196589269708293
1.74134046875E-07, 0.0196107169718661
1.74136E-07, 0.0204495343969401
1.74137953125E-07, 0.0216597071493824
1.7413990625E-07, 0.0234263766643559
1.74141859375E-07, 0.0217969000189008
1.741438125E-07, 0.0237091456829735
1.74145765625E-07, 0.0227387347187027
1.7414771875E-07, 0.0244035801752386
1.74149671875E-07, 0.0252462000683448
1.74151625E-07, 0.0246960031083126
1.74153578125E-07, 0.0250429513090715
1.7415553125E-07, 0.0272855561680619
1.74157484375E-07, 0.0276198801086314
1.741594375E-07, 0.027794283359116
1.74161390625E-07, 0.0283073541793487
1.7416334375E-07, 0.0294037991151655
1.74165296875E-07, 0.0289590594397476
1.7416725E-07, 0.027508664149428
1.74169203125E-07, 0.0302592603910428
1.7417115625E-07, 0.0292760522317979
1.74173109375E-07, 0.0300096189635387
1.741750625E-07, 0.0315616488290845
1.74177015625E-07, 0.0320864018347434
1.7417896875E-07, 0.0290935403606797
1.74180921875E-07, 0.0308454831209433
1.74182875E-07, 0.0324184554081867
1.74184828125E-07, 0.0319857000014869
1.7418678125E-07, 0.0334474953959947
1.74188734375E-07, 0.0338574979527811
1.741906875E-07, 0.0322071631424719
1.74192640625E-07, 0.0328157731590814
1.7419459375E-07, 0.0331962190262701
1.74196546875E-07, 0.0339485854041639
1.741985E-07, 0.0337898711228905
1.74200453125E-07, 0.0331597297764131
1.7420240625E-07, 0.0353660137382385
1.74204359375E-07, 0.0341682452233902
1.742063125E-07, 0.0344425674654593
1.74208265625E-07, 0.0336521973032408
1.7421021875E-07, 0.0352671633442045
1.74212171875E-07, 0.0329516071205103
1.74214125E-07, 0.0340734391312193
1.74216078125E-07, 0.0339460216581982
1.7421803125E-07, 0.0336506243078248
1.74219984375E-07, 0.0307486360823159
1.742219375E-07, 0.0327318239231244
1.74223890625E-07, 0.0339103232158764
1.7422584375E-07, 0.0326872416251164
1.74227796875E-07, 0.0309025551521861
1.7422975E-07, 0.0314389506603379
1.74231703125E-07, 0.0313322465227779
1.7423365625E-07, 0.030075915853629
1.74235609375E-07, 0.0271745884961711
1.742375625E-07, 0.0295870241337951
1.74239515625E-07, 0.0279654223797523
1.7424146875E-07, 0.02946528546993
1.74243421875E-07, 0.028591954507292
1.74245375E-07, 0.0249910100507352
1.74247328125E-07, 0.0255436231866742
1.7424928125E-07, 0.0234470921605496
1.74251234375E-07, 0.0188679645117027
1.742531875E-07, 0.024949780789089
1.74255140625E-07, 0.0222390871270322
1.7425709375E-07, 0.0222520636514656
1.74259046875E-07, 0.0228410965135108
1.74261E-07, 0.016852461129373
1.74262953125E-07, 0.0198154464219818
1.7426490625E-07, 0.0159552248077082
1.74266859375E-07, 0.0182930910327986
1.742688125E-07, 0.00786563379913193
1.74270765625E-07, 0.00953784078361481
1.7427271875E-07, 0.0149741718325449
1.74274671875E-07, 0.0115694164598976
1.74276625E-07, 0.0102001387315291
1.74278578125E-07, 0.0105336271516447
1.7428053125E-07, 0.00778275865470073
1.74282484375E-07, 0.0100347850270712
1.742844375E-07, 0.00696458521856278
1.74286390625E-07, 7.42703361864616E-05
1.7428834375E-07, 0.00618605259337796
1.74290296875E-07, 0.00385047203597448
1.7429225E-07, -0.00708977691965481
1.74294203125E-07, 0.000306663101340067
1.7429615625E-07, -0.00573945935098822
1.74298109375E-07, -0.00761246069134561
1.743000625E-07, -0.0089847793148317
1.74302015625E-07, -0.0136734522721203
1.7430396875E-07, -0.00825471697251983
1.74305921875E-07, -0.0116941583513795
1.74307875E-07, -0.0248728529211741
1.74309828125E-07, -0.0149821489686173
1.7431178125E-07, -0.0241330622889121
1.74313734375E-07, -0.0210208146179219
1.743156875E-07, -0.0294156174699081
1.74317640625E-07, -0.0350063171668293
1.7431959375E-07, -0.0310822656036639
1.74321546875E-07, -0.0333314871725127
1.743235E-07, -0.0319419973880272
1.74325453125E-07, -0.0397604612261314
1.7432740625E-07, -0.0410091935716254
1.74329359375E-07, -0.0415251506578881
1.743313125E-07, -0.0394418345043797
1.74333265625E-07, -0.0451499804350041
1.7433521875E-07, -0.0465712664406641
1.74337171875E-07, -0.0560858057756162
1.74339125E-07, -0.0526649780467946
1.74341078125E-07, -0.0511331225221795
1.7434303125E-07, -0.0632917506540642
1.74344984375E-07, -0.0637119075980058
1.743469375E-07, -0.0622547473130987
1.74348890625E-07, -0.0662108608850232
1.7435084375E-07, -0.0579956309692671
1.74352796875E-07, -0.0735668442217915
1.7435475E-07, -0.0758434990023396
1.74356703125E-07, -0.0729023905303206
1.7435865625E-07, -0.0758362104803047
1.74360609375E-07, -0.0796448811291944
1.743625625E-07, -0.0860502013522112
1.74364515625E-07, -0.0876878012457557
1.7436646875E-07, -0.0850282803827615
1.74368421875E-07, -0.0897277499458259
1.74370375E-07, -0.0946641068862453
1.74372328125E-07, -0.0973565625740323
1.7437428125E-07, -0.0961275905199994
1.74376234375E-07, -0.0966362673639898
1.743781875E-07, -0.0967731208653628
1.74380140625E-07, -0.102784806358518
1.7438209375E-07, -0.104319524371863
1.74384046875E-07, -0.106799252044651
1.74386E-07, -0.102945298132963
1.74387953125E-07, -0.108588391465419
1.7438990625E-07, -0.114129645469596
1.74391859375E-07, -0.111621169109861
1.743938125E-07, -0.115486416434546
1.74395765625E-07, -0.111591593675425
1.7439771875E-07, -0.116213015870118
1.74399671875E-07, -0.116576375564956
1.74401625E-07, -0.116941365616412
1.74403578125E-07, -0.118675088689655
1.7440553125E-07, -0.11592365989565
1.74407484375E-07, -0.122551173788831
1.744094375E-07, -0.121612797366901
1.74411390625E-07, -0.111472190880218
1.7441334375E-07, -0.123570608869548
1.74415296875E-07, -0.119387154678355
1.7441725E-07, -0.122436229244242
1.74419203125E-07, -0.122521915237261
1.7442115625E-07, -0.120436541872684
1.74423109375E-07, -0.116671366805421
1.744250625E-07, -0.120117891108272
1.74427015625E-07, -0.122427009549257
1.7442896875E-07, -0.113599016939573
1.74430921875E-07, -0.121005331456617
1.74432875E-07, -0.114996316189961
1.74434828125E-07, -0.108178733084634
1.7443678125E-07, -0.113727504438501
1.74438734375E-07, -0.112306323011106
1.744406875E-07, -0.11276183174157
1.74442640625E-07, -0.110753979361744
1.7444459375E-07, -0.105063656423507
1.74446546875E-07, -0.107087892343337
1.744485E-07, -0.109372453156677
1.74450453125E-07, -0.105129033707468
1.7445240625E-07, -0.101281144878252
1.74454359375E-07, -0.0984360309130147
1.744563125E-07, -0.0923635909520442
1.74458265625E-07, -0.0940845724655201
1.7446021875E-07, -0.0840586161153928
1.74462171875E-07, -0.0928284353693982
1.74464125E-07, -0.0855738844080635
1.74466078125E-07, -0.0715967365860253
1.7446803125E-07, -0.0734195177525622
1.74469984375E-07, -0.0598016207838309
1.744719375E-07, -0.0617694018000649
1.74473890625E-07, -0.0684461096086225
1.7447584375E-07, -0.0506798725278528
1.74477796875E-07, -0.0558356504248906
1.7447975E-07, -0.0477442339241973
1.74481703125E-07, -0.0399793594799929
1.7448365625E-07, -0.038269345675171
1.74485609375E-07, -0.0522521234043627
1.744875625E-07, -0.029749053449772
1.74489515625E-07, -0.0393382364963538
1.7449146875E-07, -0.0184285435031858
1.74493421875E-07, -0.0242695935579797
1.74495375E-07, -0.0180649389399567
1.74497328125E-07, -0.00454670507724548
1.7449928125E-07, -0.00715788101008985
1.74501234375E-07, -0.00271416044747071
1.745031875E-07, 0.000473056346899043
1.74505140625E-07, 0.000818078905470466
1.7450709375E-07, 0.00877849595305249
1.74509046875E-07, 0.0162882045849446
1.74511E-07, 0.0164340994572615
1.74512953125E-07, 0.0320797210966728
1.7451490625E-07, 0.0301767633431938
1.74516859375E-07, 0.0231164017848108
1.745188125E-07, 0.0337275273730768
1.74520765625E-07, 0.0363260849775393
1.7452271875E-07, 0.0465388183728898
1.74524671875E-07, 0.0477238131444125
1.74526625E-07, 0.0431269169248924
1.74528578125E-07, 0.0568887353694608
1.7453053125E-07, 0.0524332613087302
1.74532484375E-07, 0.0602959728603309
1.745344375E-07, 0.0665354755551829
1.74536390625E-07, 0.0670734323003083
1.7453834375E-07, 0.0663621138970396
1.74540296875E-07, 0.070821972239409
1.7454225E-07, 0.0811884776876337
1.74544203125E-07, 0.0714065328184309
1.7454615625E-07, 0.0741115776775127
1.74548109375E-07, 0.08463291400261
1.745500625E-07, 0.0827990115592494
1.74552015625E-07, 0.0771236057443029
1.7455396875E-07, 0.0895141206636717
1.74555921875E-07, 0.0739493258864588
1.74557875E-07, 0.0946782277258261
1.74559828125E-07, 0.0976559667911127
1.7456178125E-07, 0.0979499371751007
1.74563734375E-07, 0.0857548014284131
1.745656875E-07, 0.0898443309550203
1.74567640625E-07, 0.0959595051807206
1.7456959375E-07, 0.0993618126038432
1.74571546875E-07, 0.0955487547780498
1.745735E-07, 0.0983024749431453
1.74575453125E-07, 0.0968381499328812
1.7457740625E-07, 0.100369052761802
1.74579359375E-07, 0.100865622586599
1.745813125E-07, 0.0997888183571921
1.74583265625E-07, 0.0989700930535167
1.7458521875E-07, 0.0999133908583871
1.74587171875E-07, 0.0973529413401573
1.74589125E-07, 0.0977814714312978
1.74591078125E-07, 0.0968550966082368
1.7459303125E-07, 0.0928418301378331
1.74594984375E-07, 0.0920401327302653
1.745969375E-07, 0.0936495218794979
1.74598890625E-07, 0.0895894117160196
1.7460084375E-07, 0.0892442733621482
1.74602796875E-07, 0.0842086740380612
1.7460475E-07, 0.0839311323573211
1.74606703125E-07, 0.0851607674773775
1.7460865625E-07, 0.0858247461150641
1.74610609375E-07, 0.0781270114983229
1.746125625E-07, 0.0794879109754064
1.74614515625E-07, 0.0796534961127981
1.7461646875E-07, 0.0767739428413039
1.74618421875E-07, 0.0766310778540364
1.74620375E-07, 0.0682201848341554
1.74622328125E-07, 0.0689627909470442
1.7462428125E-07, 0.0617944274271307
1.74626234375E-07, 0.0631892674173357
1.746281875E-07, 0.0586967478700314
1.74630140625E-07, 0.0598607517077046
1.7463209375E-07, 0.0571254729582398
1.74634046875E-07, 0.059430941045602
1.74636E-07, 0.0536448527067515
1.74637953125E-07, 0.0489600979340555
1.7463990625E-07, 0.0490886578433506
1.74641859375E-07, 0.0490790317761015
1.746438125E-07, 0.0484475581592225
1.74645765625E-07, 0.0414968344365558
1.7464771875E-07, 0.0431202233639902
1.74649671875E-07, 0.0418794580642958
1.74651625E-07, 0.043263604986789
1.74653578125E-07, 0.042474521076025
1.7465553125E-07, 0.0365248321828793
1.74657484375E-07, 0.0374567362960169
1.746594375E-07, 0.0364228004615881
1.74661390625E-07, 0.0326127379478054
1.7466334375E-07, 0.0311903863251044
1.74665296875E-07, 0.0305716011224303
1.7466725E-07, 0.0301153894219054
1.74669203125E-07, 0.0251242230144064
1.7467115625E-07, 0.0293078357350234
1.74673109375E-07, 0.0249028022038909
1.746750625E-07, 0.0241447416665719
1.74677015625E-07, 0.0268037433954227
1.7467896875E-07, 0.0249349166928032
1.74680921875E-07, 0.024656917613267
1.74682875E-07, 0.0210186395259195
1.74684828125E-07, 0.0197874172317257
1.7468678125E-07, 0.0233291598146274
1.74688734375E-07, 0.0195356338582875
1.746906875E-07, 0.0208795049446622
1.74692640625E-07, 0.0191881538972389
1.7469459375E-07, 0.0200605955286508
1.74696546875E-07, 0.0190157900389325
1.746985E-07, 0.0203764872857998
1.74700453125E-07, 0.0192914051180035
1.7470240625E-07, 0.0187535725961836
1.74704359375E-07, 0.018579514655261
1.747063125E-07, 0.0181909326000541
1.74708265625E-07, 0.0189537431560988
1.7471021875E-07, 0.0211914806646665
1.74712171875E-07, 0.0182563986273171
1.74714125E-07, 0.0191986056803715
1.74716078125E-07, 0.019021565568261
1.7471803125E-07, 0.0195027806618527
1.74719984375E-07, 0.019313209591982
1.747219375E-07, 0.0189717427391056
1.74723890625E-07, 0.0201983327652568
1.7472584375E-07, 0.0183560424454792
1.74727796875E-07, 0.0195999307948928
1.7472975E-07, 0.0194057795803048
1.74731703125E-07, 0.0207059196937231
1.7473365625E-07, 0.0195478511212993
1.74735609375E-07, 0.0190313007011082
1.747375625E-07, 0.0189877065965707
1.74739515625E-07, 0.0195579417693818
1.7474146875E-07, 0.0193665060501494
1.74743421875E-07, 0.0193215068224026
1.74745375E-07, 0.0195351628066975
1.74747328125E-07, 0.0181387941715866
1.7474928125E-07, 0.0188149449840156
1.74751234375E-07, 0.0196133528155929
1.747531875E-07, 0.0178681879549411
1.74755140625E-07, 0.0194485899115693
1.7475709375E-07, 0.021594220393713
1.74759046875E-07, 0.0179548572883277
1.74761E-07, 0.0171322114471171
1.74762953125E-07, 0.0160493710991199
1.7476490625E-07, 0.0170217786356785
1.74766859375E-07, 0.0165688686982339
1.747688125E-07, 0.018697648331908
1.74770765625E-07, 0.0162095136357197
1.7477271875E-07, 0.0149911900305537
1.74774671875E-07, 0.0158178653530291
1.74776625E-07, 0.0176547840489203
1.74778578125E-07, 0.0141518362867359
1.7478053125E-07, 0.0152124032703211
1.74782484375E-07, 0.0130957921040623
1.747844375E-07, 0.0134401879185817
1.74786390625E-07, 0.0131754403387441
1.7478834375E-07, 0.0110928318473596
1.74790296875E-07, 0.012816994685889
1.7479225E-07, 0.0100701858622436
1.74794203125E-07, 0.0128483610976766
1.7479615625E-07, 0.0086070643329745
1.74798109375E-07, 0.00887308163895527
1.748000625E-07, 0.00875557430275173
1.74802015625E-07, 0.0076113982066324
1.7480396875E-07, 0.00586263975673442
1.74805921875E-07, 0.00587979408415138
1.74807875E-07, 0.00470312440102447
1.74809828125E-07, 0.00362716416513458
1.7481178125E-07, 0.00200913183178526
1.74813734375E-07, 0.00196391039573571
1.748156875E-07, 0.00103198184240017
1.74817640625E-07, 0.00154134526929738
1.7481959375E-07, 0.000819141976189476
1.74821546875E-07, 0.00229950831425644
1.748235E-07, -0.00200319830778311
1.74825453125E-07, -0.00145337892013401
1.7482740625E-07, -6.8580844164122E-06
1.74829359375E-07, -0.00172639208199188
1.748313125E-07, -0.00210175008775458
1.74833265625E-07, -0.00415246385546067
1.7483521875E-07, -0.00328537375337141
1.74837171875E-07, -0.00303747143335791
1.74839125E-07, -0.00518976955199973
1.74841078125E-07, -0.004312676519712
1.7484303125E-07, -0.00648320404312548
1.74844984375E-07, -0.00603211798598258
1.748469375E-07, -0.0059234945499162
1.74848890625E-07, -0.00690310877097444
1.7485084375E-07, -0.00694930999955988
1.74852796875E-07, -0.00611766093933921
1.7485475E-07, -0.00687169363821841
1.74856703125E-07, -0.00792637181429475
1.7485865625E-07, -0.00772710282052644
1.74860609375E-07, -0.00774342979018219
1.748625625E-07, -0.00837326303795984
1.74864515625E-07, -0.00800218810354197
1.7486646875E-07, -0.0081869632339908
1.74868421875E-07, -0.00800608630172035
1.74870375E-07, -0.0076231784971397
1.74872328125E-07, -0.00828841910742839
1.7487428125E-07, -0.00833411969647864
1.74876234375E-07, -0.00797822179320978
1.748781875E-07, -0.00798053551572598
1.74880140625E-07, -0.00755691291261896
1.7488209375E-07, -0.00729249222531326
1.74884046875E-07, -0.00795913045914167
1.74886E-07, -0.00793808753207443
1.74887953125E-07, -0.00670396161919904
1.7488990625E-07, -0.0076585719334702
1.74891859375E-07, -0.00716118207390909
1.748938125E-07, -0.00631150380055544
1.74895765625E-07, -0.00755413003048875
1.7489771875E-07, -0.0064584346575
1.74899671875E-07, -0.00688329937730018
1.74901625E-07, -0.00491467877197752
1.74903578125E-07, -0.00674813692076005
1.7490553125E-07, -0.00648187056662202
1.74907484375E-07, -0.00576224788388014
1.749094375E-07, -0.00476873837341652
1.74911390625E-07, -0.00346978480012568
1.7491334375E-07, -0.00431297626611151
1.74915296875E-07, -0.0039008276530479
1.7491725E-07, -0.00374720743637936
1.74919203125E-07, -0.00397028170861079
1.7492115625E-07, -0.00374941952549873
1.74923109375E-07, -0.00176075345030657
1.749250625E-07, -0.00409778457274409
1.74927015625E-07, -0.00309662472269193
1.7492896875E-07, -0.00199926355765768
1.74930921875E-07, -0.00171273138911002
1.74932875E-07, -0.00259375634633108
1.74934828125E-07, -0.00187116995865298
1.7493678125E-07, -0.000612713848800494
1.74938734375E-07, -0.000357269172237202
1.749406875E-07, -0.00117482903616136
1.74942640625E-07, -0.000102219857957046
1.7494459375E-07, -2.5582176204216E-06
1.74946546875E-07, 9.22910337217964E-05
1.749485E-07, 0.00113584805432
1.74950453125E-07, 0.000216772793934008
1.7495240625E-07, 0.00142933658055087
1.74954359375E-07, -0.000297055922812163
1.749563125E-07, 9.10499211695186E-05
1.74958265625E-07, 0.00109847062182041
1.7496021875E-07, 0.00134365291275375
1.74962171875E-07, 0.000791765378873158
1.74964125E-07, 0.00148075193234192
1.74966078125E-07, 0.00132134904492801
1.7496803125E-07, 0.0020646953070185
1.74969984375E-07, 0.0022970931851087
1.749719375E-07, 0.00223021223927666
1.74973890625E-07, 0.00143722689352991
1.7497584375E-07, 0.00188123960311537
1.74977796875E-07, 0.00256740414713648
1.7497975E-07, 0.00267618726648108
1.74981703125E-07, 0.00218748538281444
1.7498365625E-07, 0.00223936836411152
1.74985609375E-07, 0.00256852147353416
1.749875625E-07, 0.00214255110748398
1.74989515625E-07, 0.00210510418101017
1.7499146875E-07, 0.00231153082705613
1.74993421875E-07, 0.00219739533626532
1.74995375E-07, 0.00237930485166865
1.74997328125E-07, 0.00162747334415372
1.7499928125E-07, 0.00205730349953708
1.75001234375E-07, 0.0019927445532398
1.750031875E-07, 0.00174325033909498
1.75005140625E-07, 0.00127449803160037
1.7500709375E-07, 0.00160472089351762
1.75009046875E-07, 0.00150603861826737
1.75011E-07, 0.000487107843455837
1.75012953125E-07, 0.00146294308069362
1.7501490625E-07, 0.000432572745844181
1.75016859375E-07, 0.000919017510132651
1.750188125E-07, 0.000208585067562788
1.75020765625E-07, -0.000149967488368218
1.7502271875E-07, 0.000242036747049493
1.75024671875E-07, 0.000169136114135068
1.75026625E-07, 0.000445174722809362
1.75028578125E-07, -0.00095683504915122
1.7503053125E-07, -0.000425170083897491
1.75032484375E-07, -0.00115572915623054
1.750344375E-07, -0.000851558802509954
1.75036390625E-07, -0.00159335340584836
1.7503834375E-07, -0.00158783274161506
1.75040296875E-07, -0.00158222231597146
1.7504225E-07, -0.00318503901360617
1.75044203125E-07, -0.00260880165641804
1.7504615625E-07, -0.00498403300132914
1.75048109375E-07, -0.0030166842852828
1.750500625E-07, -0.00475524111843996
1.75052015625E-07, -0.00377543030544547
1.7505396875E-07, -0.00390930055572219
1.75055921875E-07, -0.00639375975588633
1.75057875E-07, -0.00449959111545343
1.75059828125E-07, -0.00524687666684427
1.7506178125E-07, -0.00632513011911277
1.75063734375E-07, -0.00573771576656596
1.750656875E-07, -0.00721658729706797
1.75067640625E-07, -0.00682577854867402
1.7506959375E-07, -0.00902106475446831
1.75071546875E-07, -0.00875639777804925
1.750735E-07, -0.00989960223648703
1.75075453125E-07, -0.00927351024381616
1.7507740625E-07, -0.0101032883485819
1.75079359375E-07, -0.00941984863037982
1.750813125E-07, -0.0106550925836256
1.75083265625E-07, -0.0114031487092673
1.7508521875E-07, -0.0109664016418395
1.75087171875E-07, -0.0121785210713299
1.75089125E-07, -0.013379979906941
1.75091078125E-07, -0.0141272043672804
1.7509303125E-07, -0.0132962445024839
1.75094984375E-07, -0.0135876455592523
1.750969375E-07, -0.0155756391763287
1.75098890625E-07, -0.0161454833478017
1.7510084375E-07, -0.0172970682825247
1.75102796875E-07, -0.0155145893949466
1.7510475E-07, -0.0175531280857415
1.75106703125E-07, -0.0182189786271885
1.7510865625E-07, -0.0194108235118246
1.75110609375E-07, -0.0183263240488264
1.751125625E-07, -0.0188554167859975
1.75114515625E-07, -0.0200926362618862
1.7511646875E-07, -0.0209016847164337
1.75118421875E-07, -0.0217429562620884
1.75120375E-07, -0.0213911750842609
1.75122328125E-07, -0.0220945521372025
1.7512428125E-07, -0.0227088563540487
1.75126234375E-07, -0.0237799473469783
1.751281875E-07, -0.0243578907500888
1.75130140625E-07, -0.0234137740773399
1.7513209375E-07, -0.0246285636390161
1.75134046875E-07, -0.025249474087596
1.75136E-07, -0.0254743714533702
1.75137953125E-07, -0.0260835563672227
1.7513990625E-07, -0.026738742891887
1.75141859375E-07, -0.0269107309619812
1.751438125E-07, -0.0277377610600796
1.75145765625E-07, -0.0275126439629971
1.7514771875E-07, -0.027226049247655
1.75149671875E-07, -0.0279602883712782
1.75151625E-07, -0.0293540211108449
1.75153578125E-07, -0.029034488231454
1.7515553125E-07, -0.0311441633201157
1.75157484375E-07, -0.0288338911847178
1.751594375E-07, -0.0304372839722692
1.75161390625E-07, -0.0307608535796444
1.7516334375E-07, -0.0314163065383991
1.75165296875E-07, -0.0313101784303175
1.7516725E-07, -0.0306701708912036
1.75169203125E-07, -0.0310204701209499
1.7517115625E-07, -0.0299329462771262
1.75173109375E-07, -0.0301614170708776
1.751750625E-07, -0.0317316252436141
1.75177015625E-07, -0.03214893764049
1.7517896875E-07, -0.0319925007406097
1.75180921875E-07, -0.0323105928510558
1.75182875E-07, -0.0322215184745651
1.75184828125E-07, -0.0310078614109177
1.7518678125E-07, -0.0324578566848348
1.75188734375E-07, -0.0327654743619841
1.751906875E-07, -0.0328877718414348
1.75192640625E-07, -0.0326522006991958
1.7519459375E-07, -0.0322235719004967
1.75196546875E-07, -0.032385174700311
1.751985E-07, -0.0322988354527719
1.75200453125E-07, -0.0322572846343775
1.7520240625E-07, -0.0319944227094414
1.75204359375E-07, -0.0318726558108831
1.752063125E-07, -0.0319051936727922
1.75208265625E-07, -0.0313388148392666
1.7521021875E-07, -0.0306714009338442
1.75212171875E-07, -0.0313467670627656
1.75214125E-07, -0.030853989556606
1.75216078125E-07, -0.0301304938398321
1.7521803125E-07, -0.0304453453037795
1.75219984375E-07, -0.0306677829796066
1.752219375E-07, -0.0294959593818728
1.75223890625E-07, -0.0294500067457502
1.7522584375E-07, -0.0301390832542951
1.75227796875E-07, -0.0297743569426415
1.7522975E-07, -0.0293751555843208
1.75231703125E-07, -0.0283428836514438
1.7523365625E-07, -0.0282109564274014
1.75235609375E-07, -0.0284237999199974
1.752375625E-07, -0.028651288190204
1.75239515625E-07, -0.0273792813644318
1.7524146875E-07, -0.027630666199241
1.75243421875E-07, -0.0256254276606054
1.75245375E-07, -0.0264312236936202
1.75247328125E-07, -0.026051130039887
1.7524928125E-07, -0.0267008654428259
1.75251234375E-07, -0.025599385563175
1.752531875E-07, -0.0254056805630898
1.75255140625E-07, -0.0256534429133821
1.7525709375E-07, -0.02284699653765
1.75259046875E-07, -0.024882964901802
1.75261E-07, -0.024493286004414
1.75262953125E-07, -0.0244238554857565
1.7526490625E-07, -0.0237423021140715
1.75266859375E-07, -0.0235865258517833
1.752688125E-07, -0.0224398223281521
1.75270765625E-07, -0.0230208709205708
1.7527271875E-07, -0.0217415077772459
1.75274671875E-07, -0.0209000326502705
1.75276625E-07, -0.020781436229972
1.75278578125E-07, -0.0198686652661409
1.7528053125E-07, -0.0213010911022225
1.75282484375E-07, -0.0202837952397612
1.752844375E-07, -0.0204994950801036
1.75286390625E-07, -0.0195082367421747
1.7528834375E-07, -0.0177416772967783
1.75290296875E-07, -0.0189537621557372
1.7529225E-07, -0.0175715855927993
1.75294203125E-07, -0.0191300748675628
1.7529615625E-07, -0.0169139375253634
1.75298109375E-07, -0.0178091233117476
1.753000625E-07, -0.0162700994739333
1.75302015625E-07, -0.016386317620502
1.7530396875E-07, -0.0155546679947178
1.75305921875E-07, -0.0156106514948811
1.75307875E-07, -0.0157566701205642
1.75309828125E-07, -0.0157076655010244
1.7531178125E-07, -0.0141738096181795
1.75313734375E-07, -0.0133230868425664
1.753156875E-07, -0.0140125293462804
1.75317640625E-07, -0.0136897167750791
1.7531959375E-07, -0.0134806281609247
1.75321546875E-07, -0.0122630108828034
1.753235E-07, -0.0102625819748588
1.75325453125E-07, -0.0129833697236267
1.7532740625E-07, -0.0114200583680912
1.75329359375E-07, -0.00988059610915379
1.753313125E-07, -0.0100022247476559
1.75333265625E-07, -0.008978704780986
1.7533521875E-07, -0.0101014577378654
1.75337171875E-07, -0.00771519148299427
1.75339125E-07, -0.00834655286425134
1.75341078125E-07, -0.0100755995613749
1.7534303125E-07, -0.00740311922195725
1.75344984375E-07, -0.00795838183069579
1.753469375E-07, -0.00802435578669466
1.75348890625E-07, -0.00678173886975007
1.7535084375E-07, -0.00661755078754961
1.75352796875E-07, -0.00640478824989262
1.7535475E-07, -0.00567978906275563
1.75356703125E-07, -0.00604308548767694
1.7535865625E-07, -0.0050447299151836
1.75360609375E-07, -0.003937043808073
1.753625625E-07, -0.00382176625019056
1.75364515625E-07, -0.00435636480809079
1.7536646875E-07, -0.0042287379825957
1.75368421875E-07, -0.0027218332427172
1.75370375E-07, -0.0023527264453963
1.75372328125E-07, -0.00253518309424603
1.7537428125E-07, -0.00211734765453378
1.75376234375E-07, -0.00197689569621838
1.753781875E-07, -0.00177475021204393
1.75380140625E-07, -0.0026852083226792
1.7538209375E-07, -0.000926511688875307
1.75384046875E-07, -0.00164764757383002
1.75386E-07, -0.00035450402439135
1.75387953125E-07, -0.00122065235529176
1.7538990625E-07, 3.77217337549999E-05
1.75391859375E-07, 0.000124739579363552
1.753938125E-07, 0.000755363294321513
1.75395765625E-07, 0.00171997954922389
1.7539771875E-07, 0.00120642191948935
1.75399671875E-07, -0.000385436486702664
1.75401625E-07, 0.00144333742575889
1.75403578125E-07, 0.00135500038308264
1.7540553125E-07, 0.00186613133062886
1.75407484375E-07, 0.00150587496485142
1.754094375E-07, 0.00219376452615527
1.75411390625E-07, 0.00169319825423392
1.7541334375E-07, 0.00309896991998523
1.75415296875E-07, 0.00228096499714067
1.7541725E-07, 0.00334950779360347
1.75419203125E-07, 0.00378734558421113
1.7542115625E-07, 0.0036058040668356
1.75423109375E-07, 0.00347690275218158
1.754250625E-07, 0.00329207406858437
1.75427015625E-07, 0.00414466354650188
1.7542896875E-07, 0.00424986827912076
1.75430921875E-07, 0.00407585872056805
1.75432875E-07, 0.00395160935801236
1.75434828125E-07, 0.00445851926354638
1.7543678125E-07, 0.00381016660873689
1.75438734375E-07, 0.00501194089653952
1.754406875E-07, 0.00405542482652164
1.75442640625E-07, 0.00498519734003001
1.7544459375E-07, 0.0053440357356939
1.75446546875E-07, 0.00576411440499137
1.754485E-07, 0.00565058795048962
1.75450453125E-07, 0.00556006909080615
1.7545240625E-07, 0.0055957698379783
1.75454359375E-07, 0.00601401520491675
1.754563125E-07, 0.00629477341613212
1.75458265625E-07, 0.00664075175984172
1.7546021875E-07, 0.00623703702708711
1.75462171875E-07, 0.00652204674227164
1.75464125E-07, 0.00690628322927701
1.75466078125E-07, 0.00735243951273192
1.7546803125E-07, 0.00760685323821065
1.75469984375E-07, 0.00745352495845539
1.754719375E-07, 0.0076645138355069
1.75473890625E-07, 0.00821784209315772
1.7547584375E-07, 0.0082053714768076
1.75477796875E-07, 0.00900278843042196
1.7547975E-07, 0.00911796464683155
1.75481703125E-07, 0.00906638519008728
1.7548365625E-07, 0.00894203311795709
1.75485609375E-07, 0.00861907342881085
1.754875625E-07, 0.00890085462329266
1.75489515625E-07, 0.00997996651568453
1.7549146875E-07, 0.00975117594568565
1.75493421875E-07, 0.0102961370125358
1.75495375E-07, 0.00994636417025622
1.75497328125E-07, 0.0100632584700289
1.7549928125E-07, 0.0109188510050082
1.75501234375E-07, 0.0108702094343997
1.755031875E-07, 0.0105203797204379
1.75505140625E-07, 0.0116943756880716
1.7550709375E-07, 0.0111099679123829
1.75509046875E-07, 0.0118446230530509
1.75511E-07, 0.0113616742453949
1.75512953125E-07, 0.0121252316642208
1.7551490625E-07, 0.0124024495000439
1.75516859375E-07, 0.0117744904425474
1.755188125E-07, 0.0127280719512189
1.75520765625E-07, 0.0134660573721512
1.7552271875E-07, 0.012948358887444
1.75524671875E-07, 0.0135097491721355
1.75526625E-07, 0.0133982757771481
1.75528578125E-07, 0.0138468977873027
1.7553053125E-07, 0.0132815231648218
1.75532484375E-07, 0.0139935097916803
1.755344375E-07, 0.0137029621060871
1.75536390625E-07, 0.0142163321401316
1.7553834375E-07, 0.0138360132229484
1.75540296875E-07, 0.0138768452019647
1.7554225E-07, 0.0140867609864278
1.75544203125E-07, 0.0141065133681548
1.7554615625E-07, 0.014262331757524
1.75548109375E-07, 0.0137144197107267
1.755500625E-07, 0.0144712911989067
1.75552015625E-07, 0.0142116078953635
1.7555396875E-07, 0.0134353665033129
1.75555921875E-07, 0.0143529743190967
1.75557875E-07, 0.0136554019837575
1.75559828125E-07, 0.0141984164433898
1.7556178125E-07, 0.0140772173313878
1.75563734375E-07, 0.0135508803189226
1.755656875E-07, 0.01368448117371
1.75567640625E-07, 0.0139911007988535
1.7556959375E-07, 0.0134360765712699
1.75571546875E-07, 0.0132049950628649
1.755735E-07, 0.0128487656854209
1.75575453125E-07, 0.0127390919514642
1.7557740625E-07, 0.0121160054990874
1.75579359375E-07, 0.0126055228328812
1.755813125E-07, 0.012382347141097
1.75583265625E-07, 0.0119353275596599
1.7558521875E-07, 0.0122423317519142
1.75587171875E-07, 0.0117973110284432
1.75589125E-07, 0.0107719624851629
1.75591078125E-07, 0.0108271819651091
1.7559303125E-07, 0.0108463471148471
1.75594984375E-07, 0.010524518106696
1.755969375E-07, 0.0100662279831936
1.75598890625E-07, 0.0104430964825074
1.7560084375E-07, 0.00975790065385457
1.75602796875E-07, 0.00935374521931569
1.7560475E-07, 0.00926135435666912
1.75606703125E-07, 0.00965029196593203
1.7560865625E-07, 0.00839655854616795
1.75610609375E-07, 0.00926446968630621
1.756125625E-07, 0.00834424955684319
1.75614515625E-07, 0.00819307213554539
1.7561646875E-07, 0.00770897893789769
1.75618421875E-07, 0.0072444786318355
1.75620375E-07, 0.00749300597250061
1.75622328125E-07, 0.00712685527885123
1.7562428125E-07, 0.00643545044267331
1.75626234375E-07, 0.00662617363582047
1.756281875E-07, 0.00597925480577795
1.75630140625E-07, 0.00621415474477928
1.7563209375E-07, 0.00628969178299585
1.75634046875E-07, 0.0056875014826503
1.75636E-07, 0.00527956270602963
1.75637953125E-07, 0.00540751979471136
1.7563990625E-07, 0.00555309820035714
1.75641859375E-07, 0.0053677999061532
1.756438125E-07, 0.00450469290292314
1.75645765625E-07, 0.00492850717292437
1.7564771875E-07, 0.00513362176546542
1.75649671875E-07, 0.00390077523497152
1.75651625E-07, 0.00492769774130557
1.75653578125E-07, 0.00388002157127264
1.7565553125E-07, 0.00435081416854529
1.75657484375E-07, 0.00476953456739644
1.756594375E-07, 0.00493938584351826
1.75661390625E-07, 0.00409187060261638
1.7566334375E-07, 0.00382637231294816
1.75665296875E-07, 0.00356395043434499
1.7566725E-07, 0.00360367637242047
1.75669203125E-07, 0.00379108475126866
1.7567115625E-07, 0.00411994806598058
1.75673109375E-07, 0.00372770705968638
1.756750625E-07, 0.0041258142579814
1.75677015625E-07, 0.00368305155789731
1.7567896875E-07, 0.00509155874869103
1.75680921875E-07, 0.003911365998725
1.75682875E-07, 0.00413584997218081
1.75684828125E-07, 0.00476645824467352
1.7568678125E-07, 0.00389175338316498
1.75688734375E-07, 0.00376476408431959
1.756906875E-07, 0.00515263084457889
1.75692640625E-07, 0.00507122321984233
1.7569459375E-07, 0.00487797213743003
1.75696546875E-07, 0.00585609208501958
1.756985E-07, 0.00462362427856032
1.75700453125E-07, 0.00488197379054415
1.7570240625E-07, 0.00430829727769128
1.75704359375E-07, 0.0047283878924441
1.757063125E-07, 0.00448897655737046
1.75708265625E-07, 0.00525677593399095
1.7571021875E-07, 0.0045515027282335
1.75712171875E-07, 0.00673328418290799
1.75714125E-07, 0.00610356834722201
1.75716078125E-07, 0.00597328006003034
1.7571803125E-07, 0.00643153352541977
1.75719984375E-07, 0.00631089380059172
1.757219375E-07, 0.00607398986033739
1.75723890625E-07, 0.0071652338027186
1.7572584375E-07, 0.00517155245066126
1.75727796875E-07, 0.00741993840280577
1.7572975E-07, 0.0071037018839514
1.75731703125E-07, 0.00718672434183905
1.7573365625E-07, 0.0070770667771502
1.75735609375E-07, 0.00864392476256652
1.757375625E-07, 0.00809251733333203
1.75739515625E-07, 0.00718553844662224
1.7574146875E-07, 0.0071550978358266
1.75743421875E-07, 0.00714391583733116
1.75745375E-07, 0.00714856881559127
1.75747328125E-07, 0.00801058381021865
1.7574928125E-07, 0.00820443625981392
1.75751234375E-07, 0.00883210918442773
1.757531875E-07, 0.00922492905815298
1.75755140625E-07, 0.00829114559397752
1.7575709375E-07, 0.00831331065891126
1.75759046875E-07, 0.0090169091485873
1.75761E-07, 0.00904878529782771
1.75762953125E-07, 0.0092759952622021
1.7576490625E-07, 0.00801120413643727
1.75766859375E-07, 0.00871704222816051
1.757688125E-07, 0.00916251243712546
1.75770765625E-07, 0.00915261646173177
1.7577271875E-07, 0.0102008686549864
1.75774671875E-07, 0.0101604753902846
1.75776625E-07, 0.00969948031172282
1.75778578125E-07, 0.00940898274455226
1.7578053125E-07, 0.00937811259432032
1.75782484375E-07, 0.00884345280859174
1.757844375E-07, 0.0095516467631795
1.75786390625E-07, 0.00870868198911528
1.7578834375E-07, 0.00948035004900732
1.75790296875E-07, 0.00996339927483718
1.7579225E-07, 0.0098327372811932
1.75794203125E-07, 0.00950011040272233
1.7579615625E-07, 0.00936027270032294
1.75798109375E-07, 0.0104249562516951
1.758000625E-07, 0.0108929381466013
1.75802015625E-07, 0.0115069878477818
1.7580396875E-07, 0.0111687083549206
1.75805921875E-07, 0.0102907585105506
1.75807875E-07, 0.0101783327091141
1.75809828125E-07, 0.0106057144673896
1.7581178125E-07, 0.0101976973089231
1.75813734375E-07, 0.0106610416895275
1.758156875E-07, 0.0117637224224217
1.75817640625E-07, 0.0111428062086323
1.7581959375E-07, 0.0109894543142239
1.75821546875E-07, 0.0112743370192535
1.758235E-07, 0.00968844314331523
1.75825453125E-07, 0.0105211419549825
1.7582740625E-07, 0.011422155200556
1.75829359375E-07, 0.0113383028726628
1.758313125E-07, 0.0111007473723598
1.75833265625E-07, 0.0104242035344134
1.7583521875E-07, 0.0112965875249853
1.75837171875E-07, 0.0111091215527472
1.75839125E-07, 0.0117895485915147
1.75841078125E-07, 0.0118014826519504
1.7584303125E-07, 0.012272846333802
1.75844984375E-07, 0.0109612123778274
1.758469375E-07, 0.0112141271948949
1.75848890625E-07, 0.0117915709453147
1.7585084375E-07, 0.0112031676478106
1.75852796875E-07, 0.0113811131598356
1.7585475E-07, 0.0130222828678934
1.75856703125E-07, 0.0124193055034061
1.7585865625E-07, 0.0122640367302022
1.75860609375E-07, 0.0121878646688072
1.758625625E-07, 0.0122223311500338
1.75864515625E-07, 0.0124127962595169
1.7586646875E-07, 0.0121006936698064
1.75868421875E-07, 0.0124209464112837
1.75870375E-07, 0.0120790351373138
1.75872328125E-07, 0.0118387881997308
1.7587428125E-07, 0.0116261680142954
1.75876234375E-07, 0.0127112877568379
1.758781875E-07, 0.0126159818254278
1.75880140625E-07, 0.0120578392374218
1.7588209375E-07, 0.0129059266211329
1.75884046875E-07, 0.012446601445643
1.75886E-07, 0.0127084650779551
1.75887953125E-07, 0.0126762663358749
1.7588990625E-07, 0.0129690042005498
1.75891859375E-07, 0.0130282563003027
1.758938125E-07, 0.0124714959962394
1.75895765625E-07, 0.0130591674690975
1.7589771875E-07, 0.0125410094254754
1.75899671875E-07, 0.0123310500546722
1.75901625E-07, 0.0130110899320911
1.75903578125E-07, 0.0133076668735802
1.7590553125E-07, 0.0133370637209353
1.75907484375E-07, 0.01306065532817
1.759094375E-07, 0.012613013742717
1.75911390625E-07, 0.0130090954272293
1.7591334375E-07, 0.012386593113121
1.75915296875E-07, 0.0125433523524881
1.7591725E-07, 0.0127749924057967
1.75919203125E-07, 0.0122357456077304
1.7592115625E-07, 0.0126288493346253
1.75923109375E-07, 0.0124371292177437
1.759250625E-07, 0.0125140427333484
1.75927015625E-07, 0.0127205486864887
1.7592896875E-07, 0.0117946346872824
1.75930921875E-07, 0.0121912630213266
1.75932875E-07, 0.0122611841304717
1.75934828125E-07, 0.0118931880012559
1.7593678125E-07, 0.011908474517607
1.75938734375E-07, 0.0114053251422904
1.759406875E-07, 0.0118922120025604
1.75942640625E-07, 0.0117484480765402
1.7594459375E-07, 0.0108456319255205
1.75946546875E-07, 0.0108253155156364
1.759485E-07, 0.0108147577224739
1.75950453125E-07, 0.0110117217589967
1.7595240625E-07, 0.010303354544965
1.75954359375E-07, 0.00902087887786623
1.759563125E-07, 0.00992088037242708
1.75958265625E-07, 0.00928081661497357
1.7596021875E-07, 0.00748291680232784
1.75962171875E-07, 0.00789308978963832
1.75964125E-07, 0.0086979733716607
1.75966078125E-07, 0.00915753898665917
1.7596803125E-07, 0.00884301115620882
1.75969984375E-07, 0.00755007366903484
1.759719375E-07, 0.00816345221334157
1.75973890625E-07, 0.00699234755336971
1.7597584375E-07, 0.00714477159054951
1.75977796875E-07, 0.00748962987208214
1.7597975E-07, 0.0050067820131968
1.75981703125E-07, 0.00649385502489326
1.7598365625E-07, 0.00529258076955843
1.75985609375E-07, 0.0056582441158076
1.759875625E-07, 0.00533033734934043
1.75989515625E-07, 0.00475455630266537
1.7599146875E-07, 0.00498087734653031
1.75993421875E-07, 0.00323847168053766
1.75995375E-07, 0.00266267434432344
1.75997328125E-07, 0.00162790581210478
1.7599928125E-07, 0.00120450565509334
1.76001234375E-07, 0.00312052044754328
1.760031875E-07, 0.00277044257251676
1.76005140625E-07, 0.00232038975391045
1.7600709375E-07, 0.00176127456063182
1.76009046875E-07, 0.000966533833395571
1.76011E-07, 0.00092490614528652
1.76012953125E-07, -0.00057597364448019
1.7601490625E-07, -0.00105771556581968
1.76016859375E-07, -0.000352447667636473
1.760188125E-07, -0.00113885511673295
1.76020765625E-07, -0.0010524969738256
1.7602271875E-07, -0.0030938543019185
1.76024671875E-07, -0.00377294468599945
1.76026625E-07, -0.00275244195968517
1.76028578125E-07, -0.00430668819377158
1.7603053125E-07, -0.0041348444777716
1.76032484375E-07, -0.00454903584590006
1.760344375E-07, -0.00515870208231917
1.76036390625E-07, -0.00433088401873808
1.7603834375E-07, -0.00702366637082875
1.76040296875E-07, -0.00612735233650842
1.7604225E-07, -0.00741979043334204
1.76044203125E-07, -0.00639026844230784
1.7604615625E-07, -0.00782261293901424
1.76048109375E-07, -0.00751825542583383
1.760500625E-07, -0.00989663954405349
1.76052015625E-07, -0.00996261825651146
1.7605396875E-07, -0.00840052312174509
1.76055921875E-07, -0.00970381744077103
1.76057875E-07, -0.0092903197976368
1.76059828125E-07, -0.0121638247732259
1.7606178125E-07, -0.0113072325348562
1.76063734375E-07, -0.0113760054922102
1.760656875E-07, -0.0121476212017711
1.76067640625E-07, -0.0122930553768681
1.7606959375E-07, -0.0139621833417262
1.76071546875E-07, -0.0133958784805468
1.760735E-07, -0.015657297974407
1.76075453125E-07, -0.0148184737035704
1.7607740625E-07, -0.0158470970150915
1.76079359375E-07, -0.0155356827478281
1.760813125E-07, -0.0148840506782939
1.76083265625E-07, -0.0156399547596166
1.7608521875E-07, -0.014806967756248
1.76087171875E-07, -0.0164738825562515
1.76089125E-07, -0.0162508093835537
1.76091078125E-07, -0.0155992919407682
1.7609303125E-07, -0.0164867613217797
1.76094984375E-07, -0.0171658761393923
1.760969375E-07, -0.0169324325141674
1.76098890625E-07, -0.0162530068550544
1.7610084375E-07, -0.0169743336085273
1.76102796875E-07, -0.016823920427443
1.7610475E-07, -0.0171411697021045
1.76106703125E-07, -0.0168451602852884
1.7610865625E-07, -0.017304274046893
1.76110609375E-07, -0.0172117068616754
1.761125625E-07, -0.0160156086684124
1.76114515625E-07, -0.01563182002939
1.7611646875E-07, -0.0159896819897725
1.76118421875E-07, -0.0164512265523941
1.76120375E-07, -0.0167147052796375
1.76122328125E-07, -0.017590190170776
1.7612428125E-07, -0.0159135218387096
1.76126234375E-07, -0.0163009752449153
1.761281875E-07, -0.0151867334613387
1.76130140625E-07, -0.0163034277035564
1.7613209375E-07, -0.0156900520816048
1.76134046875E-07, -0.0139543610796335
1.76136E-07, -0.013894233652847
1.76137953125E-07, -0.015341532625369
1.7613990625E-07, -0.0145186317589128
1.76141859375E-07, -0.0136793284257158
1.761438125E-07, -0.0124223724134553
1.76145765625E-07, -0.0130312663844424
1.7614771875E-07, -0.0137024384001947
1.76149671875E-07, -0.012406341167209
1.76151625E-07, -0.0126074014906073
1.76153578125E-07, -0.012386296169682
1.7615553125E-07, -0.0114052016582289
1.76157484375E-07, -0.0128505198497927
1.761594375E-07, -0.0101278557303481
1.76161390625E-07, -0.011053561451465
1.7616334375E-07, -0.00914292963515197
1.76165296875E-07, -0.00884295027138398
1.7616725E-07, -0.0106094230113947
1.76169203125E-07, -0.010401362541985
1.7617115625E-07, -0.0100665235616447
1.76173109375E-07, -0.00843716999756121
1.761750625E-07, -0.0090318222430784
1.76177015625E-07, -0.00669654973562392
1.7617896875E-07, -0.00875495720905936
1.76180921875E-07, -0.00743353608165206
1.76182875E-07, -0.00753924064401435
1.76184828125E-07, -0.00602874876301838
1.7618678125E-07, -0.00798313834610933
1.76188734375E-07, -0.00688178567592282
1.761906875E-07, -0.00685254066974381
1.76192640625E-07, -0.00603193071231441
1.7619459375E-07, -0.00532914604648139
1.76196546875E-07, -0.00649864262385317
1.761985E-07, -0.00596955370421259
1.76200453125E-07, -0.00686335814199852
1.7620240625E-07, -0.00545317119951275
1.76204359375E-07, -0.00586778287329197
1.762063125E-07, -0.00544327701564349
1.76208265625E-07, -0.00544501157407029
1.7621021875E-07, -0.00541759305186555
1.76212171875E-07, -0.00562196061338517
1.76214125E-07, -0.00604792426357557
1.76216078125E-07, -0.00549233217462668
1.7621803125E-07, -0.00523967659830571
1.76219984375E-07, -0.00617530480160235
1.762219375E-07, -0.00530105002826617
1.76223890625E-07, -0.00564441825321942
1.7622584375E-07, -0.00575122579345061
1.76227796875E-07, -0.00557340830941799
1.7622975E-07, -0.00610982292419992
1.76231703125E-07, -0.00636484481987367
1.7623365625E-07, -0.00653286742949168
1.76235609375E-07, -0.0064209973819652
1.762375625E-07, -0.00704735556856054
1.76239515625E-07, -0.00720412367180219
1.7624146875E-07, -0.00637578533879181
1.76243421875E-07, -0.00701637082556193
1.76245375E-07, -0.00739160392073262
1.76247328125E-07, -0.00760340843276174
1.7624928125E-07, -0.00787042200879873
1.76251234375E-07, -0.00785962847557232
1.762531875E-07, -0.00890301218800941
1.76255140625E-07, -0.0073257090390522
1.7625709375E-07, -0.00816189309388159
1.76259046875E-07, -0.00851227574438323
1.76261E-07, -0.00804728601005338
1.76262953125E-07, -0.010060012620732
1.7626490625E-07, -0.00837836760683052
1.76266859375E-07, -0.00959024051612645
1.762688125E-07, -0.00961032357089837
1.76270765625E-07, -0.00905222415643242
1.7627271875E-07, -0.00962544246439893
1.76274671875E-07, -0.010911200521836
1.76276625E-07, -0.00999465322477285
1.76278578125E-07, -0.0101244904276397
1.7628053125E-07, -0.00993194515012432
1.76282484375E-07, -0.0108085435533866
1.762844375E-07, -0.0113977208476702
1.76286390625E-07, -0.0106904278858798
1.7628834375E-07, -0.0106067451642348
1.76290296875E-07, -0.0112665517688337
1.7629225E-07, -0.0111782275105253
1.76294203125E-07, -0.010772549015619
1.7629615625E-07, -0.0103177687836896
1.76298109375E-07, -0.0106848968319653
1.763000625E-07, -0.0104197418300477
1.76302015625E-07, -0.0105538615443124
1.7630396875E-07, -0.0117336033774565
1.76305921875E-07, -0.0103034599789588
1.76307875E-07, -0.0109297866958211
1.76309828125E-07, -0.0106869632901272
1.7631178125E-07, -0.0102166042122852
1.76313734375E-07, -0.0115950982042873
1.763156875E-07, -0.010961182719077
1.76317640625E-07, -0.0108661554167521
1.7631959375E-07, -0.00960684917652371
1.76321546875E-07, -0.0111799343803583
1.763235E-07, -0.0105074232733323
1.76325453125E-07, -0.0100707894701405
1.7632740625E-07, -0.0100469896083861
1.76329359375E-07, -0.00983656909591059
1.763313125E-07, -0.00979789747294627
1.76333265625E-07, -0.0106712079303362
1.7633521875E-07, -0.0101085362042157
1.76337171875E-07, -0.00968426275529821
1.76339125E-07, -0.00969926449328364
1.76341078125E-07, -0.00910114821924597
1.7634303125E-07, -0.00915563576285592
1.76344984375E-07, -0.00915203722473317
1.763469375E-07, -0.00869330202233912
1.76348890625E-07, -0.00859839372700289
1.7635084375E-07, -0.00838146104738049
1.76352796875E-07, -0.00841381755093904
1.7635475E-07, -0.00801964206917092
1.76356703125E-07, -0.00796375916547506
1.7635865625E-07, -0.00856957071539766
1.76360609375E-07, -0.00797274685444407
1.763625625E-07, -0.00810106446902919
1.76364515625E-07, -0.00749348024978451
1.7636646875E-07, -0.00697731099571829
1.76368421875E-07, -0.00714195024525473
1.76370375E-07, -0.00706297804302823
1.76372328125E-07, -0.00636765528812632
1.7637428125E-07, -0.00695560778348737
1.76376234375E-07, -0.00678308971599163
1.763781875E-07, -0.00658530093283094
1.76380140625E-07, -0.00649038222085789
1.7638209375E-07, -0.00603128909123678
1.76384046875E-07, -0.00598351308607653
1.76386E-07, -0.00576233777061874
1.76387953125E-07, -0.00570273853681308
1.7638990625E-07, -0.00518750469412952
1.76391859375E-07, -0.00536762831891839
1.763938125E-07, -0.00543691710301906
1.76395765625E-07, -0.00525587025547572
1.7639771875E-07, -0.00520786438234573
1.76399671875E-07, -0.00498705725878891
1.76401625E-07, -0.00518355851162336
1.76403578125E-07, -0.00520230168459548
1.7640553125E-07, -0.00482462490004817
1.76407484375E-07, -0.00478373725589175
1.764094375E-07, -0.00457236909394995
1.76411390625E-07, -0.00444263814514827
1.7641334375E-07, -0.00476926644056387
1.76415296875E-07, -0.00460974447949933
1.7641725E-07, -0.00470931821879407
1.76419203125E-07, -0.00479461773340264
1.7642115625E-07, -0.00461283284647297
1.76423109375E-07, -0.00423851802888905
1.764250625E-07, -0.00456728765315825
1.76427015625E-07, -0.00449130513777633
1.7642896875E-07, -0.0041736199415895
1.76430921875E-07, -0.00470028402654265
1.76432875E-07, -0.00420722938501936
1.76434828125E-07, -0.00440124135823244
1.7643678125E-07, -0.00430831918136206
1.76438734375E-07, -0.00430472635251176
1.764406875E-07, -0.00416220540469496
1.76442640625E-07, -0.00407445329262723
1.7644459375E-07, -0.00411101494312237
1.76446546875E-07, -0.00366529306171721
1.764485E-07, -0.00448789884809482
1.76450453125E-07, -0.00384214059477538
1.7645240625E-07, -0.00410005079535512
1.76454359375E-07, -0.00433325941502088
1.764563125E-07, -0.00385782961816754
1.76458265625E-07, -0.003896459789579
1.7646021875E-07, -0.00391312967713338
1.76462171875E-07, -0.00415082228162587
1.76464125E-07, -0.0040540742964368
1.76466078125E-07, -0.00437732967404228
1.7646803125E-07, -0.00424828410518548
1.76469984375E-07, -0.00440374386706863
1.764719375E-07, -0.00412237627071187
1.76473890625E-07, -0.00366875478028623
1.7647584375E-07, -0.0044860929266202
1.76477796875E-07, -0.00399319055432864
1.7647975E-07, -0.00421179945486616
1.76481703125E-07, -0.00395621025796184
1.7648365625E-07, -0.00398497813678322
1.76485609375E-07, -0.00414600058167322
1.764875625E-07, -0.0044750733089507
1.76489515625E-07, -0.00423076967702825
1.7649146875E-07, -0.00386869973098902
1.76493421875E-07, -0.00433503303153335
1.76495375E-07, -0.00333839813068963
1.76497328125E-07, -0.00460282578681096
1.7649928125E-07, -0.00384411181434081
1.76501234375E-07, -0.0044215982172065
1.765031875E-07, -0.0036140569816966
1.76505140625E-07, -0.00346092230253081
1.7650709375E-07, -0.00376352999427103
1.76509046875E-07, -0.00408689013548815
1.76511E-07, -0.00393925499919774
1.76512953125E-07, -0.00343583947306367
1.7651490625E-07, -0.00426565523043588
1.76516859375E-07, -0.00423489400158098
1.765188125E-07, -0.00351128674399043
1.76520765625E-07, -0.00390229535837945
1.7652271875E-07, -0.00374481609391049
1.76524671875E-07, -0.00349094033910925
1.76526625E-07, -0.0033891329095289
1.76528578125E-07, -0.00395242451931308
1.7653053125E-07, -0.00361385946523267
1.76532484375E-07, -0.00439807190148348
1.765344375E-07, -0.00342471269520799
1.76536390625E-07, -0.00366235716019
1.7653834375E-07, -0.00383331206002322
1.76540296875E-07, -0.00348873814264853
1.7654225E-07, -0.00295076209518106
1.76544203125E-07, -0.00351958638567787
1.7654615625E-07, -0.00372847384401826
1.76548109375E-07, -0.00385400120664295
1.765500625E-07, -0.00364798330453304
1.76552015625E-07, -0.00365718516191031
1.7655396875E-07, -0.00438950377236695
1.76555921875E-07, -0.0040584636720651
1.76557875E-07, -0.00384244902154145
1.76559828125E-07, -0.00374652448227664
1.7656178125E-07, -0.00300817207535947
1.76563734375E-07, -0.00244395748500936
1.765656875E-07, -0.00337346301689664
1.76567640625E-07, -0.00368959624523236
1.7656959375E-07, -0.00357476788344092
1.76571546875E-07, -0.00355789464979207
1.765735E-07, -0.00359254385715163
1.76575453125E-07, -0.00331569344322662
1.7657740625E-07, -0.00357684737726674
1.76579359375E-07, -0.00392835660309839
1.765813125E-07, -0.00379704793710902
1.76583265625E-07, -0.00357376761752201
1.7658521875E-07, -0.00381050460138691
1.76587171875E-07, -0.00371198348827105
1.76589125E-07, -0.00389127629021198
1.76591078125E-07, -0.00356484202733988
1.7659303125E-07, -0.00388287418498027
1.76594984375E-07, -0.00360550865702246
1.765969375E-07, -0.00355208133190566
1.76598890625E-07, -0.00347269506025794
1.7660084375E-07, -0.00342766455290678
1.76602796875E-07, -0.00348650541507654
1.7660475E-07, -0.0037528987616694
1.76606703125E-07, -0.0034793960939361
1.7660865625E-07, -0.00326953519415488
1.76610609375E-07, -0.00358139072679215
1.766125625E-07, -0.00355909192698884
1.76614515625E-07, -0.00357414694777987
1.7661646875E-07, -0.00387422143181975
1.76618421875E-07, -0.00361009040267497
1.76620375E-07, -0.00369314347275475
1.76622328125E-07, -0.00363363428248301
1.7662428125E-07, -0.00341680967576221
1.76626234375E-07, -0.00369309132949164
1.766281875E-07, -0.00388430002716929
1.76630140625E-07, -0.00341634017989569
1.7663209375E-07, -0.0037649216297338
1.76634046875E-07, -0.00351923073422952
1.76636E-07, -0.00374350972451411
1.76637953125E-07, -0.0036860261787478
1.7663990625E-07, -0.00359748189112401
1.76641859375E-07, -0.00365499217313737
1.766438125E-07, -0.00342838271625658
1.76645765625E-07, -0.00358622940515608
1.7664771875E-07, -0.00336712328075643
1.76649671875E-07, -0.00339584440065628
1.76651625E-07, -0.00342624472572184
1.76653578125E-07, -0.00354970130254622
1.7665553125E-07, -0.00298757135203752
1.76657484375E-07, -0.00350553617713365
1.766594375E-07, -0.00337071772109368
1.76661390625E-07, -0.00325771087583871
1.7666334375E-07, -0.0033623766527033
1.76665296875E-07, -0.00329495288784905
1.7666725E-07, -0.00350870153313166
1.76669203125E-07, -0.00316389498209946
1.7667115625E-07, -0.00303758889955906
1.76673109375E-07, -0.00309309018321402
1.766750625E-07, -0.00264222938146042
1.76677015625E-07, -0.00311589722936237
1.7667896875E-07, -0.00299115045399661
1.76680921875E-07, -0.00313404113698915
1.76682875E-07, -0.00298535895270473
1.76684828125E-07, -0.00362286830731713
1.7668678125E-07, -0.0030850342923847
1.76688734375E-07, -0.00263415483555718
1.766906875E-07, -0.00263801552349218
1.76692640625E-07, -0.00231697548619596
1.7669459375E-07, -0.00259445572497983
1.76696546875E-07, -0.00231441748180418
1.766985E-07, -0.00252934077746483
1.76700453125E-07, -0.00269563791946301
1.7670240625E-07, -0.00252876919483488
1.76704359375E-07, -0.0020944906818576
1.767063125E-07, -0.00218559113260834
1.76708265625E-07, -0.00231010762492074
1.7671021875E-07, -0.00241996222050984
1.76712171875E-07, -0.00300357950305243
1.76714125E-07, -0.00264278530788341
1.76716078125E-07, -0.00216271654012357
1.7671803125E-07, -0.00266449276659817
1.76719984375E-07, -0.00227261994660234
1.767219375E-07, -0.00257747517644655
1.76723890625E-07, -0.00217334322348289
1.7672584375E-07, -0.00259267112993409
1.76727796875E-07, -0.00210307991658091
1.7672975E-07, -0.00252387096687088
1.76731703125E-07, -0.00233969674492758
1.7673365625E-07, -0.0021803916617839
1.76735609375E-07, -0.00239965412113306
1.767375625E-07, -0.00265872294849123
1.76739515625E-07, -0.00257624082962383
1.7674146875E-07, -0.00236984356842761
1.76743421875E-07, -0.00279315552219067
1.76745375E-07, -0.00238926370944992
1.76747328125E-07, -0.00243610802923816
1.7674928125E-07, -0.00252410177960715
1.76751234375E-07, -0.00248131156758685
1.767531875E-07, -0.00238181255840299
1.76755140625E-07, -0.00308660563824164
1.7675709375E-07, -0.00295296162978283
1.76759046875E-07, -0.00311705924918086
1.76761E-07, -0.00268184766748104
1.76762953125E-07, -0.00246582306134713
1.7676490625E-07, -0.00277350698214121
1.76766859375E-07, -0.00277455899580151
1.767688125E-07, -0.0031276160256693
1.76770765625E-07, -0.00325011030401145
1.7677271875E-07, -0.0028780402899071
1.76774671875E-07, -0.00306408334039242
1.76776625E-07, -0.00308879067805307
1.76778578125E-07, -0.00359316335026186
1.7678053125E-07, -0.0028297973119364
1.76782484375E-07, -0.00302136115368523
1.767844375E-07, -0.00308742335585567
1.76786390625E-07, -0.00423186654484871
1.7678834375E-07, -0.00303035798581494
1.76790296875E-07, -0.00305737987301973
1.7679225E-07, -0.00309015290765005
1.76794203125E-07, -0.00386569901743221
1.7679615625E-07, -0.00230666807852928
1.76798109375E-07, -0.00339429503547723
1.768000625E-07, -0.00265407542615839
1.76802015625E-07, -0.00279064267264887
1.7680396875E-07, -0.00306655767990755
1.76805921875E-07, -0.00339003943062951
1.76807875E-07, -0.00295913170869201
1.76809828125E-07, -0.00286269162613188
1.7681178125E-07, -0.00219597581394474
1.76813734375E-07, -0.00327572278848784
1.768156875E-07, -0.00352582339346201
1.76817640625E-07, -0.00272745747997767
1.7681959375E-07, -0.00231106910519788
1.76821546875E-07, -0.00222519967727512
1.768235E-07, -0.00286588783205429
1.76825453125E-07, -0.00102155980629224
1.7682740625E-07, -0.00145713047379519
1.76829359375E-07, -0.00137562463173319
1.768313125E-07, -0.000825693083189333
1.76833265625E-07, -0.00165405237971914
1.7683521875E-07, -0.000409870593368819
1.76837171875E-07, -0.00110237756300708
1.76839125E-07, -0.000435364781799075
1.76841078125E-07, -0.000345998007208483
1.7684303125E-07, -0.000260827665858609
1.76844984375E-07, 0.000668455375302198
1.768469375E-07, 0.000381549172250843
1.76848890625E-07, 0.00100080135593795
1.7685084375E-07, 0.00160466075512192
1.76852796875E-07, 0.00231362965115426
1.7685475E-07, 0.00121098259860919
1.76856703125E-07, 0.00190765266331329
1.7685865625E-07, 0.00246983218841206
1.76860609375E-07, 0.00322502637957205
1.768625625E-07, 0.00260797709655512
1.76864515625E-07, 0.00318882892737535
1.7686646875E-07, 0.00376706647100582
1.76868421875E-07, 0.00305526312951602
1.76870375E-07, 0.00447147176892889
1.76872328125E-07, 0.00405998210804935
1.7687428125E-07, 0.00465243159001138
1.76876234375E-07, 0.00460052548718183
1.768781875E-07, 0.00578322977731073
1.76880140625E-07, 0.00603767678497302
1.7688209375E-07, 0.00559599458511806
1.76884046875E-07, 0.00623476117402421
1.76886E-07, 0.00607718283696599
1.76887953125E-07, 0.00692512261709937
1.7688990625E-07, 0.0067627184195083
1.76891859375E-07, 0.00593228049934515
1.768938125E-07, 0.00695590878332179
1.76895765625E-07, 0.00739302771169147
1.7689771875E-07, 0.00728221046660309
1.76899671875E-07, 0.0076122712165547
1.76901625E-07, 0.00716525157248881
1.76903578125E-07, 0.00594932148983412
1.7690553125E-07, 0.00759511683264932
1.76907484375E-07, 0.00771169503788803
1.769094375E-07, 0.0080344345433359
1.76911390625E-07, 0.00775621127309117
1.7691334375E-07, 0.00761607223357971
1.76915296875E-07, 0.007750414287378
1.7691725E-07, 0.00815590350170181
1.76919203125E-07, 0.00797883952466978
1.7692115625E-07, 0.00798839588547584
1.76923109375E-07, 0.00787176957483667
1.769250625E-07, 0.00791111892223437
1.76927015625E-07, 0.00772722279773762
1.7692896875E-07, 0.0075966811117612
1.76930921875E-07, 0.0067991141191921
1.76932875E-07, 0.00716089234622085
1.76934828125E-07, 0.00689526798133705
1.7693678125E-07, 0.00687892732118634
1.76938734375E-07, 0.00654300009915895
1.769406875E-07, 0.00602659283913105
1.76942640625E-07, 0.00562578813839776
1.7694459375E-07, 0.00614253327325625
1.76946546875E-07, 0.00620726709579252
1.769485E-07, 0.00619680445314572
1.76950453125E-07, 0.00489511689083712
1.7695240625E-07, 0.00573055654145372
1.76954359375E-07, 0.00479238397860498
1.769563125E-07, 0.00460599124498352
1.76958265625E-07, 0.00433615862945925
1.7696021875E-07, 0.00320013599979777
1.76962171875E-07, 0.0038859725374415
1.76964125E-07, 0.00316879686122635
1.76966078125E-07, 0.00319891595570627
1.7696803125E-07, 0.00309168677989574
1.76969984375E-07, 0.00273450592145029
1.769719375E-07, 0.00303098842878464
1.76973890625E-07, 0.0025601119625866
1.7697584375E-07, 0.00194468741416564
1.76977796875E-07, 0.00166254052794429
1.7697975E-07, 0.00166067424426287
1.76981703125E-07, 0.00155443333078344
1.7698365625E-07, 0.00107153495118871
1.76985609375E-07, 0.00077317637051789
1.769875625E-07, 0.00103782722441181
1.76989515625E-07, 0.000922509559450019
1.7699146875E-07, 0.00116766038379504
1.76993421875E-07, -0.000535705581159082
1.76995375E-07, 0.000669736005160576
1.76997328125E-07, 0.000531510557580613
1.7699928125E-07, -0.000365247001019089
1.77001234375E-07, 0.000136452515070228
1.770031875E-07, -0.000142337681323017
1.77005140625E-07, 0.000629733920722204
1.7700709375E-07, 0.000509760519431296
1.77009046875E-07, -0.000166506782571216
1.77011E-07, -0.000717323879288712
1.77012953125E-07, 0.000176963744426191
1.7701490625E-07, 6.87680067183531E-05
1.77016859375E-07, -0.000378040379936128
1.770188125E-07, -0.000732078136213416
1.77020765625E-07, -0.000826933304290717
1.7702271875E-07, -0.00136401908142226
1.77024671875E-07, -0.00045253372924231
1.77026625E-07, -0.00132931383965233
1.77028578125E-07, -0.000336162311588255
1.7703053125E-07, -0.000681848082160089
1.77032484375E-07, -0.000580672954062862
1.770344375E-07, -0.000701839235847999
1.77036390625E-07, -0.00108965808413788
1.7703834375E-07, -0.000596222838556197
1.77040296875E-07, 0.00015311585730867
1.7704225E-07, -0.00115484574694371
1.77044203125E-07, 0.000218654814011152
1.7704615625E-07, -0.000111019536329933
1.77048109375E-07, 0.000290855504180221
1.770500625E-07, -0.00052566518824675
1.77052015625E-07, -0.000572774725057762
1.7705396875E-07, -4.55101448203319E-05
1.77055921875E-07, -0.000534176068027194
1.77057875E-07, 0.000203189843221335
1.77059828125E-07, 0.000402925850164093
1.7706178125E-07, 6.24866316589778E-05
1.77063734375E-07, 0.00124165692609935
1.770656875E-07, 0.00109140930429128
1.77067640625E-07, 0.00044456748267957
1.7706959375E-07, 0.00014787824840365
1.77071546875E-07, 0.0010346451377514
1.770735E-07, 0.000936245220007546
1.77075453125E-07, 0.000226437908638878
1.7707740625E-07, 0.000191597513528592
1.77079359375E-07, 0.000218046696869226
1.770813125E-07, 0.000730798964610928
1.77083265625E-07, 0.000497211193042084
1.7708521875E-07, 0.000478647825444904
1.77087171875E-07, 0.000809896773691912
1.77089125E-07, 0.000709789959619616
1.77091078125E-07, 0.00109569608727131
1.7709303125E-07, 0.000757369425346042
1.77094984375E-07, 0.000659481808360001
1.770969375E-07, 0.00106087003336361
1.77098890625E-07, 0.000566995158766041
1.7710084375E-07, 0.000672354374388935
1.77102796875E-07, 0.000434896900740622
1.7710475E-07, 0.000601234663982598
1.77106703125E-07, -2.35846949732416E-05
1.7710865625E-07, 0.000293566186963737
1.77110609375E-07, 0.000626140129030163
1.771125625E-07, 0.000459036024025619
1.77114515625E-07, 0.00140631387415821
1.7711646875E-07, 0.00150323669011926
1.77118421875E-07, 0.000836848139718353
1.77120375E-07, 0.000511883434792773
1.77122328125E-07, 7.27520924393662E-06
1.7712428125E-07, 0.000628733335322665
1.77126234375E-07, 0.00134751374662215
1.771281875E-07, 0.0013881999177499
1.77130140625E-07, 0.0017010837122436
1.7713209375E-07, 0.000712316632367048
1.77134046875E-07, 0.00118673935475717
1.77136E-07, 0.0018304007297531
1.77137953125E-07, 0.000877246527513789
1.7713990625E-07, 0.00137520311243663
1.77141859375E-07, 0.00166519762034488
1.771438125E-07, 0.00154057588364127
1.77145765625E-07, 0.00129264262036355
1.7714771875E-07, 0.00155582601826973
1.77149671875E-07, 0.00156157799659446
1.77151625E-07, 0.000654118527477683
1.77153578125E-07, 0.00195872957290945
1.7715553125E-07, 0.00176489364800812
1.77157484375E-07, 0.00224595641392139
1.771594375E-07, 0.00122161331163318
1.77161390625E-07, 0.00261529946470453
1.7716334375E-07, 0.00196210647159353
1.77165296875E-07, 0.0015896206588121
1.7716725E-07, 0.00219588543958012
1.77169203125E-07, 0.00270215198202687
1.7717115625E-07, 0.00268796508828407
1.77173109375E-07, 0.00224063289073042
1.771750625E-07, 0.00354016548040792
1.77177015625E-07, 0.00301569010706835
1.7717896875E-07, 0.0033249064863771
1.77180921875E-07, 0.00395258326187372
1.77182875E-07, 0.0034997816541079
1.77184828125E-07, 0.00363101730495383
1.7718678125E-07, 0.00420287817236041
1.77188734375E-07, 0.00414148712701411
1.771906875E-07, 0.00376271365826417
1.77192640625E-07, 0.00385155758692915
1.7719459375E-07, 0.00432114413341467
1.77196546875E-07, 0.00463507233469706
1.771985E-07, 0.00424756143853739
1.77200453125E-07, 0.00460204393358998
1.7720240625E-07, 0.00423077492074845
1.77204359375E-07, 0.004871713278037
1.772063125E-07, 0.00546016455571676
1.77208265625E-07, 0.0050425389087553
1.7721021875E-07, 0.00535726636743293
1.77212171875E-07, 0.00551613573339716
1.77214125E-07, 0.00477923118958724
1.77216078125E-07, 0.00560098087948468
1.7721803125E-07, 0.00574069354628445
1.77219984375E-07, 0.00580981676142844
1.772219375E-07, 0.00560975968808873
1.77223890625E-07, 0.00584684756515543
1.7722584375E-07, 0.00576836901957092
1.77227796875E-07, 0.0059062168935697
1.7722975E-07, 0.00604686514854912
1.77231703125E-07, 0.0060578772233604
1.7723365625E-07, 0.0061297883228261
1.77235609375E-07, 0.00607621963865598
1.772375625E-07, 0.0055854829313714
1.77239515625E-07, 0.00581999955784893
1.7724146875E-07, 0.00640182087664438
1.77243421875E-07, 0.00606938503998723
1.77245375E-07, 0.00616158809399471
1.77247328125E-07, 0.00663653692295502
1.7724928125E-07, 0.00618892585726955
1.77251234375E-07, 0.00595751420420477
1.772531875E-07, 0.00604758933812787
1.77255140625E-07, 0.00592991210139797
1.7725709375E-07, 0.00509867861374214
1.77259046875E-07, 0.00557144837834811
1.77261E-07, 0.00529668923743714
1.77262953125E-07, 0.0057208530469963
1.7726490625E-07, 0.00634557241851437
1.77266859375E-07, 0.00495204503884814
1.772688125E-07, 0.00515481017886021
1.77270765625E-07, 0.00496888159321279
1.7727271875E-07, 0.00514286857679179
1.77274671875E-07, 0.00448279127700088
1.77276625E-07, 0.00401132475072713
1.77278578125E-07, 0.00465789971712743
1.7728053125E-07, 0.00418792953377375
1.77282484375E-07, 0.00451167987757763
1.772844375E-07, 0.00335254301718478
1.77286390625E-07, 0.00332896609411
1.7728834375E-07, 0.00386883733225646
1.77290296875E-07, 0.00377896705018297
1.7729225E-07, 0.00380620026985992
1.77294203125E-07, 0.0028730322776597
1.7729615625E-07, 0.00297797218439467
1.77298109375E-07, 0.00330138737093559
1.773000625E-07, 0.00247555133909711
1.77302015625E-07, 0.00260052997108053
1.7730396875E-07, 0.002427336621475
1.77305921875E-07, 0.00138757522828132
1.77307875E-07, 0.00207646629952259
1.77309828125E-07, 0.002178702178607
1.7731178125E-07, 0.00230015266980446
1.77313734375E-07, 0.00083685150203516
1.773156875E-07, 0.00107961782068549
1.77317640625E-07, 0.00161078796496111
1.7731959375E-07, 0.00196371602477397
1.77321546875E-07, 0.0014854599445643
1.773235E-07, 0.00189382212095606
1.77325453125E-07, 0.00170665490486113
1.7732740625E-07, 0.00143151065497464
1.77329359375E-07, 0.000966238084761283
1.773313125E-07, 0.00140776326432365
1.77333265625E-07, 0.00113312917617376
1.7733521875E-07, 0.00122937587750325
1.77337171875E-07, 0.000923058664098903
1.77339125E-07, 0.000984054273717894
1.77341078125E-07, 0.000795171132989044
1.7734303125E-07, 0.000986416915734431
1.77344984375E-07, 0.00111129240979446
1.773469375E-07, 0.000812690812654151
1.77348890625E-07, 0.000862479533348586
1.7735084375E-07, 0.000598337296400196
1.77352796875E-07, 0.000928926759159512
1.7735475E-07, 0.00105077676299655
1.77356703125E-07, 0.000919110790776336
1.7735865625E-07, 0.000912969745753477
1.77360609375E-07, 0.00095641908921926
1.773625625E-07, 0.000885196236118163
1.77364515625E-07, 0.00107215140970208
1.7736646875E-07, 0.00112549525168073
1.77368421875E-07, 0.00098787888482276
1.77370375E-07, 0.00142203227228889
1.77372328125E-07, 0.00105100742815796
1.7737428125E-07, 0.00117019865399877
1.77376234375E-07, 0.00131564545610824
1.773781875E-07, 0.00140165205396836
1.77380140625E-07, 0.00124538001434822
1.7738209375E-07, 0.00138683193066707
1.77384046875E-07, 0.00167613256845637
1.77386E-07, 0.00153625654217526
1.77387953125E-07, 0.00128036079870922
1.7738990625E-07, 0.00177649476244241
1.77391859375E-07, 0.00159396567561395
1.773938125E-07, 0.00175021816541586
1.77395765625E-07, 0.00188242136780219
1.7739771875E-07, 0.00178309899959996
1.77399671875E-07, 0.00186102443012762
1.77401625E-07, 0.00170156920937265
1.77403578125E-07, 0.0018999400854931
1.7740553125E-07, 0.00204297163995792
1.77407484375E-07, 0.0018989115838457
1.774094375E-07, 0.00165887516872829
1.77411390625E-07, 0.00189341759546748
1.7741334375E-07, 0.00199684829683788
1.77415296875E-07, 0.00178691017386891
1.7741725E-07, 0.00193087461656653
1.77419203125E-07, 0.00201472567399344
1.7742115625E-07, 0.00177763108231502
1.77423109375E-07, 0.00241067216964942
1.774250625E-07, 0.00187991940844191
1.77427015625E-07, 0.00184104364984897
1.7742896875E-07, 0.00127469780928359
1.77430921875E-07, 0.00123866429877031
1.77432875E-07, 0.00171616566836483
1.77434828125E-07, 0.00148484838880713
1.7743678125E-07, 0.00132587096787939
1.77438734375E-07, 0.00103978443758525
1.774406875E-07, 0.00129643119789795
1.77442640625E-07, 0.000947767786009477
1.7744459375E-07, 0.000856491507932613
1.77446546875E-07, 0.000487207004943176
1.774485E-07, 0.000918087455314721
1.77450453125E-07, 0.00081691090460803
1.7745240625E-07, 0.000257898941635163
1.77454359375E-07, 0.000556954447892116
1.774563125E-07, -2.19315085239601E-05
1.77458265625E-07, 0.000195577002421896
1.7746021875E-07, 0.00030331952739628
1.77462171875E-07, 1.16064855515802E-05
1.77464125E-07, -6.48866075113372E-05
1.77466078125E-07, -0.000422323184165982
1.7746803125E-07, -0.000300643109679068
1.77469984375E-07, -0.000310601671066683
1.774719375E-07, -0.000731430926057018
1.77473890625E-07, -0.000729532989119488
1.7747584375E-07, -0.00127190886491683
1.77477796875E-07, -0.000902093014602593
1.7747975E-07, -0.00117650987701175
1.77481703125E-07, -0.00128796774240187
1.7748365625E-07, -0.00156416977368363
1.77485609375E-07, -0.00149089261423801
1.774875625E-07, -0.00169323951902619
1.77489515625E-07, -0.00179030793344873
1.7749146875E-07, -0.00236533153251529
1.77493421875E-07, -0.00264468154935839
1.77495375E-07, -0.00228415284094855
1.77497328125E-07, -0.00269436982831736
1.7749928125E-07, -0.00255158790126189
1.77501234375E-07, -0.00284947645590562
1.775031875E-07, -0.00293031533380021
1.77505140625E-07, -0.00307793873369931
1.7750709375E-07, -0.00284376922707298
1.77509046875E-07, -0.00319637677417962
1.77511E-07, -0.00304578308042502
1.77512953125E-07, -0.00319175541345157
1.7751490625E-07, -0.00338984297325035
1.77516859375E-07, -0.00331982262690351
1.775188125E-07, -0.00368718454719511
1.77520765625E-07, -0.00353176358161043
1.7752271875E-07, -0.00384730895733826
1.77524671875E-07, -0.00362805737497425
1.77526625E-07, -0.00383311281398109
1.77528578125E-07, -0.00379498510573053
1.7753053125E-07, -0.00412586333456643
1.77532484375E-07, -0.00379436986957405
1.775344375E-07, -0.00331185828703873
1.77536390625E-07, -0.00416483164699627
1.7753834375E-07, -0.00410673985038439
1.77540296875E-07, -0.00421114417079749
1.7754225E-07, -0.00406859059479296
1.77544203125E-07, -0.00434272881154522
1.7754615625E-07, -0.00438564768964378
1.77548109375E-07, -0.00411553741206405
1.775500625E-07, -0.00428306454468164
1.77552015625E-07, -0.00425553614908906
1.7755396875E-07, -0.00423599637704938
1.77555921875E-07, -0.00465076037257806
1.77557875E-07, -0.00456990968956152
1.77559828125E-07, -0.00454938575884987
1.7756178125E-07, -0.00475987618630578
1.77563734375E-07, -0.00447199608761559
1.775656875E-07, -0.00470538611701509
1.77567640625E-07, -0.00425101690257196
1.7756959375E-07, -0.00456993849672371
1.77571546875E-07, -0.00485211460882516
1.775735E-07, -0.00492407548505687
1.77575453125E-07, -0.00421760652093993
1.7757740625E-07, -0.0053406501226075
1.77579359375E-07, -0.00498444034603881
1.775813125E-07, -0.00535109779533501
1.77583265625E-07, -0.00471360535125716
1.7758521875E-07, -0.0057419008601693
1.77587171875E-07, -0.00504953215074916
1.77589125E-07, -0.00516570712089315
1.77591078125E-07, -0.00503032578530684
1.7759303125E-07, -0.00482575473896582
1.77594984375E-07, -0.00523740982897555
1.775969375E-07, -0.00563982858112851
1.77598890625E-07, -0.00509118241115844
1.7760084375E-07, -0.00520728741570978
1.77602796875E-07, -0.00535283013895678
1.7760475E-07, -0.00625947796561217
1.77606703125E-07, -0.00505513264178336
1.7760865625E-07, -0.00545892564835737
1.77610609375E-07, -0.00546471671794434
1.776125625E-07, -0.00577933672783001
1.77614515625E-07, -0.00602683143127928
1.7761646875E-07, -0.0052347803506639
1.77618421875E-07, -0.00547305691619685
1.77620375E-07, -0.00484831370084535
1.77622328125E-07, -0.00550523726588373
1.7762428125E-07, -0.00582661643386524
1.77626234375E-07, -0.00454435529124358
1.776281875E-07, -0.00537874041166851
1.77630140625E-07, -0.00501128637942432
1.7763209375E-07, -0.00547577011136676
1.77634046875E-07, -0.00439678907563224


