File Format, WaveformXYValues
Format Version, 1
Instrument, N1045A,04F,LOJ
SwVersion, A.06.71.21
SerialNumber, MY56260108
Date, 11/29/2023 14:16:12 GMT+08:00

Source Name, Channel 1A

Points, 2048
Signal Type, Unspecified
Channel Bandwidth, 2E+10
Channel Noise, 6.66857143682292E-05
X Units, Second
Y Units, Volt
Data, 
1.73636E-07, -0.00196173759659444
1.73637953125E-07, -0.00145732556158948
1.7363990625E-07, -0.00125844941162769
1.73641859375E-07, -0.000988715766994616
1.736438125E-07, -0.0011861510720926
1.73645765625E-07, -0.00200167088732214
1.7364771875E-07, -0.00135586197915498
1.73649671875E-07, -0.00147666471485867
1.73651625E-07, -0.00172296169239916
1.73653578125E-07, -0.00159069655389267
1.7365553125E-07, -0.00209996665332499
1.73657484375E-07, -0.00162613773089526
1.736594375E-07, -0.00162943349933243
1.73661390625E-07, -0.00163891930677973
1.7366334375E-07, -0.00198193770694377
1.73665296875E-07, -0.00166691506646258
1.7366725E-07, -0.00204174066385592
1.73669203125E-07, -0.00218987573932035
1.7367115625E-07, -0.00183072990198847
1.73673109375E-07, -0.00132512954230057
1.736750625E-07, -0.00167793223821289
1.73677015625E-07, -0.00173846022969736
1.7367896875E-07, -0.00148971015476619
1.73680921875E-07, -0.00171474370980369
1.73682875E-07, -0.00204365771481229
1.73684828125E-07, -0.00162119403523858
1.7368678125E-07, -0.00198888317536209
1.73688734375E-07, -0.00254392718535631
1.736906875E-07, -0.00184035121548588
1.73692640625E-07, -0.00197574290596586
1.7369459375E-07, -0.00183615264272565
1.73696546875E-07, -0.00233190184790612
1.736985E-07, -0.00143685964099356
1.73700453125E-07, -0.00170886166219695
1.7370240625E-07, -0.00186327804802719
1.73704359375E-07, -0.00201936492020862
1.737063125E-07, -0.00199669820794562
1.73708265625E-07, -0.00151123548855465
1.7371021875E-07, -0.00195059185328579
1.73712171875E-07, -0.0020868369621067
1.73714125E-07, -0.00170760447192864
1.73716078125E-07, -0.00231410805458069
1.7371803125E-07, -0.00159758245118941
1.73719984375E-07, -0.00163908862938676
1.737219375E-07, -0.00157907058062467
1.73723890625E-07, -0.00209200575072694
1.7372584375E-07, -0.00197528524478042
1.73727796875E-07, -0.00147999690598968
1.7372975E-07, -0.00180174957439981
1.73731703125E-07, -0.00232765908879934
1.7373365625E-07, -0.00228058354783928
1.73735609375E-07, -0.0023857990136443
1.737375625E-07, -0.00248877150981905
1.73739515625E-07, -0.00169865985976431
1.7374146875E-07, -0.00185063489066168
1.73743421875E-07, -0.00239335536181676
1.73745375E-07, -0.00168504166793711
1.73747328125E-07, -0.00161269625937673
1.7374928125E-07, -0.00178936411306963
1.73751234375E-07, -0.00150987330511686
1.737531875E-07, -0.00225470798169874
1.73755140625E-07, -0.00231259524097411
1.7375709375E-07, -0.00160963511320537
1.73759046875E-07, -0.00174492393086192
1.73761E-07, -0.001522084022187
1.73762953125E-07, -0.00208814114752068
1.7376490625E-07, -0.00232057913225981
1.73766859375E-07, -0.00120032625018195
1.737688125E-07, -0.001732496695508
1.73770765625E-07, -0.00279377049303468
1.7377271875E-07, -0.00159808864594212
1.73774671875E-07, -0.00210885695417805
1.73776625E-07, -0.00207679575664415
1.73778578125E-07, -0.00209587041683208
1.7378053125E-07, -0.0015374506324938
1.73782484375E-07, -0.0019277526704679
1.737844375E-07, -0.00211848057210441
1.73786390625E-07, -0.00231688461439823
1.7378834375E-07, -0.00144896484697306
1.73790296875E-07, -0.00253260180608189
1.7379225E-07, -0.00234857784292585
1.73794203125E-07, -0.00141309474865777
1.7379615625E-07, -0.00284886722941063
1.73798109375E-07, -0.00243446494817686
1.738000625E-07, -0.0017307191225051
1.73802015625E-07, -0.00274440302167631
1.7380396875E-07, -0.00177506557411235
1.73805921875E-07, -0.002617589871197
1.73807875E-07, -0.00212443880406051
1.73809828125E-07, -0.00338629881094028
1.7381178125E-07, -0.0018788367314146
1.73813734375E-07, -0.00221642614973598
1.738156875E-07, -0.00166520376276578
1.73817640625E-07, -0.00200149808620912
1.7381959375E-07, -0.00290390120186612
1.73821546875E-07, -0.00235928561395715
1.738235E-07, -0.00251671168953076
1.73825453125E-07, -0.00249234575377172
1.7382740625E-07, -0.00212831002708698
1.73829359375E-07, -0.00209054333103532
1.738313125E-07, -0.00205015587297264
1.73833265625E-07, -0.00229403838735354
1.7383521875E-07, -0.00228120249032942
1.73837171875E-07, -0.00213774990302507
1.73839125E-07, -0.00267952369126046
1.73841078125E-07, -0.00268509202174477
1.7384303125E-07, -0.00265858083164802
1.73844984375E-07, -0.00201902316224022
1.738469375E-07, -0.00310465842493031
1.73848890625E-07, -0.00293831579315505
1.7385084375E-07, -0.00221864937171649
1.73852796875E-07, -0.0032831197843295
1.7385475E-07, -0.00221851237680991
1.73856703125E-07, -0.00290497035036424
1.7385865625E-07, -0.00331101563969419
1.73860609375E-07, -0.00363584628037923
1.738625625E-07, -0.00268324236786986
1.73864515625E-07, -0.00266409138037941
1.7386646875E-07, -0.0030252275229054
1.73868421875E-07, -0.00352519006113276
1.73870375E-07, -0.00289284977533081
1.73872328125E-07, -0.00361757946525098
1.7387428125E-07, -0.00228105770616165
1.73876234375E-07, -0.00353656619060008
1.738781875E-07, -0.00401694062474974
1.73880140625E-07, -0.00405333058896438
1.7388209375E-07, -0.00337092834190835
1.73884046875E-07, -0.004287112179167
1.73886E-07, -0.00365836401996257
1.73887953125E-07, -0.00358372438033164
1.7388990625E-07, -0.00382245769471076
1.73891859375E-07, -0.00432704120030857
1.738938125E-07, -0.00392910279245813
1.73895765625E-07, -0.00363600387502574
1.7389771875E-07, -0.00354202027654401
1.73899671875E-07, -0.00385262681220553
1.73901625E-07, -0.00385328926849315
1.73903578125E-07, -0.00494220548997355
1.7390553125E-07, -0.00433313319197166
1.73907484375E-07, -0.0041471075051281
1.739094375E-07, -0.00470826516327322
1.73911390625E-07, -0.00416848787055021
1.7391334375E-07, -0.00461473592137163
1.73915296875E-07, -0.0045884380431321
1.7391725E-07, -0.00479113408700392
1.73919203125E-07, -0.00407987016245482
1.7392115625E-07, -0.00446178976393058
1.73923109375E-07, -0.00448082881708973
1.739250625E-07, -0.00509347510550369
1.73927015625E-07, -0.00536381198348553
1.7392896875E-07, -0.00462119582809509
1.73930921875E-07, -0.00551283696385749
1.73932875E-07, -0.00414986042198718
1.73934828125E-07, -0.00505894552427144
1.7393678125E-07, -0.00506275144233825
1.73938734375E-07, -0.00529305263845059
1.739406875E-07, -0.00439501915943878
1.73942640625E-07, -0.00439802383579854
1.7394459375E-07, -0.00490950340327313
1.73946546875E-07, -0.00545911533229144
1.739485E-07, -0.0046943633222262
1.73950453125E-07, -0.00468123141502891
1.7395240625E-07, -0.00475608558756928
1.73954359375E-07, -0.00581984679145091
1.739563125E-07, -0.00485714329118612
1.73958265625E-07, -0.00590428021112655
1.7396021875E-07, -0.00562182808538282
1.73962171875E-07, -0.00586446546054238
1.73964125E-07, -0.00521836557296825
1.73966078125E-07, -0.00496618396086166
1.7396803125E-07, -0.00553804506066685
1.73969984375E-07, -0.00530282753312645
1.739719375E-07, -0.00570705073706535
1.73973890625E-07, -0.00535112606318642
1.7397584375E-07, -0.00505235732167213
1.73977796875E-07, -0.00540035948070098
1.7397975E-07, -0.00472416207566346
1.73981703125E-07, -0.00489898655109024
1.7398365625E-07, -0.00510352093129747
1.73985609375E-07, -0.00436895069119778
1.739875625E-07, -0.00528671335303978
1.73989515625E-07, -0.00517786389144789
1.7399146875E-07, -0.00430612518987792
1.73993421875E-07, -0.00442192575621698
1.73995375E-07, -0.00385989592089887
1.73997328125E-07, -0.00489527728451108
1.7399928125E-07, -0.0035749358438995
1.74001234375E-07, -0.00490702218231118
1.740031875E-07, -0.00443367979263759
1.74005140625E-07, -0.0043734790419771
1.7400709375E-07, -0.00479611635081678
1.74009046875E-07, -0.00246034058846986
1.74011E-07, -0.00345693141151109
1.74012953125E-07, -0.00366638971069019
1.7401490625E-07, -0.0038058871889685
1.74016859375E-07, -0.00309144876913634
1.740188125E-07, -0.00279643678969538
1.74020765625E-07, -0.00268221714961804
1.7402271875E-07, -0.00417694461192529
1.74024671875E-07, -0.00252078592221485
1.74026625E-07, -0.00244369158026448
1.74028578125E-07, -0.00163313496093259
1.7403053125E-07, -0.00234696226610055
1.74032484375E-07, -0.000733560568921114
1.740344375E-07, -0.00174986815710264
1.74036390625E-07, -0.00127571640321236
1.7403834375E-07, -0.000358320935898235
1.74040296875E-07, -0.000387882490866575
1.7404225E-07, -0.000639141364646355
1.74044203125E-07, -8.33766705532731E-05
1.7404615625E-07, 0.00032340092461067
1.74048109375E-07, 0.000415242483295781
1.740500625E-07, 0.00178168946270542
1.74052015625E-07, 0.00107363955655771
1.7405396875E-07, 0.00105283105959338
1.74055921875E-07, 0.00212242750268117
1.74057875E-07, 0.00034279458097844
1.74059828125E-07, 0.00241629930516844
1.7406178125E-07, 0.00207052825479321
1.74063734375E-07, 0.0019199593374526
1.740656875E-07, 0.00486485740667984
1.74067640625E-07, 0.00391134621550232
1.7406959375E-07, 0.00610989396996442
1.74071546875E-07, 0.00548251288825788
1.740735E-07, 0.0056228736465101
1.74075453125E-07, 0.00460365253849351
1.7407740625E-07, 0.00458552776281284
1.74079359375E-07, 0.00792832785722367
1.740813125E-07, 0.00677628237604423
1.74083265625E-07, 0.00800653475041691
1.7408521875E-07, 0.00778735990901859
1.74087171875E-07, 0.00732608577161577
1.74089125E-07, 0.00906247524666021
1.74091078125E-07, 0.00993458812876334
1.7409303125E-07, 0.00917723964534373
1.74094984375E-07, 0.00970051078067672
1.740969375E-07, 0.0119014571437062
1.74098890625E-07, 0.0110800158623257
1.7410084375E-07, 0.0107564888828904
1.74102796875E-07, 0.0124590024544115
1.7410475E-07, 0.0128127667272453
1.74106703125E-07, 0.0134216534294789
1.7410865625E-07, 0.0127279613127684
1.74110609375E-07, 0.0138030215629782
1.741125625E-07, 0.0147972136574379
1.74114515625E-07, 0.0142783079021417
1.7411646875E-07, 0.0164290432945626
1.74118421875E-07, 0.0163512853248796
1.74120375E-07, 0.0159270558120532
1.74122328125E-07, 0.017625588055115
1.7412428125E-07, 0.0192260816508637
1.74126234375E-07, 0.0166809609543882
1.741281875E-07, 0.0174019587036571
1.74130140625E-07, 0.0209576891688231
1.7413209375E-07, 0.020280350103578
1.74134046875E-07, 0.0216337240080971
1.74136E-07, 0.0221707742026546
1.74137953125E-07, 0.0213919321712383
1.7413990625E-07, 0.0209180787934716
1.74141859375E-07, 0.0218859116481685
1.741438125E-07, 0.0224942622082898
1.74145765625E-07, 0.0228497148558334
1.7414771875E-07, 0.0233424541681556
1.74149671875E-07, 0.0266019720436
1.74151625E-07, 0.025632464769552
1.74153578125E-07, 0.0263182656755168
1.7415553125E-07, 0.0269477513106458
1.74157484375E-07, 0.0271073395891235
1.741594375E-07, 0.0271359674186135
1.74161390625E-07, 0.0284014973680362
1.7416334375E-07, 0.0287258557715388
1.74165296875E-07, 0.0289318668816941
1.7416725E-07, 0.0303953725455953
1.74169203125E-07, 0.0309707322091836
1.7417115625E-07, 0.0301767169614022
1.74173109375E-07, 0.030240288303544
1.741750625E-07, 0.0322950446402035
1.74177015625E-07, 0.0308912924731995
1.7417896875E-07, 0.0319827270510869
1.74180921875E-07, 0.0324146738287955
1.74182875E-07, 0.0309416467200931
1.74184828125E-07, 0.0340766730889198
1.7418678125E-07, 0.0295784370928854
1.74188734375E-07, 0.0345459720002175
1.741906875E-07, 0.0335442571711395
1.74192640625E-07, 0.0335829666445726
1.7419459375E-07, 0.0320890507569014
1.74196546875E-07, 0.0343095217265355
1.741985E-07, 0.0346782056599806
1.74200453125E-07, 0.0310642977903715
1.7420240625E-07, 0.0337320402282724
1.74204359375E-07, 0.0347776896092175
1.742063125E-07, 0.0331993425992053
1.74208265625E-07, 0.0329374166715164
1.7421021875E-07, 0.0337934517382463
1.74212171875E-07, 0.0339928431168398
1.74214125E-07, 0.0314373353942818
1.74216078125E-07, 0.0335747127203199
1.7421803125E-07, 0.033428579828093
1.74219984375E-07, 0.0336056375095461
1.742219375E-07, 0.0338099268417281
1.74223890625E-07, 0.0328766000467282
1.7422584375E-07, 0.0322212919593553
1.74227796875E-07, 0.0295798295081931
1.7422975E-07, 0.0304063657743524
1.74231703125E-07, 0.0297041862786752
1.7423365625E-07, 0.0286679389748796
1.74235609375E-07, 0.0306772576529105
1.742375625E-07, 0.0303624852546252
1.74239515625E-07, 0.0283558543293425
1.7424146875E-07, 0.0265553104362389
1.74243421875E-07, 0.0294063874431284
1.74245375E-07, 0.0220485590189287
1.74247328125E-07, 0.0268076419666221
1.7424928125E-07, 0.0220778290142573
1.74251234375E-07, 0.0237257670481862
1.742531875E-07, 0.0257126589931536
1.74255140625E-07, 0.0179003537371631
1.7425709375E-07, 0.018640345237537
1.74259046875E-07, 0.0233275337074002
1.74261E-07, 0.0176641899029487
1.74262953125E-07, 0.0200791668501072
1.7426490625E-07, 0.016761114002775
1.74266859375E-07, 0.0148751272931103
1.742688125E-07, 0.0164311594044167
1.74270765625E-07, 0.0131869048034152
1.7427271875E-07, 0.00995619759071031
1.74274671875E-07, 0.00620942859249457
1.74276625E-07, 0.0098949971570517
1.74278578125E-07, 0.00677375335037003
1.7428053125E-07, 0.0120562265080088
1.74282484375E-07, 0.00616587035590808
1.742844375E-07, -0.00221869640713612
1.74286390625E-07, 0.00107333544493837
1.7428834375E-07, 0.00526974418817118
1.74290296875E-07, 0.000465580778089293
1.7429225E-07, -0.00672096476910598
1.74294203125E-07, -0.00147992704625779
1.7429615625E-07, -0.00558022543191961
1.74298109375E-07, -0.00467943526856259
1.743000625E-07, -0.0110454697790793
1.74302015625E-07, -0.020579028524642
1.7430396875E-07, -0.0188917929824814
1.74305921875E-07, -0.0146224877668732
1.74307875E-07, -0.0184915478131557
1.74309828125E-07, -0.0252490496021957
1.7431178125E-07, -0.0283568988798893
1.74313734375E-07, -0.0249165344021779
1.743156875E-07, -0.0277759591246462
1.74317640625E-07, -0.0276965066407228
1.7431959375E-07, -0.0371287289017206
1.74321546875E-07, -0.0374197698821938
1.743235E-07, -0.0339600384045976
1.74325453125E-07, -0.0349166928637165
1.7432740625E-07, -0.0412545981100681
1.74329359375E-07, -0.0403279546150285
1.743313125E-07, -0.0436980938526391
1.74333265625E-07, -0.0437924821552641
1.7433521875E-07, -0.0519125194978699
1.74337171875E-07, -0.0491906129613096
1.74339125E-07, -0.0543807712904326
1.74341078125E-07, -0.0523573880988292
1.7434303125E-07, -0.0563830222370761
1.74344984375E-07, -0.0644420911560083
1.743469375E-07, -0.0622680507978928
1.74348890625E-07, -0.0679948875184029
1.7435084375E-07, -0.0654425461738583
1.74352796875E-07, -0.0705666105751881
1.7435475E-07, -0.0796602347753366
1.74356703125E-07, -0.0736869318309496
1.7435865625E-07, -0.0829656792630729
1.74360609375E-07, -0.0805091873754726
1.743625625E-07, -0.0777382958255627
1.74364515625E-07, -0.0900873373107017
1.7436646875E-07, -0.0902895779087526
1.74368421875E-07, -0.0857191484770825
1.74370375E-07, -0.0910515340740729
1.74372328125E-07, -0.0935193887129051
1.7437428125E-07, -0.0956905749479671
1.74376234375E-07, -0.100828535805771
1.743781875E-07, -0.0978076855410145
1.74380140625E-07, -0.0958270815295534
1.7438209375E-07, -0.103902947252919
1.74384046875E-07, -0.10470814859882
1.74386E-07, -0.108532926411557
1.74387953125E-07, -0.107573904836773
1.7438990625E-07, -0.1112946930416
1.74391859375E-07, -0.109880749404375
1.743938125E-07, -0.112931704442317
1.74395765625E-07, -0.110120704295379
1.7439771875E-07, -0.115284471477076
1.74399671875E-07, -0.11832147949973
1.74401625E-07, -0.117101220720755
1.74403578125E-07, -0.118097545620163
1.7440553125E-07, -0.118955295858554
1.74407484375E-07, -0.105545403021642
1.744094375E-07, -0.117865803186638
1.74411390625E-07, -0.10714774351621
1.7441334375E-07, -0.121886267234473
1.74415296875E-07, -0.12052566487453
1.7441725E-07, -0.121007734140768
1.74419203125E-07, -0.119672012746562
1.7442115625E-07, -0.118549669685392
1.74423109375E-07, -0.119371060807263
1.744250625E-07, -0.118295128720756
1.74427015625E-07, -0.119347480589711
1.7442896875E-07, -0.117238744894221
1.74430921875E-07, -0.118201815476012
1.74432875E-07, -0.116805785030368
1.74434828125E-07, -0.113808840595211
1.7443678125E-07, -0.109520839805874
1.74438734375E-07, -0.109512315154952
1.744406875E-07, -0.103826686539339
1.74442640625E-07, -0.0918909112848278
1.7444459375E-07, -0.103994518892033
1.74446546875E-07, -0.0980481566986001
1.744485E-07, -0.104814857598916
1.74450453125E-07, -0.0975133841300971
1.7445240625E-07, -0.0909789731569615
1.74454359375E-07, -0.0922576170273298
1.744563125E-07, -0.0918005076748342
1.74458265625E-07, -0.0954011042741687
1.7446021875E-07, -0.080704291442806
1.74462171875E-07, -0.0748000566195566
1.74464125E-07, -0.0785783713490101
1.74466078125E-07, -0.0655802103712836
1.7446803125E-07, -0.0758497619632619
1.74469984375E-07, -0.0601006313045663
1.744719375E-07, -0.0604232775990508
1.74473890625E-07, -0.0577616332972178
1.7447584375E-07, -0.0626018862151291
1.74477796875E-07, -0.0500832138200747
1.7447975E-07, -0.0411055528490099
1.74481703125E-07, -0.0455746369329918
1.7448365625E-07, -0.0470270126233075
1.74485609375E-07, -0.0411507955164273
1.744875625E-07, -0.0314128327646687
1.74489515625E-07, -0.0394803940856439
1.7449146875E-07, -0.0167793526642904
1.74493421875E-07, -0.0187714627432696
1.74495375E-07, -0.0119898249192925
1.74497328125E-07, -0.0121595511069239
1.7449928125E-07, 0.00835186635037914
1.74501234375E-07, -0.00667732872936533
1.745031875E-07, -0.00577718722291865
1.74505140625E-07, 0.0100743006321819
1.7450709375E-07, 0.0200908698629821
1.74509046875E-07, 0.00716118988852725
1.74511E-07, 0.00278168672742763
1.74512953125E-07, 0.018479213588674
1.7451490625E-07, 0.0347968037195834
1.74516859375E-07, 0.0326352157625283
1.745188125E-07, 0.0296975538236638
1.74520765625E-07, 0.0520199531646859
1.7452271875E-07, 0.0467026260837729
1.74524671875E-07, 0.0549472052530676
1.74526625E-07, 0.053377118522261
1.74528578125E-07, 0.0492931653362226
1.7453053125E-07, 0.0538716782847092
1.74532484375E-07, 0.0565941787481561
1.745344375E-07, 0.0685949234841942
1.74536390625E-07, 0.0710027848901345
1.7453834375E-07, 0.0556226305329047
1.74540296875E-07, 0.0770632796189534
1.7454225E-07, 0.0818781334398127
1.74544203125E-07, 0.0791887568797945
1.7454615625E-07, 0.083216814088997
1.74548109375E-07, 0.0782222047105504
1.745500625E-07, 0.0866067747283621
1.74552015625E-07, 0.0867379026825463
1.7455396875E-07, 0.0774921277309333
1.74555921875E-07, 0.0894949710045232
1.74557875E-07, 0.0936885864470893
1.74559828125E-07, 0.0886447802082673
1.7456178125E-07, 0.0913733260688848
1.74563734375E-07, 0.0964703874874121
1.745656875E-07, 0.0879028476847367
1.74567640625E-07, 0.0960559076453848
1.7456959375E-07, 0.0982090848420255
1.74571546875E-07, 0.100514868088864
1.745735E-07, 0.0946316751558055
1.74575453125E-07, 0.101960615325185
1.7457740625E-07, 0.0983604915820759
1.74579359375E-07, 0.095767895723808
1.745813125E-07, 0.0978459318324255
1.74583265625E-07, 0.0905200788243752
1.7458521875E-07, 0.0969713633073551
1.74587171875E-07, 0.0969127287093248
1.74589125E-07, 0.0961888620074796
1.74591078125E-07, 0.0940377954234305
1.7459303125E-07, 0.0897406526794474
1.74594984375E-07, 0.0925109752960663
1.745969375E-07, 0.0882449017794971
1.74598890625E-07, 0.0864849467983357
1.7460084375E-07, 0.0872405738977293
1.74602796875E-07, 0.0864073311342213
1.7460475E-07, 0.0846836332916277
1.74606703125E-07, 0.0806074120749695
1.7460865625E-07, 0.0779737289617276
1.74610609375E-07, 0.0799896878494086
1.746125625E-07, 0.077814967409174
1.74614515625E-07, 0.0764013992881228
1.7461646875E-07, 0.0733861042923834
1.74618421875E-07, 0.0714533968378305
1.74620375E-07, 0.0714430344049002
1.74622328125E-07, 0.0667893252106192
1.7462428125E-07, 0.0646990092351245
1.74626234375E-07, 0.0655893851074219
1.746281875E-07, 0.0587023993354265
1.74630140625E-07, 0.0606559908255651
1.7463209375E-07, 0.0580279128336669
1.74634046875E-07, 0.0577587260261568
1.74636E-07, 0.0531484029545311
1.74637953125E-07, 0.0556930840283265
1.7463990625E-07, 0.0519918238460745
1.74641859375E-07, 0.0454789215523931
1.746438125E-07, 0.0522940578973704
1.74645765625E-07, 0.0456472325437771
1.7464771875E-07, 0.0457665604284223
1.74649671875E-07, 0.0434525486600264
1.74651625E-07, 0.0387609878989244
1.74653578125E-07, 0.0461563023973444
1.7465553125E-07, 0.0332226411932206
1.74657484375E-07, 0.0363260349421224
1.746594375E-07, 0.0343548710796161
1.74661390625E-07, 0.0342619379510257
1.7466334375E-07, 0.032039141057895
1.74665296875E-07, 0.0290946226672672
1.7466725E-07, 0.0306180368247382
1.74669203125E-07, 0.0269133805983849
1.7467115625E-07, 0.0254078152230626
1.74673109375E-07, 0.0291671802779858
1.746750625E-07, 0.0246140097362205
1.74677015625E-07, 0.0224873442397069
1.7467896875E-07, 0.0284096122149432
1.74680921875E-07, 0.0239101337527149
1.74682875E-07, 0.0204247206811012
1.74684828125E-07, 0.0205108525063027
1.7468678125E-07, 0.0200688592811641
1.74688734375E-07, 0.0230778627377279
1.746906875E-07, 0.0198732363041465
1.74692640625E-07, 0.0213224822726477
1.7469459375E-07, 0.0198010524316974
1.74696546875E-07, 0.0214665369739938
1.746985E-07, 0.0197436919586777
1.74700453125E-07, 0.0243495516479623
1.7470240625E-07, 0.0231936741272662
1.74704359375E-07, 0.020201835225272
1.747063125E-07, 0.0176008359138426
1.74708265625E-07, 0.0184140339489067
1.7471021875E-07, 0.0203043483028565
1.74712171875E-07, 0.0195280923481036
1.74714125E-07, 0.0195688230660958
1.74716078125E-07, 0.0189002633776887
1.7471803125E-07, 0.0182722556676686
1.74719984375E-07, 0.0186540829968015
1.747219375E-07, 0.0191930857145943
1.74723890625E-07, 0.0188178267360658
1.7472584375E-07, 0.0186287779706545
1.74727796875E-07, 0.0194860302829409
1.7472975E-07, 0.0189989376604869
1.74731703125E-07, 0.0192566095738963
1.7473365625E-07, 0.0186274984412082
1.74735609375E-07, 0.0191326853091338
1.747375625E-07, 0.0194016347705441
1.74739515625E-07, 0.0181539486561775
1.7474146875E-07, 0.0180069045522616
1.74743421875E-07, 0.0167479820446589
1.74745375E-07, 0.0209759821831547
1.74747328125E-07, 0.0188549829895552
1.7474928125E-07, 0.0198750724911142
1.74751234375E-07, 0.0190472997174369
1.747531875E-07, 0.0167185755654734
1.74755140625E-07, 0.017506180012194
1.7475709375E-07, 0.0177343868209417
1.74759046875E-07, 0.0180997944208392
1.74761E-07, 0.0178858934776558
1.74762953125E-07, 0.0165625645110289
1.7476490625E-07, 0.0177111898010965
1.74766859375E-07, 0.0165437677525635
1.747688125E-07, 0.0164150188673853
1.74770765625E-07, 0.0163450861721993
1.7477271875E-07, 0.0154110455172602
1.74774671875E-07, 0.0147074346916431
1.74776625E-07, 0.0128904405819208
1.74778578125E-07, 0.0146572070692667
1.7478053125E-07, 0.0135080305009506
1.74782484375E-07, 0.0128787484778214
1.747844375E-07, 0.0114044300859807
1.74786390625E-07, 0.0120265554902297
1.7478834375E-07, 0.00954772357378679
1.74790296875E-07, 0.00938939774644408
1.7479225E-07, 0.0100684016494058
1.74794203125E-07, 0.00969450257204716
1.7479615625E-07, 0.0083969137237947
1.74798109375E-07, 0.00702656260883988
1.748000625E-07, 0.00847389131286322
1.74802015625E-07, 0.00561223120562964
1.7480396875E-07, 0.00659011640185312
1.74805921875E-07, 0.00629714242218874
1.74807875E-07, 0.00299681171685771
1.74809828125E-07, 0.00151485219824251
1.7481178125E-07, 0.00395306763976731
1.74813734375E-07, 0.00310479694054189
1.748156875E-07, 0.0014970320056393
1.74817640625E-07, 0.00248272648822436
1.7481959375E-07, 0.000773720189102274
1.74821546875E-07, -0.000812614953600002
1.748235E-07, -0.000231806777295132
1.74825453125E-07, -0.00216577111343961
1.7482740625E-07, -0.000968805332787794
1.74829359375E-07, -0.00279844652165381
1.748313125E-07, -0.00304282460344347
1.74833265625E-07, -0.00175393461526907
1.7483521875E-07, -0.00392084658142808
1.74837171875E-07, -0.00392114620530424
1.74839125E-07, -0.00475698924119507
1.74841078125E-07, -0.00522021277046689
1.7484303125E-07, -0.00488899806867302
1.74844984375E-07, -0.00512153924268032
1.748469375E-07, -0.0057843860870553
1.74848890625E-07, -0.00545154214337553
1.7485084375E-07, -0.0068582980073152
1.74852796875E-07, -0.00569397414335329
1.7485475E-07, -0.00742093166134827
1.74856703125E-07, -0.00815293514489962
1.7485865625E-07, -0.00507178814504063
1.74860609375E-07, -0.00841761742415172
1.748625625E-07, -0.00746564168335007
1.74864515625E-07, -0.00793200519553644
1.7486646875E-07, -0.00868283887888869
1.74868421875E-07, -0.00742724829439128
1.74870375E-07, -0.00845314595717274
1.74872328125E-07, -0.0082747780856856
1.7487428125E-07, -0.00798232727165705
1.74876234375E-07, -0.00783812107781325
1.748781875E-07, -0.00781818798871101
1.74880140625E-07, -0.0073649596017646
1.7488209375E-07, -0.00815078657174751
1.74884046875E-07, -0.00828235966915728
1.74886E-07, -0.00674589018516313
1.74887953125E-07, -0.00727723626596358
1.7488990625E-07, -0.00790716848093372
1.74891859375E-07, -0.007132009787556
1.748938125E-07, -0.00677003407493493
1.74895765625E-07, -0.00629267035502833
1.7489771875E-07, -0.00634623976431262
1.74899671875E-07, -0.00589372227727645
1.74901625E-07, -0.00670996807688045
1.74903578125E-07, -0.00454140497665342
1.7490553125E-07, -0.00604278496589636
1.74907484375E-07, -0.00508571972070847
1.749094375E-07, -0.00435988110092625
1.74911390625E-07, -0.00543843855238117
1.7491334375E-07, -0.00475370873784044
1.74915296875E-07, -0.00424183704872646
1.7491725E-07, -0.00394754273495474
1.74919203125E-07, -0.00399954613924203
1.7492115625E-07, -0.00349765863596653
1.74923109375E-07, -0.0027294559085636
1.749250625E-07, -0.00360525601596699
1.74927015625E-07, -0.00234940618482553
1.7492896875E-07, -0.00266245951539243
1.74930921875E-07, -0.00309247519315565
1.74932875E-07, -0.00159807545121777
1.74934828125E-07, -0.00178410066417174
1.7493678125E-07, -0.00139763748139332
1.74938734375E-07, -0.00114338621254776
1.749406875E-07, -0.00122392575364041
1.74942640625E-07, 0.00042810726738505
1.7494459375E-07, -0.000977179896822433
1.74946546875E-07, -0.000860172789732367
1.749485E-07, -0.00082988387554621
1.74950453125E-07, 0.000721089313362723
1.7495240625E-07, 0.000447704088696603
1.74954359375E-07, 0.000192608167407827
1.749563125E-07, 0.00111072768633441
1.74958265625E-07, 0.000905124639312247
1.7496021875E-07, 0.00130881316163859
1.74962171875E-07, 0.000798390045463128
1.74964125E-07, 0.00101367646604587
1.74966078125E-07, 0.00115765636901698
1.7496803125E-07, 0.00206970966044413
1.74969984375E-07, 0.00197201746305163
1.749719375E-07, 0.00257127097057016
1.74973890625E-07, 0.00173235345264782
1.7497584375E-07, 0.00133626131653087
1.74977796875E-07, 0.00109125450768525
1.7497975E-07, 0.00212872667864406
1.74981703125E-07, 0.00112705024067722
1.7498365625E-07, 0.00230334892237446
1.74985609375E-07, 0.00206144281758946
1.749875625E-07, 0.000854809585061143
1.74989515625E-07, 0.00204027888432761
1.7499146875E-07, 0.00191352874662627
1.74993421875E-07, 0.00186465051248086
1.74995375E-07, 0.00144303211816307
1.74997328125E-07, 0.00239219828155439
1.7499928125E-07, 0.00172178254779994
1.75001234375E-07, 0.00142239565977892
1.750031875E-07, 0.00157956504863353
1.75005140625E-07, 0.00124153226901352
1.7500709375E-07, 0.000543629420011999
1.75009046875E-07, 0.00166298060567367
1.75011E-07, 0.000602661586030666
1.75012953125E-07, 0.00104121810814843
1.7501490625E-07, 0.00107075645867906
1.75016859375E-07, 0.000390072000664991
1.750188125E-07, 0.000468501220172297
1.75020765625E-07, -0.000790270709504448
1.7502271875E-07, -0.000653193293035732
1.75024671875E-07, -0.0020835407556558
1.75026625E-07, -0.000725446141626465
1.75028578125E-07, -0.000520227003901055
1.7503053125E-07, -0.00175446292296529
1.75032484375E-07, -0.00125230777561898
1.750344375E-07, -0.000661606127735746
1.75036390625E-07, -0.00264369366532895
1.7503834375E-07, -0.00210075179550729
1.75040296875E-07, -0.00236644649785431
1.7504225E-07, -0.00272705287024601
1.75044203125E-07, -0.002063016526512
1.7504615625E-07, -0.00423783483133925
1.75048109375E-07, -0.00359132943228514
1.750500625E-07, -0.00455513109118542
1.75052015625E-07, -0.00579370978646622
1.7505396875E-07, -0.00373258299118775
1.75055921875E-07, -0.00573887245640112
1.75057875E-07, -0.00582602600563538
1.75059828125E-07, -0.00640130527782505
1.7506178125E-07, -0.00639893749548538
1.75063734375E-07, -0.00666041524819533
1.750656875E-07, -0.00633694641027522
1.75067640625E-07, -0.00829764700060904
1.7506959375E-07, -0.00860772146294316
1.75071546875E-07, -0.00843438568585407
1.750735E-07, -0.010579047259089
1.75075453125E-07, -0.0092493126986621
1.7507740625E-07, -0.0111411597055383
1.75079359375E-07, -0.00986484799003287
1.750813125E-07, -0.0108297059503286
1.75083265625E-07, -0.0133032199483057
1.7508521875E-07, -0.0112871130534178
1.75087171875E-07, -0.0112853243309356
1.75089125E-07, -0.011801546625486
1.75091078125E-07, -0.0127800098671213
1.7509303125E-07, -0.0150739591942194
1.75094984375E-07, -0.0152239984003228
1.750969375E-07, -0.0147538132569305
1.75098890625E-07, -0.0150229207218024
1.7510084375E-07, -0.0149584646643113
1.75102796875E-07, -0.0156870510499604
1.7510475E-07, -0.0174867137778894
1.75106703125E-07, -0.0183651285488988
1.7510865625E-07, -0.0197247823210476
1.75110609375E-07, -0.019681288296926
1.751125625E-07, -0.0203194733346301
1.75114515625E-07, -0.0199429717349795
1.7511646875E-07, -0.022240674058968
1.75118421875E-07, -0.0207907379958941
1.75120375E-07, -0.0224517781376733
1.75122328125E-07, -0.0225417881178932
1.7512428125E-07, -0.0223989758923905
1.75126234375E-07, -0.0227417633753719
1.751281875E-07, -0.0248481841199388
1.75130140625E-07, -0.0256195790061165
1.7513209375E-07, -0.0254427275898797
1.75134046875E-07, -0.0267947284922384
1.75136E-07, -0.0265995773823171
1.75137953125E-07, -0.0243421649375675
1.7513990625E-07, -0.0274439834567881
1.75141859375E-07, -0.0275853517173571
1.751438125E-07, -0.0270283753388844
1.75145765625E-07, -0.0277951192172133
1.7514771875E-07, -0.0286497980092935
1.75149671875E-07, -0.0282840211367164
1.75151625E-07, -0.0293405604325963
1.75153578125E-07, -0.0288821881510435
1.7515553125E-07, -0.0298383843110216
1.75157484375E-07, -0.0291342958648477
1.751594375E-07, -0.0311498821448806
1.75161390625E-07, -0.0304334612140443
1.7516334375E-07, -0.0306289215189825
1.75165296875E-07, -0.0305993532255611
1.7516725E-07, -0.0313326853782124
1.75169203125E-07, -0.0300948111790021
1.7517115625E-07, -0.0313176768914056
1.75173109375E-07, -0.0327205329619694
1.751750625E-07, -0.0318982771851539
1.75177015625E-07, -0.0322051980082819
1.7517896875E-07, -0.0314359709916377
1.75180921875E-07, -0.0322976610776392
1.75182875E-07, -0.032133930306383
1.75184828125E-07, -0.0318796212069944
1.7518678125E-07, -0.0315169111893445
1.75188734375E-07, -0.0329160021144464
1.751906875E-07, -0.031520924447292
1.75192640625E-07, -0.0322733368652142
1.7519459375E-07, -0.0314420234332275
1.75196546875E-07, -0.0313981309564508
1.751985E-07, -0.0319960584230439
1.75200453125E-07, -0.0315624677092391
1.7520240625E-07, -0.0315749990528547
1.75204359375E-07, -0.0317403396624263
1.752063125E-07, -0.0318819657314842
1.75208265625E-07, -0.0309950241810205
1.7521021875E-07, -0.0299540078445357
1.75212171875E-07, -0.0298865125700541
1.75214125E-07, -0.0305229306578245
1.75216078125E-07, -0.0303576013545607
1.7521803125E-07, -0.0297543646415922
1.75219984375E-07, -0.0302208339556675
1.752219375E-07, -0.0296497993914826
1.75223890625E-07, -0.0302146074840454
1.7522584375E-07, -0.0292085736517678
1.75227796875E-07, -0.0294793219546829
1.7522975E-07, -0.0294774565218813
1.75231703125E-07, -0.0272171385280696
1.7523365625E-07, -0.027634388146064
1.75235609375E-07, -0.0279113001754661
1.752375625E-07, -0.0275103429689693
1.75239515625E-07, -0.0280136630605745
1.7524146875E-07, -0.0271339467152665
1.75243421875E-07, -0.0256114908978753
1.75245375E-07, -0.0269716195094319
1.75247328125E-07, -0.0262710682126241
1.7524928125E-07, -0.0266410701188263
1.75251234375E-07, -0.0272368271704508
1.752531875E-07, -0.0259184218348728
1.75255140625E-07, -0.0245259625969148
1.7525709375E-07, -0.0243581816014087
1.75259046875E-07, -0.0234682012235463
1.75261E-07, -0.0237242384187177
1.75262953125E-07, -0.0237755393566522
1.7526490625E-07, -0.0223036058202257
1.75266859375E-07, -0.0231614788025766
1.752688125E-07, -0.0226799252678184
1.75270765625E-07, -0.0197020205942379
1.7527271875E-07, -0.0209595825316495
1.75274671875E-07, -0.0229342109700347
1.75276625E-07, -0.0200997255301228
1.75278578125E-07, -0.0216550479085723
1.7528053125E-07, -0.0186128387918247
1.75282484375E-07, -0.0204407361975144
1.752844375E-07, -0.0178220413930792
1.75286390625E-07, -0.0191012782137787
1.7528834375E-07, -0.0179602431647941
1.75290296875E-07, -0.0186854222634277
1.7529225E-07, -0.0182644843937387
1.75294203125E-07, -0.0181833857156294
1.7529615625E-07, -0.0182639995355054
1.75298109375E-07, -0.0160812559617667
1.753000625E-07, -0.0175073635669919
1.75302015625E-07, -0.0160905421495349
1.7530396875E-07, -0.0153202611168936
1.75305921875E-07, -0.0140769037380004
1.75307875E-07, -0.0151326894877117
1.75309828125E-07, -0.0157738549815066
1.7531178125E-07, -0.0137489822695152
1.75313734375E-07, -0.0147894237869068
1.753156875E-07, -0.011818542514914
1.75317640625E-07, -0.0135532612726408
1.7531959375E-07, -0.0126615832683806
1.75321546875E-07, -0.0131035510503167
1.753235E-07, -0.011661733286289
1.75325453125E-07, -0.0105452314924755
1.7532740625E-07, -0.0100910050830904
1.75329359375E-07, -0.0117496699459263
1.753313125E-07, -0.0104274706782465
1.75333265625E-07, -0.00950029851878663
1.7533521875E-07, -0.0100748368191774
1.75337171875E-07, -0.00986562890737982
1.75339125E-07, -0.00824597980099337
1.75341078125E-07, -0.00713379262906683
1.7534303125E-07, -0.00821507623421134
1.75344984375E-07, -0.0069834360454792
1.753469375E-07, -0.00591531311707679
1.75348890625E-07, -0.00627659576431392
1.7535084375E-07, -0.0059949789004367
1.75352796875E-07, -0.00570188660274078
1.7535475E-07, -0.00611126243822083
1.75356703125E-07, -0.00518248838636018
1.7535865625E-07, -0.00424657864482649
1.75360609375E-07, -0.00359771302467935
1.753625625E-07, -0.00401076018730194
1.75364515625E-07, -0.00372967071665754
1.7536646875E-07, -0.00275832530665902
1.75368421875E-07, -0.00318592493680371
1.75370375E-07, -0.00199775648744851
1.75372328125E-07, -0.00142835022614819
1.7537428125E-07, -0.00258533818206468
1.75376234375E-07, -0.00123081998208189
1.753781875E-07, -0.00113185151021036
1.75380140625E-07, -0.00128320286758161
1.7538209375E-07, -0.00134534976493752
1.75384046875E-07, -0.000738452103469777
1.75386E-07, -4.84226054460153E-05
1.75387953125E-07, 0.000375507273092055
1.7538990625E-07, 0.000339358927071047
1.75391859375E-07, 0.000187585277637462
1.753938125E-07, 0.00081964389456798
1.75395765625E-07, 0.00137352495037173
1.7539771875E-07, 0.00108828247290567
1.75399671875E-07, 0.000716771417162145
1.75401625E-07, 0.00218159655502479
1.75403578125E-07, 0.00167942398695515
1.7540553125E-07, 0.0016296987668762
1.75407484375E-07, 0.00227620114315802
1.754094375E-07, 0.00155751906701398
1.75411390625E-07, 0.00285878212428713
1.7541334375E-07, 0.00219962931171448
1.75415296875E-07, 0.00271005172129582
1.7541725E-07, 0.00287461117652091
1.75419203125E-07, 0.00290751725894779
1.7542115625E-07, 0.00287519057460596
1.75423109375E-07, 0.00367633598267149
1.754250625E-07, 0.00363035455433489
1.75427015625E-07, 0.00365896677475551
1.7542896875E-07, 0.00346822787486809
1.75430921875E-07, 0.00369138022327805
1.75432875E-07, 0.00399063535845417
1.75434828125E-07, 0.00389222171581511
1.7543678125E-07, 0.00475966809086325
1.75438734375E-07, 0.0045609261568384
1.754406875E-07, 0.00360368522675267
1.75442640625E-07, 0.00495038577647315
1.7544459375E-07, 0.00421253059107294
1.75446546875E-07, 0.00451363158870514
1.754485E-07, 0.00507935290071015
1.75450453125E-07, 0.00607006159024701
1.7545240625E-07, 0.00570056087996431
1.75454359375E-07, 0.00528132949720517
1.754563125E-07, 0.00604905760168381
1.75458265625E-07, 0.00636015301189472
1.7546021875E-07, 0.00677331530135955
1.75462171875E-07, 0.0070593870060731
1.75464125E-07, 0.00673123177608321
1.75466078125E-07, 0.00735251691140981
1.7546803125E-07, 0.00709319852527985
1.75469984375E-07, 0.0080159133660385
1.754719375E-07, 0.00735623548766291
1.75473890625E-07, 0.00795200759068375
1.7547584375E-07, 0.00926269031927665
1.75477796875E-07, 0.00779920175051402
1.7547975E-07, 0.00746955475069229
1.75481703125E-07, 0.00818773441217252
1.7548365625E-07, 0.00893461660772373
1.75485609375E-07, 0.0098895058447525
1.754875625E-07, 0.00903608712292277
1.75489515625E-07, 0.0101451955265334
1.7549146875E-07, 0.00994802788261881
1.75493421875E-07, 0.0101292066420021
1.75495375E-07, 0.0105092419015628
1.75497328125E-07, 0.011462165686974
1.7549928125E-07, 0.0109429061298217
1.75501234375E-07, 0.0114585075640732
1.755031875E-07, 0.0118112776967745
1.75505140625E-07, 0.0112908568777797
1.7550709375E-07, 0.0122504015927177
1.75509046875E-07, 0.0111996449391031
1.75511E-07, 0.0116225602712332
1.75512953125E-07, 0.0129805845679597
1.7551490625E-07, 0.0123958211262703
1.75516859375E-07, 0.0115042050616039
1.755188125E-07, 0.0116378798967011
1.75520765625E-07, 0.0130721175405993
1.7552271875E-07, 0.0129157866255605
1.75524671875E-07, 0.0138655738103713
1.75526625E-07, 0.0131227888653933
1.75528578125E-07, 0.0142255098831423
1.7553053125E-07, 0.0137866117795286
1.75532484375E-07, 0.0138506453798874
1.755344375E-07, 0.0144101255742286
1.75536390625E-07, 0.0146155556531868
1.7553834375E-07, 0.0148034266310339
1.75540296875E-07, 0.0142548368908278
1.7554225E-07, 0.0136906446391795
1.75544203125E-07, 0.0142077038202166
1.7554615625E-07, 0.0132777581338884
1.75548109375E-07, 0.0141367074612356
1.755500625E-07, 0.01418609123282
1.75552015625E-07, 0.0132766286562017
1.7555396875E-07, 0.0141653801014394
1.75555921875E-07, 0.0143818775993411
1.75557875E-07, 0.0135067616537482
1.75559828125E-07, 0.0137236376649532
1.7556178125E-07, 0.0139739037737384
1.75563734375E-07, 0.0130385882934681
1.755656875E-07, 0.0136128651280866
1.75567640625E-07, 0.0138126538689678
1.7556959375E-07, 0.0138985423802509
1.75571546875E-07, 0.0133076162151312
1.755735E-07, 0.0125981744489975
1.75575453125E-07, 0.0129165493936481
1.7557740625E-07, 0.0126048749773866
1.75579359375E-07, 0.0124223382040249
1.755813125E-07, 0.0127610152823349
1.75583265625E-07, 0.0119229771014956
1.7558521875E-07, 0.0118825653173466
1.75587171875E-07, 0.012302296573409
1.75589125E-07, 0.0117808283030582
1.75591078125E-07, 0.0110807187300838
1.7559303125E-07, 0.0108047409392801
1.75594984375E-07, 0.0111761177665071
1.755969375E-07, 0.010501872849385
1.75598890625E-07, 0.0102735835812209
1.7560084375E-07, 0.00963699030963714
1.75602796875E-07, 0.00947147852686391
1.7560475E-07, 0.00980806194639279
1.75606703125E-07, 0.00915365599400889
1.7560865625E-07, 0.0091006863515623
1.75610609375E-07, 0.00885527865887656
1.756125625E-07, 0.00891472379627371
1.75614515625E-07, 0.0079341853300119
1.7561646875E-07, 0.00796546422400505
1.75618421875E-07, 0.00784937692355707
1.75620375E-07, 0.00718042957170645
1.75622328125E-07, 0.00735361557792521
1.7562428125E-07, 0.00668858318158103
1.75626234375E-07, 0.00698741332330936
1.756281875E-07, 0.00681962106932716
1.75630140625E-07, 0.00599755549483086
1.7563209375E-07, 0.00606976452726896
1.75634046875E-07, 0.00544035862581523
1.75636E-07, 0.00538094569325011
1.75637953125E-07, 0.00522203399743074
1.7563990625E-07, 0.00551915662891599
1.75641859375E-07, 0.00505903571112081
1.756438125E-07, 0.00527682641955763
1.75645765625E-07, 0.00486251741013183
1.7564771875E-07, 0.00424189760680179
1.75649671875E-07, 0.0039803048010335
1.75651625E-07, 0.00431452603064514
1.75653578125E-07, 0.00403420706682538
1.7565553125E-07, 0.00408969826691992
1.75657484375E-07, 0.00405844560466542
1.756594375E-07, 0.00440000857108711
1.75661390625E-07, 0.00412798544895019
1.7566334375E-07, 0.00420789182982334
1.75665296875E-07, 0.00424855405519394
1.7566725E-07, 0.00336283987987213
1.75669203125E-07, 0.00488490212702733
1.7567115625E-07, 0.00351675287747778
1.75673109375E-07, 0.00406618415117117
1.756750625E-07, 0.00404290499410805
1.75677015625E-07, 0.00402108975508036
1.7567896875E-07, 0.00375700034674663
1.75680921875E-07, 0.00445393092262923
1.75682875E-07, 0.00380679757342907
1.75684828125E-07, 0.00348420407402812
1.7568678125E-07, 0.0039242349226881
1.75688734375E-07, 0.00473107202172354
1.756906875E-07, 0.00421889451777001
1.75692640625E-07, 0.00452506388444274
1.7569459375E-07, 0.00414366471065917
1.75696546875E-07, 0.00476779233351721
1.756985E-07, 0.00508841978240408
1.75700453125E-07, 0.00455929766029097
1.7570240625E-07, 0.0043321517742066
1.75704359375E-07, 0.00537636916587832
1.757063125E-07, 0.00545768152546189
1.75708265625E-07, 0.00549923825553881
1.7571021875E-07, 0.00579763482475
1.75712171875E-07, 0.00648664587316529
1.75714125E-07, 0.00573921888640448
1.75716078125E-07, 0.00547266513136
1.7571803125E-07, 0.00642693105574924
1.75719984375E-07, 0.00526876925977968
1.757219375E-07, 0.00532039148851835
1.75723890625E-07, 0.00604449278104567
1.7572584375E-07, 0.00684855769344026
1.75727796875E-07, 0.00769625242056176
1.7572975E-07, 0.00617701214489613
1.75731703125E-07, 0.0064514757027285
1.7573365625E-07, 0.0070195826480502
1.75735609375E-07, 0.00683634572730141
1.757375625E-07, 0.00813301222337596
1.75739515625E-07, 0.00753766973712552
1.7574146875E-07, 0.0079202017416761
1.75743421875E-07, 0.0070031532140364
1.75745375E-07, 0.00677501828575352
1.75747328125E-07, 0.00779639335204793
1.7574928125E-07, 0.00883630612647533
1.75751234375E-07, 0.00887628560449524
1.757531875E-07, 0.00863437819653294
1.75755140625E-07, 0.00796258625767679
1.7575709375E-07, 0.00938501809676619
1.75759046875E-07, 0.00859388637395172
1.75761E-07, 0.00936120582258371
1.75762953125E-07, 0.00931543001030408
1.7576490625E-07, 0.00961489921348138
1.75766859375E-07, 0.00979257291984373
1.757688125E-07, 0.009156911650335
1.75770765625E-07, 0.00897472885381493
1.7577271875E-07, 0.0095484580488983
1.75774671875E-07, 0.00787234723341388
1.75776625E-07, 0.00924932749038312
1.75778578125E-07, 0.0093770910334802
1.7578053125E-07, 0.0083895787471523
1.75782484375E-07, 0.00866026450014244
1.757844375E-07, 0.00968269327086516
1.75786390625E-07, 0.010038140193178
1.7578834375E-07, 0.0104976757737056
1.75790296875E-07, 0.00940556466461216
1.7579225E-07, 0.0103067017219515
1.75794203125E-07, 0.00949744193575874
1.7579615625E-07, 0.0100448322075959
1.75798109375E-07, 0.00967069770323876
1.758000625E-07, 0.00948392588448064
1.75802015625E-07, 0.0107423264966524
1.7580396875E-07, 0.0108807083292036
1.75805921875E-07, 0.00961323519776421
1.75807875E-07, 0.0110409923444453
1.75809828125E-07, 0.0113097981755615
1.7581178125E-07, 0.0102595553179108
1.75813734375E-07, 0.0102278099388887
1.758156875E-07, 0.0110154663743651
1.75817640625E-07, 0.0104331521190022
1.7581959375E-07, 0.0103962552375861
1.75821546875E-07, 0.0106037974016967
1.758235E-07, 0.0110207916226562
1.75825453125E-07, 0.0105109185468305
1.7582740625E-07, 0.0106852513871145
1.75829359375E-07, 0.0106820574597975
1.758313125E-07, 0.0104223421768796
1.75833265625E-07, 0.0107509947263348
1.7583521875E-07, 0.0117308892013243
1.75837171875E-07, 0.0113988034769931
1.75839125E-07, 0.0119132661144628
1.75841078125E-07, 0.0109211455671875
1.7584303125E-07, 0.01189206510277
1.75844984375E-07, 0.0115162590086668
1.758469375E-07, 0.0116922544155275
1.75848890625E-07, 0.0121084187375285
1.7585084375E-07, 0.0119732868574342
1.75852796875E-07, 0.0122897636970186
1.7585475E-07, 0.0118042637359977
1.75856703125E-07, 0.0121031832958378
1.7585865625E-07, 0.011841365059978
1.75860609375E-07, 0.0119392847260531
1.758625625E-07, 0.0124359191509913
1.75864515625E-07, 0.0123737603486471
1.7586646875E-07, 0.0125239163089032
1.75868421875E-07, 0.0124160835049191
1.75870375E-07, 0.0124659985422199
1.75872328125E-07, 0.012528001313029
1.7587428125E-07, 0.0120398263011893
1.75876234375E-07, 0.0125885888526276
1.758781875E-07, 0.0124862293265054
1.75880140625E-07, 0.012751074330981
1.7588209375E-07, 0.0126446494334058
1.75884046875E-07, 0.01288264349133
1.75886E-07, 0.0124153309297854
1.75887953125E-07, 0.0129506701195315
1.7588990625E-07, 0.0123036657563235
1.75891859375E-07, 0.0124878531447971
1.758938125E-07, 0.0129728164193383
1.75895765625E-07, 0.012763198192581
1.7589771875E-07, 0.0125461539105243
1.75899671875E-07, 0.0121025720660632
1.75901625E-07, 0.0127748135111144
1.75903578125E-07, 0.0125917827692959
1.7590553125E-07, 0.0125389869988498
1.75907484375E-07, 0.0124707732855363
1.759094375E-07, 0.0130200801779191
1.75911390625E-07, 0.0127515785541306
1.7591334375E-07, 0.0119278595416917
1.75915296875E-07, 0.0126220675623285
1.7591725E-07, 0.0122402174129528
1.75919203125E-07, 0.0117011022631618
1.7592115625E-07, 0.0121513836863357
1.75923109375E-07, 0.012138863288875
1.759250625E-07, 0.0128380583001602
1.75927015625E-07, 0.0114777766881876
1.7592896875E-07, 0.0112537362795051
1.75930921875E-07, 0.0116601488999064
1.75932875E-07, 0.011471673915731
1.75934828125E-07, 0.0114124156004555
1.7593678125E-07, 0.0115019567429367
1.75938734375E-07, 0.0113286209023481
1.759406875E-07, 0.0110141896304518
1.75942640625E-07, 0.0112938480527141
1.7594459375E-07, 0.0107982387609995
1.75946546875E-07, 0.0102536515046448
1.759485E-07, 0.0111282190250875
1.75950453125E-07, 0.0101653824889939
1.7595240625E-07, 0.00998975078098064
1.75954359375E-07, 0.00914535020312278
1.759563125E-07, 0.00967377373103964
1.75958265625E-07, 0.00863641066248518
1.7596021875E-07, 0.00803320705974306
1.75962171875E-07, 0.00950444624022344
1.75964125E-07, 0.00926345901927719
1.75966078125E-07, 0.00880055521725942
1.7596803125E-07, 0.00677367299791402
1.75969984375E-07, 0.00693314537971344
1.759719375E-07, 0.00740744984390954
1.75973890625E-07, 0.00577205917092426
1.7597584375E-07, 0.00598653039216954
1.75977796875E-07, 0.00646895267415104
1.7597975E-07, 0.00618440917262841
1.75981703125E-07, 0.0057185286723617
1.7598365625E-07, 0.00628656166390051
1.75985609375E-07, 0.00471087343042928
1.759875625E-07, 0.00509410322976305
1.75989515625E-07, 0.00329212942837615
1.7599146875E-07, 0.0027469021554883
1.75993421875E-07, 0.00293407310923391
1.75995375E-07, 0.00239753701224139
1.75997328125E-07, 0.00265181869793656
1.7599928125E-07, 0.00122702701341413
1.76001234375E-07, 0.00204355977136665
1.760031875E-07, 0.00121510955803143
1.76005140625E-07, 0.00193079481490935
1.7600709375E-07, -0.00120393743473637
1.76009046875E-07, 0.000105410666960671
1.76011E-07, 0.00250820263584868
1.76012953125E-07, -0.00104823778976399
1.7601490625E-07, 0.000727604896487176
1.76016859375E-07, -0.00147168436501627
1.760188125E-07, -0.00157711109243293
1.76020765625E-07, -0.00122877828436758
1.7602271875E-07, -0.00304801752065552
1.76024671875E-07, -0.00269559764865059
1.76026625E-07, -0.00380032496865541
1.76028578125E-07, -0.00393443568670547
1.7603053125E-07, -0.00394540184033397
1.76032484375E-07, -0.0050679135153994
1.760344375E-07, -0.00554437856397113
1.76036390625E-07, -0.00587260129089333
1.7603834375E-07, -0.00724571157324694
1.76040296875E-07, -0.00549731993353743
1.7604225E-07, -0.00729321051275582
1.76044203125E-07, -0.0079682900646717
1.7604615625E-07, -0.00732240019789517
1.76048109375E-07, -0.00922416956377293
1.760500625E-07, -0.00897982820012733
1.76052015625E-07, -0.00969603659086007
1.7605396875E-07, -0.0111227217391101
1.76055921875E-07, -0.0103749086734008
1.76057875E-07, -0.0114331998659496
1.76059828125E-07, -0.0112809404829924
1.7606178125E-07, -0.0129872868428428
1.76063734375E-07, -0.0123408966917859
1.760656875E-07, -0.0121617401983299
1.76067640625E-07, -0.0123880991418372
1.7606959375E-07, -0.0140984702791801
1.76071546875E-07, -0.0136921549991826
1.760735E-07, -0.0139881026979431
1.76075453125E-07, -0.0136207623616161
1.7607740625E-07, -0.0154347646415212
1.76079359375E-07, -0.0149539157240086
1.760813125E-07, -0.0146306700233497
1.76083265625E-07, -0.0152790413576811
1.7608521875E-07, -0.0147101456060375
1.76087171875E-07, -0.0144271071185682
1.76089125E-07, -0.0159993542366644
1.76091078125E-07, -0.0166652525031301
1.7609303125E-07, -0.0163105348701526
1.76094984375E-07, -0.0162566858711953
1.760969375E-07, -0.0155727217825631
1.76098890625E-07, -0.016534133530333
1.7610084375E-07, -0.0157126680989147
1.76102796875E-07, -0.0159138354396383
1.7610475E-07, -0.0167452723597941
1.76106703125E-07, -0.0162403971660934
1.7610865625E-07, -0.0154484556195237
1.76110609375E-07, -0.0162132708182127
1.761125625E-07, -0.0155915599652573
1.76114515625E-07, -0.0166498036184262
1.7611646875E-07, -0.0164096327395667
1.76118421875E-07, -0.0162602216028452
1.76120375E-07, -0.0156087143267508
1.76122328125E-07, -0.015740509894609
1.7612428125E-07, -0.0142970202696197
1.76126234375E-07, -0.0153744449327287
1.761281875E-07, -0.0147830842474411
1.76130140625E-07, -0.0148781137934812
1.7613209375E-07, -0.0150652502860731
1.76134046875E-07, -0.0152316390572279
1.76136E-07, -0.0144638095666619
1.76137953125E-07, -0.0142334570059571
1.7613990625E-07, -0.0141088601015312
1.76141859375E-07, -0.0130799502386234
1.761438125E-07, -0.0127263546489601
1.76145765625E-07, -0.0134306041196234
1.7614771875E-07, -0.0125100141851508
1.76149671875E-07, -0.0125928402052617
1.76151625E-07, -0.0117132306373461
1.76153578125E-07, -0.0119314596310052
1.7615553125E-07, -0.0111325092853839
1.76157484375E-07, -0.0110121916011152
1.761594375E-07, -0.0105837584739178
1.76161390625E-07, -0.0110240321525382
1.7616334375E-07, -0.00998491471768091
1.76165296875E-07, -0.0104823270998969
1.7616725E-07, -0.00971232383750902
1.76169203125E-07, -0.00880491046621828
1.7617115625E-07, -0.00924445957178033
1.76173109375E-07, -0.00800769761787906
1.761750625E-07, -0.00945044165478188
1.76177015625E-07, -0.00761442912663614
1.7617896875E-07, -0.00703090343292216
1.76180921875E-07, -0.00736012489895253
1.76182875E-07, -0.0069787312673423
1.76184828125E-07, -0.00755116439007447
1.7618678125E-07, -0.00639524929374626
1.76188734375E-07, -0.00727587751370153
1.761906875E-07, -0.00708150728401885
1.76192640625E-07, -0.00675072191126332
1.7619459375E-07, -0.00622165203236863
1.76196546875E-07, -0.00626525230587115
1.761985E-07, -0.00638140299650487
1.76200453125E-07, -0.00698972729630415
1.7620240625E-07, -0.00560161751132055
1.76204359375E-07, -0.00590614928158996
1.762063125E-07, -0.00576300455788963
1.76208265625E-07, -0.00572742075408072
1.7621021875E-07, -0.0065120450553752
1.76212171875E-07, -0.00561261162730406
1.76214125E-07, -0.00568983923250733
1.76216078125E-07, -0.00578705106077897
1.7621803125E-07, -0.00575068365502997
1.76219984375E-07, -0.00651941765218319
1.762219375E-07, -0.00599924490298489
1.76223890625E-07, -0.00676164710072188
1.7622584375E-07, -0.00607436408821443
1.76227796875E-07, -0.00594627852341444
1.7622975E-07, -0.00663078843560073
1.76231703125E-07, -0.00607605526238077
1.7623365625E-07, -0.00673152381850239
1.76235609375E-07, -0.00632866160679006
1.762375625E-07, -0.0066156530049662
1.76239515625E-07, -0.00765296316962039
1.7624146875E-07, -0.00674380437324675
1.76243421875E-07, -0.00753205801661142
1.76245375E-07, -0.00730030243301306
1.76247328125E-07, -0.00790839555504071
1.7624928125E-07, -0.00789674384571468
1.76251234375E-07, -0.00775994651339965
1.762531875E-07, -0.00844738521157581
1.76255140625E-07, -0.00782376380138771
1.7625709375E-07, -0.00882619092649674
1.76259046875E-07, -0.008935104571942
1.76261E-07, -0.00819687192646868
1.76262953125E-07, -0.00830310356431257
1.7626490625E-07, -0.00963164614543491
1.76266859375E-07, -0.0096675927929237
1.762688125E-07, -0.0094398242941866
1.76270765625E-07, -0.0105122360707131
1.7627271875E-07, -0.00939216023684887
1.76274671875E-07, -0.00954387522399938
1.76276625E-07, -0.0097365458852434
1.76278578125E-07, -0.0103133586480788
1.7628053125E-07, -0.0099335341003216
1.76282484375E-07, -0.0106298658993675
1.762844375E-07, -0.0111297910787919
1.76286390625E-07, -0.0101982259098816
1.7628834375E-07, -0.0105507832144867
1.76290296875E-07, -0.0107499683572008
1.7629225E-07, -0.0103992282799074
1.76294203125E-07, -0.0108493799671639
1.7629615625E-07, -0.01068190149135
1.76298109375E-07, -0.0109880031959529
1.763000625E-07, -0.0115872172271004
1.76302015625E-07, -0.0106678179696552
1.7630396875E-07, -0.0110081096634066
1.76305921875E-07, -0.0106812993042279
1.76307875E-07, -0.0104891096555948
1.76309828125E-07, -0.0110664369850081
1.7631178125E-07, -0.0115626836230348
1.76313734375E-07, -0.0110658217420471
1.763156875E-07, -0.010918524018243
1.76317640625E-07, -0.0102420417399034
1.7631959375E-07, -0.0097698405522808
1.76321546875E-07, -0.010207541919467
1.763235E-07, -0.0109551972235599
1.76325453125E-07, -0.0102893365982632
1.7632740625E-07, -0.00976658521385676
1.76329359375E-07, -0.0100545745347052
1.763313125E-07, -0.00987934477934372
1.76333265625E-07, -0.0104746807222551
1.7633521875E-07, -0.0096737799027371
1.76337171875E-07, -0.00959706943053908
1.76339125E-07, -0.00893601148103112
1.76341078125E-07, -0.00853935021120825
1.7634303125E-07, -0.00903407364817812
1.76344984375E-07, -0.00861611102847995
1.763469375E-07, -0.00888524918258142
1.76348890625E-07, -0.00869188017672077
1.7635084375E-07, -0.00900984142426083
1.76352796875E-07, -0.00816066339332536
1.7635475E-07, -0.00804452442498124
1.76356703125E-07, -0.0083088875705911
1.7635865625E-07, -0.00740084470431372
1.76360609375E-07, -0.00810555604217199
1.763625625E-07, -0.00760869528790787
1.76364515625E-07, -0.00694888201909063
1.7636646875E-07, -0.00726144985470125
1.76368421875E-07, -0.00715586718714065
1.76370375E-07, -0.00719369326621368
1.76372328125E-07, -0.00679519336548731
1.7637428125E-07, -0.00641555012119371
1.76376234375E-07, -0.00690977408407617
1.763781875E-07, -0.00637936281254501
1.76380140625E-07, -0.006532258195539
1.7638209375E-07, -0.00560902860901884
1.76384046875E-07, -0.0060661390543082
1.76386E-07, -0.0058314249980843
1.76387953125E-07, -0.00577770928748902
1.7638990625E-07, -0.00565268914781466
1.76391859375E-07, -0.00560805406590215
1.763938125E-07, -0.00564548381114656
1.76395765625E-07, -0.00578354198668236
1.7639771875E-07, -0.00546292170674136
1.76399671875E-07, -0.00516713667167214
1.76401625E-07, -0.00564638460280758
1.76403578125E-07, -0.00482358186099088
1.7640553125E-07, -0.00519877318154881
1.76407484375E-07, -0.00463353746819438
1.764094375E-07, -0.0051363812752196
1.76411390625E-07, -0.00466357309289638
1.7641334375E-07, -0.00457963032174248
1.76415296875E-07, -0.00467818320496857
1.7641725E-07, -0.00437843040664198
1.76419203125E-07, -0.00427101658902482
1.7642115625E-07, -0.00423189514555299
1.76423109375E-07, -0.0046730673984946
1.764250625E-07, -0.00445066463201725
1.76427015625E-07, -0.00439853867620117
1.7642896875E-07, -0.00455704244586137
1.76430921875E-07, -0.00453812392080255
1.76432875E-07, -0.00374715487561157
1.76434828125E-07, -0.00452311565993349
1.7643678125E-07, -0.00447180417967122
1.76438734375E-07, -0.0043395405179536
1.764406875E-07, -0.00360538691665243
1.76442640625E-07, -0.00427308238759214
1.7644459375E-07, -0.00469768449318357
1.76446546875E-07, -0.00418940503590283
1.764485E-07, -0.00381052396079483
1.76450453125E-07, -0.00408000228279043
1.7645240625E-07, -0.00406741069203167
1.76454359375E-07, -0.00407850326462341
1.764563125E-07, -0.00417230777229192
1.76458265625E-07, -0.00433977565172992
1.7646021875E-07, -0.00439977155196925
1.76462171875E-07, -0.00366979382921979
1.76464125E-07, -0.00490384345168739
1.76466078125E-07, -0.00351283797513817
1.7646803125E-07, -0.00413041299330294
1.76469984375E-07, -0.00363603545529729
1.764719375E-07, -0.0046251745888155
1.76473890625E-07, -0.00527248753985502
1.7647584375E-07, -0.00414570163984278
1.76477796875E-07, -0.00388134744599707
1.7647975E-07, -0.00465910930004045
1.76481703125E-07, -0.0039623036301943
1.7648365625E-07, -0.00410816030480404
1.76485609375E-07, -0.00422206529293488
1.764875625E-07, -0.00456230723633712
1.76489515625E-07, -0.00367063986847784
1.7649146875E-07, -0.00393464839008101
1.76493421875E-07, -0.00353042885899154
1.76495375E-07, -0.00496427332708758
1.76497328125E-07, -0.00404483191587241
1.7649928125E-07, -0.00423742750661769
1.76501234375E-07, -0.00433786784474091
1.765031875E-07, -0.00342676046029113
1.76505140625E-07, -0.00403244911515538
1.7650709375E-07, -0.00378427734866048
1.76509046875E-07, -0.00413297621927405
1.76511E-07, -0.00411271954623845
1.76512953125E-07, -0.00406321063386081
1.7651490625E-07, -0.0039956565893319
1.76516859375E-07, -0.00452806567458878
1.765188125E-07, -0.00379012160799931
1.76520765625E-07, -0.00386756531099855
1.7652271875E-07, -0.00365491900744763
1.76524671875E-07, -0.00392271629002999
1.76526625E-07, -0.003660765870632
1.76528578125E-07, -0.00449291098714741
1.7653053125E-07, -0.00360207391207139
1.76532484375E-07, -0.00404281521795721
1.765344375E-07, -0.00399089494516283
1.76536390625E-07, -0.00412012843288143
1.7653834375E-07, -0.00370964607990029
1.76540296875E-07, -0.00405512187268145
1.7654225E-07, -0.00348507432491666
1.76544203125E-07, -0.00402666524740754
1.7654615625E-07, -0.003435778712318
1.76548109375E-07, -0.00350683560859222
1.765500625E-07, -0.00394157436253669
1.76552015625E-07, -0.00395120024296298
1.7655396875E-07, -0.00329327145694493
1.76555921875E-07, -0.00345958115348197
1.76557875E-07, -0.00383065891324785
1.76559828125E-07, -0.00398157998783307
1.7656178125E-07, -0.00400086878562096
1.76563734375E-07, -0.00418469242897555
1.765656875E-07, -0.00368773276219823
1.76567640625E-07, -0.00342964906171417
1.7656959375E-07, -0.00392901870115224
1.76571546875E-07, -0.00369970660156499
1.765735E-07, -0.00467227225008696
1.76575453125E-07, -0.00365216339003639
1.7657740625E-07, -0.00363280227162379
1.76579359375E-07, -0.00377509196424462
1.765813125E-07, -0.00374308963256644
1.76583265625E-07, -0.00365267341751638
1.7658521875E-07, -0.00364754089641071
1.76587171875E-07, -0.00384238084272837
1.76589125E-07, -0.00373970972166292
1.76591078125E-07, -0.00357469815720146
1.7659303125E-07, -0.00366043578224512
1.76594984375E-07, -0.00400708554129416
1.765969375E-07, -0.00384920748530604
1.76598890625E-07, -0.00411615699244398
1.7660084375E-07, -0.00373978676040894
1.76602796875E-07, -0.00359678405245237
1.7660475E-07, -0.00366396597242603
1.76606703125E-07, -0.00415432994748955
1.7660865625E-07, -0.00345557900287327
1.76610609375E-07, -0.00365009732294809
1.766125625E-07, -0.00382131037270448
1.76614515625E-07, -0.00395119440032968
1.7661646875E-07, -0.00363757427256874
1.76618421875E-07, -0.00408670013246308
1.76620375E-07, -0.00368951197949732
1.76622328125E-07, -0.0037688906014862
1.7662428125E-07, -0.0041902817098374
1.76626234375E-07, -0.00350303504804418
1.766281875E-07, -0.00408933998428606
1.76630140625E-07, -0.00360800171923996
1.7663209375E-07, -0.00364117419136861
1.76634046875E-07, -0.00394386422044185
1.76636E-07, -0.00372160596678183
1.76637953125E-07, -0.00365431602039636
1.7663990625E-07, -0.00378691017484328
1.76641859375E-07, -0.00347637500642435
1.766438125E-07, -0.0032601396313229
1.76645765625E-07, -0.00360167009532507
1.7664771875E-07, -0.00340824352118446
1.76649671875E-07, -0.00374682528162807
1.76651625E-07, -0.00375263895832339
1.76653578125E-07, -0.00385229655761975
1.7665553125E-07, -0.00359211114056574
1.76657484375E-07, -0.00330204194344619
1.766594375E-07, -0.00349375202333888
1.76661390625E-07, -0.00360234772283218
1.7666334375E-07, -0.00325833548410584
1.76665296875E-07, -0.00348757942326745
1.7666725E-07, -0.00334824607048042
1.76669203125E-07, -0.0032963301423411
1.7667115625E-07, -0.0029026486729772
1.76673109375E-07, -0.00286486619649913
1.766750625E-07, -0.00334002067772277
1.76677015625E-07, -0.00328340914556198
1.7667896875E-07, -0.00318484802942029
1.76680921875E-07, -0.0028674598235963
1.76682875E-07, -0.00291855489330465
1.76684828125E-07, -0.00290220101731086
1.7668678125E-07, -0.00293553391359473
1.76688734375E-07, -0.0026252645228358
1.766906875E-07, -0.0027200700149205
1.76692640625E-07, -0.0030019902470257
1.7669459375E-07, -0.00294874321139133
1.76696546875E-07, -0.00283358407104975
1.766985E-07, -0.00292473102987986
1.76700453125E-07, -0.00273325845753991
1.7670240625E-07, -0.00303600796933541
1.76704359375E-07, -0.00282579163724982
1.767063125E-07, -0.00262670381815002
1.76708265625E-07, -0.00265305317772827
1.7671021875E-07, -0.00258765984916186
1.76712171875E-07, -0.00311620626534979
1.76714125E-07, -0.00275314681251047
1.76716078125E-07, -0.00266452688044545
1.7671803125E-07, -0.00282109078622644
1.76719984375E-07, -0.00289765048360583
1.767219375E-07, -0.00287890685607515
1.76723890625E-07, -0.00236753568460032
1.7672584375E-07, -0.00275597402135572
1.76727796875E-07, -0.00259486235686141
1.7672975E-07, -0.00279960006400125
1.76731703125E-07, -0.00260855122760717
1.7673365625E-07, -0.00215039358331277
1.76735609375E-07, -0.00288188749167399
1.767375625E-07, -0.0028120398653191
1.76739515625E-07, -0.00269651282189248
1.7674146875E-07, -0.00290718639007628
1.76743421875E-07, -0.00265295980126699
1.76745375E-07, -0.00319292222032125
1.76747328125E-07, -0.00308911954468686
1.7674928125E-07, -0.00302825804060946
1.76751234375E-07, -0.00316691663864615
1.767531875E-07, -0.00268749426625287
1.76755140625E-07, -0.00313508240558648
1.7675709375E-07, -0.00334530937047173
1.76759046875E-07, -0.00270192047549246
1.76761E-07, -0.0034315910003855
1.76762953125E-07, -0.00363867528438016
1.7676490625E-07, -0.00335230388853796
1.76766859375E-07, -0.00369055817188859
1.767688125E-07, -0.00339385971450209
1.76770765625E-07, -0.00331412707636936
1.7677271875E-07, -0.00365960144555973
1.76774671875E-07, -0.00348623075237359
1.76776625E-07, -0.00356413538654097
1.76778578125E-07, -0.00386751311864097
1.7678053125E-07, -0.00305298604139981
1.76782484375E-07, -0.00382568140305525
1.767844375E-07, -0.00352044810516836
1.76786390625E-07, -0.00323887321040818
1.7678834375E-07, -0.00386447453022835
1.76790296875E-07, -0.00363797627666594
1.7679225E-07, -0.00423254867435116
1.76794203125E-07, -0.00394042788797872
1.7679615625E-07, -0.00383233994336784
1.76798109375E-07, -0.00394904029954843
1.768000625E-07, -0.00387653464555797
1.76802015625E-07, -0.00318983257564678
1.7680396875E-07, -0.0026224214507966
1.76805921875E-07, -0.00373613921050588
1.76807875E-07, -0.00362210523980114
1.76809828125E-07, -0.00401125833480061
1.7681178125E-07, -0.0027760346066647
1.76813734375E-07, -0.00264500375715331
1.768156875E-07, -0.00286000190853962
1.76817640625E-07, -0.00168377358874739
1.7681959375E-07, -0.00294638777132998
1.76821546875E-07, -0.00288596284719531
1.768235E-07, -0.00209073903928507
1.76825453125E-07, -0.00233517779626574
1.7682740625E-07, -0.00168403531887171
1.76829359375E-07, -0.00235239607959904
1.768313125E-07, -0.00194917640558058
1.76833265625E-07, -0.000619271209546689
1.7683521875E-07, -0.00087619839842383
1.76837171875E-07, -0.000728528456804106
1.76839125E-07, -0.00158901956978149
1.76841078125E-07, -0.0003213832569145
1.7684303125E-07, 0.000269022398385724
1.76844984375E-07, 2.92749317073287E-05
1.768469375E-07, 2.19670603654076E-05
1.76848890625E-07, 0.00110202039924969
1.7685084375E-07, 0.000372153231630174
1.76852796875E-07, 0.00151818210064223
1.7685475E-07, 0.0022365820201383
1.76856703125E-07, 0.001723506890033
1.7685865625E-07, 0.00208292007916894
1.76860609375E-07, 0.00282912024614214
1.768625625E-07, 0.00271769765271638
1.76864515625E-07, 0.00346729998752174
1.7686646875E-07, 0.00270110603300114
1.76868421875E-07, 0.00323266557915771
1.76870375E-07, 0.00359031005764213
1.76872328125E-07, 0.0036595148487493
1.7687428125E-07, 0.00409622651112727
1.76876234375E-07, 0.00445164971748276
1.768781875E-07, 0.00494331401571273
1.76880140625E-07, 0.00549688287065071
1.7688209375E-07, 0.00514643710029701
1.76884046875E-07, 0.00576680767139011
1.76886E-07, 0.00553187351950909
1.76887953125E-07, 0.00615577225266262
1.7688990625E-07, 0.00646344873055298
1.76891859375E-07, 0.00635506420699139
1.768938125E-07, 0.00676085883406806
1.76895765625E-07, 0.00699699218929703
1.7689771875E-07, 0.00696454327927968
1.76899671875E-07, 0.00667537621995689
1.76901625E-07, 0.0062911220444322
1.76903578125E-07, 0.00697643430337327
1.7690553125E-07, 0.0076384222729291
1.76907484375E-07, 0.00736510352735247
1.769094375E-07, 0.00765224815037911
1.76911390625E-07, 0.00662070254808912
1.7691334375E-07, 0.00728267569344123
1.76915296875E-07, 0.00678918506963858
1.7691725E-07, 0.00715966841003927
1.76919203125E-07, 0.00742410870560659
1.7692115625E-07, 0.00681798426030728
1.76923109375E-07, 0.00707139297663561
1.769250625E-07, 0.00630664763404795
1.76927015625E-07, 0.00662458580142131
1.7692896875E-07, 0.00660774480323463
1.76930921875E-07, 0.00520820097690301
1.76932875E-07, 0.00589954414473694
1.76934828125E-07, 0.00614470294887572
1.7693678125E-07, 0.00557339171356138
1.76938734375E-07, 0.00650585310636336
1.769406875E-07, 0.00517253292866358
1.76942640625E-07, 0.00516206920488547
1.7694459375E-07, 0.00502063362051549
1.76946546875E-07, 0.00473470573353366
1.769485E-07, 0.00521034779426732
1.76950453125E-07, 0.00459042230642513
1.7695240625E-07, 0.00445391175381517
1.76954359375E-07, 0.00336609774923837
1.769563125E-07, 0.00406382082097612
1.76958265625E-07, 0.00390881766791764
1.7696021875E-07, 0.00377116628855876
1.76962171875E-07, 0.00312884217418438
1.76964125E-07, 0.00331733755392491
1.76966078125E-07, 0.00319630364170965
1.7696803125E-07, 0.00222943808502034
1.76969984375E-07, 0.00231300569542216
1.769719375E-07, 0.00216989592598402
1.76973890625E-07, 0.00211543939845941
1.7697584375E-07, 0.00217153475864291
1.76977796875E-07, 0.00159894537646005
1.7697975E-07, 0.0014105071327586
1.76981703125E-07, 0.00133962392979137
1.7698365625E-07, 0.00160954144267714
1.76985609375E-07, 0.000970424758200963
1.769875625E-07, 0.000874742895572429
1.76989515625E-07, 0.00135121817693674
1.7699146875E-07, 0.000997619503675043
1.76993421875E-07, 0.000724543124612382
1.76995375E-07, 0.000547783284510714
1.76997328125E-07, 0.00103699346280413
1.7699928125E-07, 0.000839777576492168
1.77001234375E-07, 0.000179747340084655
1.770031875E-07, 0.000332563710456935
1.77005140625E-07, 0.000520508325731552
1.7700709375E-07, 0.00042613865730085
1.77009046875E-07, 0.000570795403196787
1.77011E-07, 0.000351457791432398
1.77012953125E-07, 0.000592157670703277
1.7701490625E-07, 0.000722829456130473
1.77016859375E-07, 0.000542182523318819
1.770188125E-07, 0.000402931939037814
1.77020765625E-07, 0.000494467573515288
1.7702271875E-07, 0.0006741500080054
1.77024671875E-07, 0.000916594078221071
1.77026625E-07, -9.59076665371354E-05
1.77028578125E-07, -0.000169341078240861
1.7703053125E-07, -7.33851817262222E-05
1.77032484375E-07, 0.000857956571158738
1.770344375E-07, 0.00181638558335445
1.77036390625E-07, 0.000588496019688944
1.7703834375E-07, 0.000844046748131091
1.77040296875E-07, 0.000854261750383935
1.7704225E-07, 0.00143308363667911
1.77044203125E-07, 0.00115180200240171
1.7704615625E-07, 0.00237758500917784
1.77048109375E-07, 0.0012956837723844
1.770500625E-07, 0.00250111446237986
1.77052015625E-07, 0.00216617966252224
1.7705396875E-07, 0.00252677081184024
1.77055921875E-07, 0.0015791394263792
1.77057875E-07, 0.00253497908929967
1.77059828125E-07, 0.00160112785028105
1.7706178125E-07, 0.00261469160589696
1.77063734375E-07, 0.00199662466785109
1.770656875E-07, 0.00303208153646549
1.77067640625E-07, 0.00247623860275062
1.7706959375E-07, 0.00300284501412804
1.77071546875E-07, 0.00309204969154089
1.770735E-07, 0.00349758711397649
1.77075453125E-07, 0.00235175153203855
1.7707740625E-07, 0.00358788341427708
1.77079359375E-07, 0.00344728840585237
1.770813125E-07, 0.00305141207951913
1.77083265625E-07, 0.0030970876112718
1.7708521875E-07, 0.00258189257883439
1.77087171875E-07, 0.00347831020032641
1.77089125E-07, 0.00416446483743431
1.77091078125E-07, 0.00290428801906759
1.7709303125E-07, 0.00277879454349203
1.77094984375E-07, 0.00320970838057344
1.770969375E-07, 0.0031012212839217
1.77098890625E-07, 0.00395539713064598
1.7710084375E-07, 0.00306864758232767
1.77102796875E-07, 0.00401290624141351
1.7710475E-07, 0.00352886498177969
1.77106703125E-07, 0.00322210313098537
1.7710865625E-07, 0.00388136575753831
1.77110609375E-07, 0.00296803946461198
1.771125625E-07, 0.00262711910336345
1.77114515625E-07, 0.00301778680382907
1.7711646875E-07, 0.00251136270032689
1.77118421875E-07, 0.00384160940720057
1.77120375E-07, 0.00295930465937622
1.77122328125E-07, 0.0026202321158994
1.7712428125E-07, 0.00302632308440344
1.77126234375E-07, 0.00280689026843802
1.771281875E-07, 0.00273828982680002
1.77130140625E-07, 0.00290371845452139
1.7713209375E-07, 0.00352207732149807
1.77134046875E-07, 0.00266718221758059
1.77136E-07, 0.00276874064887098
1.77137953125E-07, 0.00323147260894392
1.7713990625E-07, 0.00196089421528043
1.77141859375E-07, 0.00228290522214678
1.771438125E-07, 0.00280589704444215
1.77145765625E-07, 0.00310300827361838
1.7714771875E-07, 0.00354174308775084
1.77149671875E-07, 0.00277508181789938
1.77151625E-07, 0.00328980028034364
1.77153578125E-07, 0.00347793494869743
1.7715553125E-07, 0.00270251242778987
1.77157484375E-07, 0.0033219430206819
1.771594375E-07, 0.00361539202277479
1.77161390625E-07, 0.00386224671521953
1.7716334375E-07, 0.00391856730306561
1.77165296875E-07, 0.0033773344904519
1.7716725E-07, 0.00312402801926339
1.77169203125E-07, 0.00271367348977229
1.7717115625E-07, 0.00306022399755773
1.77173109375E-07, 0.00347743292725222
1.771750625E-07, 0.00379512576636424
1.77177015625E-07, 0.00437211581258057
1.7717896875E-07, 0.00381725551171299
1.77180921875E-07, 0.00386853188947336
1.77182875E-07, 0.0046190684472483
1.77184828125E-07, 0.00444260721412785
1.7718678125E-07, 0.00394671561728948
1.77188734375E-07, 0.00463982911904465
1.771906875E-07, 0.00454407590943586
1.77192640625E-07, 0.0042560288993238
1.7719459375E-07, 0.0047247386600146
1.77196546875E-07, 0.00439968584138787
1.771985E-07, 0.00516996056118217
1.77200453125E-07, 0.00509988066863016
1.7720240625E-07, 0.00540965113258493
1.77204359375E-07, 0.00551442513876512
1.772063125E-07, 0.00509971134733489
1.77208265625E-07, 0.00532608400171422
1.7721021875E-07, 0.00592867103110789
1.77212171875E-07, 0.00563825936320175
1.77214125E-07, 0.00605831636524978
1.77216078125E-07, 0.00548358174766992
1.7721803125E-07, 0.00577432876995903
1.77219984375E-07, 0.00622571722414564
1.772219375E-07, 0.00521011955445393
1.77223890625E-07, 0.00589107758185238
1.7722584375E-07, 0.00570318025888575
1.77227796875E-07, 0.00572957215543057
1.7722975E-07, 0.00600047719235134
1.77231703125E-07, 0.00629051587586322
1.7723365625E-07, 0.00479184350343601
1.77235609375E-07, 0.00570986390814204
1.772375625E-07, 0.00577718661731518
1.77239515625E-07, 0.00540084666137145
1.7724146875E-07, 0.00638613576608174
1.77243421875E-07, 0.00573094427122533
1.77245375E-07, 0.00503325182993429
1.77247328125E-07, 0.00564718701900169
1.7724928125E-07, 0.00596762989893749
1.77251234375E-07, 0.00522006913679794
1.772531875E-07, 0.00412847354601784
1.77255140625E-07, 0.00614439745212643
1.7725709375E-07, 0.00521043828092714
1.77259046875E-07, 0.00462743350599334
1.77261E-07, 0.00546904345555107
1.77262953125E-07, 0.00552131232266191
1.7726490625E-07, 0.00450489382337205
1.77266859375E-07, 0.00432629314500029
1.772688125E-07, 0.00546297429902544
1.77270765625E-07, 0.00477211007002905
1.7727271875E-07, 0.00502204708648992
1.77274671875E-07, 0.00442497272051735
1.77276625E-07, 0.00465378157155759
1.77278578125E-07, 0.00359085723143375
1.7728053125E-07, 0.00449608735296021
1.77282484375E-07, 0.00394768846248213
1.772844375E-07, 0.00286091075139463
1.77286390625E-07, 0.00328785372709198
1.7728834375E-07, 0.00373463498416521
1.77290296875E-07, 0.00281966686608858
1.7729225E-07, 0.00290703020727453
1.77294203125E-07, 0.00318956719918344
1.7729615625E-07, 0.00285614705021621
1.77298109375E-07, 0.00162783989818507
1.773000625E-07, 0.00252426201213435
1.77302015625E-07, 0.00330051460462184
1.7730396875E-07, 0.00111094457904797
1.77305921875E-07, 0.00243466611736106
1.77307875E-07, 0.00211259069001841
1.77309828125E-07, 0.00215751043969219
1.7731178125E-07, 0.00214750985690186
1.77313734375E-07, 0.0018179507752515
1.773156875E-07, 0.00110026533796397
1.77317640625E-07, 0.000607038980793494
1.7731959375E-07, 0.00100384114218048
1.77321546875E-07, 0.000942430001924576
1.773235E-07, 0.000469164918001686
1.77325453125E-07, 0.000441512237402971
1.7732740625E-07, 0.000624768817652456
1.77329359375E-07, 0.00055348667229848
1.773313125E-07, 0.000935304666601223
1.77333265625E-07, -0.000254446881550802
1.7733521875E-07, -0.000500546388820369
1.77337171875E-07, -1.47728441228474E-05
1.77339125E-07, -7.95159279804291E-05
1.77341078125E-07, -0.000414183641273467
1.7734303125E-07, -0.0004170802771139
1.77344984375E-07, -0.000808514190268787
1.773469375E-07, -0.000560973759569147
1.77348890625E-07, -0.000337817301675218
1.7735084375E-07, -0.000815325553125085
1.77352796875E-07, -0.000350539868580145
1.7735475E-07, -0.0010129803419543
1.77356703125E-07, -0.000824588132088408
1.7735865625E-07, -0.000953035393107436
1.77360609375E-07, -0.00115037216335623
1.773625625E-07, -0.00131235555476699
1.77364515625E-07, -0.00127032533855551
1.7736646875E-07, -0.00136831635660624
1.77368421875E-07, -0.00148582414296995
1.77370375E-07, -0.0012836384325648
1.77372328125E-07, -0.00173646616873229
1.7737428125E-07, -0.00190867709624268
1.77376234375E-07, -0.00166901345946025
1.773781875E-07, -0.00152507996135331
1.77380140625E-07, -0.00159102684530911
1.7738209375E-07, -0.00182124321290388
1.77384046875E-07, -0.00207391632708829
1.77386E-07, -0.00173666694254803
1.77387953125E-07, -0.00183629437139081
1.7738990625E-07, -0.00195746946482221
1.77391859375E-07, -0.00198263068242587
1.773938125E-07, -0.00203853341896506
1.77395765625E-07, -0.00180776898476341
1.7739771875E-07, -0.00214697275190951
1.77399671875E-07, -0.00172816713107962
1.77401625E-07, -0.00166649494861651
1.77403578125E-07, -0.00145117056237729
1.7740553125E-07, -0.001642587981028
1.77407484375E-07, -0.00199032345501906
1.774094375E-07, -0.00206635975714884
1.77411390625E-07, -0.00164999558605259
1.7741334375E-07, -0.0014258015695112
1.77415296875E-07, -0.00199423695781163
1.7741725E-07, -0.00192147564638384
1.77419203125E-07, -0.00124375748302758
1.7742115625E-07, -0.00155904203509056
1.77423109375E-07, -0.00149000827771082
1.774250625E-07, -0.00160860539043937
1.77427015625E-07, -0.00174287344935615
1.7742896875E-07, -0.00150817689334617
1.77430921875E-07, -0.00144607303588226
1.77432875E-07, -0.00146133313544103
1.77434828125E-07, -0.00140819185309931
1.7743678125E-07, -0.0011935941319346
1.77438734375E-07, -0.00142024710965112
1.774406875E-07, -0.00130759138648423
1.77442640625E-07, -0.00126777066799789
1.7744459375E-07, -0.00122169725231184
1.77446546875E-07, -0.00107147100246998
1.774485E-07, -0.00121550279461505
1.77450453125E-07, -0.00146147237379633
1.7745240625E-07, -0.00146902924937561
1.77454359375E-07, -0.00139749736515706
1.774563125E-07, -0.00132427081538936
1.77458265625E-07, -0.00115381804424902
1.7746021875E-07, -0.00103178841801087
1.77462171875E-07, -0.00142755326026972
1.77464125E-07, -0.00137222474937236
1.77466078125E-07, -0.00167489624821166
1.7746803125E-07, -0.00120520146548683
1.77469984375E-07, -0.00132327651474346
1.774719375E-07, -0.00142587770165926
1.77473890625E-07, -0.00128932098479196
1.7747584375E-07, -0.00157220604161974
1.77477796875E-07, -0.00130671261323014
1.7747975E-07, -0.0019440327158438
1.77481703125E-07, -0.00174741807994148
1.7748365625E-07, -0.00165912980852489
1.77485609375E-07, -0.00138180883244013
1.774875625E-07, -0.00182111096503207
1.77489515625E-07, -0.00170848104271096
1.7749146875E-07, -0.00209377175716633
1.77493421875E-07, -0.00179078579356244
1.77495375E-07, -0.00207270358249177
1.77497328125E-07, -0.00163072674310373
1.7749928125E-07, -0.0019958276096906
1.77501234375E-07, -0.0018446319442879
1.775031875E-07, -0.00192354950852746
1.77505140625E-07, -0.00191252162179861
1.7750709375E-07, -0.00192254953517198
1.77509046875E-07, -0.00177958347611367
1.77511E-07, -0.00250066400199107
1.77512953125E-07, -0.00237177724193348
1.7751490625E-07, -0.00128477294372835
1.77516859375E-07, -0.00279270607774929
1.775188125E-07, -0.00215491047721501
1.77520765625E-07, -0.00225902801594837
1.7752271875E-07, -0.0023218713173454
1.77524671875E-07, -0.00224234244733369
1.77526625E-07, -0.00231463241641308
1.77528578125E-07, -0.00220196178506209
1.7753053125E-07, -0.00233412846362516
1.77532484375E-07, -0.00229204747566577
1.775344375E-07, -0.00184458692509822
1.77536390625E-07, -0.0016059557036527
1.7753834375E-07, -0.00207313642140664
1.77540296875E-07, -0.0024359669750794
1.7754225E-07, -0.00209086062372047
1.77544203125E-07, -0.00150683315641017
1.7754615625E-07, -0.00288183888415092
1.77548109375E-07, -0.00251173946403287
1.775500625E-07, -0.00222353124525427
1.77552015625E-07, -0.00304150940282506
1.7755396875E-07, -0.00249616725689127
1.77555921875E-07, -0.00179662490677242
1.77557875E-07, -0.00226770673495365
1.77559828125E-07, -0.00139723432611831
1.7756178125E-07, -0.00195752359286043
1.77563734375E-07, -0.0018989043985491
1.775656875E-07, -0.00156143081781768
1.77567640625E-07, -0.00294474701820364
1.7756959375E-07, -0.00197819382404091
1.77571546875E-07, -0.00222467644117578
1.775735E-07, -0.00284286375103161
1.77575453125E-07, -0.00193974156559074
1.7757740625E-07, -0.00214046576737452
1.77579359375E-07, -0.00202163751726596
1.775813125E-07, -0.00197759454107252
1.77583265625E-07, -0.00198932237410773
1.7758521875E-07, -0.0019201401734241
1.77587171875E-07, -0.0021836961324242
1.77589125E-07, -0.00203490892185439
1.77591078125E-07, -0.00157786377285288
1.7759303125E-07, -0.0015050543067273
1.77594984375E-07, -0.00217881362623555
1.775969375E-07, -0.00143163077259484
1.77598890625E-07, -0.00166928409728921
1.7760084375E-07, -0.00179661147429775
1.77602796875E-07, -0.00229025646980873
1.7760475E-07, -0.001302957360293
1.77606703125E-07, -0.00170348927894213
1.7760865625E-07, -0.00145038609676022
1.77610609375E-07, -0.0017267219687273
1.776125625E-07, -0.00215966049306866
1.77614515625E-07, -0.0021796090697823
1.7761646875E-07, -0.00228713823999926
1.77618421875E-07, -0.0014446398411691
1.77620375E-07, -0.00179024228932222
1.77622328125E-07, -0.00257191263943586
1.7762428125E-07, -0.00156204723434161
1.77626234375E-07, -0.0022610927278494
1.776281875E-07, -0.00214584936983653
1.77630140625E-07, -0.00142882146732265
1.7763209375E-07, -0.00184629083176775
1.77634046875E-07, -0.00199736307390069


