File Format, WaveformXYValues
Format Version, 1
Instrument, N1045A,04F,LOJ
SwVersion, A.06.71.21
SerialNumber, MY56260108
Date, 11/29/2023 14:18:57 GMT+08:00

Source Name, Channel 1A

Points, 2048
Signal Type, Unspecified
Channel Bandwidth, 2E+10
Channel Noise, 6.66857143682292E-05
X Units, Second
Y Units, Volt
Data, 
1.73636E-07, -9.56753015764665E-05
1.73637953125E-07, -0.0018657941782797
1.7363990625E-07, -0.00137964433131874
1.73641859375E-07, -0.00104985027717538
1.736438125E-07, -0.00112546599541157
1.73645765625E-07, -0.00184331030797181
1.7364771875E-07, -0.000417354351582011
1.73649671875E-07, -0.00172260356267164
1.73651625E-07, -0.00070899921275837
1.73653578125E-07, -0.00127500126940445
1.7365553125E-07, -0.000918678107013445
1.73657484375E-07, -0.000684921406880457
1.736594375E-07, -0.0020287553607771
1.73661390625E-07, -0.00164187233956235
1.7366334375E-07, -0.000728177610935575
1.73665296875E-07, -0.00178775332959772
1.7366725E-07, -0.000458786553136262
1.73669203125E-07, -0.00101221468428149
1.7367115625E-07, -0.00133987431902094
1.73673109375E-07, -0.00174162981918575
1.736750625E-07, -0.00155726480882511
1.73677015625E-07, -0.00132164072829346
1.7367896875E-07, -0.00132005350074246
1.73680921875E-07, -0.00129419079355984
1.73682875E-07, -0.00144896701009311
1.73684828125E-07, -0.00158577446810878
1.7368678125E-07, -0.00139175824284352
1.73688734375E-07, -0.00166664579246717
1.736906875E-07, -0.00175803185660693
1.73692640625E-07, -0.00138528148387129
1.7369459375E-07, -0.00138336852212068
1.73696546875E-07, -0.00149272656641747
1.736985E-07, -0.00138110818622279
1.73700453125E-07, -0.00149162214062566
1.7370240625E-07, -0.00136277655029217
1.73704359375E-07, -0.00178488435126266
1.737063125E-07, -0.00136087838267504
1.73708265625E-07, -0.00153880254167252
1.7371021875E-07, -0.00141412902041485
1.73712171875E-07, -0.000996760923353966
1.73714125E-07, -0.00092647677834633
1.73716078125E-07, -0.00139518635500609
1.7371803125E-07, -0.00139409464853735
1.73719984375E-07, -0.00136731759452191
1.737219375E-07, -0.00189309631222688
1.73723890625E-07, -0.00143072558889158
1.7372584375E-07, -0.00144929081471064
1.73727796875E-07, -0.00158176181058107
1.7372975E-07, -0.00162835735019809
1.73731703125E-07, -0.00146352158614737
1.7373365625E-07, -0.00098961577578988
1.73735609375E-07, -0.00113670732771714
1.737375625E-07, -0.00186646726344779
1.73739515625E-07, -0.00167215516787378
1.7374146875E-07, -0.00195930031364806
1.73743421875E-07, -0.00147869649498793
1.73745375E-07, -0.00179833027618636
1.73747328125E-07, -0.00173568189453273
1.7374928125E-07, -0.00151233063269058
1.73751234375E-07, -0.00165288917503518
1.737531875E-07, -0.00188436184996085
1.73755140625E-07, -0.00115651887159229
1.7375709375E-07, -0.00189297495520344
1.73759046875E-07, -0.00154715037500711
1.73761E-07, -0.00194604755165411
1.73762953125E-07, -0.00203931379896723
1.7376490625E-07, -0.0015014870381856
1.73766859375E-07, -0.00182611267819314
1.737688125E-07, -0.0019978305215569
1.73770765625E-07, -0.00222486860723833
1.7377271875E-07, -0.00175156541988138
1.73774671875E-07, -0.00185604270187539
1.73776625E-07, -0.00212824469704729
1.73778578125E-07, -0.00230060340437354
1.7378053125E-07, -0.00218321696721256
1.73782484375E-07, -0.0022459292220712
1.737844375E-07, -0.00203521102268638
1.73786390625E-07, -0.00202391534931202
1.7378834375E-07, -0.00221869022325026
1.73790296875E-07, -0.00187247920022094
1.7379225E-07, -0.00180361345938136
1.73794203125E-07, -0.00171216025578926
1.7379615625E-07, -0.00188685871440778
1.73798109375E-07, -0.00194582723092101
1.738000625E-07, -0.00227321741518583
1.73802015625E-07, -0.00252596939704011
1.7380396875E-07, -0.00226673915193877
1.73805921875E-07, -0.00202913621322495
1.73807875E-07, -0.00217428585677868
1.73809828125E-07, -0.00188900029399244
1.7381178125E-07, -0.00220034840090067
1.73813734375E-07, -0.00253522342751761
1.738156875E-07, -0.00252608539876141
1.73817640625E-07, -0.00257481758496456
1.7381959375E-07, -0.00215135791622683
1.73821546875E-07, -0.00229287436154893
1.738235E-07, -0.00292001848363398
1.73825453125E-07, -0.0022017408935268
1.7382740625E-07, -0.00259888874056873
1.73829359375E-07, -0.00232442913997602
1.738313125E-07, -0.00250635499557582
1.73833265625E-07, -0.00270290054548291
1.7383521875E-07, -0.00249027650456282
1.73837171875E-07, -0.00274053878143914
1.73839125E-07, -0.00274659199835985
1.73841078125E-07, -0.00277122201920707
1.7384303125E-07, -0.00284862693443776
1.73844984375E-07, -0.00232903513265877
1.738469375E-07, -0.00294664526078203
1.73848890625E-07, -0.00306381492226176
1.7385084375E-07, -0.00297109376679181
1.73852796875E-07, -0.00313911489585234
1.7385475E-07, -0.00280183463813023
1.73856703125E-07, -0.00302849061269439
1.7385865625E-07, -0.00296876665254623
1.73860609375E-07, -0.00323845197443808
1.738625625E-07, -0.00327578102181596
1.73864515625E-07, -0.00332971443092636
1.7386646875E-07, -0.00382541834913923
1.73868421875E-07, -0.00359629242480849
1.73870375E-07, -0.00301077718607968
1.73872328125E-07, -0.00334431521130361
1.7387428125E-07, -0.00372312811803435
1.73876234375E-07, -0.00364263278277506
1.738781875E-07, -0.00444306041737407
1.73880140625E-07, -0.0039127233210601
1.7388209375E-07, -0.00335307189372478
1.73884046875E-07, -0.00469221432847603
1.73886E-07, -0.00404804687887901
1.73887953125E-07, -0.00406188767295232
1.7388990625E-07, -0.00404887895166848
1.73891859375E-07, -0.00384984579922246
1.738938125E-07, -0.00493028388522203
1.73895765625E-07, -0.00455542795907698
1.7389771875E-07, -0.00488269277870582
1.73899671875E-07, -0.00454410989264984
1.73901625E-07, -0.00507282317420259
1.73903578125E-07, -0.004459355715571
1.7390553125E-07, -0.00430145676929046
1.73907484375E-07, -0.00438759856496081
1.739094375E-07, -0.00481899719152622
1.73911390625E-07, -0.00464901034394637
1.7391334375E-07, -0.00537793541222753
1.73915296875E-07, -0.00557136884083167
1.7391725E-07, -0.00511278622117844
1.73919203125E-07, -0.00509982561662292
1.7392115625E-07, -0.00542627577549782
1.73923109375E-07, -0.00507093963892323
1.739250625E-07, -0.00574478650841345
1.73927015625E-07, -0.0053739380947373
1.7392896875E-07, -0.00550488625321895
1.73930921875E-07, -0.00535550867193068
1.73932875E-07, -0.00523274448236991
1.73934828125E-07, -0.00575790228539406
1.7393678125E-07, -0.00536677346253766
1.73938734375E-07, -0.00527973719474507
1.739406875E-07, -0.00496220434461852
1.73942640625E-07, -0.00640385843752068
1.7394459375E-07, -0.00558219414451621
1.73946546875E-07, -0.00498845212515344
1.739485E-07, -0.00568726279197355
1.73950453125E-07, -0.00417510429956944
1.7395240625E-07, -0.00547946580039993
1.73954359375E-07, -0.00602532309643924
1.739563125E-07, -0.00535389724538925
1.73958265625E-07, -0.00571386818113877
1.7396021875E-07, -0.00523625246493248
1.73962171875E-07, -0.00549723664213531
1.73964125E-07, -0.0054393384193542
1.73966078125E-07, -0.00566399224973057
1.7396803125E-07, -0.00548515679055457
1.73969984375E-07, -0.00401337023432605
1.739719375E-07, -0.00581099090182838
1.73973890625E-07, -0.00528386112739455
1.7397584375E-07, -0.00478279725113703
1.73977796875E-07, -0.00446959022988924
1.7397975E-07, -0.00529780848338455
1.73981703125E-07, -0.00430274492109006
1.7398365625E-07, -0.00364947212286776
1.73985609375E-07, -0.00476275349566622
1.739875625E-07, -0.00438998017506727
1.73989515625E-07, -0.0035933862021725
1.7399146875E-07, -0.00196331111394336
1.73993421875E-07, -0.0044853333023751
1.73995375E-07, -0.00331078690313804
1.73997328125E-07, -0.00297805448530764
1.7399928125E-07, -0.00294003120189676
1.74001234375E-07, -0.00370525794159153
1.740031875E-07, -0.00258332738300185
1.74005140625E-07, -0.000688643057580308
1.7400709375E-07, -0.00276070972983241
1.74009046875E-07, -0.00262574833534782
1.74011E-07, -0.00262839185372448
1.74012953125E-07, -0.00318772502478955
1.7401490625E-07, -0.0023206613003582
1.74016859375E-07, -0.00147996350244677
1.740188125E-07, -0.000392375648553475
1.74020765625E-07, -0.001715411706659
1.7402271875E-07, -0.00137775936407255
1.74024671875E-07, 0.00129790207178227
1.74026625E-07, -0.000180256516785917
1.74028578125E-07, 0.00145458723501674
1.7403053125E-07, -0.000663029321611296
1.74032484375E-07, 0.000832536298742893
1.740344375E-07, 0.000201074121715099
1.74036390625E-07, 0.000448142750565302
1.7403834375E-07, 0.00240531318289643
1.74040296875E-07, 0.00127925294075958
1.7404225E-07, 0.00288117076323254
1.74044203125E-07, 0.00300548246430362
1.7404615625E-07, 0.00223112117795173
1.74048109375E-07, 0.0027038534661257
1.740500625E-07, 0.00311056497305452
1.74052015625E-07, 0.00503427826014
1.7405396875E-07, 0.00514893180445956
1.74055921875E-07, 0.00543628751986257
1.74057875E-07, 0.0046277306744159
1.74059828125E-07, 0.00468188037324947
1.7406178125E-07, 0.00530653191944236
1.74063734375E-07, 0.00591424702403386
1.740656875E-07, 0.0066023704416546
1.74067640625E-07, 0.0059845252743135
1.7406959375E-07, 0.00830231553425733
1.74071546875E-07, 0.00807326719873573
1.740735E-07, 0.00861345374472398
1.74075453125E-07, 0.0100507965419872
1.7407740625E-07, 0.0107790976287132
1.74079359375E-07, 0.00849204734883153
1.740813125E-07, 0.0102957755195564
1.74083265625E-07, 0.00985176485620523
1.7408521875E-07, 0.0108530473699444
1.74087171875E-07, 0.0117720987188039
1.74089125E-07, 0.0127304637272795
1.74091078125E-07, 0.0127353671782817
1.7409303125E-07, 0.0129073152347809
1.74094984375E-07, 0.013416082129949
1.740969375E-07, 0.0149885119866699
1.74098890625E-07, 0.0144514158129281
1.7410084375E-07, 0.0155570617354958
1.74102796875E-07, 0.0143691068381896
1.7410475E-07, 0.0168253494597003
1.74106703125E-07, 0.0157610105995928
1.7410865625E-07, 0.0189864881350896
1.74110609375E-07, 0.0199308241431057
1.741125625E-07, 0.0171487588125738
1.74114515625E-07, 0.0191281981012634
1.7411646875E-07, 0.0207546891000824
1.74118421875E-07, 0.0226175977105634
1.74120375E-07, 0.0197538579821844
1.74122328125E-07, 0.0216286417517572
1.7412428125E-07, 0.0240426449238041
1.74126234375E-07, 0.022504038162925
1.741281875E-07, 0.0242894661524482
1.74130140625E-07, 0.0228620794112218
1.7413209375E-07, 0.0233120932011531
1.74134046875E-07, 0.0265116321950215
1.74136E-07, 0.0256392804255175
1.74137953125E-07, 0.0258834061565219
1.7413990625E-07, 0.0267809481674924
1.74141859375E-07, 0.0284051889081794
1.741438125E-07, 0.0275429405713096
1.74145765625E-07, 0.0283016568390651
1.7414771875E-07, 0.0284034070233816
1.74149671875E-07, 0.0297769859424181
1.74151625E-07, 0.0296532137086241
1.74153578125E-07, 0.0303390090852863
1.7415553125E-07, 0.0300958532045232
1.74157484375E-07, 0.0291718208067397
1.741594375E-07, 0.0313255182310451
1.74161390625E-07, 0.0318556233915012
1.7416334375E-07, 0.0325222057791258
1.74165296875E-07, 0.031515342946265
1.7416725E-07, 0.0317149852295557
1.74169203125E-07, 0.0320775188459041
1.7417115625E-07, 0.033481014523839
1.74173109375E-07, 0.032063053457115
1.741750625E-07, 0.0326015726335574
1.74177015625E-07, 0.0340335969795122
1.7417896875E-07, 0.0342378439690864
1.74180921875E-07, 0.0343008249522605
1.74182875E-07, 0.0332203316008201
1.74184828125E-07, 0.0333991201301858
1.7418678125E-07, 0.0344696490883516
1.74188734375E-07, 0.0338043028552583
1.741906875E-07, 0.0350920437293018
1.74192640625E-07, 0.0347833110252166
1.7419459375E-07, 0.0347135877227434
1.74196546875E-07, 0.0341707503650556
1.741985E-07, 0.0333467109843357
1.74200453125E-07, 0.0345834708331518
1.7420240625E-07, 0.0351849382007216
1.74204359375E-07, 0.0271867073799533
1.742063125E-07, 0.0321417497863903
1.74208265625E-07, 0.031757701424094
1.7421021875E-07, 0.0337912880193063
1.74212171875E-07, 0.0324327032802291
1.74214125E-07, 0.0321495615203984
1.74216078125E-07, 0.028481522528428
1.7421803125E-07, 0.0310173940928945
1.74219984375E-07, 0.0309705503150382
1.742219375E-07, 0.027992943930644
1.74223890625E-07, 0.0221472662028147
1.7422584375E-07, 0.0304569986006613
1.74227796875E-07, 0.0288211621661868
1.7422975E-07, 0.0281315349739086
1.74231703125E-07, 0.0257530241184443
1.7423365625E-07, 0.0226200326172537
1.74235609375E-07, 0.0254997988326866
1.742375625E-07, 0.0229501520163517
1.74239515625E-07, 0.0221059899403763
1.7424146875E-07, 0.0219955830243813
1.74243421875E-07, 0.0214677659694833
1.74245375E-07, 0.0195156270186704
1.74247328125E-07, 0.0198014909899008
1.7424928125E-07, 0.0183571987622235
1.74251234375E-07, 0.0113827536978986
1.742531875E-07, 0.0164026930496902
1.74255140625E-07, 0.0138857999159566
1.7425709375E-07, 0.0122027256012969
1.74259046875E-07, 0.00749919159211256
1.74261E-07, 0.0101139511172424
1.74262953125E-07, 0.00944502982130683
1.7426490625E-07, -0.00132782168998788
1.74266859375E-07, -0.00771290453906478
1.742688125E-07, 1.79704863649932E-05
1.74270765625E-07, 0.000274341975511412
1.7427271875E-07, 0.00290448953568429
1.74274671875E-07, -0.000565393244210857
1.74276625E-07, -0.00201016340983792
1.74278578125E-07, -0.00846961381739066
1.7428053125E-07, 0.00142634550746829
1.74282484375E-07, -0.00939564044739171
1.742844375E-07, -0.0137204853190561
1.74286390625E-07, -0.014812519257523
1.7428834375E-07, -0.0161052508884964
1.74290296875E-07, -0.0124006652047126
1.7429225E-07, -0.0245770089056934
1.74294203125E-07, -0.023274846731087
1.7429615625E-07, -0.0169353058781861
1.74298109375E-07, -0.0229212975963582
1.743000625E-07, -0.0236688493086271
1.74302015625E-07, -0.0314333723895097
1.7430396875E-07, -0.0277998418699856
1.74305921875E-07, -0.0295523760833809
1.74307875E-07, -0.0283434852976249
1.74309828125E-07, -0.0421965370379998
1.7431178125E-07, -0.0480663065170658
1.74313734375E-07, -0.0421355952967447
1.743156875E-07, -0.0438511173282428
1.74317640625E-07, -0.0409169748706478
1.7431959375E-07, -0.04770204630214
1.74321546875E-07, -0.0463750216675214
1.743235E-07, -0.0564214848559764
1.74325453125E-07, -0.0509567138977526
1.7432740625E-07, -0.0560394591517579
1.74329359375E-07, -0.0658564254714852
1.743313125E-07, -0.0669247462222144
1.74333265625E-07, -0.0652160131918811
1.7433521875E-07, -0.0731791123873482
1.74337171875E-07, -0.0746593512722384
1.74339125E-07, -0.0793980650186022
1.74341078125E-07, -0.0774074877262397
1.7434303125E-07, -0.0808810114140136
1.74344984375E-07, -0.0792494040193426
1.743469375E-07, -0.0775831616140355
1.74348890625E-07, -0.0873309486202464
1.7435084375E-07, -0.0836895391750447
1.74352796875E-07, -0.0865029934232619
1.7435475E-07, -0.0939152396780642
1.74356703125E-07, -0.0891415272976422
1.7435865625E-07, -0.0913092616866139
1.74360609375E-07, -0.099303530867363
1.743625625E-07, -0.100242176308803
1.74364515625E-07, -0.102364859275878
1.7436646875E-07, -0.10535727037482
1.74368421875E-07, -0.102893651716633
1.74370375E-07, -0.0943886541387173
1.74372328125E-07, -0.106285282903598
1.7437428125E-07, -0.111175744743542
1.74376234375E-07, -0.107550768199217
1.743781875E-07, -0.108129798491358
1.74380140625E-07, -0.112109647645229
1.7438209375E-07, -0.11703950175056
1.74384046875E-07, -0.117622389939049
1.74386E-07, -0.120229800325566
1.74387953125E-07, -0.117312826029378
1.7438990625E-07, -0.114566733269149
1.74391859375E-07, -0.120877738643534
1.743938125E-07, -0.116847163840682
1.74395765625E-07, -0.122386721275001
1.7439771875E-07, -0.116780307985945
1.74399671875E-07, -0.1143667803715
1.74401625E-07, -0.120896572056545
1.74403578125E-07, -0.116892054426505
1.7440553125E-07, -0.123027952677631
1.74407484375E-07, -0.118197288416975
1.744094375E-07, -0.119751106953554
1.74411390625E-07, -0.11511662075168
1.7441334375E-07, -0.114606811334493
1.74415296875E-07, -0.118947081600279
1.7441725E-07, -0.115623820861495
1.74419203125E-07, -0.113682696695179
1.7442115625E-07, -0.113788410087198
1.74423109375E-07, -0.119196159741671
1.744250625E-07, -0.1100021578575
1.74427015625E-07, -0.108598350035121
1.7442896875E-07, -0.105698679165629
1.74430921875E-07, -0.102063207298527
1.74432875E-07, -0.108797210188385
1.74434828125E-07, -0.0978083005456597
1.7443678125E-07, -0.0995757254612864
1.74438734375E-07, -0.0943108456530823
1.744406875E-07, -0.0971028407961429
1.74442640625E-07, -0.0840606927344148
1.7444459375E-07, -0.0768207066183633
1.74446546875E-07, -0.0824256699978524
1.744485E-07, -0.0832099357241538
1.74450453125E-07, -0.0774918704038432
1.7445240625E-07, -0.0786399095615211
1.74454359375E-07, -0.0555833160112308
1.744563125E-07, -0.0637669923603884
1.74458265625E-07, -0.0603718903310581
1.7446021875E-07, -0.055675126963909
1.74462171875E-07, -0.0440264989699425
1.74464125E-07, -0.0431224092359329
1.74466078125E-07, -0.0439231717266479
1.7446803125E-07, -0.0547235193578471
1.74469984375E-07, -0.0391425098750582
1.744719375E-07, -0.0337575936219696
1.74473890625E-07, -0.0235178719518824
1.7447584375E-07, -0.0255559116419848
1.74477796875E-07, -0.0123137960495571
1.7447975E-07, -0.00786757683282679
1.74481703125E-07, -0.00379552346905089
1.7448365625E-07, -0.00339162398941562
1.74485609375E-07, -0.00130218671932907
1.744875625E-07, 0.00117475061729536
1.74489515625E-07, 0.00903726189037357
1.7449146875E-07, 0.0118688069949866
1.74493421875E-07, 0.0130951071890708
1.74495375E-07, 0.0302154351323381
1.74497328125E-07, 0.0194729896889575
1.7449928125E-07, 0.0359336366204964
1.74501234375E-07, 0.0302647370465488
1.745031875E-07, 0.0230951865693531
1.74505140625E-07, 0.0504365547743512
1.7450709375E-07, 0.0378974110871138
1.74509046875E-07, 0.0607698749883887
1.74511E-07, 0.0386852968061303
1.74512953125E-07, 0.0476222865765807
1.7451490625E-07, 0.0623141753606467
1.74516859375E-07, 0.0505954634605143
1.745188125E-07, 0.0692356310563113
1.74520765625E-07, 0.0623605960900981
1.7452271875E-07, 0.0667534627450602
1.74524671875E-07, 0.080768794501347
1.74526625E-07, 0.0723641461876411
1.74528578125E-07, 0.0698611021271492
1.7453053125E-07, 0.0836947288000237
1.74532484375E-07, 0.0899078569099605
1.745344375E-07, 0.088055001099714
1.74536390625E-07, 0.0828016400968342
1.7453834375E-07, 0.0805208974885052
1.74540296875E-07, 0.0904643064058081
1.7454225E-07, 0.094246731225764
1.74544203125E-07, 0.0931593450638261
1.7454615625E-07, 0.0931644157965981
1.74548109375E-07, 0.0962414479906085
1.745500625E-07, 0.0965847725085739
1.74552015625E-07, 0.100094094955304
1.7455396875E-07, 0.0975925260807692
1.74555921875E-07, 0.0917533471469248
1.74557875E-07, 0.0992046488507933
1.74559828125E-07, 0.0993711881433326
1.7456178125E-07, 0.098655338699837
1.74563734375E-07, 0.0957070432322166
1.745656875E-07, 0.0937374300556335
1.74567640625E-07, 0.0933438725515962
1.7456959375E-07, 0.0983229311598147
1.74571546875E-07, 0.0990348635846446
1.745735E-07, 0.0957667969011152
1.74575453125E-07, 0.0950136201408631
1.7457740625E-07, 0.0937570844189058
1.74579359375E-07, 0.0885788880599003
1.745813125E-07, 0.087913275874246
1.74583265625E-07, 0.090624671728964
1.7458521875E-07, 0.0893270312999647
1.74587171875E-07, 0.0881438277601172
1.74589125E-07, 0.0737585452216252
1.74591078125E-07, 0.0852523696829025
1.7459303125E-07, 0.0877088164481843
1.74594984375E-07, 0.0698185677675518
1.745969375E-07, 0.0711931162277221
1.74598890625E-07, 0.0741164967944127
1.7460084375E-07, 0.0721772803253964
1.74602796875E-07, 0.0763044586445228
1.7460475E-07, 0.0674307443050444
1.74606703125E-07, 0.0659005375865634
1.7460865625E-07, 0.0637314317670177
1.74610609375E-07, 0.0628490814358954
1.746125625E-07, 0.0597931257064329
1.74614515625E-07, 0.0556189810425003
1.7461646875E-07, 0.062576166115448
1.74618421875E-07, 0.0570722543060458
1.74620375E-07, 0.0542648397515421
1.74622328125E-07, 0.0532244668433055
1.7462428125E-07, 0.0479373128766537
1.74626234375E-07, 0.0482159101413349
1.746281875E-07, 0.0476520984112821
1.74630140625E-07, 0.0429258529931021
1.7463209375E-07, 0.0427564242942926
1.74634046875E-07, 0.0429651565701995
1.74636E-07, 0.0463271762794335
1.74637953125E-07, 0.0363091690893358
1.7463990625E-07, 0.031378259511735
1.74641859375E-07, 0.0343101047095211
1.746438125E-07, 0.0383389337978076
1.74645765625E-07, 0.0339410750812084
1.7464771875E-07, 0.029670933041897
1.74649671875E-07, 0.0277721865525433
1.74651625E-07, 0.0283079078520388
1.74653578125E-07, 0.0363892669609202
1.7465553125E-07, 0.0295601538164165
1.74657484375E-07, 0.0285594981186488
1.746594375E-07, 0.0251513842035513
1.74661390625E-07, 0.0237264333160571
1.7466334375E-07, 0.0301930753912053
1.74665296875E-07, 0.0216873702882487
1.7466725E-07, 0.0221449405615379
1.74669203125E-07, 0.0206499930673919
1.7467115625E-07, 0.0189405107038683
1.74673109375E-07, 0.0238804544484115
1.746750625E-07, 0.0193165087314203
1.74677015625E-07, 0.0197384269104483
1.7467896875E-07, 0.0190068637712496
1.74680921875E-07, 0.0200527696837712
1.74682875E-07, 0.0181702801220941
1.74684828125E-07, 0.0213092380946327
1.7468678125E-07, 0.0230238161553049
1.74688734375E-07, 0.0202588972739911
1.746906875E-07, 0.0192369366626109
1.74692640625E-07, 0.019110925444761
1.7469459375E-07, 0.0188737535226243
1.74696546875E-07, 0.0196480051691502
1.746985E-07, 0.019311839946515
1.74700453125E-07, 0.0230609679063271
1.7470240625E-07, 0.0194200279676085
1.74704359375E-07, 0.0217587024958467
1.747063125E-07, 0.0181311889037503
1.74708265625E-07, 0.0206607092064932
1.7471021875E-07, 0.021141285899672
1.74712171875E-07, 0.0206050595252313
1.74714125E-07, 0.0175704113021478
1.74716078125E-07, 0.0202227329459707
1.7471803125E-07, 0.0194907769051647
1.74719984375E-07, 0.0199601305714574
1.747219375E-07, 0.0198209600843215
1.74723890625E-07, 0.0184871388995057
1.7472584375E-07, 0.0204755875949661
1.74727796875E-07, 0.0187546626753916
1.7472975E-07, 0.019327739267246
1.74731703125E-07, 0.0200277920362985
1.7473365625E-07, 0.0199248346087128
1.74735609375E-07, 0.0187981813532244
1.747375625E-07, 0.0171747386827638
1.74739515625E-07, 0.0167199477119626
1.7474146875E-07, 0.0164315514677445
1.74743421875E-07, 0.0180879409371342
1.74745375E-07, 0.0174047047975847
1.74747328125E-07, 0.0162868353539031
1.7474928125E-07, 0.0145972961403403
1.74751234375E-07, 0.018553197722244
1.747531875E-07, 0.0187805684936585
1.74755140625E-07, 0.0174767416324224
1.7475709375E-07, 0.0158196519420619
1.74759046875E-07, 0.0135715421950585
1.74761E-07, 0.0151113445511953
1.74762953125E-07, 0.0123646902142727
1.7476490625E-07, 0.0135604557885058
1.74766859375E-07, 0.0135361245130853
1.747688125E-07, 0.0116731664038254
1.74770765625E-07, 0.0105741479739904
1.7477271875E-07, 0.0119585664364605
1.74774671875E-07, 0.00860098829318593
1.74776625E-07, 0.0115263506925842
1.74778578125E-07, 0.00996778394685544
1.7478053125E-07, 0.00847848918707164
1.74782484375E-07, 0.00727744599296221
1.747844375E-07, 0.00680541595072227
1.74786390625E-07, 0.00601790816417894
1.7478834375E-07, 0.00964347813944406
1.74790296875E-07, 0.00606122833013235
1.7479225E-07, 0.00478904009484532
1.74794203125E-07, 0.00455923008295166
1.7479615625E-07, 0.0026703714810958
1.74798109375E-07, 0.00421602688867135
1.748000625E-07, 0.00250513351005724
1.74802015625E-07, 0.00125386183304193
1.7480396875E-07, 0.00214746037034284
1.74805921875E-07, 1.78302389546811E-05
1.74807875E-07, -0.000627764003191424
1.74809828125E-07, -0.0013397180750424
1.7481178125E-07, -0.00236089778192892
1.74813734375E-07, -0.000614919827253707
1.748156875E-07, -0.00336324938782165
1.74817640625E-07, -0.00310439049554921
1.7481959375E-07, -0.00440618454717267
1.74821546875E-07, -0.00428193598429193
1.748235E-07, -0.00375696296806497
1.74825453125E-07, -0.003366346234868
1.7482740625E-07, -0.00573982134645184
1.74829359375E-07, -0.00591475489651351
1.748313125E-07, -0.0045388470967866
1.74833265625E-07, -0.00593635354065277
1.7483521875E-07, -0.00769430357214724
1.74837171875E-07, -0.00804878952054721
1.74839125E-07, -0.00733826477395189
1.74841078125E-07, -0.00845555118232366
1.7484303125E-07, -0.00576122862044276
1.74844984375E-07, -0.00840725094801584
1.748469375E-07, -0.00850089974287157
1.74848890625E-07, -0.00667640363863847
1.7485084375E-07, -0.00794363738660769
1.74852796875E-07, -0.00923324674110121
1.7485475E-07, -0.00833238240306836
1.74856703125E-07, -0.00869187833866202
1.7485865625E-07, -0.00794406494847038
1.74860609375E-07, -0.00790505572217279
1.748625625E-07, -0.00781940023950599
1.74864515625E-07, -0.00856166360622855
1.7486646875E-07, -0.00793585249965932
1.74868421875E-07, -0.00878680577181163
1.74870375E-07, -0.00745539714010158
1.74872328125E-07, -0.00650147031885505
1.7487428125E-07, -0.00745654640536604
1.74876234375E-07, -0.00723342732882905
1.748781875E-07, -0.00810087483219473
1.74880140625E-07, -0.00563488737174354
1.7488209375E-07, -0.00711491982944756
1.74884046875E-07, -0.00713401497194713
1.74886E-07, -0.00679493549413398
1.74887953125E-07, -0.00643510343956895
1.7488990625E-07, -0.0055773109669106
1.74891859375E-07, -0.00579792354322317
1.748938125E-07, -0.00668031011461555
1.74895765625E-07, -0.00502983536393166
1.7489771875E-07, -0.00444130985377898
1.74899671875E-07, -0.0039896296200862
1.74901625E-07, -0.00462161308357978
1.74903578125E-07, -0.00488777532085408
1.7490553125E-07, -0.00402404941947893
1.74907484375E-07, -0.00368018636215173
1.749094375E-07, -0.00238216869677952
1.74911390625E-07, -0.00286448702338265
1.7491334375E-07, -0.00207943858912814
1.74915296875E-07, -0.00257999633642063
1.7491725E-07, -0.00195390423866966
1.74919203125E-07, -0.00233496456516096
1.7492115625E-07, -0.00108270472273957
1.74923109375E-07, -0.00176733497593418
1.749250625E-07, -0.000581737179659952
1.74927015625E-07, 7.14680739155123E-05
1.7492896875E-07, 0.000499803468634111
1.74930921875E-07, 2.67127489082489E-06
1.74932875E-07, -0.000958644077939613
1.74934828125E-07, 0.000442563888289343
1.7493678125E-07, -0.0006268883425277
1.74938734375E-07, -0.000839831600833439
1.749406875E-07, 6.09347367274139E-05
1.74942640625E-07, 0.000229758794843979
1.7494459375E-07, 0.00136745526575919
1.74946546875E-07, 0.000294350973540013
1.749485E-07, 0.000783307751063684
1.74950453125E-07, 0.000788579082964458
1.7495240625E-07, 0.001297356031059
1.74954359375E-07, 0.000963133524096425
1.749563125E-07, 0.000817298455032861
1.74958265625E-07, 0.00198467571312581
1.7496021875E-07, 0.00159329277450779
1.74962171875E-07, 0.00213926778886158
1.74964125E-07, 0.000416565482527914
1.74966078125E-07, 0.00124099757799383
1.7496803125E-07, 0.00106264512331656
1.74969984375E-07, 0.00142868035289427
1.749719375E-07, 0.00159827233570042
1.74973890625E-07, 0.00118372364931521
1.7497584375E-07, 0.00183543062861708
1.74977796875E-07, 0.000822075480910324
1.7497975E-07, 0.00114857354348477
1.74981703125E-07, 0.00132063394046609
1.7498365625E-07, 0.00147919076414546
1.74985609375E-07, 0.00167068146395358
1.749875625E-07, 0.00107673396428678
1.74989515625E-07, 0.000706813879079721
1.7499146875E-07, 0.00106595381337909
1.74993421875E-07, 0.000424902047001131
1.74995375E-07, 0.000312193054034673
1.74997328125E-07, 0.000284567788398232
1.7499928125E-07, 0.000411780392137212
1.75001234375E-07, -0.00024461873834635
1.750031875E-07, 0.000328129792189042
1.75005140625E-07, -0.00101902919233648
1.7500709375E-07, -0.00151649977884102
1.75009046875E-07, -0.00136608838319225
1.75011E-07, -0.00111667664595459
1.75012953125E-07, -0.00168629407053953
1.7501490625E-07, -0.00227404960868608
1.75016859375E-07, -0.00536462801349367
1.750188125E-07, -0.00194900617096425
1.75020765625E-07, -0.00190041245401854
1.7502271875E-07, -0.00334930769254944
1.75024671875E-07, -0.00338130101715668
1.75026625E-07, -0.00271985462767987
1.75028578125E-07, -0.00254778757132004
1.7503053125E-07, -0.00451764926436377
1.75032484375E-07, -0.00441460849770977
1.750344375E-07, -0.00391087585857852
1.75036390625E-07, -0.00441667979158622
1.7503834375E-07, -0.00475080369474696
1.75040296875E-07, -0.00578027904837918
1.7504225E-07, -0.00722089303006437
1.75044203125E-07, -0.00630501370115042
1.7504615625E-07, -0.0059151108243165
1.75048109375E-07, -0.00755586129248876
1.750500625E-07, -0.00787743279111752
1.75052015625E-07, -0.00770494333773591
1.7505396875E-07, -0.0077732021953147
1.75055921875E-07, -0.00957223154268335
1.75057875E-07, -0.0100806021853587
1.75059828125E-07, -0.0114039190584032
1.7506178125E-07, -0.0138431909889492
1.75063734375E-07, -0.0103253114379216
1.750656875E-07, -0.0118982498225038
1.75067640625E-07, -0.0119088485087734
1.7506959375E-07, -0.0120793901350892
1.75071546875E-07, -0.0129881143814629
1.750735E-07, -0.0128177377937399
1.75075453125E-07, -0.0154069590824372
1.7507740625E-07, -0.0154145004248727
1.75079359375E-07, -0.0161986596968253
1.750813125E-07, -0.0158001796775533
1.75083265625E-07, -0.0160127479186205
1.7508521875E-07, -0.0174201686989234
1.75087171875E-07, -0.0166449213717226
1.75089125E-07, -0.0167263985793596
1.75091078125E-07, -0.0170884643298044
1.7509303125E-07, -0.0196099166489413
1.75094984375E-07, -0.021002436521319
1.750969375E-07, -0.0198499764513777
1.75098890625E-07, -0.020209009360042
1.7510084375E-07, -0.0194384027522532
1.75102796875E-07, -0.023082384832131
1.7510475E-07, -0.0234956508114617
1.75106703125E-07, -0.0213594308923426
1.7510865625E-07, -0.0218459361132271
1.75110609375E-07, -0.0234625832489983
1.751125625E-07, -0.0249035444608442
1.75114515625E-07, -0.0246420524333032
1.7511646875E-07, -0.0230531419799307
1.75118421875E-07, -0.0253545704168745
1.75120375E-07, -0.026733647114816
1.75122328125E-07, -0.0270628153744379
1.7512428125E-07, -0.0262403408316091
1.75126234375E-07, -0.0266766533286046
1.751281875E-07, -0.0268566578718522
1.75130140625E-07, -0.0281371748991649
1.7513209375E-07, -0.0291472906916991
1.75134046875E-07, -0.0288911615213361
1.75136E-07, -0.0303735082187514
1.75137953125E-07, -0.0301530666751542
1.7513990625E-07, -0.030349476599346
1.75141859375E-07, -0.0308952284164249
1.751438125E-07, -0.0291156684873229
1.75145765625E-07, -0.0319286710349657
1.7514771875E-07, -0.03051607936111
1.75149671875E-07, -0.0320303941093947
1.75151625E-07, -0.0318976936554934
1.75153578125E-07, -0.0320265216973234
1.7515553125E-07, -0.0319620289220985
1.75157484375E-07, -0.0324439823192723
1.751594375E-07, -0.0316780672930523
1.75161390625E-07, -0.0325568836254933
1.7516334375E-07, -0.0321690146447125
1.75165296875E-07, -0.0329385022333153
1.7516725E-07, -0.0322414052495767
1.75169203125E-07, -0.033180579081296
1.7517115625E-07, -0.0326499334348248
1.75173109375E-07, -0.0318304605419136
1.751750625E-07, -0.031792421678849
1.75177015625E-07, -0.0308197211152556
1.7517896875E-07, -0.0328227063809279
1.75180921875E-07, -0.031518566512464
1.75182875E-07, -0.03199710918335
1.75184828125E-07, -0.0319188617023274
1.7518678125E-07, -0.0329424162992726
1.75188734375E-07, -0.0316370336856075
1.751906875E-07, -0.0318611390152902
1.75192640625E-07, -0.0308576472671157
1.7519459375E-07, -0.0316712078148405
1.75196546875E-07, -0.0316680783285318
1.751985E-07, -0.0309779633947632
1.75200453125E-07, -0.030217656855297
1.7520240625E-07, -0.0311148730950745
1.75204359375E-07, -0.0305278619111336
1.752063125E-07, -0.0314425192296646
1.75208265625E-07, -0.0299962748229219
1.7521021875E-07, -0.0298684995974662
1.75212171875E-07, -0.0301621143731252
1.75214125E-07, -0.0305864261895221
1.75216078125E-07, -0.0293089953877506
1.7521803125E-07, -0.0284720234477587
1.75219984375E-07, -0.0280574119554109
1.752219375E-07, -0.0274308551831384
1.75223890625E-07, -0.0275965973363882
1.7522584375E-07, -0.0270232389222685
1.75227796875E-07, -0.0263593347190913
1.7522975E-07, -0.0275167427918772
1.75231703125E-07, -0.0269633226168108
1.7523365625E-07, -0.0263152796268196
1.75235609375E-07, -0.026413261561014
1.752375625E-07, -0.0256017908226702
1.75239515625E-07, -0.0256840755023369
1.7524146875E-07, -0.024006105449859
1.75243421875E-07, -0.0247884344911057
1.75245375E-07, -0.0228089596650281
1.75247328125E-07, -0.0226063380003765
1.7524928125E-07, -0.0231619652754666
1.75251234375E-07, -0.0229330195958716
1.752531875E-07, -0.0221511583191985
1.75255140625E-07, -0.0221005256151325
1.7525709375E-07, -0.021261804727072
1.75259046875E-07, -0.0216553730391823
1.75261E-07, -0.0218883198294577
1.75262953125E-07, -0.0211967635227932
1.7526490625E-07, -0.0215621843974737
1.75266859375E-07, -0.0205822295256699
1.752688125E-07, -0.0209739558544969
1.75270765625E-07, -0.0198395871176581
1.7527271875E-07, -0.0183631111330818
1.75274671875E-07, -0.0184313511245203
1.75276625E-07, -0.0196855287826443
1.75278578125E-07, -0.017076463357751
1.7528053125E-07, -0.0176016603616487
1.75282484375E-07, -0.0165175356714226
1.752844375E-07, -0.0190061412075423
1.75286390625E-07, -0.0156930950551442
1.7528834375E-07, -0.0143088309753191
1.75290296875E-07, -0.0150642661437069
1.7529225E-07, -0.0166098193680918
1.75294203125E-07, -0.0157365177970793
1.7529615625E-07, -0.0147618956717195
1.75298109375E-07, -0.0148381825401295
1.753000625E-07, -0.0131728649183164
1.75302015625E-07, -0.0146144578592738
1.7530396875E-07, -0.0128656935398049
1.75305921875E-07, -0.0118345614104077
1.75307875E-07, -0.0121783594898088
1.75309828125E-07, -0.0109953131204608
1.7531178125E-07, -0.0133653752259196
1.75313734375E-07, -0.0111429933508663
1.753156875E-07, -0.0105096429438331
1.75317640625E-07, -0.00957879831062358
1.7531959375E-07, -0.0101074753338916
1.75321546875E-07, -0.00892333435358041
1.753235E-07, -0.010202621244975
1.75325453125E-07, -0.00838849913962193
1.7532740625E-07, -0.00798932911906083
1.75329359375E-07, -0.00761311488831551
1.753313125E-07, -0.00776610717764922
1.75333265625E-07, -0.00688353862816611
1.7533521875E-07, -0.00521609712968329
1.75337171875E-07, -0.00642483500408598
1.75339125E-07, -0.00677419489418449
1.75341078125E-07, -0.00559053853785665
1.7534303125E-07, -0.00552504843457338
1.75344984375E-07, -0.00567683361475539
1.753469375E-07, -0.00428009277325031
1.75348890625E-07, -0.00501828830460299
1.7535084375E-07, -0.00375101356336071
1.75352796875E-07, -0.00145183308658713
1.7535475E-07, -0.00324797300527116
1.75356703125E-07, -0.0023262776477103
1.7535865625E-07, -0.00192295265190096
1.75360609375E-07, -0.00100437588412309
1.753625625E-07, -0.00130488639788947
1.75364515625E-07, -0.00348715577767476
1.7536646875E-07, -0.00201317336899097
1.75368421875E-07, 0.000565985257046187
1.75370375E-07, -2.06981430743024E-05
1.75372328125E-07, -0.000399033888070427
1.7537428125E-07, -0.00110432770855904
1.75376234375E-07, -0.000460927107425762
1.753781875E-07, 0.000116122588062571
1.75380140625E-07, 0.000617240744453688
1.7538209375E-07, 0.000553064087060306
1.75384046875E-07, 0.00118720087764211
1.75386E-07, 0.00105660164615446
1.75387953125E-07, 0.00152832508798039
1.7538990625E-07, 0.00289811625223149
1.75391859375E-07, 0.00227804200991713
1.753938125E-07, 0.0014295440817709
1.75395765625E-07, 0.00322810688062638
1.7539771875E-07, 0.000559943904218203
1.75399671875E-07, 0.00269647155450339
1.75401625E-07, 0.00243759342281419
1.75403578125E-07, 0.00238366501305258
1.7540553125E-07, 0.00352916877022612
1.75407484375E-07, 0.00407769885734289
1.754094375E-07, 0.00464131467308239
1.75411390625E-07, 0.00372222474262096
1.7541334375E-07, 0.00402406220758855
1.75415296875E-07, 0.0037328421634065
1.7541725E-07, 0.00472358980546444
1.75419203125E-07, 0.00359517031474373
1.7542115625E-07, 0.00487471941412761
1.75423109375E-07, 0.00455164207853388
1.754250625E-07, 0.00409542837343217
1.75427015625E-07, 0.00563142992267753
1.7542896875E-07, 0.00492587466745121
1.75430921875E-07, 0.00590004962718613
1.75432875E-07, 0.00548328461535153
1.75434828125E-07, 0.0060123479295983
1.7543678125E-07, 0.00678061638988142
1.75438734375E-07, 0.00679303914763733
1.754406875E-07, 0.00678091957729847
1.75442640625E-07, 0.00689038674044826
1.7544459375E-07, 0.00704718112623564
1.75446546875E-07, 0.0065221342014555
1.754485E-07, 0.00687972749479426
1.75450453125E-07, 0.00757889434656482
1.7545240625E-07, 0.00763154264878289
1.75454359375E-07, 0.00685078666325476
1.754563125E-07, 0.00759442400686019
1.75458265625E-07, 0.00820112970981597
1.7546021875E-07, 0.00900964592391957
1.75462171875E-07, 0.00885772204664191
1.75464125E-07, 0.00812295924903646
1.75466078125E-07, 0.00921417959795394
1.7546803125E-07, 0.00959460462442365
1.75469984375E-07, 0.00912068565492866
1.754719375E-07, 0.0102590014843958
1.75473890625E-07, 0.010822291864295
1.7547584375E-07, 0.0102308178757711
1.75477796875E-07, 0.00995857400129164
1.7547975E-07, 0.0114667579768107
1.75481703125E-07, 0.0105988642349453
1.7548365625E-07, 0.0106414038332507
1.75485609375E-07, 0.0122620173064642
1.754875625E-07, 0.0114244948165523
1.75489515625E-07, 0.0124442552160717
1.7549146875E-07, 0.011469137246861
1.75493421875E-07, 0.0116145413176844
1.75495375E-07, 0.0137957735422679
1.75497328125E-07, 0.0125594821218134
1.7549928125E-07, 0.0134870838125288
1.75501234375E-07, 0.0129777476719873
1.755031875E-07, 0.0135679675221386
1.75505140625E-07, 0.0137188465373562
1.7550709375E-07, 0.0137295395724125
1.75509046875E-07, 0.0138627051614306
1.75511E-07, 0.014384200394654
1.75512953125E-07, 0.0140988523322348
1.7551490625E-07, 0.0144709640447281
1.75516859375E-07, 0.0143311351208698
1.755188125E-07, 0.0143097576975443
1.75520765625E-07, 0.0143683542335667
1.7552271875E-07, 0.0144636018244107
1.75524671875E-07, 0.0143260875201087
1.75526625E-07, 0.014921594929282
1.75528578125E-07, 0.0148648393846643
1.7553053125E-07, 0.0147942500109758
1.75532484375E-07, 0.0147981781134811
1.755344375E-07, 0.0144058690190538
1.75536390625E-07, 0.0134813921145995
1.7553834375E-07, 0.0145751233310496
1.75540296875E-07, 0.0149816966631946
1.7554225E-07, 0.0137093637311365
1.75544203125E-07, 0.0152907421732591
1.7554615625E-07, 0.0142686342078168
1.75548109375E-07, 0.0140918238837297
1.755500625E-07, 0.0131711646606205
1.75552015625E-07, 0.0138987945590386
1.7555396875E-07, 0.0145682129897507
1.75555921875E-07, 0.0133341200300242
1.75557875E-07, 0.0130880330803884
1.75559828125E-07, 0.0127750413775566
1.7556178125E-07, 0.0128687407788928
1.75563734375E-07, 0.0122676789454332
1.755656875E-07, 0.0128188217349405
1.75567640625E-07, 0.0124087482968685
1.7556959375E-07, 0.0112369841843813
1.75571546875E-07, 0.0115552425638669
1.755735E-07, 0.0115645059013799
1.75575453125E-07, 0.011172185023895
1.7557740625E-07, 0.0114872931239801
1.75579359375E-07, 0.0107099873494483
1.755813125E-07, 0.00985141049600266
1.75583265625E-07, 0.0106976455935014
1.7558521875E-07, 0.00968251537511335
1.75587171875E-07, 0.0101323163622009
1.75589125E-07, 0.00946205621000443
1.75591078125E-07, 0.0084628100811585
1.7559303125E-07, 0.00883570875669383
1.75594984375E-07, 0.00857432360733394
1.755969375E-07, 0.00946911722199374
1.75598890625E-07, 0.00777399788875599
1.7560084375E-07, 0.00712153742076146
1.75602796875E-07, 0.00773517125553423
1.7560475E-07, 0.00732420459592172
1.75606703125E-07, 0.00741525560325462
1.7560865625E-07, 0.00650245512696973
1.75610609375E-07, 0.00567833684474596
1.756125625E-07, 0.00695325961936774
1.75614515625E-07, 0.0073322666270348
1.7561646875E-07, 0.00564105937310921
1.75618421875E-07, 0.00546163927243819
1.75620375E-07, 0.00457729521283283
1.75622328125E-07, 0.00475362417712639
1.7562428125E-07, 0.00478514101660463
1.75626234375E-07, 0.00529196276492548
1.756281875E-07, 0.00363579167805631
1.75630140625E-07, 0.00542775892365304
1.7563209375E-07, 0.0050343351816079
1.75634046875E-07, 0.00505249025230924
1.75636E-07, 0.00441060325862991
1.75637953125E-07, 0.0038837785360023
1.7563990625E-07, 0.00401514119817292
1.75641859375E-07, 0.00352488579459027
1.756438125E-07, 0.00413234087116618
1.75645765625E-07, 0.00367343328787051
1.7564771875E-07, 0.00382866437322043
1.75649671875E-07, 0.00357608337633444
1.75651625E-07, 0.00446948223297028
1.75653578125E-07, 0.00364814312196245
1.7565553125E-07, 0.00335857432352844
1.75657484375E-07, 0.00397879223973168
1.756594375E-07, 0.00346639002578225
1.75661390625E-07, 0.00377598067114139
1.7566334375E-07, 0.00312042751815223
1.75665296875E-07, 0.0033395794452215
1.7566725E-07, 0.0034434226545358
1.75669203125E-07, 0.00382973131557553
1.7567115625E-07, 0.00349473645801035
1.75673109375E-07, 0.0045113264178596
1.756750625E-07, 0.00414360933437095
1.75677015625E-07, 0.00343671591713023
1.7567896875E-07, 0.0045582624637922
1.75680921875E-07, 0.0049745477196145
1.75682875E-07, 0.00437777242847226
1.75684828125E-07, 0.00444025482377805
1.7568678125E-07, 0.00380338962366073
1.75688734375E-07, 0.00413278926559066
1.756906875E-07, 0.00518435202124083
1.75692640625E-07, 0.00552518052010358
1.7569459375E-07, 0.0043619373092646
1.75696546875E-07, 0.005220188307851
1.756985E-07, 0.00508973775056453
1.75700453125E-07, 0.00518173728215949
1.7570240625E-07, 0.00567219983771219
1.75704359375E-07, 0.00531099447035773
1.757063125E-07, 0.00494992543156561
1.75708265625E-07, 0.00564231348686163
1.7571021875E-07, 0.00582531162636843
1.75712171875E-07, 0.00627614261404331
1.75714125E-07, 0.00616598415720264
1.75716078125E-07, 0.00649984150664956
1.7571803125E-07, 0.00692661925631027
1.75719984375E-07, 0.00661961622298638
1.757219375E-07, 0.00813282181273707
1.75723890625E-07, 0.00732199941742922
1.7572584375E-07, 0.00717211469756468
1.75727796875E-07, 0.00673108344937169
1.7572975E-07, 0.00729515900499593
1.75731703125E-07, 0.00771969900311027
1.7573365625E-07, 0.00829165093608097
1.75735609375E-07, 0.00744128995521184
1.757375625E-07, 0.00711591504677909
1.75739515625E-07, 0.00799624748621102
1.7574146875E-07, 0.00798137721535166
1.75743421875E-07, 0.00800759694440038
1.75745375E-07, 0.00860047874240751
1.75747328125E-07, 0.00808426914912704
1.7574928125E-07, 0.00864872889371433
1.75751234375E-07, 0.00846668730042146
1.757531875E-07, 0.00815746202885226
1.75755140625E-07, 0.00872769337381325
1.7575709375E-07, 0.00875417916428876
1.75759046875E-07, 0.0084946978552457
1.75761E-07, 0.00949512221189986
1.75762953125E-07, 0.0091438569531197
1.7576490625E-07, 0.00878482051070353
1.75766859375E-07, 0.00949367959991099
1.757688125E-07, 0.00972153418861617
1.75770765625E-07, 0.00986973015454363
1.7577271875E-07, 0.00922561457292895
1.75774671875E-07, 0.00972176602006748
1.75776625E-07, 0.00955038396728995
1.75778578125E-07, 0.0099938102230627
1.7578053125E-07, 0.00954020184499605
1.75782484375E-07, 0.0102357589267374
1.757844375E-07, 0.00993142172359604
1.75786390625E-07, 0.00987916653056172
1.7578834375E-07, 0.0104628067561634
1.75790296875E-07, 0.0103725850054452
1.7579225E-07, 0.00984294417573811
1.75794203125E-07, 0.00996349583719312
1.7579615625E-07, 0.0107306671162031
1.75798109375E-07, 0.00997905385471592
1.758000625E-07, 0.010501516805855
1.75802015625E-07, 0.0108798145551746
1.7580396875E-07, 0.0109435191410656
1.75805921875E-07, 0.0109689205374007
1.75807875E-07, 0.011027538601835
1.75809828125E-07, 0.010955992972049
1.7581178125E-07, 0.0112116620796303
1.75813734375E-07, 0.0107023000135793
1.758156875E-07, 0.0114842004122559
1.75817640625E-07, 0.0111661023892025
1.7581959375E-07, 0.0114566926576416
1.75821546875E-07, 0.0115551017412821
1.758235E-07, 0.0109347250975798
1.75825453125E-07, 0.0119474949301279
1.7582740625E-07, 0.0113611461343573
1.75829359375E-07, 0.0117764522026843
1.758313125E-07, 0.0113327062929881
1.75833265625E-07, 0.0119074502907876
1.7583521875E-07, 0.0120878989523029
1.75837171875E-07, 0.0123605546987654
1.75839125E-07, 0.0117967747577923
1.75841078125E-07, 0.011757623033753
1.7584303125E-07, 0.0118444123500616
1.75844984375E-07, 0.0126031174290894
1.758469375E-07, 0.0120150161670219
1.75848890625E-07, 0.0120024092908485
1.7585084375E-07, 0.0126332845093851
1.75852796875E-07, 0.0128564310141534
1.7585475E-07, 0.0126730626771754
1.75856703125E-07, 0.0127896951909556
1.7585865625E-07, 0.0121707166010666
1.75860609375E-07, 0.0127189458995766
1.758625625E-07, 0.0128854544973081
1.75864515625E-07, 0.0123102472999345
1.7586646875E-07, 0.0130644982077011
1.75868421875E-07, 0.0133185868601911
1.75870375E-07, 0.012980943374944
1.75872328125E-07, 0.0136362786356251
1.7587428125E-07, 0.0127736060015935
1.75876234375E-07, 0.0135958288649462
1.758781875E-07, 0.013427693191829
1.75880140625E-07, 0.0131901641100241
1.7588209375E-07, 0.0131741104462088
1.75884046875E-07, 0.0129159613330438
1.75886E-07, 0.0123586600634958
1.75887953125E-07, 0.0137540733227978
1.7588990625E-07, 0.0123637053841904
1.75891859375E-07, 0.0128743361844839
1.758938125E-07, 0.0133846410016128
1.75895765625E-07, 0.0128501578407178
1.7589771875E-07, 0.0129521699645035
1.75899671875E-07, 0.0128130909132228
1.75901625E-07, 0.0125735825836312
1.75903578125E-07, 0.0122596470347614
1.7590553125E-07, 0.0121916473950331
1.75907484375E-07, 0.0120463963433475
1.759094375E-07, 0.0127841483085065
1.75911390625E-07, 0.012479589226497
1.7591334375E-07, 0.0121377716604575
1.75915296875E-07, 0.0118087200032682
1.7591725E-07, 0.0125259566183987
1.75919203125E-07, 0.0122270842536518
1.7592115625E-07, 0.0113296814249542
1.75923109375E-07, 0.0116856374398058
1.759250625E-07, 0.0111169825598559
1.75927015625E-07, 0.0108327788930619
1.7592896875E-07, 0.0105566014235498
1.75930921875E-07, 0.0113539975001416
1.75932875E-07, 0.0112237078197268
1.75934828125E-07, 0.011226899464567
1.7593678125E-07, 0.0100397246553185
1.75938734375E-07, 0.0110888287603229
1.759406875E-07, 0.0103292295494901
1.75942640625E-07, 0.00982621878843528
1.7594459375E-07, 0.0099389383585187
1.75946546875E-07, 0.00864220413848632
1.759485E-07, 0.00916484561068368
1.75950453125E-07, 0.00925055651204729
1.7595240625E-07, 0.00870235170029008
1.75954359375E-07, 0.00775106613493181
1.759563125E-07, 0.00796566697430671
1.75958265625E-07, 0.00765710984166699
1.7596021875E-07, 0.0069654541080674
1.75962171875E-07, 0.00684557099397348
1.75964125E-07, 0.0061563096332168
1.75966078125E-07, 0.00582207845937189
1.7596803125E-07, 0.00536311127949897
1.75969984375E-07, 0.0054042873727138
1.759719375E-07, 0.00592757760406782
1.75973890625E-07, 0.00414889701300719
1.7597584375E-07, 0.00389742566395633
1.75977796875E-07, 0.00441870753672301
1.7597975E-07, 0.00342559033153781
1.75981703125E-07, 0.00180685188244959
1.7598365625E-07, 0.00261308528378104
1.75985609375E-07, 0.000991254597976414
1.759875625E-07, 0.00231033126405856
1.75989515625E-07, 0.00152576099462942
1.7599146875E-07, -0.000490004300147237
1.75993421875E-07, -0.000528187733543216
1.75995375E-07, -0.0010916624746185
1.75997328125E-07, -0.000317322963400893
1.7599928125E-07, -0.00331992383670389
1.76001234375E-07, -0.00170164015937658
1.760031875E-07, -0.00177006153675767
1.76005140625E-07, -0.000821252070744276
1.7600709375E-07, -0.00346334752724931
1.76009046875E-07, -0.00351509700245801
1.76011E-07, -0.00409447360948388
1.76012953125E-07, -0.00522052564362941
1.7601490625E-07, -0.00391607597204283
1.76016859375E-07, -0.00508330848222877
1.760188125E-07, -0.00463923794333086
1.76020765625E-07, -0.00585720275874528
1.7602271875E-07, -0.00530368664615592
1.76024671875E-07, -0.00543524775808221
1.76026625E-07, -0.00821940632229698
1.76028578125E-07, -0.00858869428520671
1.7603053125E-07, -0.00811016946628032
1.76032484375E-07, -0.00837729350996905
1.760344375E-07, -0.00883915826165391
1.76036390625E-07, -0.0103229578589936
1.7603834375E-07, -0.0106440241290543
1.76040296875E-07, -0.00836869427283363
1.7604225E-07, -0.00992402024170136
1.76044203125E-07, -0.0111862653652676
1.7604615625E-07, -0.0123387189242721
1.76048109375E-07, -0.012361860242368
1.760500625E-07, -0.0132107761800943
1.76052015625E-07, -0.012751872194863
1.7605396875E-07, -0.0139913720702118
1.76055921875E-07, -0.0143521151227802
1.76057875E-07, -0.0144914647542188
1.76059828125E-07, -0.0137893135247125
1.7606178125E-07, -0.0148632031535169
1.76063734375E-07, -0.014218802067492
1.760656875E-07, -0.0142774586557098
1.76067640625E-07, -0.0150006681268954
1.7606959375E-07, -0.0160555128249032
1.76071546875E-07, -0.0153669726502876
1.760735E-07, -0.0147669735703551
1.76075453125E-07, -0.0151286425871646
1.7607740625E-07, -0.0146766399779905
1.76079359375E-07, -0.0158245157110445
1.760813125E-07, -0.0165162269501605
1.76083265625E-07, -0.016723453863911
1.7608521875E-07, -0.0156249016113001
1.76087171875E-07, -0.016525038575309
1.76089125E-07, -0.0151284365461163
1.76091078125E-07, -0.0159005929179659
1.7609303125E-07, -0.0160330724663383
1.76094984375E-07, -0.0158067563158203
1.760969375E-07, -0.0159388460953262
1.76098890625E-07, -0.0155133016537042
1.7610084375E-07, -0.0157445710971445
1.76102796875E-07, -0.0150353378997296
1.7610475E-07, -0.0141879182363069
1.76106703125E-07, -0.0154673341624899
1.7610865625E-07, -0.0156648735375537
1.76110609375E-07, -0.0151945349468021
1.761125625E-07, -0.0152802134130647
1.76114515625E-07, -0.0154379166814785
1.7611646875E-07, -0.0142453859073913
1.76118421875E-07, -0.013477449699665
1.76120375E-07, -0.0144424748890468
1.76122328125E-07, -0.0137587849913608
1.7612428125E-07, -0.0135324115578801
1.76126234375E-07, -0.0129057648889732
1.761281875E-07, -0.0124611430716749
1.76130140625E-07, -0.0135124801276723
1.7613209375E-07, -0.0120313269222764
1.76134046875E-07, -0.0123997144118872
1.76136E-07, -0.0110918692055518
1.76137953125E-07, -0.0112019110653568
1.7613990625E-07, -0.0127711697291383
1.76141859375E-07, -0.0107239897636562
1.761438125E-07, -0.0104099954239658
1.76145765625E-07, -0.00986603718582589
1.7614771875E-07, -0.00939673585856693
1.76149671875E-07, -0.00917725849338235
1.76151625E-07, -0.00832021285784907
1.76153578125E-07, -0.00867442155963038
1.7615553125E-07, -0.00918757346535379
1.76157484375E-07, -0.00850091509942251
1.761594375E-07, -0.0080690148852077
1.76161390625E-07, -0.00746711387617917
1.7616334375E-07, -0.00639619517456853
1.76165296875E-07, -0.00737905271910334
1.7616725E-07, -0.00663023890181642
1.76169203125E-07, -0.00749150770948316
1.7617115625E-07, -0.00682965065379736
1.76173109375E-07, -0.00619391338848853
1.761750625E-07, -0.00670485503792018
1.76177015625E-07, -0.00657071890868367
1.7617896875E-07, -0.0058699726377078
1.76180921875E-07, -0.0059171532911922
1.76182875E-07, -0.00521174843045622
1.76184828125E-07, -0.00692145015763093
1.7618678125E-07, -0.00529831098954527
1.76188734375E-07, -0.00521374581776105
1.761906875E-07, -0.00526869170185426
1.76192640625E-07, -0.00552827483322987
1.7619459375E-07, -0.0052856159503578
1.76196546875E-07, -0.00533179367980255
1.761985E-07, -0.00623709453223311
1.76200453125E-07, -0.00529278254380335
1.7620240625E-07, -0.00534972279583668
1.76204359375E-07, -0.00541320085407795
1.762063125E-07, -0.00568247391741205
1.76208265625E-07, -0.00524285819496049
1.7621021875E-07, -0.00576310441241627
1.76212171875E-07, -0.00601862292891869
1.76214125E-07, -0.00617681708446196
1.76216078125E-07, -0.00682521373236139
1.7621803125E-07, -0.00627548292866009
1.76219984375E-07, -0.0059536014948176
1.762219375E-07, -0.00653111322840111
1.76223890625E-07, -0.006462182013915
1.7622584375E-07, -0.00623989320414871
1.76227796875E-07, -0.00627628872196435
1.7622975E-07, -0.00777089795315922
1.76231703125E-07, -0.00742991658229733
1.7623365625E-07, -0.00758407909123979
1.76235609375E-07, -0.00759215331505401
1.762375625E-07, -0.00747496151823969
1.76239515625E-07, -0.00796513543013111
1.7624146875E-07, -0.00782541948700165
1.76243421875E-07, -0.00830236639548273
1.76245375E-07, -0.00827153629782695
1.76247328125E-07, -0.00831118702225616
1.7624928125E-07, -0.00885644939109121
1.76251234375E-07, -0.0092597919829734
1.762531875E-07, -0.00903604641391662
1.76255140625E-07, -0.00848706991162116
1.7625709375E-07, -0.00961816273691023
1.76259046875E-07, -0.00922812185135814
1.76261E-07, -0.00934538098934976
1.76262953125E-07, -0.00946161520681897
1.7626490625E-07, -0.00953404310261319
1.76266859375E-07, -0.00958797362682592
1.762688125E-07, -0.0103285443642234
1.76270765625E-07, -0.0102402273189339
1.7627271875E-07, -0.0102726167637613
1.76274671875E-07, -0.0106153917139585
1.76276625E-07, -0.0106970293495167
1.76278578125E-07, -0.0107970835139523
1.7628053125E-07, -0.0102107678586854
1.76282484375E-07, -0.00996763798037546
1.762844375E-07, -0.0105059090505926
1.76286390625E-07, -0.0107020853186528
1.7628834375E-07, -0.0110497102023255
1.76290296875E-07, -0.011060081825902
1.7629225E-07, -0.0107510607811597
1.76294203125E-07, -0.0110462106324281
1.7629615625E-07, -0.0108300037009618
1.76298109375E-07, -0.0110752850417451
1.763000625E-07, -0.0113257622541329
1.76302015625E-07, -0.00993057897627976
1.7630396875E-07, -0.0101008666666456
1.76305921875E-07, -0.0100811734678976
1.76307875E-07, -0.0105828996572369
1.76309828125E-07, -0.0100081721030414
1.7631178125E-07, -0.0105315537203013
1.76313734375E-07, -0.00971912957718168
1.763156875E-07, -0.0107186886942209
1.76317640625E-07, -0.00953637411616621
1.7631959375E-07, -0.0101064265241812
1.76321546875E-07, -0.00879722111152404
1.763235E-07, -0.00930220997091895
1.76325453125E-07, -0.00869994206062935
1.7632740625E-07, -0.00885642477376464
1.76329359375E-07, -0.00851713852747066
1.763313125E-07, -0.00884905569125706
1.76333265625E-07, -0.00903198521157189
1.7633521875E-07, -0.0090667300946641
1.76337171875E-07, -0.00787397864898058
1.76339125E-07, -0.00895134213397615
1.76341078125E-07, -0.00841816517440009
1.7634303125E-07, -0.00837874943757815
1.76344984375E-07, -0.00814463365622579
1.763469375E-07, -0.00764341210908814
1.76348890625E-07, -0.00691658774784746
1.7635084375E-07, -0.00731161399605029
1.76352796875E-07, -0.00727602171798909
1.7635475E-07, -0.00689151647844487
1.76356703125E-07, -0.00721784859624207
1.7635865625E-07, -0.00702350256534694
1.76360609375E-07, -0.00662642625299933
1.763625625E-07, -0.00707014153703948
1.76364515625E-07, -0.00671112728122067
1.7636646875E-07, -0.0056136608594513
1.76368421875E-07, -0.00687103643578724
1.76370375E-07, -0.00604484255786912
1.76372328125E-07, -0.00640146101702042
1.7637428125E-07, -0.0055839767905556
1.76376234375E-07, -0.00607964281512855
1.763781875E-07, -0.00580898429005485
1.76380140625E-07, -0.00553852558755936
1.7638209375E-07, -0.00555679981898592
1.76384046875E-07, -0.0053061469385922
1.76386E-07, -0.00557036022836797
1.76387953125E-07, -0.00540480912249881
1.7638990625E-07, -0.00537775219735981
1.76391859375E-07, -0.00449924293273787
1.763938125E-07, -0.00454140360830278
1.76395765625E-07, -0.00493374836877657
1.7639771875E-07, -0.00484118992406496
1.76399671875E-07, -0.00437562394096458
1.76401625E-07, -0.00529369316021322
1.76403578125E-07, -0.00520709650717805
1.7640553125E-07, -0.00488402714598117
1.76407484375E-07, -0.0045226023010373
1.764094375E-07, -0.00434556288875776
1.76411390625E-07, -0.00379502632272449
1.7641334375E-07, -0.00463768616040922
1.76415296875E-07, -0.00471018009487808
1.7641725E-07, -0.00446361252166686
1.76419203125E-07, -0.00459124674539408
1.7642115625E-07, -0.00422024643009509
1.76423109375E-07, -0.0057875714299454
1.764250625E-07, -0.00462496328251432
1.76427015625E-07, -0.0041011270731243
1.7642896875E-07, -0.00463175641934541
1.76430921875E-07, -0.00482259301306803
1.76432875E-07, -0.00434540863367898
1.76434828125E-07, -0.00415130497360032
1.7643678125E-07, -0.00410213750249037
1.76438734375E-07, -0.00432048681435213
1.764406875E-07, -0.00466413639189925
1.76442640625E-07, -0.00424579090389433
1.7644459375E-07, -0.0046414536739181
1.76446546875E-07, -0.00405881401847123
1.764485E-07, -0.00420489823736527
1.76450453125E-07, -0.00478267602270848
1.7645240625E-07, -0.00432007278413681
1.76454359375E-07, -0.00446226459531245
1.764563125E-07, -0.00472607195180082
1.76458265625E-07, -0.00496166503457104
1.7646021875E-07, -0.00426315940464741
1.76462171875E-07, -0.00412218957191023
1.76464125E-07, -0.00452315157588937
1.76466078125E-07, -0.00426271826760287
1.7646803125E-07, -0.00491851185836911
1.76469984375E-07, -0.00430516312332761
1.764719375E-07, -0.00376126550644395
1.76473890625E-07, -0.00446162726795037
1.7647584375E-07, -0.00410920656551161
1.76477796875E-07, -0.0043151005596802
1.7647975E-07, -0.00404769532810506
1.76481703125E-07, -0.00471468759703888
1.7648365625E-07, -0.00456136961680923
1.76485609375E-07, -0.00442919201002816
1.764875625E-07, -0.00407487540691712
1.76489515625E-07, -0.0045494265574075
1.7649146875E-07, -0.00468315397389201
1.76493421875E-07, -0.00424115622896933
1.76495375E-07, -0.00384510813192448
1.76497328125E-07, -0.00467123543221296
1.7649928125E-07, -0.00461236053838185
1.76501234375E-07, -0.00474073442908256
1.765031875E-07, -0.00457006798362815
1.76505140625E-07, -0.00428924365051973
1.7650709375E-07, -0.0041741444463348
1.76509046875E-07, -0.00418847999269869
1.76511E-07, -0.00368184079900712
1.76512953125E-07, -0.00446797254468408
1.7651490625E-07, -0.00412998735052511
1.76516859375E-07, -0.00366768276886487
1.765188125E-07, -0.00320957620848651
1.76520765625E-07, -0.00375298315354515
1.7652271875E-07, -0.00351814634405642
1.76524671875E-07, -0.00373341139966456
1.76526625E-07, -0.00394448392282915
1.76528578125E-07, -0.0040840703284047
1.7653053125E-07, -0.00380155335337581
1.76532484375E-07, -0.00400010526545431
1.765344375E-07, -0.00365861344599236
1.76536390625E-07, -0.00346309258843783
1.7653834375E-07, -0.00366623325273759
1.76540296875E-07, -0.00348644843660975
1.7654225E-07, -0.00338587955648199
1.76544203125E-07, -0.00333580636035488
1.7654615625E-07, -0.00276105626593303
1.76548109375E-07, -0.00381246937697169
1.765500625E-07, -0.00290493175015865
1.76552015625E-07, -0.00377589125645811
1.7655396875E-07, -0.00333458869982454
1.76555921875E-07, -0.00313595263897673
1.76557875E-07, -0.00443274292065258
1.76559828125E-07, -0.00261534855020345
1.7656178125E-07, -0.00314058967705704
1.76563734375E-07, -0.00248984200822407
1.765656875E-07, -0.00313457983222466
1.76567640625E-07, -0.00266105247067887
1.7656959375E-07, -0.00353446556548814
1.76571546875E-07, -0.00303135519721203
1.765735E-07, -0.00304723604498618
1.76575453125E-07, -0.00303148626225833
1.7657740625E-07, -0.00356228377751621
1.76579359375E-07, -0.00375905466188878
1.765813125E-07, -0.0040809792319255
1.76583265625E-07, -0.00288596441087095
1.7658521875E-07, -0.00404115182114953
1.76587171875E-07, -0.00340192222395987
1.76589125E-07, -0.00440146197685945
1.76591078125E-07, -0.00280881332742299
1.7659303125E-07, -0.00397981089649959
1.76594984375E-07, -0.00346757046115725
1.765969375E-07, -0.00421262262385983
1.76598890625E-07, -0.00398224860422132
1.7660084375E-07, -0.00371255375013344
1.76602796875E-07, -0.00378640406079398
1.7660475E-07, -0.00241613350686717
1.76606703125E-07, -0.0029904472586438
1.7660865625E-07, -0.00329020513733968
1.76610609375E-07, -0.00265119886782333
1.766125625E-07, -0.00293661996748705
1.76614515625E-07, -0.00296214606863661
1.7661646875E-07, -0.00333259794807283
1.76618421875E-07, -0.00318678104117876
1.76620375E-07, -0.00338428278765436
1.76622328125E-07, -0.00326290682460808
1.7662428125E-07, -0.00325509870535109
1.76626234375E-07, -0.00374771852040577
1.766281875E-07, -0.00312501335440777
1.76630140625E-07, -0.00279705873996434
1.7663209375E-07, -0.00307309291876086
1.76634046875E-07, -0.00349795153190965
1.76636E-07, -0.00335229497615951
1.76637953125E-07, -0.00329159338924171
1.7663990625E-07, -0.00216170904610392
1.76641859375E-07, -0.00249030642482586
1.766438125E-07, -0.00242713929162923
1.76645765625E-07, -0.00340805390327619
1.7664771875E-07, -0.0029329031500917
1.76649671875E-07, -0.00215277979067975
1.76651625E-07, -0.0028009618441455
1.76653578125E-07, -0.00264504484721644
1.7665553125E-07, -0.00341248138042283
1.76657484375E-07, -0.00324709566646652
1.766594375E-07, -0.00296099109275291
1.76661390625E-07, -0.00267799344882463
1.7666334375E-07, -0.00304009391637084
1.76665296875E-07, -0.00243507019406454
1.7666725E-07, -0.00277698623697063
1.76669203125E-07, -0.00244834026943733
1.7667115625E-07, -0.00199532207718774
1.76673109375E-07, -0.00296592915489673
1.766750625E-07, -0.00234352810835634
1.76677015625E-07, -0.00221422670309906
1.7667896875E-07, -0.00198302912180383
1.76680921875E-07, -0.00231044088600701
1.76682875E-07, -0.00252533616373938
1.76684828125E-07, -0.00224173652776425
1.7668678125E-07, -0.00227345573145469
1.76688734375E-07, -0.0015259355090581
1.766906875E-07, -0.00243020368126727
1.76692640625E-07, -0.00260396899966784
1.7669459375E-07, -0.00171005819258387
1.76696546875E-07, -0.00200262266349512
1.766985E-07, -0.00173024985466697
1.76700453125E-07, -0.00170491670784287
1.7670240625E-07, -0.00169569637179438
1.76704359375E-07, -0.00246202792412104
1.767063125E-07, -0.00200828062917013
1.76708265625E-07, -0.00243041983398443
1.7671021875E-07, -0.00210000779221391
1.76712171875E-07, -0.00173210855698003
1.76714125E-07, -0.000910656456847056
1.76716078125E-07, -0.00180292656503909
1.7671803125E-07, -0.00196699116933385
1.76719984375E-07, -0.00276265921690713
1.767219375E-07, -0.00273201934994261
1.76723890625E-07, -0.00218746238828996
1.7672584375E-07, -0.00213523128353662
1.76727796875E-07, -0.00175139566089515
1.7672975E-07, -0.00244547291303106
1.76731703125E-07, -0.00247766029162732
1.7673365625E-07, -0.0015955832643926
1.76735609375E-07, -0.00250234361092516
1.767375625E-07, -0.00255121781938589
1.76739515625E-07, -0.00239574847581491
1.7674146875E-07, -0.00264631759099258
1.76743421875E-07, -0.00281712850086563
1.76745375E-07, -0.00229264398718472
1.76747328125E-07, -0.00232402883219741
1.7674928125E-07, -0.00332156462998804
1.76751234375E-07, -0.00189606084068433
1.767531875E-07, -0.00241673948982877
1.76755140625E-07, -0.00246609197425705
1.7675709375E-07, -0.00293177031954982
1.76759046875E-07, -0.00310193214479847
1.76761E-07, -0.00254173412850569
1.76762953125E-07, -0.00295595777951201
1.7676490625E-07, -0.00266542131016052
1.76766859375E-07, -0.00267886578891442
1.767688125E-07, -0.00241604296718955
1.76770765625E-07, -0.00217256769584734
1.7677271875E-07, -0.00140549228550694
1.76774671875E-07, -0.00158279464172477
1.76776625E-07, -0.0022431064938995
1.76778578125E-07, -0.00228772534134277
1.7678053125E-07, -0.00256165589527379
1.76782484375E-07, -0.00262387572334417
1.767844375E-07, -0.00211130542724478
1.76786390625E-07, -0.00157281753322065
1.7678834375E-07, -0.002965651236545
1.76790296875E-07, -0.00131009315961163
1.7679225E-07, -0.0011093373379656
1.76794203125E-07, -0.000942971408486956
1.7679615625E-07, -0.000150107787605545
1.76798109375E-07, -0.00109851408360628
1.768000625E-07, -0.00091438661610459
1.76802015625E-07, -0.000211014454649168
1.7680396875E-07, -0.000255846736524881
1.76805921875E-07, -0.000299540100786203
1.76807875E-07, -0.000234522216487688
1.76809828125E-07, 0.000216141128323442
1.7681178125E-07, 0.000637724675113652
1.76813734375E-07, 0.000737588826903165
1.768156875E-07, 0.00144787138816279
1.76817640625E-07, 0.00144494516107751
1.7681959375E-07, 0.00136091922129707
1.76821546875E-07, 0.00158687776805667
1.768235E-07, 0.00248939582263367
1.76825453125E-07, 0.00285115654957178
1.7682740625E-07, 0.00313363943711385
1.76829359375E-07, 0.00267028479038877
1.768313125E-07, 0.00224507091647569
1.76833265625E-07, 0.00348492751498682
1.7683521875E-07, 0.00364329480530744
1.76837171875E-07, 0.00411061569351692
1.76839125E-07, 0.00380346721517741
1.76841078125E-07, 0.00412238853762454
1.7684303125E-07, 0.00378927358639463
1.76844984375E-07, 0.00369580723191581
1.768469375E-07, 0.00550781416503485
1.76848890625E-07, 0.00565104682752435
1.7685084375E-07, 0.00408937527608142
1.76852796875E-07, 0.00604005043777516
1.7685475E-07, 0.00654948304578775
1.76856703125E-07, 0.00531702072876127
1.7685865625E-07, 0.00509292179727365
1.76860609375E-07, 0.00651934425104026
1.768625625E-07, 0.0057429704265571
1.76864515625E-07, 0.00575659271233693
1.7686646875E-07, 0.00639384142540477
1.76868421875E-07, 0.0061734089972301
1.76870375E-07, 0.00648863056534953
1.76872328125E-07, 0.00602833091730406
1.7687428125E-07, 0.00464579114901905
1.76876234375E-07, 0.00573091823652405
1.768781875E-07, 0.00535791641273718
1.76880140625E-07, 0.00644527334515162
1.7688209375E-07, 0.00590072311655116
1.76884046875E-07, 0.00627691743157583
1.76886E-07, 0.00540017522275343
1.76887953125E-07, 0.00636176539163262
1.7688990625E-07, 0.00333616937552945
1.76891859375E-07, 0.00556805917614635
1.768938125E-07, 0.00599325124536503
1.76895765625E-07, 0.00441577900949207
1.7689771875E-07, 0.00450688026456645
1.76899671875E-07, 0.00464191436988843
1.76901625E-07, 0.00467889379636584
1.76903578125E-07, 0.0048949626415392
1.7690553125E-07, 0.00406134254910228
1.76907484375E-07, 0.00355271699318675
1.769094375E-07, 0.00377278865770979
1.76911390625E-07, 0.00441144352146193
1.7691334375E-07, 0.00363599544872543
1.76915296875E-07, 0.00350497088083248
1.7691725E-07, 0.00163571904796675
1.76919203125E-07, 0.00262742619211106
1.7692115625E-07, 0.00232794035869651
1.76923109375E-07, 0.00130740200346893
1.769250625E-07, 0.00274970620742534
1.76927015625E-07, 0.00167710571021965
1.7692896875E-07, 0.00172758654093605
1.76930921875E-07, 0.00201781900110954
1.76932875E-07, 0.00189077300465287
1.76934828125E-07, 0.000835951629769886
1.7693678125E-07, 0.00126999460740808
1.76938734375E-07, 0.000323434645908088
1.769406875E-07, 0.000847822273451239
1.76942640625E-07, 0.000715842347819655
1.7694459375E-07, 0.000551816380842054
1.76946546875E-07, 0.00104764302780049
1.769485E-07, -0.000400249217896322
1.76950453125E-07, -0.000273020625625285
1.7695240625E-07, -0.000118327431106586
1.76954359375E-07, -0.00113619095233024
1.769563125E-07, 0.000230377390365792
1.76958265625E-07, -0.000371804388002908
1.7696021875E-07, -0.000529409258448225
1.76962171875E-07, -0.00117596257231245
1.76964125E-07, -0.000811744599288081
1.76966078125E-07, -0.00053434181681572
1.7696803125E-07, -0.00107665680869849
1.76969984375E-07, -0.000846598440962615
1.769719375E-07, -0.0011123611920176
1.76973890625E-07, -0.000870573467732245
1.7697584375E-07, -0.00113666740306298
1.76977796875E-07, -0.000555248375803893
1.7697975E-07, -0.0010114996848191
1.76981703125E-07, -0.000687012669512025
1.7698365625E-07, -0.000826102146767603
1.76985609375E-07, -6.87968166608395E-05
1.769875625E-07, -0.00107315881540149
1.76989515625E-07, -0.000279106769661342
1.7699146875E-07, -0.00042536029663921
1.76993421875E-07, -0.00096886351016777
1.76995375E-07, -0.000895776794022557
1.76997328125E-07, -0.000902543744523172
1.7699928125E-07, -0.000776452181398065
1.77001234375E-07, -0.000124680148202653
1.770031875E-07, 0.000152447184775928
1.77005140625E-07, 0.000110173953416484
1.7700709375E-07, -0.000408286928228567
1.77009046875E-07, -0.000455290931870974
1.77011E-07, 0.000220529362206459
1.77012953125E-07, 0.000830832223140871
1.7701490625E-07, -0.000462767786952614
1.77016859375E-07, -0.000286444828068575
1.770188125E-07, 0.000300917736415679
1.77020765625E-07, 0.000989602714506206
1.7702271875E-07, 0.000793592021501783
1.77024671875E-07, 0.000123209721450249
1.77026625E-07, 0.000957044423602582
1.77028578125E-07, 0.000521091420751519
1.7703053125E-07, 0.00109605491988514
1.77032484375E-07, 0.000919395220158816
1.770344375E-07, 0.000713500972603919
1.77036390625E-07, 0.000353474973829333
1.7703834375E-07, 0.00179451572025862
1.77040296875E-07, 0.000990488021117653
1.7704225E-07, 0.00103657862151577
1.77044203125E-07, 0.00193504984671216
1.7704615625E-07, 0.0015734302525702
1.77048109375E-07, 0.000942769983596772
1.770500625E-07, 0.00105528226685989
1.77052015625E-07, 0.00187545562275324
1.7705396875E-07, 0.00211013254851075
1.77055921875E-07, 0.00172060249235748
1.77057875E-07, 0.00283204642059051
1.77059828125E-07, 0.00262305120640345
1.7706178125E-07, 0.00128662324640038
1.77063734375E-07, 0.00119154533671166
1.770656875E-07, 0.00122150172962219
1.77067640625E-07, 0.00169768402516863
1.7706959375E-07, 0.00245236702254351
1.77071546875E-07, 0.00169059564961616
1.770735E-07, 0.00128676606952433
1.77075453125E-07, 0.00222375736903657
1.7707740625E-07, 0.00222629186992789
1.77079359375E-07, 0.00219349249017934
1.770813125E-07, 0.00247415409376127
1.77083265625E-07, 0.00162648783939074
1.7708521875E-07, 0.00304600557915592
1.77087171875E-07, 0.00188134223037165
1.77089125E-07, 0.00232967048248621
1.77091078125E-07, 0.00259713736654936
1.7709303125E-07, 0.00243938670842688
1.77094984375E-07, 0.00264330538277343
1.770969375E-07, 0.00265004136418791
1.77098890625E-07, 0.00295101426988039
1.7710084375E-07, 0.00303790581092319
1.77102796875E-07, 0.00313020890516766
1.7710475E-07, 0.00365137153691277
1.77106703125E-07, 0.00359075504354153
1.7710865625E-07, 0.00311872888054683
1.77110609375E-07, 0.00375501781649673
1.771125625E-07, 0.00386210637671767
1.77114515625E-07, 0.00384160369626539
1.7711646875E-07, 0.00394802724368905
1.77118421875E-07, 0.00378461442612664
1.77120375E-07, 0.00419404735757933
1.77122328125E-07, 0.00483006392685199
1.7712428125E-07, 0.00465576409406152
1.77126234375E-07, 0.00453640056186986
1.771281875E-07, 0.00494877439222749
1.77130140625E-07, 0.00484758221660588
1.7713209375E-07, 0.00434008244137953
1.77134046875E-07, 0.00426658159466188
1.77136E-07, 0.005797592569307
1.77137953125E-07, 0.00500940670106836
1.7713990625E-07, 0.00585501225445612
1.77141859375E-07, 0.00616915420757647
1.771438125E-07, 0.00574857909076872
1.77145765625E-07, 0.00533626182864775
1.7714771875E-07, 0.0061610641480056
1.77149671875E-07, 0.00685393912888124
1.77151625E-07, 0.00604302818338377
1.77153578125E-07, 0.00661994136990391
1.7715553125E-07, 0.0067938899923133
1.77157484375E-07, 0.00721141895264589
1.771594375E-07, 0.00677678121705673
1.77161390625E-07, 0.00659129117453373
1.7716334375E-07, 0.00744721170703435
1.77165296875E-07, 0.00781331351875739
1.7716725E-07, 0.00767305243240473
1.77169203125E-07, 0.00740457555512376
1.7717115625E-07, 0.00627354503970453
1.77173109375E-07, 0.00717887212166621
1.771750625E-07, 0.00679897943629137
1.77177015625E-07, 0.00743466264244084
1.7717896875E-07, 0.00609096809608669
1.77180921875E-07, 0.00661190651751063
1.77182875E-07, 0.00696465385216363
1.77184828125E-07, 0.00691852114878212
1.7718678125E-07, 0.00704335912126869
1.77188734375E-07, 0.00748413221873462
1.771906875E-07, 0.00794133286961578
1.77192640625E-07, 0.00671034357728007
1.7719459375E-07, 0.00675699807109406
1.77196546875E-07, 0.00715407395657728
1.771985E-07, 0.00693355338866099
1.77200453125E-07, 0.00761485928914318
1.7720240625E-07, 0.00646442541227253
1.77204359375E-07, 0.00655573351568589
1.772063125E-07, 0.00656876572771901
1.77208265625E-07, 0.0068254277635227
1.7721021875E-07, 0.0063890917425549
1.77212171875E-07, 0.00607667904267993
1.77214125E-07, 0.00683960153760085
1.77216078125E-07, 0.00600492556245614
1.7721803125E-07, 0.00684708165471225
1.77219984375E-07, 0.00612074093990062
1.772219375E-07, 0.0064258537735258
1.77223890625E-07, 0.00563539028087028
1.7722584375E-07, 0.00603003614350685
1.77227796875E-07, 0.00546898867907731
1.7722975E-07, 0.00554657669428412
1.77231703125E-07, 0.00527630328165887
1.7723365625E-07, 0.00545571155232959
1.77235609375E-07, 0.00526921916128452
1.772375625E-07, 0.00457375665269607
1.77239515625E-07, 0.00450269462817961
1.7724146875E-07, 0.00469814720973564
1.77243421875E-07, 0.00443364974321742
1.77245375E-07, 0.00477576898361105
1.77247328125E-07, 0.00430683655353758
1.7724928125E-07, 0.00481140891550255
1.77251234375E-07, 0.00482275221512987
1.772531875E-07, 0.00411695251216503
1.77255140625E-07, 0.00378503563449797
1.7725709375E-07, 0.00395067391216489
1.77259046875E-07, 0.00425984735730207
1.77261E-07, 0.00303086945437082
1.77262953125E-07, 0.00386246612687653
1.7726490625E-07, 0.00373442955291985
1.77266859375E-07, 0.00326916514015436
1.772688125E-07, 0.00332596030704028
1.77270765625E-07, 0.00393846765392029
1.7727271875E-07, 0.00267138229835463
1.77274671875E-07, 0.00304964950641195
1.77276625E-07, 0.00298531736354843
1.77278578125E-07, 0.00278059539529053
1.7728053125E-07, 0.00307786477001024
1.77282484375E-07, 0.00236249474326364
1.772844375E-07, 0.00314915600328601
1.77286390625E-07, 0.00276792859398082
1.7728834375E-07, 0.0026087686558993
1.77290296875E-07, 0.00249375266801213
1.7729225E-07, 0.00224497747666884
1.77294203125E-07, 0.00221674665730851
1.7729615625E-07, 0.00229272618333498
1.77298109375E-07, 0.0024521671217967
1.773000625E-07, 0.00184888851676746
1.77302015625E-07, 0.00205356028985017
1.7730396875E-07, 0.00262637885805399
1.77305921875E-07, 0.00228412567602295
1.77307875E-07, 0.00157275562830962
1.77309828125E-07, 0.00197381378488686
1.7731178125E-07, 0.00214645948893462
1.77313734375E-07, 0.00159647077896623
1.773156875E-07, 0.00174859733680735
1.77317640625E-07, 0.00139167292111046
1.7731959375E-07, 0.00119277141501084
1.77321546875E-07, 0.00168746146963029
1.773235E-07, 0.00129711986756578
1.77325453125E-07, 0.00128396430427448
1.7732740625E-07, 0.00140881489180905
1.77329359375E-07, 0.000775325006396338
1.773313125E-07, 0.000422682410513821
1.77333265625E-07, 0.00172269217503998
1.7733521875E-07, 0.00215906638167614
1.77337171875E-07, 1.04726184344808E-05
1.77339125E-07, 0.000820621263198243
1.77341078125E-07, 0.000658130432862778
1.7734303125E-07, 0.00124572085096305
1.77344984375E-07, 0.00101534033711058
1.773469375E-07, 0.000676452416296572
1.77348890625E-07, 0.00176834170609043
1.7735084375E-07, 0.000287765175542989
1.77352796875E-07, 0.000617258104295339
1.7735475E-07, 0.000364899806621245
1.77356703125E-07, 0.00167001468276343
1.7735865625E-07, 0.00114068491732786
1.77360609375E-07, -0.000178313505908591
1.773625625E-07, -0.00038443725432547
1.77364515625E-07, -0.000153916632774101
1.7736646875E-07, 0.000919572245773398
1.77368421875E-07, 0.000866176289439536
1.77370375E-07, -0.000431649682634477
1.77372328125E-07, 9.28680423699722E-06
1.7737428125E-07, -0.00100374209853035
1.77376234375E-07, -0.00042026534608068
1.773781875E-07, 8.13662273149785E-05
1.77380140625E-07, -0.000234680963101001
1.7738209375E-07, -0.000161841471446403
1.77384046875E-07, -0.00088153711397692
1.77386E-07, -0.00162163164227736
1.77387953125E-07, -0.000203856785201083
1.7738990625E-07, -0.000758049319403313
1.77391859375E-07, -0.000835381916317619
1.773938125E-07, -0.000979318341727563
1.77395765625E-07, -0.00125078065626573
1.7739771875E-07, -0.00100613595026671
1.77399671875E-07, -0.0013195626540108
1.77401625E-07, -0.00164715964521142
1.77403578125E-07, -0.00154425876302082
1.7740553125E-07, -0.00133633059039125
1.77407484375E-07, -0.00214460774030069
1.774094375E-07, -0.00159061266505177
1.77411390625E-07, -0.000929879832262554
1.7741334375E-07, -0.00144099722004295
1.77415296875E-07, -0.00318368563273316
1.7741725E-07, -0.00134064873680549
1.77419203125E-07, -0.00134604984475129
1.7742115625E-07, -0.0019930571621069
1.77423109375E-07, -0.0024798693275135
1.774250625E-07, -0.00188304099708096
1.77427015625E-07, -0.00194264265087134
1.7742896875E-07, -0.00253707682246293
1.77430921875E-07, -0.00189171379100178
1.77432875E-07, -0.00256771416798178
1.77434828125E-07, -0.00275395547673689
1.7743678125E-07, -0.00231095413189176
1.77438734375E-07, -0.00285601721128289
1.774406875E-07, -0.00285401616424247
1.77442640625E-07, -0.00303620183838695
1.7744459375E-07, -0.00353847277759127
1.77446546875E-07, -0.00307204599031589
1.774485E-07, -0.00236839114410216
1.77450453125E-07, -0.00268597639638942
1.7745240625E-07, -0.00351679944900064
1.77454359375E-07, -0.00302399641452678
1.774563125E-07, -0.00353835492227715
1.77458265625E-07, -0.00340741388147169
1.7746021875E-07, -0.00278729539346238
1.77462171875E-07, -0.00364316191109482
1.77464125E-07, -0.00303446203430626
1.77466078125E-07, -0.00341777159180536
1.7746803125E-07, -0.0033150858855074
1.77469984375E-07, -0.00331811880280856
1.774719375E-07, -0.00287231897703225
1.77473890625E-07, -0.00333788093874905
1.7747584375E-07, -0.00348584675206377
1.77477796875E-07, -0.00316527453488096
1.7747975E-07, -0.0032832125663891
1.77481703125E-07, -0.00365623350210145
1.7748365625E-07, -0.00302756770910609
1.77485609375E-07, -0.00316862665011293
1.774875625E-07, -0.00314444132358689
1.77489515625E-07, -0.00336004234136226
1.7749146875E-07, -0.0032478749992127
1.77493421875E-07, -0.00291974543826994
1.77495375E-07, -0.00373421602016461
1.77497328125E-07, -0.00341777620824254
1.7749928125E-07, -0.00362219693717599
1.77501234375E-07, -0.00310533325746073
1.775031875E-07, -0.00293511858207498
1.77505140625E-07, -0.00357909899016217
1.7750709375E-07, -0.00303930344922425
1.77509046875E-07, -0.00263820324051132
1.77511E-07, -0.00354055592570681
1.77512953125E-07, -0.00341645290473677
1.7751490625E-07, -0.00315670751963651
1.77516859375E-07, -0.00318812375917531
1.775188125E-07, -0.00275157872661268
1.77520765625E-07, -0.00319557626059134
1.7752271875E-07, -0.00329810398339104
1.77524671875E-07, -0.00346347658040102
1.77526625E-07, -0.00309776262572566
1.77528578125E-07, -0.00292461285761485
1.7753053125E-07, -0.00303574407600145
1.77532484375E-07, -0.0032900648670425
1.775344375E-07, -0.00280827494185351
1.77536390625E-07, -0.00309638480732412
1.7753834375E-07, -0.0029669092413973
1.77540296875E-07, -0.00291620058990514
1.7754225E-07, -0.00344390990413347
1.77544203125E-07, -0.00296771709242606
1.7754615625E-07, -0.00293717456546091
1.77548109375E-07, -0.00295747135860592
1.775500625E-07, -0.00319157702390485
1.77552015625E-07, -0.00272774028555249
1.7755396875E-07, -0.00318946901677245
1.77555921875E-07, -0.00290432713318631
1.77557875E-07, -0.00350040397519375
1.77559828125E-07, -0.00322200114484018
1.7756178125E-07, -0.00335360372273279
1.77563734375E-07, -0.00337020861373711
1.775656875E-07, -0.00338163295311832
1.77567640625E-07, -0.00312631700392956
1.7756959375E-07, -0.00335867957410696
1.77571546875E-07, -0.00357515725842597
1.775735E-07, -0.00309610805835866
1.77575453125E-07, -0.00302035178986312
1.7757740625E-07, -0.00356967339118566
1.77579359375E-07, -0.0031853187333547
1.775813125E-07, -0.00375111941671252
1.77583265625E-07, -0.00295137342193457
1.7758521875E-07, -0.00326453439993817
1.77587171875E-07, -0.00346916167812781
1.77589125E-07, -0.00311553061235695
1.77591078125E-07, -0.00362982633525763
1.7759303125E-07, -0.00272486403162865
1.77594984375E-07, -0.00345243170949671
1.775969375E-07, -0.00274705366491746
1.77598890625E-07, -0.00268013961325658
1.7760084375E-07, -0.00255631378407757
1.77602796875E-07, -0.00259673273277361
1.7760475E-07, -0.00335008659117014
1.77606703125E-07, -0.00301711718820241
1.7760865625E-07, -0.00250268174665428
1.77610609375E-07, -0.00244152786813728
1.776125625E-07, -0.00316142274156759
1.77614515625E-07, -0.00222947787309566
1.7761646875E-07, -0.00220791333448774
1.77618421875E-07, -0.0026604017564471
1.77620375E-07, -0.00272436357672466
1.77622328125E-07, -0.00219851643781929
1.7762428125E-07, -0.00228711648744021
1.77626234375E-07, -0.0026654691386174
1.776281875E-07, -0.00223735053558644
1.77630140625E-07, -0.00277755219579625
1.7763209375E-07, -0.00202929448694407
1.77634046875E-07, -0.00253409975921187


