File Format, WaveformXYValues
Format Version, 1
Instrument, N1045A,04F,LOJ
SwVersion, A.06.71.21
SerialNumber, MY56260108
Date, 11/29/2023 14:19:12 GMT+08:00

Source Name, Channel 1A

Points, 2048
Signal Type, Unspecified
Channel Bandwidth, 2E+10
Channel Noise, 6.66857143682292E-05
X Units, Second
Y Units, Volt
Data, 
1.73636E-07, -0.00132071841641312
1.73637953125E-07, -0.00102724332817934
1.7363990625E-07, -0.00119534547196823
1.73641859375E-07, -0.00140647932102824
1.736438125E-07, -0.00113766672155666
1.73645765625E-07, -0.00134833052180629
1.7364771875E-07, -0.00131640477698053
1.73649671875E-07, -0.00115936412385386
1.73651625E-07, -0.0012594789925501
1.73653578125E-07, -0.00152831948956646
1.7365553125E-07, -0.00134518356266169
1.73657484375E-07, -0.0012122651686304
1.736594375E-07, -0.00121746076334376
1.73661390625E-07, -0.0011183060088711
1.7366334375E-07, -0.00114625423457875
1.73665296875E-07, -0.001234795478727
1.7366725E-07, -0.00108325128059524
1.73669203125E-07, -0.000938366863942142
1.7367115625E-07, -0.00106247676479618
1.73673109375E-07, -0.00115307895882416
1.736750625E-07, -0.00145208291517446
1.73677015625E-07, -0.001411762610816
1.7367896875E-07, -0.00144962576431834
1.73680921875E-07, -0.00129338332273345
1.73682875E-07, -0.000768792547854713
1.73684828125E-07, -0.00159668712393186
1.7368678125E-07, -0.00133118378054702
1.73688734375E-07, -0.0012581026035255
1.736906875E-07, -0.00136943892801677
1.73692640625E-07, -0.00115262832207479
1.7369459375E-07, -0.00113616364502323
1.73696546875E-07, -0.00089923850478414
1.736985E-07, -0.00122922989446189
1.73700453125E-07, -0.00181294166347299
1.7370240625E-07, -0.00146918566518318
1.73704359375E-07, -0.000709987689013613
1.737063125E-07, -0.00134754528488979
1.73708265625E-07, -0.00117919893024248
1.7371021875E-07, -0.00130179527838292
1.73712171875E-07, -0.00114528018852529
1.73714125E-07, -0.0014985976217506
1.73716078125E-07, -0.00176024639369151
1.7371803125E-07, -0.00137078816627489
1.73719984375E-07, -0.00124534559233661
1.737219375E-07, -0.00150656892042268
1.73723890625E-07, -0.00139925746614717
1.7372584375E-07, -0.00213934751220048
1.73727796875E-07, -0.00138118780653729
1.7372975E-07, -0.000979245539549883
1.73731703125E-07, -0.001379236559993
1.7373365625E-07, -0.00187228847100408
1.73735609375E-07, -0.00117371268730586
1.737375625E-07, -0.0014487270933729
1.73739515625E-07, -0.00166498685397385
1.7374146875E-07, -0.00209206189519485
1.73743421875E-07, -0.00137105046657421
1.73745375E-07, -0.00150713449254077
1.73747328125E-07, -0.00166938755507155
1.7374928125E-07, -0.00189807802765104
1.73751234375E-07, -0.00144634016638153
1.737531875E-07, -0.00126239757148561
1.73755140625E-07, -0.00149222495612679
1.7375709375E-07, -0.00194121238344642
1.73759046875E-07, -0.000890088919707313
1.73761E-07, -0.0016467909833807
1.73762953125E-07, -0.00141948493367095
1.7376490625E-07, -0.00114939794535201
1.73766859375E-07, -0.0017320040883721
1.737688125E-07, -0.00178600773340974
1.73770765625E-07, -0.0015106176094227
1.7377271875E-07, -0.00165136718327167
1.73774671875E-07, -0.0019763036792606
1.73776625E-07, -0.00109296344093126
1.73778578125E-07, -0.00174512907667335
1.7378053125E-07, -0.00220401580575703
1.73782484375E-07, -0.00190308288842433
1.737844375E-07, -0.00193234973208097
1.73786390625E-07, -0.00118908092154366
1.7378834375E-07, -0.00186940438049416
1.73790296875E-07, -0.00223440752869225
1.7379225E-07, -0.00196781328723284
1.73794203125E-07, -0.0020797576092356
1.7379615625E-07, -0.00189325748662815
1.73798109375E-07, -0.0020096718690198
1.738000625E-07, -0.00132115192419554
1.73802015625E-07, -0.00151640707677826
1.7380396875E-07, -0.00188866057783276
1.73805921875E-07, -0.000777147493493876
1.73807875E-07, -0.00216472774494246
1.73809828125E-07, -0.00204501536609593
1.7381178125E-07, -0.00184060292203026
1.73813734375E-07, -0.00281880203430657
1.738156875E-07, -0.00286198072893919
1.73817640625E-07, -0.00227359203886385
1.7381959375E-07, -0.00246475685734997
1.73821546875E-07, -0.0019084539542668
1.738235E-07, -0.00221939440458749
1.73825453125E-07, -0.00193743422671662
1.7382740625E-07, -0.00260018424180005
1.73829359375E-07, -0.00282831862353574
1.738313125E-07, -0.00291800873982528
1.73833265625E-07, -0.00260427854718436
1.7383521875E-07, -0.00364225087234952
1.73837171875E-07, -0.00269471657694029
1.73839125E-07, -0.00237472412261653
1.73841078125E-07, -0.00347248522558261
1.7384303125E-07, -0.00314809211613763
1.73844984375E-07, -0.003396842393044
1.738469375E-07, -0.00261085380562256
1.73848890625E-07, -0.00255731312994492
1.7385084375E-07, -0.00248837046510136
1.73852796875E-07, -0.00302266685055809
1.7385475E-07, -0.00323592959991846
1.73856703125E-07, -0.00334068278776408
1.7385865625E-07, -0.00347522467862751
1.73860609375E-07, -0.00285649515510018
1.738625625E-07, -0.00372520307175594
1.73864515625E-07, -0.00465396965693166
1.7386646875E-07, -0.00328367979243198
1.73868421875E-07, -0.00343227230784023
1.73870375E-07, -0.00365212107626883
1.73872328125E-07, -0.00351140567439652
1.7387428125E-07, -0.00412340167359868
1.73876234375E-07, -0.0034428978568882
1.738781875E-07, -0.00418508160184313
1.73880140625E-07, -0.00419522497276697
1.7388209375E-07, -0.00400575911308933
1.73884046875E-07, -0.00435693243190522
1.73886E-07, -0.00410020353930128
1.73887953125E-07, -0.00421596516687765
1.7388990625E-07, -0.00452306529482276
1.73891859375E-07, -0.00469821365056179
1.738938125E-07, -0.00458688659473323
1.73895765625E-07, -0.00488811066320766
1.7389771875E-07, -0.00463061327209273
1.73899671875E-07, -0.00488121339875996
1.73901625E-07, -0.0044248344769669
1.73903578125E-07, -0.00473524647290083
1.7390553125E-07, -0.0049874329068641
1.73907484375E-07, -0.00466390734479061
1.739094375E-07, -0.00459261101875055
1.73911390625E-07, -0.00435141251304916
1.7391334375E-07, -0.00558455197655709
1.73915296875E-07, -0.0055070648256972
1.7391725E-07, -0.00525222315763491
1.73919203125E-07, -0.00500120784290689
1.7392115625E-07, -0.00520978339937754
1.73923109375E-07, -0.00485594596352145
1.739250625E-07, -0.00478566279774069
1.73927015625E-07, -0.00526975690448745
1.7392896875E-07, -0.00552354829771635
1.73930921875E-07, -0.00578573035727673
1.73932875E-07, -0.00659644541848868
1.73934828125E-07, -0.00592307833485928
1.7393678125E-07, -0.00559723993602338
1.73938734375E-07, -0.00591631380434955
1.739406875E-07, -0.00631471188326406
1.73942640625E-07, -0.00588228617410084
1.7394459375E-07, -0.0058010006788578
1.73946546875E-07, -0.00599397102016426
1.739485E-07, -0.00542263953912847
1.73950453125E-07, -0.00621239245985024
1.7395240625E-07, -0.00532373346365117
1.73954359375E-07, -0.00538643188666921
1.739563125E-07, -0.00529484925099436
1.73958265625E-07, -0.00570720225099981
1.7396021875E-07, -0.00549992503789733
1.73962171875E-07, -0.00489273565685169
1.73964125E-07, -0.00536424998109022
1.73966078125E-07, -0.00546129518690125
1.7396803125E-07, -0.00423061838196683
1.73969984375E-07, -0.00415486720465099
1.739719375E-07, -0.0053951444807296
1.73973890625E-07, -0.00502753065254367
1.7397584375E-07, -0.00477001904274368
1.73977796875E-07, -0.00450495320868356
1.7397975E-07, -0.00508299107415609
1.73981703125E-07, -0.00373817078109321
1.7398365625E-07, -0.00392415582987567
1.73985609375E-07, -0.00497598134029946
1.739875625E-07, -0.00374008758115537
1.73989515625E-07, -0.0043261936331612
1.7399146875E-07, -0.00414193038009954
1.73993421875E-07, -0.00442749820588418
1.73995375E-07, -0.00257276868053332
1.73997328125E-07, -0.00370687652838779
1.7399928125E-07, -0.0036433212669321
1.74001234375E-07, -0.0046738915854617
1.740031875E-07, -0.00322281171055945
1.74005140625E-07, -0.00195104472027877
1.7400709375E-07, -0.00281430018447644
1.74009046875E-07, -0.00300060731520711
1.74011E-07, -0.00153085384597957
1.74012953125E-07, -0.00160410757429664
1.7401490625E-07, -0.0018761216278497
1.74016859375E-07, -0.00173583824435922
1.740188125E-07, 0.000733488743290246
1.74020765625E-07, -0.0016813172980824
1.7402271875E-07, -0.000724466675849957
1.74024671875E-07, -0.00098975201730876
1.74026625E-07, 0.000210642643123315
1.74028578125E-07, 0.000855281934915798
1.7403053125E-07, -0.000356294504375991
1.74032484375E-07, 0.000557954762439763
1.740344375E-07, -0.000137916478498001
1.74036390625E-07, 0.000271854734622181
1.7403834375E-07, 0.00163756305739444
1.74040296875E-07, 0.00153144252514735
1.7404225E-07, 0.00121340674153885
1.74044203125E-07, 0.00260441150115387
1.7404615625E-07, 0.00118124117698101
1.74048109375E-07, 0.00353890702565986
1.740500625E-07, 0.0032707793188475
1.74052015625E-07, 0.00327217922160355
1.7405396875E-07, 0.00395267239098271
1.74055921875E-07, 0.00394827976777005
1.74057875E-07, 0.00367875506583194
1.74059828125E-07, 0.00605598608897116
1.7406178125E-07, 0.00469123664845127
1.74063734375E-07, 0.00625493984427884
1.740656875E-07, 0.00796340781138852
1.74067640625E-07, 0.00683366433554182
1.7406959375E-07, 0.00770698596302834
1.74071546875E-07, 0.00774761973387421
1.740735E-07, 0.00967467326735002
1.74075453125E-07, 0.0106715884124419
1.7407740625E-07, 0.0105279459152809
1.74079359375E-07, 0.00903437874980242
1.740813125E-07, 0.0112679474577727
1.74083265625E-07, 0.00974460027477352
1.7408521875E-07, 0.0107487902612631
1.74087171875E-07, 0.0125103525633729
1.74089125E-07, 0.0117639826102718
1.74091078125E-07, 0.0125423369418681
1.7409303125E-07, 0.0154393835082541
1.74094984375E-07, 0.0153611308663235
1.740969375E-07, 0.0154300645522805
1.74098890625E-07, 0.0156515447085641
1.7410084375E-07, 0.0155958487075101
1.74102796875E-07, 0.0180645271912028
1.7410475E-07, 0.0168372987131427
1.74106703125E-07, 0.0184740419459656
1.7410865625E-07, 0.0167970727433509
1.74110609375E-07, 0.0197595495895224
1.741125625E-07, 0.0213183874609738
1.74114515625E-07, 0.0192625101382624
1.7411646875E-07, 0.0207130316791898
1.74118421875E-07, 0.0200047508873242
1.74120375E-07, 0.0216389553908936
1.74122328125E-07, 0.0230779705627284
1.7412428125E-07, 0.0225989154217393
1.74126234375E-07, 0.0244140692123566
1.741281875E-07, 0.0220727622875839
1.74130140625E-07, 0.0245557544612579
1.7413209375E-07, 0.0253410282506353
1.74134046875E-07, 0.0251910158139497
1.74136E-07, 0.0252461322826912
1.74137953125E-07, 0.0257501658108023
1.7413990625E-07, 0.0273721611253997
1.74141859375E-07, 0.0270591329342895
1.741438125E-07, 0.0289741354947397
1.74145765625E-07, 0.0272009025470955
1.7414771875E-07, 0.0295143145473471
1.74149671875E-07, 0.0293988444601176
1.74151625E-07, 0.0292428071763507
1.74153578125E-07, 0.0315481099830393
1.7415553125E-07, 0.0293857977230902
1.74157484375E-07, 0.0312039950751676
1.741594375E-07, 0.0305168268092079
1.74161390625E-07, 0.0306605447265706
1.7416334375E-07, 0.0311395830404208
1.74165296875E-07, 0.0327329880655723
1.7416725E-07, 0.0331464840855508
1.74169203125E-07, 0.0328948959941386
1.7417115625E-07, 0.0329666305593894
1.74173109375E-07, 0.0339917127150166
1.741750625E-07, 0.0332266324729144
1.74177015625E-07, 0.0343952375086551
1.7417896875E-07, 0.0320288276293339
1.74180921875E-07, 0.0328492350311364
1.74182875E-07, 0.0341150904102661
1.74184828125E-07, 0.0314729902055584
1.7418678125E-07, 0.0343902909000814
1.74188734375E-07, 0.032364715623144
1.741906875E-07, 0.0350134993242505
1.74192640625E-07, 0.034806242595047
1.7419459375E-07, 0.032121066412366
1.74196546875E-07, 0.0337787301389553
1.741985E-07, 0.0343736959913185
1.74200453125E-07, 0.0340428953293328
1.7420240625E-07, 0.0322139903273003
1.74204359375E-07, 0.0331568789520112
1.742063125E-07, 0.0346400704343312
1.74208265625E-07, 0.0329055083837106
1.7421021875E-07, 0.0248957680085556
1.74212171875E-07, 0.0311043040687702
1.74214125E-07, 0.0309576456523107
1.74216078125E-07, 0.0312188566691292
1.7421803125E-07, 0.0273180881148323
1.74219984375E-07, 0.030155965866518
1.742219375E-07, 0.0300371033669978
1.74223890625E-07, 0.0279040498587542
1.7422584375E-07, 0.0213166829250505
1.74227796875E-07, 0.0264224044031106
1.7422975E-07, 0.0243247550287378
1.74231703125E-07, 0.0152206004478741
1.7423365625E-07, 0.0209368138069503
1.74235609375E-07, 0.0223016119949541
1.742375625E-07, 0.0216596880571669
1.74239515625E-07, 0.0209934500596865
1.7424146875E-07, 0.0193528905133509
1.74243421875E-07, 0.0188156496666945
1.74245375E-07, 0.0173676081185715
1.74247328125E-07, 0.0135114397011691
1.7424928125E-07, 0.0156517866676479
1.74251234375E-07, 0.0151268603331445
1.742531875E-07, 0.0146212995167492
1.74255140625E-07, 0.0115009587621324
1.7425709375E-07, 0.0121805387720883
1.74259046875E-07, 0.0099075919165313
1.74261E-07, 0.00987840948019105
1.74262953125E-07, 0.00744833797537188
1.7426490625E-07, 0.0060531385261235
1.74266859375E-07, 0.00166032046548463
1.742688125E-07, 0.00166312079368746
1.74270765625E-07, 0.000356167911692014
1.7427271875E-07, -0.00103459770433621
1.74274671875E-07, 8.71318262845553E-05
1.74276625E-07, -0.0080085739920103
1.74278578125E-07, -0.00536299289521112
1.7428053125E-07, -0.00311647803694537
1.74282484375E-07, -0.0165765719725472
1.742844375E-07, -0.0101529489695715
1.74286390625E-07, -0.0130111165012276
1.7428834375E-07, -0.0160718890582772
1.74290296875E-07, -0.017567587455735
1.7429225E-07, -0.0298136750408683
1.74294203125E-07, -0.0213816442943833
1.7429615625E-07, -0.025600122637889
1.74298109375E-07, -0.0317757397080196
1.743000625E-07, -0.0310852303151064
1.74302015625E-07, -0.0308417166846866
1.7430396875E-07, -0.0439203093648924
1.74305921875E-07, -0.0326862658774315
1.74307875E-07, -0.032027170908082
1.74309828125E-07, -0.0387968778095333
1.7431178125E-07, -0.0408483488738492
1.74313734375E-07, -0.0495501983229459
1.743156875E-07, -0.043476131397607
1.74317640625E-07, -0.0566247418736774
1.7431959375E-07, -0.0436806553398439
1.74321546875E-07, -0.0524689054339668
1.743235E-07, -0.0616835585204177
1.74325453125E-07, -0.0610067289875921
1.7432740625E-07, -0.0696539448011281
1.74329359375E-07, -0.0665742815704926
1.743313125E-07, -0.0672929963533919
1.74333265625E-07, -0.0650848857161338
1.7433521875E-07, -0.0653172776759378
1.74337171875E-07, -0.074087033487811
1.74339125E-07, -0.0812719142681066
1.74341078125E-07, -0.0846521015519302
1.7434303125E-07, -0.0831342773596219
1.74344984375E-07, -0.0838046161166666
1.743469375E-07, -0.0840740372769787
1.74348890625E-07, -0.0859516059281082
1.7435084375E-07, -0.087676405706911
1.74352796875E-07, -0.0927351369638714
1.7435475E-07, -0.0930616660110815
1.74356703125E-07, -0.0933309976637292
1.7435865625E-07, -0.0956670578748163
1.74360609375E-07, -0.106111679301547
1.743625625E-07, -0.102476480390273
1.74364515625E-07, -0.103378677907518
1.7436646875E-07, -0.104148475716333
1.74368421875E-07, -0.105431349912252
1.74370375E-07, -0.0993945523681158
1.74372328125E-07, -0.110092188888579
1.7437428125E-07, -0.109961145991339
1.74376234375E-07, -0.112797321732928
1.743781875E-07, -0.0985588051631457
1.74380140625E-07, -0.115485249036624
1.7438209375E-07, -0.113805272877722
1.74384046875E-07, -0.118432255077352
1.74386E-07, -0.120863740183502
1.74387953125E-07, -0.12114285703976
1.7438990625E-07, -0.115918742400804
1.74391859375E-07, -0.118842725571414
1.743938125E-07, -0.108729184844466
1.74395765625E-07, -0.120457791236883
1.7439771875E-07, -0.119972402684936
1.74399671875E-07, -0.118931281680599
1.74401625E-07, -0.116850860733388
1.74403578125E-07, -0.123155866029463
1.7440553125E-07, -0.116265610829324
1.74407484375E-07, -0.113913532544428
1.744094375E-07, -0.114776509812616
1.74411390625E-07, -0.113880582213226
1.7441334375E-07, -0.116493974336969
1.74415296875E-07, -0.118252927840911
1.7441725E-07, -0.115203466952481
1.74419203125E-07, -0.109208590954824
1.7442115625E-07, -0.0922911290506985
1.74423109375E-07, -0.112534077262131
1.744250625E-07, -0.0945424920750346
1.74427015625E-07, -0.10848236560365
1.7442896875E-07, -0.101707298209061
1.74430921875E-07, -0.101055743047225
1.74432875E-07, -0.093965085691649
1.74434828125E-07, -0.0988947730985209
1.7443678125E-07, -0.0923812037315357
1.74438734375E-07, -0.0843236273666073
1.744406875E-07, -0.0872701589152625
1.74442640625E-07, -0.087594335519347
1.7444459375E-07, -0.079193885821944
1.74446546875E-07, -0.0852005683743122
1.744485E-07, -0.0684549054699148
1.74450453125E-07, -0.068155937872791
1.7445240625E-07, -0.0688111359357153
1.74454359375E-07, -0.060695484789061
1.744563125E-07, -0.0630965745332797
1.74458265625E-07, -0.0486801084057231
1.7446021875E-07, -0.0614461439679179
1.74462171875E-07, -0.0532334723948204
1.74464125E-07, -0.0395642999631456
1.74466078125E-07, -0.0362766846794439
1.7446803125E-07, -0.0359127365284381
1.74469984375E-07, -0.0395542417501746
1.744719375E-07, -0.0226601763119267
1.74473890625E-07, -0.0234709650949331
1.7447584375E-07, -0.0131908305768978
1.74477796875E-07, -0.0187935226815679
1.7447975E-07, -0.00648422541039833
1.74481703125E-07, -0.00523308421775023
1.7448365625E-07, 0.00810457961910394
1.74485609375E-07, -0.00883992339997458
1.744875625E-07, 0.00899016198497424
1.74489515625E-07, 0.0173520241254276
1.7449146875E-07, 0.0112606796294154
1.74493421875E-07, 0.031171591697679
1.74495375E-07, 0.0159988471125571
1.74497328125E-07, 0.0350762160209729
1.7449928125E-07, 0.0433928673248218
1.74501234375E-07, 0.0296416471365984
1.745031875E-07, 0.0365721416706999
1.74505140625E-07, 0.0479132458202012
1.7450709375E-07, 0.0458877124787276
1.74509046875E-07, 0.056189051007152
1.74511E-07, 0.0564065770612931
1.74512953125E-07, 0.0541061630663404
1.7451490625E-07, 0.0648012305307117
1.74516859375E-07, 0.0608723504085968
1.745188125E-07, 0.0709172550046886
1.74520765625E-07, 0.0656528548642854
1.7452271875E-07, 0.0670650962301114
1.74524671875E-07, 0.0801249022372495
1.74526625E-07, 0.081495898825736
1.74528578125E-07, 0.0840593825942956
1.7453053125E-07, 0.0712712297848557
1.74532484375E-07, 0.0807779306196223
1.745344375E-07, 0.0940526869743486
1.74536390625E-07, 0.0914717955855482
1.7453834375E-07, 0.0968225329163274
1.74540296875E-07, 0.0959947152483579
1.7454225E-07, 0.0909599774986612
1.74544203125E-07, 0.097539761920895
1.7454615625E-07, 0.0963108665374114
1.74548109375E-07, 0.100456489386263
1.745500625E-07, 0.0892767309980627
1.74552015625E-07, 0.101212472637678
1.7455396875E-07, 0.0897215899156999
1.74555921875E-07, 0.0972029513995214
1.74557875E-07, 0.0849428339188754
1.74559828125E-07, 0.0936938594409618
1.7456178125E-07, 0.0990942535981845
1.74563734375E-07, 0.0972989344419654
1.745656875E-07, 0.093018038186382
1.74567640625E-07, 0.0875207604977743
1.7456959375E-07, 0.0947408395565549
1.74571546875E-07, 0.0964423536843555
1.745735E-07, 0.0940023758476559
1.74575453125E-07, 0.0914094409514449
1.7457740625E-07, 0.0923014573263586
1.74579359375E-07, 0.087819594655994
1.745813125E-07, 0.0881538498588306
1.74583265625E-07, 0.0895101442270928
1.7458521875E-07, 0.0782477149020734
1.74587171875E-07, 0.0839248591044446
1.74589125E-07, 0.0813972401262498
1.74591078125E-07, 0.0802894588837492
1.7459303125E-07, 0.0764765590776072
1.74594984375E-07, 0.0782559910835458
1.745969375E-07, 0.0789432898431381
1.74598890625E-07, 0.0700470111589915
1.7460084375E-07, 0.0726319050275493
1.74602796875E-07, 0.0658582490124647
1.7460475E-07, 0.0632519448607069
1.74606703125E-07, 0.0639064062037742
1.7460865625E-07, 0.0611382932451588
1.74610609375E-07, 0.0632848675524514
1.746125625E-07, 0.0548072870208648
1.74614515625E-07, 0.0541450566682439
1.7461646875E-07, 0.05277521763485
1.74618421875E-07, 0.0494057939563551
1.74620375E-07, 0.049945615051946
1.74622328125E-07, 0.0448610514009215
1.7462428125E-07, 0.048095191530999
1.74626234375E-07, 0.0436787731488128
1.746281875E-07, 0.0406019800295717
1.74630140625E-07, 0.0441238754098492
1.7463209375E-07, 0.0432118097972269
1.74634046875E-07, 0.0430220254610278
1.74636E-07, 0.0380078917502236
1.74637953125E-07, 0.0371697397892563
1.7463990625E-07, 0.034933052266437
1.74641859375E-07, 0.0362931880803715
1.746438125E-07, 0.0341044329892783
1.74645765625E-07, 0.0296913055881214
1.7464771875E-07, 0.028340564660207
1.74649671875E-07, 0.0273485252819426
1.74651625E-07, 0.0272222120776671
1.74653578125E-07, 0.0245647948309335
1.7465553125E-07, 0.030232612501667
1.74657484375E-07, 0.0245750527504777
1.746594375E-07, 0.0245659621159117
1.74661390625E-07, 0.0232662385716404
1.7466334375E-07, 0.0249346369532253
1.74665296875E-07, 0.0218727834072738
1.7466725E-07, 0.0247930479753316
1.74669203125E-07, 0.0202934751237128
1.7467115625E-07, 0.0232676443368412
1.74673109375E-07, 0.0242299934538406
1.746750625E-07, 0.0209441553718895
1.74677015625E-07, 0.0203647658183788
1.7467896875E-07, 0.0202112140827252
1.74680921875E-07, 0.0196088260289038
1.74682875E-07, 0.0188250553946924
1.74684828125E-07, 0.0187536180495378
1.7468678125E-07, 0.0188597255790983
1.74688734375E-07, 0.0192486649459328
1.746906875E-07, 0.0219106904648659
1.74692640625E-07, 0.0183798599803544
1.7469459375E-07, 0.0185305890272561
1.74696546875E-07, 0.0186704636828319
1.746985E-07, 0.0189602147238465
1.74700453125E-07, 0.0196666509923248
1.7470240625E-07, 0.018723669941973
1.74704359375E-07, 0.0183861850620056
1.747063125E-07, 0.0192566280076919
1.74708265625E-07, 0.0185819526994243
1.7471021875E-07, 0.0211457018191199
1.74712171875E-07, 0.019179077778324
1.74714125E-07, 0.0186986947497557
1.74716078125E-07, 0.0190062955208452
1.7471803125E-07, 0.018692177400294
1.74719984375E-07, 0.0191780624955685
1.747219375E-07, 0.0185846432871214
1.74723890625E-07, 0.0194585522063432
1.7472584375E-07, 0.0183103879626409
1.74727796875E-07, 0.019476870324624
1.7472975E-07, 0.019053673623828
1.74731703125E-07, 0.019810314728751
1.7473365625E-07, 0.0189276964938247
1.74735609375E-07, 0.0213758543619626
1.747375625E-07, 0.017485320114062
1.74739515625E-07, 0.0183782577526718
1.7474146875E-07, 0.0181206373950987
1.74743421875E-07, 0.018532189287479
1.74745375E-07, 0.0165336014958024
1.74747328125E-07, 0.0176849369194362
1.7474928125E-07, 0.0161654798221846
1.74751234375E-07, 0.0162091334633584
1.747531875E-07, 0.0163651644201532
1.74755140625E-07, 0.01533210738761
1.7475709375E-07, 0.0155782175793676
1.74759046875E-07, 0.012051880304442
1.74761E-07, 0.0138085780087764
1.74762953125E-07, 0.0117570323799289
1.7476490625E-07, 0.0123295355386421
1.74766859375E-07, 0.0136464934710491
1.747688125E-07, 0.012279995082332
1.74770765625E-07, 0.0113580194951546
1.7477271875E-07, 0.0100915028040278
1.74774671875E-07, 0.00813578152282909
1.74776625E-07, 0.0109164951087155
1.74778578125E-07, 0.00791574606411522
1.7478053125E-07, 0.00804471475039797
1.74782484375E-07, 0.00657006183833901
1.747844375E-07, 0.00704794112024068
1.74786390625E-07, 0.008419790052659
1.7478834375E-07, 0.00390572741344311
1.74790296875E-07, 0.00766241967166968
1.7479225E-07, 0.00220202531713269
1.74794203125E-07, 0.00296461535321251
1.7479615625E-07, 0.00204909497213881
1.74798109375E-07, 0.00105052417982154
1.748000625E-07, 0.000779705279049207
1.74802015625E-07, 0.000553304875735753
1.7480396875E-07, -0.000422450958831136
1.74805921875E-07, -0.0014372806329309
1.74807875E-07, -0.00106818783404088
1.74809828125E-07, -0.00065861464520964
1.7481178125E-07, -0.00194931078343028
1.74813734375E-07, -0.00213658961417774
1.748156875E-07, -0.00281262850690731
1.74817640625E-07, -0.00334178869070818
1.7481959375E-07, -0.00429834113555675
1.74821546875E-07, -0.00562713172066071
1.748235E-07, -0.00503909375867177
1.74825453125E-07, -0.00355424886277604
1.7482740625E-07, -0.00644006180949494
1.74829359375E-07, -0.00643883067192189
1.748313125E-07, -0.00517198040784863
1.74833265625E-07, -0.00676865027768929
1.7483521875E-07, -0.00696791488708837
1.74837171875E-07, -0.0057433389410806
1.74839125E-07, -0.00737749075919568
1.74841078125E-07, -0.00734861268999941
1.7484303125E-07, -0.00833494154444938
1.74844984375E-07, -0.00809655243833543
1.748469375E-07, -0.0082345489059053
1.74848890625E-07, -0.00744676117802295
1.7485084375E-07, -0.00665478500009163
1.74852796875E-07, -0.00807512241410813
1.7485475E-07, -0.00865668407144529
1.74856703125E-07, -0.00794994194737365
1.7485865625E-07, -0.0088074347057666
1.74860609375E-07, -0.00734229421207635
1.748625625E-07, -0.00755811546803436
1.74864515625E-07, -0.00713354277934279
1.7486646875E-07, -0.0074831263498043
1.74868421875E-07, -0.0085765924891122
1.74870375E-07, -0.00734011271354863
1.74872328125E-07, -0.00774408114558604
1.7487428125E-07, -0.00733114249558714
1.74876234375E-07, -0.00512025224182746
1.748781875E-07, -0.00620101395486493
1.74880140625E-07, -0.0060183985167804
1.7488209375E-07, -0.00670804438429467
1.74884046875E-07, -0.0053576381581879
1.74886E-07, -0.00478375356132527
1.74887953125E-07, -0.00560590277249369
1.7488990625E-07, -0.00560607777122081
1.74891859375E-07, -0.00470097964465081
1.748938125E-07, -0.0047031049067349
1.74895765625E-07, -0.00504394228465968
1.7489771875E-07, -0.0030549224390344
1.74899671875E-07, -0.00333302496015867
1.74901625E-07, -0.00408335829823873
1.74903578125E-07, -0.00422484768749528
1.7490553125E-07, -0.00426265853048242
1.74907484375E-07, -0.00250595128327344
1.749094375E-07, -0.00333671550479001
1.74911390625E-07, -0.00252408728883872
1.7491334375E-07, -0.00240822127566042
1.74915296875E-07, -0.00278938141499047
1.7491725E-07, -0.00168350434814241
1.74919203125E-07, -0.00136307443585502
1.7492115625E-07, -0.00208011267001253
1.74923109375E-07, -0.000663880559399078
1.749250625E-07, -0.000734141396412682
1.74927015625E-07, -0.00068231830878638
1.7492896875E-07, -0.000759132170195273
1.74930921875E-07, -0.000596239788295203
1.74932875E-07, -0.000154373742947243
1.74934828125E-07, -0.000314441402504005
1.7493678125E-07, 0.000157018295937932
1.74938734375E-07, 0.000300570974350174
1.749406875E-07, -0.000425190081318529
1.74942640625E-07, 0.000357533046544356
1.7494459375E-07, 0.000602670807576735
1.74946546875E-07, 0.00163032799331365
1.749485E-07, 0.000385246223907878
1.74950453125E-07, 0.00139385493699549
1.7495240625E-07, 0.000678679398104327
1.74954359375E-07, 0.00118717566739654
1.749563125E-07, 0.000875727643646718
1.74958265625E-07, 0.00149553844527927
1.7496021875E-07, 0.00152753249208929
1.74962171875E-07, 0.000815014024507623
1.74964125E-07, 0.00135818804185601
1.74966078125E-07, 0.00156165793533622
1.7496803125E-07, 0.00130508855211866
1.74969984375E-07, 0.000826171855240077
1.749719375E-07, 0.00158076488782739
1.74973890625E-07, 0.00161236009446316
1.7497584375E-07, 0.00149479964552352
1.74977796875E-07, 0.00157993637061113
1.7497975E-07, 0.000123470862565785
1.74981703125E-07, 0.000974122398350789
1.7498365625E-07, 0.000802718517291346
1.74985609375E-07, 0.00053389527792754
1.749875625E-07, 0.00126046031989354
1.74989515625E-07, 0.00103699711402408
1.7499146875E-07, 0.000396295598153023
1.74993421875E-07, 0.000800678364756182
1.74995375E-07, -0.000467518355512418
1.74997328125E-07, 0.000387238231501741
1.7499928125E-07, -0.00110764211516142
1.75001234375E-07, -0.000378842556518352
1.750031875E-07, 2.77372686238085E-05
1.75005140625E-07, -0.000122606903049599
1.7500709375E-07, -0.00128438560302846
1.75009046875E-07, -0.00239515091998444
1.75011E-07, -0.000956544287950838
1.75012953125E-07, -0.00151071481579421
1.7501490625E-07, -0.00147269581830811
1.75016859375E-07, -0.00188308706998106
1.750188125E-07, -0.00298696252149793
1.75020765625E-07, -0.00304167808421977
1.7502271875E-07, -0.00425407280796288
1.75024671875E-07, -0.00278871168077298
1.75026625E-07, -0.00333148905066664
1.75028578125E-07, -0.00495883108481191
1.7503053125E-07, -0.00553513530973178
1.75032484375E-07, -0.00551357583430289
1.750344375E-07, -0.00536790609761084
1.75036390625E-07, -0.00754626458951249
1.7503834375E-07, -0.0059449832348538
1.75040296875E-07, -0.00637533199612113
1.7504225E-07, -0.00653565300051217
1.75044203125E-07, -0.00621149209807664
1.7504615625E-07, -0.00671806954142717
1.75048109375E-07, -0.00879283774378526
1.750500625E-07, -0.00871552166564255
1.75052015625E-07, -0.00893361833378498
1.7505396875E-07, -0.00957567363734948
1.75055921875E-07, -0.00953688616363397
1.75057875E-07, -0.0108439630990019
1.75059828125E-07, -0.0114420914728899
1.7506178125E-07, -0.0111027498010968
1.75063734375E-07, -0.0124985088157029
1.750656875E-07, -0.0127353648534409
1.75067640625E-07, -0.0125567959563488
1.7506959375E-07, -0.0134740363102103
1.75071546875E-07, -0.0125262211343842
1.750735E-07, -0.0141674825496609
1.75075453125E-07, -0.0147339104710425
1.7507740625E-07, -0.015902841130867
1.75079359375E-07, -0.014504280738305
1.750813125E-07, -0.0171293225896643
1.75083265625E-07, -0.0159583211523088
1.7508521875E-07, -0.016330127872871
1.75087171875E-07, -0.018483080439589
1.75089125E-07, -0.0166411366392365
1.75091078125E-07, -0.0176296613541722
1.7509303125E-07, -0.0198577200628108
1.75094984375E-07, -0.019612983238562
1.750969375E-07, -0.0219603407784973
1.75098890625E-07, -0.0209692639755026
1.7510084375E-07, -0.0200922580773808
1.75102796875E-07, -0.022687117139619
1.7510475E-07, -0.0237291318422738
1.75106703125E-07, -0.0237143821475775
1.7510865625E-07, -0.0246915400071375
1.75110609375E-07, -0.0243567244378721
1.751125625E-07, -0.0249753736494143
1.75114515625E-07, -0.0243321611030091
1.7511646875E-07, -0.0265910418046896
1.75118421875E-07, -0.0265294058192236
1.75120375E-07, -0.0257576902121061
1.75122328125E-07, -0.0261627194519461
1.7512428125E-07, -0.0285146109064218
1.75126234375E-07, -0.0281378986042742
1.751281875E-07, -0.0291962492449848
1.75130140625E-07, -0.0297667707204706
1.7513209375E-07, -0.0275258050355063
1.75134046875E-07, -0.030013861392056
1.75136E-07, -0.029343754792168
1.75137953125E-07, -0.0288066703203758
1.7513990625E-07, -0.0306217559240896
1.75141859375E-07, -0.0306438530370979
1.751438125E-07, -0.0314640329071542
1.75145765625E-07, -0.029247315433995
1.7514771875E-07, -0.0296662975871911
1.75149671875E-07, -0.0321012561493109
1.75151625E-07, -0.0310254450554995
1.75153578125E-07, -0.0316978530068297
1.7515553125E-07, -0.0320576637309528
1.75157484375E-07, -0.0321306183853428
1.751594375E-07, -0.0314432555220792
1.75161390625E-07, -0.0327075607990054
1.7516334375E-07, -0.033043197672458
1.75165296875E-07, -0.0328277413639632
1.7516725E-07, -0.033009422888392
1.75169203125E-07, -0.0328255438361408
1.7517115625E-07, -0.0321902597411977
1.75173109375E-07, -0.0325811031377892
1.751750625E-07, -0.031959536056882
1.75177015625E-07, -0.0327139025994238
1.7517896875E-07, -0.0321777602007137
1.75180921875E-07, -0.0323578937682198
1.75182875E-07, -0.0322749029367319
1.75184828125E-07, -0.0322524088252015
1.7518678125E-07, -0.0323843332541657
1.75188734375E-07, -0.0317753465140662
1.751906875E-07, -0.0315191522862914
1.75192640625E-07, -0.0314663177886783
1.7519459375E-07, -0.0311264116741923
1.75196546875E-07, -0.0308324460021342
1.751985E-07, -0.0313628062049714
1.75200453125E-07, -0.0305122033939134
1.7520240625E-07, -0.0312179652611885
1.75204359375E-07, -0.0303948902111573
1.752063125E-07, -0.0298374317906673
1.75208265625E-07, -0.0305228671492837
1.7521021875E-07, -0.0297205765755475
1.75212171875E-07, -0.0285647744221822
1.75214125E-07, -0.029956185761296
1.75216078125E-07, -0.028744711166332
1.7521803125E-07, -0.0285646895461641
1.75219984375E-07, -0.0286755698077797
1.752219375E-07, -0.0284010825256359
1.75223890625E-07, -0.0269668308178482
1.7522584375E-07, -0.0273872512420276
1.75227796875E-07, -0.0268261765598035
1.7522975E-07, -0.0262652002217861
1.75231703125E-07, -0.0264039473618806
1.7523365625E-07, -0.0270984709695546
1.75235609375E-07, -0.0257813823774022
1.752375625E-07, -0.0261877836005856
1.75239515625E-07, -0.023911290887317
1.7524146875E-07, -0.024852066928988
1.75243421875E-07, -0.02438056787829
1.75245375E-07, -0.023290636105068
1.75247328125E-07, -0.0229524895552576
1.7524928125E-07, -0.0227044010366846
1.75251234375E-07, -0.0233235961280096
1.752531875E-07, -0.0215476775954594
1.75255140625E-07, -0.0229596554462548
1.7525709375E-07, -0.0217290723429058
1.75259046875E-07, -0.0215788686745046
1.75261E-07, -0.0198423626938961
1.75262953125E-07, -0.0201061907393377
1.7526490625E-07, -0.018857604809735
1.75266859375E-07, -0.0215436851656178
1.752688125E-07, -0.0187615460016125
1.75270765625E-07, -0.0179965028228738
1.7527271875E-07, -0.0187972788451315
1.75274671875E-07, -0.0191388939680063
1.75276625E-07, -0.0189705054458271
1.75278578125E-07, -0.0170348525284565
1.7528053125E-07, -0.0180993490589633
1.75282484375E-07, -0.015736308191564
1.752844375E-07, -0.0159768780960875
1.75286390625E-07, -0.0161500991740944
1.7528834375E-07, -0.0165523259885081
1.75290296875E-07, -0.0161514043905728
1.7529225E-07, -0.0153213283333277
1.75294203125E-07, -0.0150185808666272
1.7529615625E-07, -0.0141016981769114
1.75298109375E-07, -0.0145382426446093
1.753000625E-07, -0.0131346888779323
1.75302015625E-07, -0.0131910346899689
1.7530396875E-07, -0.0123528014067624
1.75305921875E-07, -0.0117745140482625
1.75307875E-07, -0.0118243902828314
1.75309828125E-07, -0.0094468075043961
1.7531178125E-07, -0.0112279028630376
1.75313734375E-07, -0.00917413970862394
1.753156875E-07, -0.0100160564323756
1.75317640625E-07, -0.00932872739827136
1.7531959375E-07, -0.00759500215755848
1.75321546875E-07, -0.00814038025526801
1.753235E-07, -0.00996615841011213
1.75325453125E-07, -0.00769881314515016
1.7532740625E-07, -0.00770819121747144
1.75329359375E-07, -0.00605297441232091
1.753313125E-07, -0.00746543918409522
1.75333265625E-07, -0.00692872145571822
1.7533521875E-07, -0.0054823115864368
1.75337171875E-07, -0.00613878556238601
1.75339125E-07, -0.00552274127381607
1.75341078125E-07, -0.00424758223004928
1.7534303125E-07, -0.00533978198559546
1.75344984375E-07, -0.00257960752904975
1.753469375E-07, -0.00363634527225354
1.75348890625E-07, -0.00290677935654784
1.7535084375E-07, -0.00253398707368796
1.75352796875E-07, -0.00314467913226821
1.7535475E-07, -0.0031785428711345
1.75356703125E-07, -0.00289434958664287
1.7535865625E-07, -0.00112163283911379
1.75360609375E-07, -0.00134725490981366
1.753625625E-07, -0.00187185267471549
1.75364515625E-07, -0.00068653087366868
1.7536646875E-07, -0.000905128397451918
1.75368421875E-07, -0.000167828041916987
1.75370375E-07, -0.000584065900894243
1.75372328125E-07, 0.000521329069613487
1.7537428125E-07, 0.00099321006990915
1.75376234375E-07, -0.000202093521325526
1.753781875E-07, 0.000683404371765074
1.75380140625E-07, 0.00118720305938644
1.7538209375E-07, 0.00262567502642602
1.75384046875E-07, 0.0023082739085209
1.75386E-07, 0.00290767732597393
1.75387953125E-07, 0.00203519881890269
1.7538990625E-07, 0.00159690684858832
1.75391859375E-07, 0.0019895360451606
1.753938125E-07, 0.00145266181811656
1.75395765625E-07, 0.00242788791107696
1.7539771875E-07, 0.00235768635126318
1.75399671875E-07, 0.00231476204281216
1.75401625E-07, 0.00340307907789807
1.75403578125E-07, 0.00357213979536376
1.7540553125E-07, 0.00374560864493388
1.75407484375E-07, 0.00356497976346523
1.754094375E-07, 0.0039367886400789
1.75411390625E-07, 0.00372182784851013
1.7541334375E-07, 0.00465462741622305
1.75415296875E-07, 0.00480148602163548
1.7541725E-07, 0.0045250772658068
1.75419203125E-07, 0.00507050131536027
1.7542115625E-07, 0.0046826721014872
1.75423109375E-07, 0.00500151793078239
1.754250625E-07, 0.00560396361367499
1.75427015625E-07, 0.00467206401870794
1.7542896875E-07, 0.00569228250714794
1.75430921875E-07, 0.00497385342939851
1.75432875E-07, 0.00567665941656592
1.75434828125E-07, 0.00673958069087275
1.7543678125E-07, 0.00650493048433168
1.75438734375E-07, 0.00691955952585732
1.754406875E-07, 0.00635281990369566
1.75442640625E-07, 0.00684159154375158
1.7544459375E-07, 0.00726146958696754
1.75446546875E-07, 0.00724593041545036
1.754485E-07, 0.0077772165884919
1.75450453125E-07, 0.007926707538189
1.7545240625E-07, 0.00797650222529173
1.75454359375E-07, 0.00878431583025783
1.754563125E-07, 0.00800641381120777
1.75458265625E-07, 0.00799097124702543
1.7546021875E-07, 0.00930704439232119
1.75462171875E-07, 0.00874537574239902
1.75464125E-07, 0.00957284678473352
1.75466078125E-07, 0.00840162797127147
1.7546803125E-07, 0.00884397571527519
1.75469984375E-07, 0.00960400121000369
1.754719375E-07, 0.010059028669132
1.75473890625E-07, 0.00982471980415495
1.7547584375E-07, 0.0109684640981553
1.75477796875E-07, 0.0108062454160401
1.7547975E-07, 0.0111239710478813
1.75481703125E-07, 0.011373319008077
1.7548365625E-07, 0.0108903227115916
1.75485609375E-07, 0.0121101032046344
1.754875625E-07, 0.0121369120338027
1.75489515625E-07, 0.0122975692823539
1.7549146875E-07, 0.0118297655011614
1.75493421875E-07, 0.0127868643722935
1.75495375E-07, 0.0134588606226042
1.75497328125E-07, 0.0126482780510239
1.7549928125E-07, 0.013626294808978
1.75501234375E-07, 0.0127146262857824
1.755031875E-07, 0.0135058133116017
1.75505140625E-07, 0.0140211799797999
1.7550709375E-07, 0.0130341172728619
1.75509046875E-07, 0.0147068100460341
1.75511E-07, 0.0147022323082036
1.75512953125E-07, 0.0139266820958164
1.7551490625E-07, 0.0137143882404611
1.75516859375E-07, 0.0145633105367206
1.755188125E-07, 0.0144651501357663
1.75520765625E-07, 0.0142452904889637
1.7552271875E-07, 0.0148376104117752
1.75524671875E-07, 0.0146150254277646
1.75526625E-07, 0.0145474645336756
1.75528578125E-07, 0.0146811678656266
1.7553053125E-07, 0.0144378772912534
1.75532484375E-07, 0.0147155102977151
1.755344375E-07, 0.0149327322160222
1.75536390625E-07, 0.0139041571149191
1.7553834375E-07, 0.0142238466119705
1.75540296875E-07, 0.0140394103132434
1.7554225E-07, 0.0147641081196669
1.75544203125E-07, 0.014111416735614
1.7554615625E-07, 0.0136226570538797
1.75548109375E-07, 0.0133568222753686
1.755500625E-07, 0.0142482152008534
1.75552015625E-07, 0.013833188439591
1.7555396875E-07, 0.0141062331271526
1.75555921875E-07, 0.0130926692790372
1.75557875E-07, 0.0130365360326832
1.75559828125E-07, 0.012717758560283
1.7556178125E-07, 0.0122771589856379
1.75563734375E-07, 0.0118697397961836
1.755656875E-07, 0.0123247052956767
1.75567640625E-07, 0.0112692018093362
1.7556959375E-07, 0.0128001743601974
1.75571546875E-07, 0.0115485443660739
1.755735E-07, 0.0109134964997323
1.75575453125E-07, 0.0106505667496535
1.7557740625E-07, 0.0104262836015477
1.75579359375E-07, 0.0103644759558316
1.755813125E-07, 0.00946766768973935
1.75583265625E-07, 0.00921898597625833
1.7558521875E-07, 0.00823917902972563
1.75587171875E-07, 0.00924929021697788
1.75589125E-07, 0.00848864222575162
1.75591078125E-07, 0.0085210729925044
1.7559303125E-07, 0.00782792658608157
1.75594984375E-07, 0.00823443839354238
1.755969375E-07, 0.00900293326792238
1.75598890625E-07, 0.00712304023131414
1.7560084375E-07, 0.00785511762965754
1.75602796875E-07, 0.00685526590876665
1.7560475E-07, 0.00716352649359009
1.75606703125E-07, 0.00703883160522104
1.7560865625E-07, 0.00559925334778659
1.75610609375E-07, 0.00650997018647649
1.756125625E-07, 0.00626485628071044
1.75614515625E-07, 0.00543944902509146
1.7561646875E-07, 0.00551168276236516
1.75618421875E-07, 0.00571584445685336
1.75620375E-07, 0.00577281609683614
1.75622328125E-07, 0.00480894864699118
1.7562428125E-07, 0.00453144815195472
1.75626234375E-07, 0.00455834406484855
1.756281875E-07, 0.00506484034458453
1.75630140625E-07, 0.00400872771283632
1.7563209375E-07, 0.00434134831393489
1.75634046875E-07, 0.00384637171382126
1.75636E-07, 0.0043211474084509
1.75637953125E-07, 0.00449029137647895
1.7563990625E-07, 0.00389200489337973
1.75641859375E-07, 0.00370804953146795
1.756438125E-07, 0.00375000124665501
1.75645765625E-07, 0.00355919268305684
1.7564771875E-07, 0.00354805774814723
1.75649671875E-07, 0.00355696619907223
1.75651625E-07, 0.00358865870062366
1.75653578125E-07, 0.00315509757844749
1.7565553125E-07, 0.00389866158083168
1.75657484375E-07, 0.00406700376775742
1.756594375E-07, 0.0041127316441148
1.75661390625E-07, 0.00380543632560209
1.7566334375E-07, 0.00378211284327163
1.75665296875E-07, 0.00383166399068104
1.7566725E-07, 0.0039618585519912
1.75669203125E-07, 0.00409306383522895
1.7567115625E-07, 0.00379224520653633
1.75673109375E-07, 0.00443782707091889
1.756750625E-07, 0.00449011661450249
1.75677015625E-07, 0.00404277038142505
1.7567896875E-07, 0.00465102534038545
1.75680921875E-07, 0.00473030562646093
1.75682875E-07, 0.00479713982834986
1.75684828125E-07, 0.00480987013995807
1.7568678125E-07, 0.00467814704240817
1.75688734375E-07, 0.00492316965227763
1.756906875E-07, 0.00600959707578711
1.75692640625E-07, 0.00484877979177548
1.7569459375E-07, 0.00519965884213142
1.75696546875E-07, 0.00524824063684272
1.756985E-07, 0.0061918678832772
1.75700453125E-07, 0.00560266133730027
1.7570240625E-07, 0.00564674678515678
1.75704359375E-07, 0.00538993554940695
1.757063125E-07, 0.00554902709668987
1.75708265625E-07, 0.00643819146158422
1.7571021875E-07, 0.00631660689362541
1.75712171875E-07, 0.00667424411170844
1.75714125E-07, 0.00650065630786062
1.75716078125E-07, 0.00585931435646038
1.7571803125E-07, 0.00686854665294382
1.75719984375E-07, 0.00697952505096689
1.757219375E-07, 0.00695686312239394
1.75723890625E-07, 0.00700285157385086
1.7572584375E-07, 0.00692442643291907
1.75727796875E-07, 0.00745184476232339
1.7572975E-07, 0.00718124485942409
1.75731703125E-07, 0.00712663984004836
1.7573365625E-07, 0.00800283828864744
1.75735609375E-07, 0.00768927718445444
1.757375625E-07, 0.00832950960329941
1.75739515625E-07, 0.00807327269102665
1.7574146875E-07, 0.00815166253650197
1.75743421875E-07, 0.00801195455523003
1.75745375E-07, 0.00861600619795185
1.75747328125E-07, 0.00885868444752974
1.7574928125E-07, 0.00842961102882449
1.75751234375E-07, 0.00869143952705054
1.757531875E-07, 0.00818413242254491
1.75755140625E-07, 0.00944869911220737
1.7575709375E-07, 0.00874630688988643
1.75759046875E-07, 0.00954460432707383
1.75761E-07, 0.00871100962999739
1.75762953125E-07, 0.00965235658211001
1.7576490625E-07, 0.00895950513412662
1.75766859375E-07, 0.00927220698730959
1.757688125E-07, 0.0106045945730036
1.75770765625E-07, 0.0100520688414417
1.7577271875E-07, 0.00924364003468898
1.75774671875E-07, 0.00945386587251596
1.75776625E-07, 0.00938767457978734
1.75778578125E-07, 0.010114745694592
1.7578053125E-07, 0.00935415486109741
1.75782484375E-07, 0.0100065058922113
1.757844375E-07, 0.0101175562458502
1.75786390625E-07, 0.0101677378466128
1.7578834375E-07, 0.0111290859188729
1.75790296875E-07, 0.0111075903293256
1.7579225E-07, 0.0104838732240531
1.75794203125E-07, 0.0106634126835726
1.7579615625E-07, 0.0108027552587809
1.75798109375E-07, 0.0108592571801479
1.758000625E-07, 0.0109348294210577
1.75802015625E-07, 0.0106844748544217
1.7580396875E-07, 0.0110264560738496
1.75805921875E-07, 0.01146286904687
1.75807875E-07, 0.010430274150811
1.75809828125E-07, 0.0107117540350328
1.7581178125E-07, 0.0106888307038495
1.75813734375E-07, 0.0117661580064182
1.758156875E-07, 0.0119861903478822
1.75817640625E-07, 0.0113676219412831
1.7581959375E-07, 0.0112935074206171
1.75821546875E-07, 0.0118945087057567
1.758235E-07, 0.0110891522810798
1.75825453125E-07, 0.0120054078290251
1.7582740625E-07, 0.0117672503920031
1.75829359375E-07, 0.011455183392794
1.758313125E-07, 0.0117173704853252
1.75833265625E-07, 0.0117130390518131
1.7583521875E-07, 0.0118681176203192
1.75837171875E-07, 0.012720359035749
1.75839125E-07, 0.0117070748557293
1.75841078125E-07, 0.0120494438553889
1.7584303125E-07, 0.012315055820474
1.75844984375E-07, 0.0122909924201128
1.758469375E-07, 0.0125761418268857
1.75848890625E-07, 0.0127822738415842
1.7585084375E-07, 0.0126371566636308
1.75852796875E-07, 0.013243376713063
1.7585475E-07, 0.0124315487140134
1.75856703125E-07, 0.0131250645573649
1.7585865625E-07, 0.0128505540618211
1.75860609375E-07, 0.0135236333340542
1.758625625E-07, 0.0126250169827221
1.75864515625E-07, 0.0128407950663424
1.7586646875E-07, 0.0136843720566419
1.75868421875E-07, 0.0130721020424686
1.75870375E-07, 0.0130873685568986
1.75872328125E-07, 0.0126947426705633
1.7587428125E-07, 0.0137115314232763
1.75876234375E-07, 0.0130275472916518
1.758781875E-07, 0.0129341295887552
1.75880140625E-07, 0.0126829479481866
1.7588209375E-07, 0.0127989522163802
1.75884046875E-07, 0.013568124986447
1.75886E-07, 0.0133744136769236
1.75887953125E-07, 0.0130533428010467
1.7588990625E-07, 0.0130690481437058
1.75891859375E-07, 0.0115276593271292
1.758938125E-07, 0.011295839193391
1.75895765625E-07, 0.0127188727316652
1.7589771875E-07, 0.0130979350892307
1.75899671875E-07, 0.0130844363079406
1.75901625E-07, 0.0134306878464307
1.75903578125E-07, 0.0121921499436604
1.7590553125E-07, 0.0125211547081485
1.75907484375E-07, 0.0119525387250127
1.759094375E-07, 0.0121957495984423
1.75911390625E-07, 0.0122853043990762
1.7591334375E-07, 0.0127847101956659
1.75915296875E-07, 0.0121581541276673
1.7591725E-07, 0.0117334251183502
1.75919203125E-07, 0.0126861140548189
1.7592115625E-07, 0.0112666718102915
1.75923109375E-07, 0.0112808746717824
1.759250625E-07, 0.0110484116284861
1.75927015625E-07, 0.0113042050240075
1.7592896875E-07, 0.0106487292360419
1.75930921875E-07, 0.0102187471835995
1.75932875E-07, 0.0110288931772408
1.75934828125E-07, 0.0107610896681573
1.7593678125E-07, 0.01111035802449
1.75938734375E-07, 0.00871327033813907
1.759406875E-07, 0.00841468092377154
1.75942640625E-07, 0.0100456907318226
1.7594459375E-07, 0.00839994443693832
1.75946546875E-07, 0.00964973474131872
1.759485E-07, 0.00888490470189678
1.75950453125E-07, 0.00797878504691654
1.7595240625E-07, 0.00828977145199989
1.75954359375E-07, 0.00717604437190104
1.759563125E-07, 0.00672837717659926
1.75958265625E-07, 0.0071907015872412
1.7596021875E-07, 0.00652816959463894
1.75962171875E-07, 0.00625690142618019
1.75964125E-07, 0.0066034729763814
1.75966078125E-07, 0.00485125902661332
1.7596803125E-07, 0.0062282146690153
1.75969984375E-07, 0.00385860394546805
1.759719375E-07, 0.00516653636985978
1.75973890625E-07, 0.0033437697660085
1.7597584375E-07, 0.00222437571054687
1.75977796875E-07, 0.00232668170717986
1.7597975E-07, 0.00219036150751963
1.75981703125E-07, 0.00221627853490254
1.7598365625E-07, 0.00108990118873122
1.75985609375E-07, 0.000639429721894077
1.759875625E-07, 0.000321316452998986
1.75989515625E-07, -0.00227116615555091
1.7599146875E-07, 0.000409888631029203
1.75993421875E-07, 9.19491285106202E-05
1.75995375E-07, -0.00138618495677514
1.75997328125E-07, -0.00129662124577936
1.7599928125E-07, -0.00309683418002398
1.76001234375E-07, -0.00138280966670099
1.760031875E-07, -0.0014886186846915
1.76005140625E-07, -0.00336445408412066
1.7600709375E-07, -0.00301342823210108
1.76009046875E-07, -0.00265353555642134
1.76011E-07, -0.00314601677153156
1.76012953125E-07, -0.00401512567404148
1.7601490625E-07, -0.00544266340664588
1.76016859375E-07, -0.00698540663306173
1.760188125E-07, -0.00559581739742737
1.76020765625E-07, -0.00639362424369007
1.7602271875E-07, -0.00676639826894775
1.76024671875E-07, -0.00817701141312129
1.76026625E-07, -0.00625177882310446
1.76028578125E-07, -0.0085504501227172
1.7603053125E-07, -0.0103369175940158
1.76032484375E-07, -0.0100322465202642
1.760344375E-07, -0.0105555293291059
1.76036390625E-07, -0.0110759931643368
1.7603834375E-07, -0.00923335458347643
1.76040296875E-07, -0.0100783086838019
1.7604225E-07, -0.010496968084307
1.76044203125E-07, -0.0111338461975833
1.7604615625E-07, -0.0121652339638261
1.76048109375E-07, -0.013203182315076
1.760500625E-07, -0.0122677737717524
1.76052015625E-07, -0.0123036669746799
1.7605396875E-07, -0.0132858979567239
1.76055921875E-07, -0.0146817396148465
1.76057875E-07, -0.0142157177575799
1.76059828125E-07, -0.0144743753632195
1.7606178125E-07, -0.0128609978768451
1.76063734375E-07, -0.0146056672516344
1.760656875E-07, -0.0154333340266131
1.76067640625E-07, -0.0155992465204138
1.7606959375E-07, -0.0149366599628176
1.76071546875E-07, -0.0154667789307323
1.760735E-07, -0.0152703451879854
1.76075453125E-07, -0.0157992373365381
1.7607740625E-07, -0.0147472533757651
1.76079359375E-07, -0.0161378482187243
1.760813125E-07, -0.0158076369433357
1.76083265625E-07, -0.0159479209893977
1.7608521875E-07, -0.0166654735487415
1.76087171875E-07, -0.0157993458657212
1.76089125E-07, -0.0157974949565083
1.76091078125E-07, -0.0162423621085476
1.7609303125E-07, -0.0164323247337808
1.76094984375E-07, -0.0138508423581278
1.760969375E-07, -0.0157560650354087
1.76098890625E-07, -0.0162451838958602
1.7610084375E-07, -0.0145750881668573
1.76102796875E-07, -0.015466059692464
1.7610475E-07, -0.0141431452438102
1.76106703125E-07, -0.0142597522594892
1.7610865625E-07, -0.0151194279455802
1.76110609375E-07, -0.015158501402404
1.761125625E-07, -0.0136968821051346
1.76114515625E-07, -0.0140023292458717
1.7611646875E-07, -0.0144811070175994
1.76118421875E-07, -0.0135747838519484
1.76120375E-07, -0.0132142220931327
1.76122328125E-07, -0.0136395222306165
1.7612428125E-07, -0.0129567791008534
1.76126234375E-07, -0.0118920914590424
1.761281875E-07, -0.0118002267848705
1.76130140625E-07, -0.0120867456761194
1.7613209375E-07, -0.012251258877059
1.76134046875E-07, -0.0115767142641915
1.76136E-07, -0.0105548533528242
1.76137953125E-07, -0.0106045873644212
1.7613990625E-07, -0.00996465092710675
1.76141859375E-07, -0.0107813132793426
1.761438125E-07, -0.0101339436273501
1.76145765625E-07, -0.00949832370240172
1.7614771875E-07, -0.00966327039813948
1.76149671875E-07, -0.00926939670706323
1.76151625E-07, -0.00863360505740162
1.76153578125E-07, -0.00855278569145219
1.7615553125E-07, -0.00790853486433084
1.76157484375E-07, -0.0080115120137018
1.761594375E-07, -0.00765570446288842
1.76161390625E-07, -0.00729739715632479
1.7616334375E-07, -0.00797785071499998
1.76165296875E-07, -0.00675569468887184
1.7616725E-07, -0.00659163533845906
1.76169203125E-07, -0.0061688164355968
1.7617115625E-07, -0.00640454657469276
1.76173109375E-07, -0.00611826407036381
1.761750625E-07, -0.00593299788456422
1.76177015625E-07, -0.00554982004677618
1.7617896875E-07, -0.00570331499190203
1.76180921875E-07, -0.00552020954663119
1.76182875E-07, -0.00669938085540539
1.76184828125E-07, -0.00546733870093445
1.7618678125E-07, -0.00514661106572339
1.76188734375E-07, -0.0053152142876566
1.761906875E-07, -0.0051167088978802
1.76192640625E-07, -0.00517948354642042
1.7619459375E-07, -0.00539554387860178
1.76196546875E-07, -0.00595451994144551
1.761985E-07, -0.00540515352686257
1.76200453125E-07, -0.0059953891506463
1.7620240625E-07, -0.00501453653013322
1.76204359375E-07, -0.00473555212733661
1.762063125E-07, -0.00596538131958781
1.76208265625E-07, -0.00579868725965793
1.7621021875E-07, -0.00590338103796772
1.76212171875E-07, -0.00552011150359161
1.76214125E-07, -0.0049808858157984
1.76216078125E-07, -0.00610215600891232
1.7621803125E-07, -0.00663942691747645
1.76219984375E-07, -0.0064105231474985
1.762219375E-07, -0.00697617473681131
1.76223890625E-07, -0.00694784174424716
1.7622584375E-07, -0.00634280767250343
1.76227796875E-07, -0.00754274685275859
1.7622975E-07, -0.00700658049395438
1.76231703125E-07, -0.00695299714567145
1.7623365625E-07, -0.00667546517373768
1.76235609375E-07, -0.00675656066668451
1.762375625E-07, -0.00772005552132389
1.76239515625E-07, -0.00835384758287105
1.7624146875E-07, -0.00827274864329067
1.76243421875E-07, -0.00787890842012337
1.76245375E-07, -0.00843310727647602
1.76247328125E-07, -0.00884014729290424
1.7624928125E-07, -0.00859339735591137
1.76251234375E-07, -0.00900793495826079
1.762531875E-07, -0.00869988121614484
1.76255140625E-07, -0.00885913405702873
1.7625709375E-07, -0.00902336096412727
1.76259046875E-07, -0.00948378741432741
1.76261E-07, -0.0100897289930025
1.76262953125E-07, -0.00993188524729562
1.7626490625E-07, -0.00977904403401909
1.76266859375E-07, -0.00991191594903919
1.762688125E-07, -0.00985814683547355
1.76270765625E-07, -0.0101442403731098
1.7627271875E-07, -0.00995334121594264
1.76274671875E-07, -0.00947841435946968
1.76276625E-07, -0.00994862903639235
1.76278578125E-07, -0.010688726858036
1.7628053125E-07, -0.010322264936314
1.76282484375E-07, -0.0106246314616146
1.762844375E-07, -0.00993118604122202
1.76286390625E-07, -0.010418100224353
1.7628834375E-07, -0.0106348721068414
1.76290296875E-07, -0.010678592983715
1.7629225E-07, -0.0103140001982191
1.76294203125E-07, -0.0101325921458606
1.7629615625E-07, -0.0101510778306087
1.76298109375E-07, -0.0108176736006132
1.763000625E-07, -0.010696291904176
1.76302015625E-07, -0.0106197299684182
1.7630396875E-07, -0.0107885183437675
1.76305921875E-07, -0.0101250385502182
1.76307875E-07, -0.0104717650700592
1.76309828125E-07, -0.00930574517909043
1.7631178125E-07, -0.0101106657737365
1.76313734375E-07, -0.00942276255923845
1.763156875E-07, -0.00971101636214207
1.76317640625E-07, -0.00965844047913959
1.7631959375E-07, -0.00954921222141227
1.76321546875E-07, -0.0094388082714684
1.763235E-07, -0.00890928795980819
1.76325453125E-07, -0.00918321027889945
1.7632740625E-07, -0.0093568397591933
1.76329359375E-07, -0.00825252774586073
1.763313125E-07, -0.00898558588225359
1.76333265625E-07, -0.00805873295618763
1.7633521875E-07, -0.00866049172742788
1.76337171875E-07, -0.007823323332154
1.76339125E-07, -0.00835813962430543
1.76341078125E-07, -0.00751180634189641
1.7634303125E-07, -0.00776147502844196
1.76344984375E-07, -0.00759063281518552
1.763469375E-07, -0.00758839731372746
1.76348890625E-07, -0.00747120744769138
1.7635084375E-07, -0.00686581610694026
1.76352796875E-07, -0.00686977319502332
1.7635475E-07, -0.00681956677626685
1.76356703125E-07, -0.00723787283171651
1.7635865625E-07, -0.0066744892549865
1.76360609375E-07, -0.0063585332268257
1.763625625E-07, -0.00608663067589144
1.76364515625E-07, -0.0064137564413143
1.7636646875E-07, -0.00571477806524536
1.76368421875E-07, -0.00579624389642737
1.76370375E-07, -0.00595248360696701
1.76372328125E-07, -0.00568198067940265
1.7637428125E-07, -0.00562735319235045
1.76376234375E-07, -0.00555916801991859
1.763781875E-07, -0.00539933085996905
1.76380140625E-07, -0.0053899891894201
1.7638209375E-07, -0.00592669887930513
1.76384046875E-07, -0.00507366156917473
1.76386E-07, -0.00504947852711743
1.76387953125E-07, -0.00482229091097713
1.7638990625E-07, -0.00534131735149017
1.76391859375E-07, -0.00489946447479646
1.763938125E-07, -0.00515042234566687
1.76395765625E-07, -0.00511867208180263
1.7639771875E-07, -0.00478698047184519
1.76399671875E-07, -0.00386646772100278
1.76401625E-07, -0.00475385797111979
1.76403578125E-07, -0.00428497719985
1.7640553125E-07, -0.00448257297318725
1.76407484375E-07, -0.00494161124185799
1.764094375E-07, -0.0047377457602693
1.76411390625E-07, -0.00393405116764299
1.7641334375E-07, -0.00423482607722231
1.76415296875E-07, -0.00468332558661752
1.7641725E-07, -0.00454907677919276
1.76419203125E-07, -0.00391012422868389
1.7642115625E-07, -0.00458559131618864
1.76423109375E-07, -0.00456140633467841
1.764250625E-07, -0.0045629779766097
1.76427015625E-07, -0.00409958557034486
1.7642896875E-07, -0.0043202188275865
1.76430921875E-07, -0.00431859804195585
1.76432875E-07, -0.00452240807370984
1.76434828125E-07, -0.00399055292994265
1.7643678125E-07, -0.00436745881218142
1.76438734375E-07, -0.00415704569767289
1.764406875E-07, -0.00517194782024345
1.76442640625E-07, -0.0046998663400914
1.7644459375E-07, -0.00493450737106597
1.76446546875E-07, -0.00420916674705274
1.764485E-07, -0.00406332929487025
1.76450453125E-07, -0.00402383476729626
1.7645240625E-07, -0.00442370275158343
1.76454359375E-07, -0.00421880474285584
1.764563125E-07, -0.00404450997733833
1.76458265625E-07, -0.00423372883087429
1.7646021875E-07, -0.00479372066088192
1.76462171875E-07, -0.00467266663809056
1.76464125E-07, -0.00454087045132978
1.76466078125E-07, -0.00502291175789833
1.7646803125E-07, -0.00420206249134091
1.76469984375E-07, -0.0048281148838101
1.764719375E-07, -0.00433190176497354
1.76473890625E-07, -0.00472533133159983
1.7647584375E-07, -0.00407396752607092
1.76477796875E-07, -0.00404925951216983
1.7647975E-07, -0.00472224322445748
1.76481703125E-07, -0.00440250247800339
1.7648365625E-07, -0.00443208872579498
1.76485609375E-07, -0.00470776940778065
1.764875625E-07, -0.00429608626359641
1.76489515625E-07, -0.00424410578956827
1.7649146875E-07, -0.00440374906147903
1.76493421875E-07, -0.00459634670374927
1.76495375E-07, -0.00428025514155988
1.76497328125E-07, -0.00436308686617776
1.7649928125E-07, -0.0043896111382609
1.76501234375E-07, -0.00409513621075627
1.765031875E-07, -0.00398557733024559
1.76505140625E-07, -0.00443314388880876
1.7650709375E-07, -0.00340936301685593
1.76509046875E-07, -0.00408662287994503
1.76511E-07, -0.00420268242721733
1.76512953125E-07, -0.0037376170132953
1.7651490625E-07, -0.00402682434331724
1.76516859375E-07, -0.00376102118283657
1.765188125E-07, -0.00419061099109129
1.76520765625E-07, -0.00392264275662502
1.7652271875E-07, -0.00403862316510651
1.76524671875E-07, -0.00372571022416035
1.76526625E-07, -0.00417677003331445
1.76528578125E-07, -0.00381199263819932
1.7653053125E-07, -0.00354158736655007
1.76532484375E-07, -0.00358519295461576
1.765344375E-07, -0.00371342802463493
1.76536390625E-07, -0.00360971127932533
1.7653834375E-07, -0.00385091270543322
1.76540296875E-07, -0.00352269553873862
1.7654225E-07, -0.00335992657285828
1.76544203125E-07, -0.00334007026563631
1.7654615625E-07, -0.00359399329643002
1.76548109375E-07, -0.00351473543983864
1.765500625E-07, -0.00342846181050449
1.76552015625E-07, -0.00324632932190475
1.7655396875E-07, -0.00309091630572141
1.76555921875E-07, -0.00333171857597102
1.76557875E-07, -0.00331306362564244
1.76559828125E-07, -0.00314967653316552
1.7656178125E-07, -0.00292189665599667
1.76563734375E-07, -0.00274976587337385
1.765656875E-07, -0.0036693771666212
1.76567640625E-07, -0.00339709013815769
1.7656959375E-07, -0.00320714033033579
1.76571546875E-07, -0.00302542224164574
1.765735E-07, -0.00332774513061075
1.76575453125E-07, -0.00288663052255967
1.7657740625E-07, -0.00320133763558345
1.76579359375E-07, -0.00312714376256052
1.765813125E-07, -0.00372890154982277
1.76583265625E-07, -0.00303655515950169
1.7658521875E-07, -0.00360215897386545
1.76587171875E-07, -0.00280537528850048
1.76589125E-07, -0.00352669231242537
1.76591078125E-07, -0.00314622991338321
1.7659303125E-07, -0.00333884016350475
1.76594984375E-07, -0.00341258219389242
1.765969375E-07, -0.00277508588625915
1.76598890625E-07, -0.00320771811608252
1.7660084375E-07, -0.00306499167358807
1.76602796875E-07, -0.00286429498511761
1.7660475E-07, -0.00282789636642283
1.76606703125E-07, -0.00314738587231647
1.7660865625E-07, -0.00266918688316369
1.76610609375E-07, -0.00316871527686561
1.766125625E-07, -0.00351482997953562
1.76614515625E-07, -0.00277209340209422
1.7661646875E-07, -0.00334093645796279
1.76618421875E-07, -0.00281374675976787
1.76620375E-07, -0.00304803842533196
1.76622328125E-07, -0.00281284590421529
1.7662428125E-07, -0.00280945865516637
1.76626234375E-07, -0.00313142446530134
1.766281875E-07, -0.00302386947262327
1.76630140625E-07, -0.00306419639910782
1.7663209375E-07, -0.00271580610216098
1.76634046875E-07, -0.00313012703808997
1.76636E-07, -0.00281355128418571
1.76637953125E-07, -0.00287803190308411
1.7663990625E-07, -0.00336350664336131
1.76641859375E-07, -0.00260572161446917
1.766438125E-07, -0.00286407461262307
1.76645765625E-07, -0.00302285419686411
1.7664771875E-07, -0.00227897221661995
1.76649671875E-07, -0.00270584845264498
1.76651625E-07, -0.00246654415845457
1.76653578125E-07, -0.00259964778694024
1.7665553125E-07, -0.00313430044753732
1.76657484375E-07, -0.00224569750186186
1.766594375E-07, -0.00224727508330617
1.76661390625E-07, -0.00225047832279985
1.7666334375E-07, -0.00198329557882282
1.76665296875E-07, -0.0024392713055453
1.7666725E-07, -0.00230489082988632
1.76669203125E-07, -0.00195589817272376
1.7667115625E-07, -0.00205674441360241
1.76673109375E-07, -0.00205372236387175
1.766750625E-07, -0.00210574666175463
1.76677015625E-07, -0.00206915398696878
1.7667896875E-07, -0.00224652694890536
1.76680921875E-07, -0.00226668588475079
1.76682875E-07, -0.00198339982895572
1.76684828125E-07, -0.0018342478059491
1.7668678125E-07, -0.00204343870324598
1.76688734375E-07, -0.00184269221987755
1.766906875E-07, -0.00199529144839197
1.76692640625E-07, -0.00171631597796651
1.7669459375E-07, -0.00215125103230987
1.76696546875E-07, -0.00164522221360331
1.766985E-07, -0.00203771638844567
1.76700453125E-07, -0.00145120370932346
1.7670240625E-07, -0.00213423342014034
1.76704359375E-07, -0.00142305346124473
1.767063125E-07, -0.00188645819416839
1.76708265625E-07, -0.00184120436584344
1.7671021875E-07, -0.00204092952547798
1.76712171875E-07, -0.00170635820593791
1.76714125E-07, -0.00165880552754436
1.76716078125E-07, -0.0019358464372757
1.7671803125E-07, -0.00215105308933995
1.76719984375E-07, -0.00169305094532233
1.767219375E-07, -0.00200131171728361
1.76723890625E-07, -0.00200638533076408
1.7672584375E-07, -0.00192788712961574
1.76727796875E-07, -0.00243273911152001
1.7672975E-07, -0.00212930423452032
1.76731703125E-07, -0.00201160483874702
1.7673365625E-07, -0.00224579037200745
1.76735609375E-07, -0.00182080774696513
1.767375625E-07, -0.00196470506733914
1.76739515625E-07, -0.00231145798430002
1.7674146875E-07, -0.00218775702583044
1.76743421875E-07, -0.00189453657025304
1.76745375E-07, -0.00210115922487606
1.76747328125E-07, -0.00159619050783262
1.7674928125E-07, -0.00265684172422805
1.76751234375E-07, -0.00239845703371962
1.767531875E-07, -0.00251228346378758
1.76755140625E-07, -0.0019943033402718
1.7675709375E-07, -0.00235125778803233
1.76759046875E-07, -0.00219562295337959
1.76761E-07, -0.0021487867303225
1.76762953125E-07, -0.00224756013555416
1.7676490625E-07, -0.002010606822128
1.76766859375E-07, -0.00142103516288686
1.767688125E-07, -0.00243327922037534
1.76770765625E-07, -0.00157597523118422
1.7677271875E-07, -0.00203002300175354
1.76774671875E-07, -0.00201677776196721
1.76776625E-07, -0.00182301810435099
1.76778578125E-07, -0.00155012688380617
1.7678053125E-07, -0.00164637851026251
1.76782484375E-07, -0.00120133940978331
1.767844375E-07, -0.000966870879740672
1.76786390625E-07, -0.00136312804080421
1.7678834375E-07, -0.00126103455725913
1.76790296875E-07, -0.00100582581800616
1.7679225E-07, -0.000908905372877074
1.76794203125E-07, -0.00079368578024904
1.7679615625E-07, -1.47006847618893E-05
1.76798109375E-07, 0.000122654878844724
1.768000625E-07, -0.000119951571462086
1.76802015625E-07, 0.000610536503490461
1.7680396875E-07, 0.000987973289714772
1.76805921875E-07, 0.00106158998480487
1.76807875E-07, 0.00127354470530815
1.76809828125E-07, 0.00187600932551146
1.7681178125E-07, 0.00257878729868574
1.76813734375E-07, 0.00119764876666987
1.768156875E-07, 0.00275453488190078
1.76817640625E-07, 0.00250819905222403
1.7681959375E-07, 0.0034029047216317
1.76821546875E-07, 0.00311320915473674
1.768235E-07, 0.00350619565301198
1.76825453125E-07, 0.00358667021022496
1.7682740625E-07, 0.00380997567995681
1.76829359375E-07, 0.00361537695519793
1.768313125E-07, 0.00397031162329817
1.76833265625E-07, 0.0046439246609336
1.7683521875E-07, 0.00442898686542298
1.76837171875E-07, 0.0059440928472352
1.76839125E-07, 0.00446865711445102
1.76841078125E-07, 0.00525038895525732
1.7684303125E-07, 0.00574691744261155
1.76844984375E-07, 0.00548205481380069
1.768469375E-07, 0.00548107452471408
1.76848890625E-07, 0.00570807161680628
1.7685084375E-07, 0.00550463249393315
1.76852796875E-07, 0.00632845284647222
1.7685475E-07, 0.00630689367078596
1.76856703125E-07, 0.00692533764457401
1.7685865625E-07, 0.00667097593886514
1.76860609375E-07, 0.00674552376849001
1.768625625E-07, 0.00609929544764842
1.76864515625E-07, 0.00662622839051528
1.7686646875E-07, 0.0068433070174341
1.76868421875E-07, 0.00606573329463327
1.76870375E-07, 0.0062599838728309
1.76872328125E-07, 0.007027863909017
1.7687428125E-07, 0.00683118383130507
1.76876234375E-07, 0.00593040068403817
1.768781875E-07, 0.00678224143505413
1.76880140625E-07, 0.00647641503960552
1.7688209375E-07, 0.00636955349043811
1.76884046875E-07, 0.00628402026682228
1.76886E-07, 0.00652646869904901
1.76887953125E-07, 0.00574010255535961
1.7688990625E-07, 0.00624406976462763
1.76891859375E-07, 0.00476638109777061
1.768938125E-07, 0.00522655923663993
1.76895765625E-07, 0.00502201983558786
1.7689771875E-07, 0.00511350090516146
1.76899671875E-07, 0.00536532086467447
1.76901625E-07, 0.00486182370008497
1.76903578125E-07, 0.00462959603087974
1.7690553125E-07, 0.00432070462055201
1.76907484375E-07, 0.00471858446430277
1.769094375E-07, 0.00395485092884872
1.76911390625E-07, 0.00277566034461292
1.7691334375E-07, 0.00343768011595952
1.76915296875E-07, 0.00262342186279396
1.7691725E-07, 0.00261899454010379
1.76919203125E-07, 0.00327489506891565
1.7692115625E-07, 0.00208255000416396
1.76923109375E-07, 0.00148755651167876
1.769250625E-07, 0.00257851183186811
1.76927015625E-07, 0.00158568132482823
1.7692896875E-07, 0.00156865360163824
1.76930921875E-07, 0.00137954867586624
1.76932875E-07, 0.00204814862406562
1.76934828125E-07, 0.000647616585103889
1.7693678125E-07, -0.000171840509543429
1.76938734375E-07, 0.00032055107978191
1.769406875E-07, 0.00109715517279843
1.76942640625E-07, -0.000385153203515223
1.7694459375E-07, -0.000544665475708344
1.76946546875E-07, -2.04511932855666E-05
1.769485E-07, -0.000116650591880803
1.76950453125E-07, 0.00031743764225298
1.7695240625E-07, 0.000143313342018803
1.76954359375E-07, -0.000859684865438171
1.769563125E-07, -0.000352177524125461
1.76958265625E-07, -0.000770890199486678
1.7696021875E-07, -0.00084567107179196
1.76962171875E-07, -0.000991142100732652
1.76964125E-07, -0.000724388783495204
1.76966078125E-07, -0.000962054777937547
1.7696803125E-07, -0.000834566814007937
1.76969984375E-07, -0.000640646507282744
1.769719375E-07, -0.00107144697058048
1.76973890625E-07, -0.000728338090886759
1.7697584375E-07, -0.00111075783724809
1.76977796875E-07, -0.000699121481927252
1.7697975E-07, -0.000863754424974617
1.76981703125E-07, -0.00114772151346863
1.7698365625E-07, -0.000783633986971013
1.76985609375E-07, -0.001193461926059
1.769875625E-07, -0.000726095677410366
1.76989515625E-07, -0.00102023522031575
1.7699146875E-07, -0.000258925805485334
1.76993421875E-07, -0.000527157670666529
1.76995375E-07, -0.000249164824061204
1.76997328125E-07, -0.000276895680335946
1.7699928125E-07, -0.000690192259110173
1.77001234375E-07, -0.000273949171285574
1.770031875E-07, -0.000384056447560118
1.77005140625E-07, -4.04688930434857E-05
1.7700709375E-07, 6.63849255038707E-06
1.77009046875E-07, -4.8475226111656E-05
1.77011E-07, 0.000659013163658311
1.77012953125E-07, -4.8860937847678E-05
1.7701490625E-07, 0.000342616900782424
1.77016859375E-07, 0.000724125651468904
1.770188125E-07, 0.000290145522547844
1.77020765625E-07, 9.62074018045155E-05
1.7702271875E-07, 0.000763620821939509
1.77024671875E-07, 0.000656828334730014
1.77026625E-07, 0.0011579185968908
1.77028578125E-07, 0.000888411809627814
1.7703053125E-07, 0.000760822983302953
1.77032484375E-07, 0.00145096860958725
1.770344375E-07, 0.00129991830885028
1.77036390625E-07, 0.000798609830853295
1.7703834375E-07, 0.00146707547062771
1.77040296875E-07, 0.00131342725320554
1.7704225E-07, 0.00177989853940871
1.77044203125E-07, 0.00106591812942144
1.7704615625E-07, 0.00153655129564723
1.77048109375E-07, 0.00126669467079506
1.770500625E-07, 0.00118649629062918
1.77052015625E-07, 0.00135752061935832
1.7705396875E-07, 0.00178466227563631
1.77055921875E-07, 0.00195892662155468
1.77057875E-07, 0.00121500147043293
1.77059828125E-07, 0.0018177944019617
1.7706178125E-07, 0.00195043358567774
1.77063734375E-07, 0.0021672168125969
1.770656875E-07, 0.00216550145304842
1.77067640625E-07, 0.00211434263448101
1.7706959375E-07, 0.00180581196649004
1.77071546875E-07, 0.00221689000309048
1.770735E-07, 0.00240525229952218
1.77075453125E-07, 0.00186330534902864
1.7707740625E-07, 0.00229895459325045
1.77079359375E-07, 0.00213380031882389
1.770813125E-07, 0.00201207829971479
1.77083265625E-07, 0.00233601797630857
1.7708521875E-07, 0.00226659530989484
1.77087171875E-07, 0.00260897742858295
1.77089125E-07, 0.00295771548994223
1.77091078125E-07, 0.00283705045766673
1.7709303125E-07, 0.00302975204487176
1.77094984375E-07, 0.00224973350271542
1.770969375E-07, 0.00292437873715247
1.77098890625E-07, 0.00299878614306619
1.7710084375E-07, 0.0029983557546569
1.77102796875E-07, 0.00358905138692232
1.7710475E-07, 0.00329546115604415
1.77106703125E-07, 0.00343933259268245
1.7710865625E-07, 0.00305287938056145
1.77110609375E-07, 0.00413619683616118
1.771125625E-07, 0.00389591198954326
1.77114515625E-07, 0.00436213243514307
1.7711646875E-07, 0.00417495623224928
1.77118421875E-07, 0.00430878026772483
1.77120375E-07, 0.00439210242321557
1.77122328125E-07, 0.0044891719177689
1.7712428125E-07, 0.00420899077872466
1.77126234375E-07, 0.00460248402402841
1.771281875E-07, 0.00437605752465985
1.77130140625E-07, 0.00502672057457828
1.7713209375E-07, 0.00471900827981006
1.77134046875E-07, 0.00531526421834343
1.77136E-07, 0.00509790924023789
1.77137953125E-07, 0.00496115035081542
1.7713990625E-07, 0.0052798541976201
1.77141859375E-07, 0.00565860312707921
1.771438125E-07, 0.00496288086115914
1.77145765625E-07, 0.00561859288110751
1.7714771875E-07, 0.0059922661600887
1.77149671875E-07, 0.00568194802189123
1.77151625E-07, 0.00641587550179105
1.77153578125E-07, 0.00551580984186319
1.7715553125E-07, 0.00597695414855975
1.77157484375E-07, 0.00609097579487348
1.771594375E-07, 0.0059144765314052
1.77161390625E-07, 0.00613268404922718
1.7716334375E-07, 0.00651608808805535
1.77165296875E-07, 0.00631298813306105
1.7716725E-07, 0.00635962153002354
1.77169203125E-07, 0.00666751192911154
1.7717115625E-07, 0.00626183230882356
1.77173109375E-07, 0.00623845686675474
1.771750625E-07, 0.00656365284232045
1.77177015625E-07, 0.00640792656757176
1.7717896875E-07, 0.00628288963949968
1.77180921875E-07, 0.00699095968586209
1.77182875E-07, 0.00599172166288536
1.77184828125E-07, 0.00635355913713634
1.7718678125E-07, 0.00623781033529835
1.77188734375E-07, 0.00648197592530534
1.771906875E-07, 0.0063202677997793
1.77192640625E-07, 0.00654869428931148
1.7719459375E-07, 0.0065747414171385
1.77196546875E-07, 0.0065362988271529
1.771985E-07, 0.00657484920019064
1.77200453125E-07, 0.0065464167744517
1.7720240625E-07, 0.00654614912473278
1.77204359375E-07, 0.0060435586495384
1.772063125E-07, 0.00614252279822909
1.77208265625E-07, 0.00651345951072079
1.7721021875E-07, 0.00582469003198376
1.77212171875E-07, 0.00591269378687377
1.77214125E-07, 0.00592536952240179
1.77216078125E-07, 0.00554189913499985
1.7721803125E-07, 0.00630442119319154
1.77219984375E-07, 0.00543066298845263
1.772219375E-07, 0.00590212373290094
1.77223890625E-07, 0.00616499778066139
1.7722584375E-07, 0.00607106674467755
1.77227796875E-07, 0.0055490752956665
1.7722975E-07, 0.00532681162414298
1.77231703125E-07, 0.00505957543488187
1.7723365625E-07, 0.00582625011357221
1.77235609375E-07, 0.00581990676282512
1.772375625E-07, 0.00500935820576464
1.77239515625E-07, 0.00532704889228764
1.7724146875E-07, 0.00558028100825885
1.77243421875E-07, 0.00578877814524687
1.77245375E-07, 0.0056394329429823
1.77247328125E-07, 0.00552096006468932
1.7724928125E-07, 0.00480405638873382
1.77251234375E-07, 0.00472525120323384
1.772531875E-07, 0.00525610436275345
1.77255140625E-07, 0.00513136265364791
1.7725709375E-07, 0.00502679845145251
1.77259046875E-07, 0.00416122234098217
1.77261E-07, 0.00465052284932635
1.77262953125E-07, 0.00483894572964635
1.7726490625E-07, 0.00428977626243443
1.77266859375E-07, 0.00490224100112702
1.772688125E-07, 0.00469967370438093
1.77270765625E-07, 0.00427359249013596
1.7727271875E-07, 0.00484653116655892
1.77274671875E-07, 0.00452947601742221
1.77276625E-07, 0.00423384833862568
1.77278578125E-07, 0.00442879403490808
1.7728053125E-07, 0.00401973119683454
1.77282484375E-07, 0.00367662915194905
1.772844375E-07, 0.00410854305142818
1.77286390625E-07, 0.00386425504278061
1.7728834375E-07, 0.00394945717931991
1.77290296875E-07, 0.00443260032563076
1.7729225E-07, 0.00317522816566584
1.77294203125E-07, 0.00375714657764651
1.7729615625E-07, 0.00312656187358517
1.77298109375E-07, 0.00352301686626353
1.773000625E-07, 0.00361250270433406
1.77302015625E-07, 0.00337356326003046
1.7730396875E-07, 0.00355251880433417
1.77305921875E-07, 0.00330268718200338
1.77307875E-07, 0.00321094439964149
1.77309828125E-07, 0.00361512192215575
1.7731178125E-07, 0.00282471043822588
1.77313734375E-07, 0.00226594068408819
1.773156875E-07, 0.00315967130756816
1.77317640625E-07, 0.00245578085410896
1.7731959375E-07, 0.00269346684175165
1.77321546875E-07, 0.00200962396857625
1.773235E-07, 0.00230229220913109
1.77325453125E-07, 0.00203403724525236
1.7732740625E-07, 0.00186661301286869
1.77329359375E-07, 0.00227778292218829
1.773313125E-07, 0.0019948139561764
1.77333265625E-07, 0.00189182033522278
1.7733521875E-07, 0.00219432514862954
1.77337171875E-07, 0.00180624225511882
1.77339125E-07, 0.00195520702998397
1.77341078125E-07, 0.00114555757095807
1.7734303125E-07, 0.00159853374247584
1.77344984375E-07, 0.000927883223273525
1.773469375E-07, 0.0010479095232091
1.77348890625E-07, 0.00123053344437882
1.7735084375E-07, 0.00108333020433132
1.77352796875E-07, 0.00101888069231852
1.7735475E-07, 0.00133169275264933
1.77356703125E-07, 0.000288631848396709
1.7735865625E-07, 0.000701813444043277
1.77360609375E-07, 4.99683922060327E-05
1.773625625E-07, 0.000469831392257506
1.77364515625E-07, -1.42074030996111E-05
1.7736646875E-07, 0.000224966000386939
1.77368421875E-07, 0.000249413798154988
1.77370375E-07, -0.00010132125693007
1.77372328125E-07, 0.00022635056759357
1.7737428125E-07, -0.000389110624912857
1.77376234375E-07, 1.63232544928252E-05
1.773781875E-07, -5.79851705965435E-05
1.77380140625E-07, -0.000695810612897823
1.7738209375E-07, -0.00031587268116126
1.77384046875E-07, -0.000838753048273085
1.77386E-07, -0.000860760065199134
1.77387953125E-07, -0.000548458870120337
1.7738990625E-07, -0.000555914753116119
1.77391859375E-07, -0.00123713549975878
1.773938125E-07, -0.000601542785019599
1.77395765625E-07, -0.00106195238783398
1.7739771875E-07, -0.000681890202572272
1.77399671875E-07, -0.00132369960537652
1.77401625E-07, -0.0010879917707245
1.77403578125E-07, -0.00169640796090486
1.7740553125E-07, -0.00153717973698097
1.77407484375E-07, -0.0019029244549226
1.774094375E-07, -0.0019016805663003
1.77411390625E-07, -0.0018787006393542
1.7741334375E-07, -0.00171275171752888
1.77415296875E-07, -0.00175754177696206
1.7741725E-07, -0.00230559422931422
1.77419203125E-07, -0.00233290550075328
1.7742115625E-07, -0.00201968584457124
1.77423109375E-07, -0.00152498303457792
1.774250625E-07, -0.00267094713560372
1.77427015625E-07, -0.00194194906795877
1.7742896875E-07, -0.00194999096760235
1.77430921875E-07, -0.00303984759848731
1.77432875E-07, -0.00227415855459403
1.77434828125E-07, -0.00227050816463444
1.7743678125E-07, -0.00277822628450663
1.77438734375E-07, -0.00276878587744355
1.774406875E-07, -0.00268784238124874
1.77442640625E-07, -0.00333714977182789
1.7744459375E-07, -0.00371645076964008
1.77446546875E-07, -0.0030626776645727
1.774485E-07, -0.00303272899470347
1.77450453125E-07, -0.00271625027371568
1.7745240625E-07, -0.00397444952766185
1.77454359375E-07, -0.0026828702587386
1.774563125E-07, -0.00315036517675733
1.77458265625E-07, -0.00336689372144389
1.7746021875E-07, -0.00305194531368171
1.77462171875E-07, -0.00345429524793907
1.77464125E-07, -0.00352775078860054
1.77466078125E-07, -0.00304302638782056
1.7746803125E-07, -0.0038121402348925
1.77469984375E-07, -0.00358450028354143
1.774719375E-07, -0.00418171501048238
1.77473890625E-07, -0.00323045363069211
1.7747584375E-07, -0.00356162852833219
1.77477796875E-07, -0.00353560261786502
1.7747975E-07, -0.00370716607419385
1.77481703125E-07, -0.00331110538394975
1.7748365625E-07, -0.00334236986730268
1.77485609375E-07, -0.00373566360414399
1.774875625E-07, -0.00353390590996509
1.77489515625E-07, -0.0043733672192973
1.7749146875E-07, -0.00370854418953521
1.77493421875E-07, -0.00367415711524239
1.77495375E-07, -0.00430445277995135
1.77497328125E-07, -0.00423963545562144
1.7749928125E-07, -0.00368251695245326
1.77501234375E-07, -0.0034381024527291
1.775031875E-07, -0.00332286587799514
1.77505140625E-07, -0.00419959190293177
1.7750709375E-07, -0.00407943119758378
1.77509046875E-07, -0.00417691325393315
1.77511E-07, -0.00367543017770091
1.77512953125E-07, -0.00408890870705316
1.7751490625E-07, -0.00380294491003968
1.77516859375E-07, -0.00459782364144094
1.775188125E-07, -0.00408465180090339
1.77520765625E-07, -0.00377752561889014
1.7752271875E-07, -0.00426450468948317
1.77524671875E-07, -0.00397357343380692
1.77526625E-07, -0.00407209487322908
1.77528578125E-07, -0.00449309680763371
1.7753053125E-07, -0.00433755346662953
1.77532484375E-07, -0.00434137651348975
1.775344375E-07, -0.00411114245362746
1.77536390625E-07, -0.00382573542804167
1.7753834375E-07, -0.0041461886821845
1.77540296875E-07, -0.00393998353465327
1.7754225E-07, -0.00367285127899098
1.77544203125E-07, -0.00391232463708741
1.7754615625E-07, -0.00422850608642031
1.77548109375E-07, -0.00417895865211952
1.775500625E-07, -0.00395301800164599
1.77552015625E-07, -0.00382271505315204
1.7755396875E-07, -0.0038898437657072
1.77555921875E-07, -0.00382123687345834
1.77557875E-07, -0.00393304582714275
1.77559828125E-07, -0.00398739792566781
1.7756178125E-07, -0.00388329217935966
1.77563734375E-07, -0.00403525357022624
1.775656875E-07, -0.00390856006021958
1.77567640625E-07, -0.00363452315248049
1.7756959375E-07, -0.0036880591506111
1.77571546875E-07, -0.0042706164538486
1.775735E-07, -0.00377158297275258
1.77575453125E-07, -0.00370601886169483
1.7757740625E-07, -0.00370005422525004
1.77579359375E-07, -0.00375389977769985
1.775813125E-07, -0.00349383493396959
1.77583265625E-07, -0.00336120975268747
1.7758521875E-07, -0.00353034087728657
1.77587171875E-07, -0.00339750688202136
1.77589125E-07, -0.00328484101142044
1.77591078125E-07, -0.00293147192493092
1.7759303125E-07, -0.00340593291048388
1.77594984375E-07, -0.00294140030411453
1.775969375E-07, -0.00343226672114112
1.77598890625E-07, -0.00312253395094178
1.7760084375E-07, -0.00277208294453389
1.77602796875E-07, -0.00295603340165616
1.7760475E-07, -0.00271571862949963
1.77606703125E-07, -0.00281308383636648
1.7760865625E-07, -0.00275923624981477
1.77610609375E-07, -0.0026124535512727
1.776125625E-07, -0.00200527491977514
1.77614515625E-07, -0.00219811079741543
1.7761646875E-07, -0.00210747499361953
1.77618421875E-07, -0.00247595818210505
1.77620375E-07, -0.0023019304597759
1.77622328125E-07, -0.00199869946710983
1.7762428125E-07, -0.00191512024885268
1.77626234375E-07, -0.0020955866289787
1.776281875E-07, -0.00199223477247645
1.77630140625E-07, -0.00209349762695181
1.7763209375E-07, -0.00169217318596511
1.77634046875E-07, -0.00192120718230837


