File Format, WaveformXYValues
Format Version, 1
Instrument, N1045A,04F,LOJ
SwVersion, A.06.71.21
SerialNumber, MY56260108
Date, 11/29/2023 14:19:42 GMT+08:00

Source Name, Channel 1A

Points, 2048
Signal Type, Unspecified
Channel Bandwidth, 2E+10
Channel Noise, 6.66857143682292E-05
X Units, Second
Y Units, Volt
Data, 
1.73636E-07, -0.00125773883568377
1.73637953125E-07, -0.00147455685890113
1.7363990625E-07, -0.00137339546849759
1.73641859375E-07, -0.00184935487507557
1.736438125E-07, -0.00130232084616031
1.73645765625E-07, -0.000854073534263177
1.7364771875E-07, -0.00139297974481335
1.73649671875E-07, -0.00144406005079454
1.73651625E-07, -0.00143856377931466
1.73653578125E-07, -0.00146638510893278
1.7365553125E-07, -0.00121999192450523
1.73657484375E-07, -0.00144398713865226
1.736594375E-07, -0.00123334772468569
1.73661390625E-07, -0.00145435131345547
1.7366334375E-07, -0.00137112257835393
1.73665296875E-07, -0.00134698494148083
1.7366725E-07, -0.00106119167683624
1.73669203125E-07, -0.00144437666941689
1.7367115625E-07, -0.000991453704230912
1.73673109375E-07, -0.00132785077734698
1.736750625E-07, -0.000897926096802076
1.73677015625E-07, -0.0017975367698068
1.7367896875E-07, -0.00120563559398185
1.73680921875E-07, -0.00118768440878172
1.73682875E-07, -0.00141077305309274
1.73684828125E-07, -0.00104278357988221
1.7368678125E-07, -0.00168909796439024
1.73688734375E-07, -0.00135311701094367
1.736906875E-07, -0.000990758136980846
1.73692640625E-07, -0.00146369028349578
1.7369459375E-07, -0.00168743759191103
1.73696546875E-07, -0.00084522971865368
1.736985E-07, -0.00129924763249239
1.73700453125E-07, -0.00154272487126948
1.7370240625E-07, -0.00128516481173788
1.73704359375E-07, -0.00102227763536711
1.737063125E-07, -0.00111114275047728
1.73708265625E-07, -0.00158933194408413
1.7371021875E-07, -0.0013692863590983
1.73712171875E-07, -0.00128977977144721
1.73714125E-07, -0.00150234893827738
1.73716078125E-07, -0.00163285523047318
1.7371803125E-07, -0.00121724719708622
1.73719984375E-07, -0.0011547552195124
1.737219375E-07, -0.00147440675694936
1.73723890625E-07, -0.00143786926756524
1.7372584375E-07, -0.00144427958794244
1.73727796875E-07, -0.00112807444862342
1.7372975E-07, -0.00125660419562883
1.73731703125E-07, -0.00143631503942693
1.7373365625E-07, -0.00150247175895435
1.73735609375E-07, -0.00140234299515651
1.737375625E-07, -0.00169760810557485
1.73739515625E-07, -0.00154480680340473
1.7374146875E-07, -0.00170048937401775
1.73743421875E-07, -0.00167710211599328
1.73745375E-07, -0.00138488035053096
1.73747328125E-07, -0.00162004762884267
1.7374928125E-07, -0.0021106605690465
1.73751234375E-07, -0.00128588331953252
1.737531875E-07, -0.00155351095622475
1.73755140625E-07, -0.00125357061991337
1.7375709375E-07, -0.00166725816603891
1.73759046875E-07, -0.00156219165344102
1.73761E-07, -0.00148683265393943
1.73762953125E-07, -0.00150775899871839
1.7376490625E-07, -0.00158478152850804
1.73766859375E-07, -0.00172699693369388
1.737688125E-07, -0.0015733170297049
1.73770765625E-07, -0.0016840581850139
1.7377271875E-07, -0.00166562726459478
1.73774671875E-07, -0.00176986220865164
1.73776625E-07, -0.00134476352136973
1.73778578125E-07, -0.00191998149881205
1.7378053125E-07, -0.00170306058589471
1.73782484375E-07, -0.00218323570784673
1.737844375E-07, -0.00238449449879181
1.73786390625E-07, -0.00138285101341957
1.7378834375E-07, -0.00197477132132396
1.73790296875E-07, -0.00225244883081493
1.7379225E-07, -0.00130498608637778
1.73794203125E-07, -0.00166281171415734
1.7379615625E-07, -0.00185337817392844
1.73798109375E-07, -0.00182116312050212
1.738000625E-07, -0.00150109595864126
1.73802015625E-07, -0.00191278947329358
1.7380396875E-07, -0.00238102753789021
1.73805921875E-07, -0.00186006708075395
1.73807875E-07, -0.00213348432532405
1.73809828125E-07, -0.00243830260758355
1.7381178125E-07, -0.00167437338966689
1.73813734375E-07, -0.00263690117473258
1.738156875E-07, -0.00235339627987881
1.73817640625E-07, -0.0024994236982297
1.7381959375E-07, -0.00245771920073962
1.73821546875E-07, -0.00228790407323429
1.738235E-07, -0.00212823095132882
1.73825453125E-07, -0.00274599133024247
1.7382740625E-07, -0.00207512457136704
1.73829359375E-07, -0.00236295025825456
1.738313125E-07, -0.00251507823044701
1.73833265625E-07, -0.00207974543002532
1.7383521875E-07, -0.00270384634394705
1.73837171875E-07, -0.00239128455337598
1.73839125E-07, -0.00253948377224896
1.73841078125E-07, -0.00276933623760391
1.7384303125E-07, -0.00330370045715603
1.73844984375E-07, -0.00289438168021565
1.738469375E-07, -0.00230824121799501
1.73848890625E-07, -0.00264532954689563
1.7385084375E-07, -0.00268366023880927
1.73852796875E-07, -0.00334067215985901
1.7385475E-07, -0.00290911341921074
1.73856703125E-07, -0.00347154817793764
1.7385865625E-07, -0.00399934006017847
1.73860609375E-07, -0.00292515172623416
1.738625625E-07, -0.00426738702673833
1.73864515625E-07, -0.00343053670189169
1.7386646875E-07, -0.00379609716784494
1.73868421875E-07, -0.00380520612347533
1.73870375E-07, -0.00306470326837385
1.73872328125E-07, -0.00334062796436967
1.7387428125E-07, -0.00328449858507168
1.73876234375E-07, -0.00382939573429093
1.738781875E-07, -0.00426977352665523
1.73880140625E-07, -0.00426662492652326
1.7388209375E-07, -0.00359872384664512
1.73884046875E-07, -0.00391068703369256
1.73886E-07, -0.00420634740764861
1.73887953125E-07, -0.00407524703575381
1.7388990625E-07, -0.00418279548708362
1.73891859375E-07, -0.00431866713931754
1.738938125E-07, -0.00466188846132361
1.73895765625E-07, -0.00437535155745904
1.7389771875E-07, -0.00411231052211067
1.73899671875E-07, -0.00498219316095904
1.73901625E-07, -0.00502000975570674
1.73903578125E-07, -0.00485220693219834
1.7390553125E-07, -0.00422536008006657
1.73907484375E-07, -0.00526941275754045
1.739094375E-07, -0.00486583893536917
1.73911390625E-07, -0.00516694430983088
1.7391334375E-07, -0.00465267072672119
1.73915296875E-07, -0.00484601860828001
1.7391725E-07, -0.00482564695921781
1.73919203125E-07, -0.00506516688267515
1.7392115625E-07, -0.00506556749953096
1.73923109375E-07, -0.00502700133436516
1.739250625E-07, -0.00542114887336297
1.73927015625E-07, -0.00528752928948387
1.7392896875E-07, -0.00526802720639993
1.73930921875E-07, -0.00551848886155333
1.73932875E-07, -0.00521623806476451
1.73934828125E-07, -0.00559661160930719
1.7393678125E-07, -0.00556612574261245
1.73938734375E-07, -0.00466812805019432
1.739406875E-07, -0.00561704649036212
1.73942640625E-07, -0.00546152471261787
1.7394459375E-07, -0.00544759663410382
1.73946546875E-07, -0.00526652403383432
1.739485E-07, -0.00541330888661604
1.73950453125E-07, -0.00439932112583648
1.7395240625E-07, -0.00545730097524258
1.73954359375E-07, -0.00502462825236478
1.739563125E-07, -0.00478588527571421
1.73958265625E-07, -0.00574163132941944
1.7396021875E-07, -0.00495746606000574
1.73962171875E-07, -0.00530996305233863
1.73964125E-07, -0.00519976004917618
1.73966078125E-07, -0.00528667226887141
1.7396803125E-07, -0.00473855002993875
1.73969984375E-07, -0.00502233903064854
1.739719375E-07, -0.00455486890236116
1.73973890625E-07, -0.00466456318995896
1.7397584375E-07, -0.00530180036411285
1.73977796875E-07, -0.0049165487898812
1.7397975E-07, -0.00371599885443869
1.73981703125E-07, -0.00500232231176447
1.7398365625E-07, -0.00391607387914916
1.73985609375E-07, -0.00455146177311565
1.739875625E-07, -0.0035704456749994
1.73989515625E-07, -0.00410072301363
1.7399146875E-07, -0.00356056147678876
1.73993421875E-07, -0.00374822006039771
1.73995375E-07, -0.00276801140644536
1.73997328125E-07, -0.00320013166906615
1.7399928125E-07, -0.00301743544592328
1.74001234375E-07, -0.00254962047958514
1.740031875E-07, -0.00249976889957882
1.74005140625E-07, -0.00322232382327616
1.7400709375E-07, -0.00166792455152785
1.74009046875E-07, -0.00239669284368817
1.74011E-07, -0.000871732155692884
1.74012953125E-07, -0.00112217551160659
1.7401490625E-07, -0.0013178109454194
1.74016859375E-07, -0.000130410668251882
1.740188125E-07, -0.000619193864215502
1.74020765625E-07, -0.000824016281139189
1.7402271875E-07, -0.000855857680315101
1.74024671875E-07, 0.00103463001016579
1.74026625E-07, 0.000702317170728429
1.74028578125E-07, 0.000722206264772643
1.7403053125E-07, 0.000410339175543307
1.74032484375E-07, 0.000844466581246295
1.740344375E-07, 0.00103535785251152
1.74036390625E-07, 0.00227179790714031
1.7403834375E-07, 0.00206285424632441
1.74040296875E-07, 0.00243023231312223
1.7404225E-07, 0.00354530149793956
1.74044203125E-07, 0.00294030989880124
1.7404615625E-07, 0.00500418813323897
1.74048109375E-07, 0.00467676566687977
1.740500625E-07, 0.00397200963128425
1.74052015625E-07, 0.00496747674934171
1.7405396875E-07, 0.00414858444953229
1.74055921875E-07, 0.00533053368718938
1.74057875E-07, 0.00655307886947027
1.74059828125E-07, 0.00511790092488946
1.7406178125E-07, 0.0076202598418131
1.74063734375E-07, 0.00684187704113064
1.740656875E-07, 0.00769105884019817
1.74067640625E-07, 0.00923948844821611
1.7406959375E-07, 0.0103974720524601
1.74071546875E-07, 0.00943629421666025
1.740735E-07, 0.00994236521542774
1.74075453125E-07, 0.00980465291597858
1.7407740625E-07, 0.0114145173967403
1.74079359375E-07, 0.0109264476615005
1.740813125E-07, 0.0120419976239951
1.74083265625E-07, 0.0126336512271775
1.7408521875E-07, 0.0126011180289567
1.74087171875E-07, 0.0140437719959056
1.74089125E-07, 0.0141085015058762
1.74091078125E-07, 0.0152991771105676
1.7409303125E-07, 0.0146385308125688
1.74094984375E-07, 0.0149461759464826
1.740969375E-07, 0.015678272918691
1.74098890625E-07, 0.0169620663388396
1.7410084375E-07, 0.0167250779004377
1.74102796875E-07, 0.0168741340777572
1.7410475E-07, 0.0184396032059739
1.74106703125E-07, 0.019743266187093
1.7410865625E-07, 0.0179858790745692
1.74110609375E-07, 0.0191114073043455
1.741125625E-07, 0.0193922210790225
1.74114515625E-07, 0.0218247251077211
1.7411646875E-07, 0.0225169387970348
1.74118421875E-07, 0.0228532501735104
1.74120375E-07, 0.0229089941997213
1.74122328125E-07, 0.0207844740252489
1.7412428125E-07, 0.0222807513358233
1.74126234375E-07, 0.0246233326651173
1.741281875E-07, 0.0232689482821289
1.74130140625E-07, 0.0259465695037076
1.7413209375E-07, 0.0263081788184902
1.74134046875E-07, 0.0276485551113196
1.74136E-07, 0.0270055148301116
1.74137953125E-07, 0.024328291355375
1.7413990625E-07, 0.0288823742619338
1.74141859375E-07, 0.0274702425887957
1.741438125E-07, 0.0280633137605571
1.74145765625E-07, 0.0293945880696361
1.7414771875E-07, 0.0302727004442081
1.74149671875E-07, 0.0307474328210798
1.74151625E-07, 0.030725990675631
1.74153578125E-07, 0.0271756244785326
1.7415553125E-07, 0.0303749868271604
1.74157484375E-07, 0.0308969509525132
1.741594375E-07, 0.030928253411055
1.74161390625E-07, 0.0325892503579864
1.7416334375E-07, 0.0334294611749131
1.74165296875E-07, 0.03098500297218
1.7416725E-07, 0.0337908067221346
1.74169203125E-07, 0.0331738118298962
1.7417115625E-07, 0.0333883845266123
1.74173109375E-07, 0.0331360009894717
1.741750625E-07, 0.0330633445631201
1.74177015625E-07, 0.0333220064766447
1.7417896875E-07, 0.0338423546361965
1.74180921875E-07, 0.0340094344563278
1.74182875E-07, 0.0339479706810426
1.74184828125E-07, 0.0335742888804026
1.7418678125E-07, 0.0341669863540639
1.74188734375E-07, 0.0282620115649823
1.741906875E-07, 0.0330646440044066
1.74192640625E-07, 0.0328382150373875
1.7419459375E-07, 0.0335493099656815
1.74196546875E-07, 0.0336483731592199
1.741985E-07, 0.0305149409051508
1.74200453125E-07, 0.0333066192210049
1.7420240625E-07, 0.0328794113388326
1.74204359375E-07, 0.0311345351524901
1.742063125E-07, 0.0295256743188512
1.74208265625E-07, 0.030618906500527
1.7421021875E-07, 0.029272103615809
1.74212171875E-07, 0.0315993675557326
1.74214125E-07, 0.0295232686533196
1.74216078125E-07, 0.0295215560952963
1.7421803125E-07, 0.0297496512743452
1.74219984375E-07, 0.0265593784865856
1.742219375E-07, 0.0244489164137393
1.74223890625E-07, 0.0269910875661135
1.7422584375E-07, 0.0266508660863848
1.74227796875E-07, 0.026941147153451
1.7422975E-07, 0.0229183923239754
1.74231703125E-07, 0.0242100513733264
1.7423365625E-07, 0.0204888162642717
1.74235609375E-07, 0.0201076724323502
1.742375625E-07, 0.0116606034335744
1.74239515625E-07, 0.0127877976069658
1.7424146875E-07, 0.0161185262777756
1.74243421875E-07, 0.0179093145954664
1.74245375E-07, 0.0160329343205443
1.74247328125E-07, 0.0135082882184465
1.7424928125E-07, 0.0116280986346485
1.74251234375E-07, 0.010959168297371
1.742531875E-07, 0.0132739418351802
1.74255140625E-07, 0.00347510550321314
1.7425709375E-07, 0.00436957802340478
1.74259046875E-07, 0.00600993557818622
1.74261E-07, 0.00507009123364424
1.74262953125E-07, 0.00419779727053247
1.7426490625E-07, 0.0026346436780089
1.74266859375E-07, -0.00193331035845994
1.742688125E-07, -0.00137596180489635
1.74270765625E-07, -0.00296182852326227
1.7427271875E-07, -0.0075953667086391
1.74274671875E-07, -0.00711966970976095
1.74276625E-07, -0.0101077846714065
1.74278578125E-07, -0.0119220666450459
1.7428053125E-07, -0.0165676385612722
1.74282484375E-07, -0.0213407881357154
1.742844375E-07, -0.0136203263085623
1.74286390625E-07, -0.0183561597620784
1.7428834375E-07, -0.0216676069032899
1.74290296875E-07, -0.0237800069314318
1.7429225E-07, -0.0238512822280211
1.74294203125E-07, -0.0262463012399615
1.7429615625E-07, -0.0356883704197997
1.74298109375E-07, -0.0345460296807275
1.743000625E-07, -0.0338858059765275
1.74302015625E-07, -0.0359128265944735
1.7430396875E-07, -0.0366160648116693
1.74305921875E-07, -0.0385343910642785
1.74307875E-07, -0.0444345800796869
1.74309828125E-07, -0.049069983312178
1.7431178125E-07, -0.0423099846227912
1.74313734375E-07, -0.0504647185543297
1.743156875E-07, -0.0520715386671859
1.74317640625E-07, -0.0574142572400179
1.7431959375E-07, -0.0575233141251206
1.74321546875E-07, -0.0576350733444892
1.743235E-07, -0.0650188625873452
1.74325453125E-07, -0.056701831138318
1.7432740625E-07, -0.0619172157673749
1.74329359375E-07, -0.0680844736837868
1.743313125E-07, -0.0790135194054211
1.74333265625E-07, -0.0751342011651594
1.7433521875E-07, -0.0805523859503626
1.74337171875E-07, -0.0812308199047086
1.74339125E-07, -0.0793394216805871
1.74341078125E-07, -0.0782073045943163
1.7434303125E-07, -0.0803128535865301
1.74344984375E-07, -0.0896464335165107
1.743469375E-07, -0.0903981872883778
1.74348890625E-07, -0.0896750163490552
1.7435084375E-07, -0.0890319927046758
1.74352796875E-07, -0.0933133310685348
1.7435475E-07, -0.0969904972637008
1.74356703125E-07, -0.105631798252599
1.7435865625E-07, -0.100862029533292
1.74360609375E-07, -0.0996487709623859
1.743625625E-07, -0.0961403462084732
1.74364515625E-07, -0.107725488749797
1.7436646875E-07, -0.108969820641355
1.74368421875E-07, -0.107424034314958
1.74370375E-07, -0.108189779059339
1.74372328125E-07, -0.114393342455488
1.7437428125E-07, -0.116589656178775
1.74376234375E-07, -0.115186619587109
1.743781875E-07, -0.117866439587866
1.74380140625E-07, -0.116860421645492
1.7438209375E-07, -0.117125064035294
1.74384046875E-07, -0.118209701998459
1.74386E-07, -0.120925866749248
1.74387953125E-07, -0.121620589002554
1.7438990625E-07, -0.110471676787569
1.74391859375E-07, -0.122824720158707
1.743938125E-07, -0.111445937192384
1.74395765625E-07, -0.120874793310981
1.7439771875E-07, -0.103976582409389
1.74399671875E-07, -0.116611113803638
1.74401625E-07, -0.114574904935019
1.74403578125E-07, -0.117668307334215
1.7440553125E-07, -0.119055096974157
1.74407484375E-07, -0.116046970512858
1.744094375E-07, -0.118325837876914
1.74411390625E-07, -0.10626589766299
1.7441334375E-07, -0.115870938100387
1.74415296875E-07, -0.113782072858764
1.7441725E-07, -0.106850293319282
1.74419203125E-07, -0.107827069824849
1.7442115625E-07, -0.109411345676584
1.74423109375E-07, -0.0997548836878155
1.744250625E-07, -0.10340195293602
1.74427015625E-07, -0.100157296577457
1.7442896875E-07, -0.102002832237197
1.74430921875E-07, -0.0879670259369695
1.74432875E-07, -0.0987432063693676
1.74434828125E-07, -0.097486670113241
1.7443678125E-07, -0.0713272330790728
1.74438734375E-07, -0.0755660521337628
1.744406875E-07, -0.0794859928250645
1.74442640625E-07, -0.066704355423371
1.7444459375E-07, -0.0718438242709583
1.74446546875E-07, -0.0666217445549736
1.744485E-07, -0.054303306163697
1.74450453125E-07, -0.0606410388280108
1.7445240625E-07, -0.0543017135203522
1.74454359375E-07, -0.0529030020172687
1.744563125E-07, -0.0534737669762011
1.74458265625E-07, -0.0464326315973326
1.7446021875E-07, -0.040198169582626
1.74462171875E-07, -0.0330502087941571
1.74464125E-07, -0.0252461668474101
1.74466078125E-07, -0.0308912851808214
1.7446803125E-07, -0.0210600232658483
1.74469984375E-07, -0.0176186510486569
1.744719375E-07, -0.0144022295638035
1.74473890625E-07, -0.0249669382580292
1.7447584375E-07, -0.00266934501989587
1.74477796875E-07, -0.00652529934791005
1.7447975E-07, -0.00193972089810199
1.74481703125E-07, 0.00104066481913564
1.7448365625E-07, 0.0140104443185383
1.74485609375E-07, 0.0233388743159086
1.744875625E-07, 0.0167401633971376
1.74489515625E-07, 0.0261690797659209
1.7449146875E-07, 0.0303592793827722
1.74493421875E-07, 0.035086517305754
1.74495375E-07, 0.0329553404500761
1.74497328125E-07, 0.0307609398819342
1.7449928125E-07, 0.0379417751149518
1.74501234375E-07, 0.0569056446617614
1.745031875E-07, 0.0479757412628034
1.74505140625E-07, 0.0516754474708931
1.7450709375E-07, 0.0683020506592439
1.74509046875E-07, 0.0655418176381237
1.74511E-07, 0.067174269331318
1.74512953125E-07, 0.0761022329648064
1.7451490625E-07, 0.066070999017405
1.74516859375E-07, 0.0796763029638327
1.745188125E-07, 0.066949097110913
1.74520765625E-07, 0.0785049148268133
1.7452271875E-07, 0.0769460221538063
1.74524671875E-07, 0.0762531970117533
1.74526625E-07, 0.085889450918637
1.74528578125E-07, 0.0804080615899675
1.7453053125E-07, 0.0843473496886521
1.74532484375E-07, 0.092986771796062
1.745344375E-07, 0.0939801081977523
1.74536390625E-07, 0.092073260053939
1.7453834375E-07, 0.0921280368207905
1.74540296875E-07, 0.0792272771220714
1.7454225E-07, 0.0877305135305213
1.74544203125E-07, 0.094263761304998
1.7454615625E-07, 0.0980805209127261
1.74548109375E-07, 0.0932051455986543
1.745500625E-07, 0.0997501715326077
1.74552015625E-07, 0.101184598492187
1.7455396875E-07, 0.0948186257021891
1.74555921875E-07, 0.102320399883959
1.74557875E-07, 0.0950607885034536
1.74559828125E-07, 0.0974943097707429
1.7456178125E-07, 0.0963330560929282
1.74563734375E-07, 0.0894487984776373
1.745656875E-07, 0.0952047649117559
1.74567640625E-07, 0.0943581911520851
1.7456959375E-07, 0.0949880016062654
1.74571546875E-07, 0.0919067362163012
1.745735E-07, 0.0932391182660333
1.74575453125E-07, 0.0919244294412411
1.7457740625E-07, 0.0903114972950493
1.74579359375E-07, 0.0927392302599107
1.745813125E-07, 0.0857132078952021
1.74583265625E-07, 0.084702929883141
1.7458521875E-07, 0.0821411871128834
1.74587171875E-07, 0.077822481642205
1.74589125E-07, 0.0738269011392845
1.74591078125E-07, 0.0800635473089457
1.7459303125E-07, 0.0772075305120621
1.74594984375E-07, 0.0745060614063527
1.745969375E-07, 0.0670319846336962
1.74598890625E-07, 0.0591336295059931
1.7460084375E-07, 0.0667321039633667
1.74602796875E-07, 0.064778829606129
1.7460475E-07, 0.0650130460120354
1.74606703125E-07, 0.0627729955246357
1.7460865625E-07, 0.0566059299630479
1.74610609375E-07, 0.0564789985642257
1.746125625E-07, 0.0576005793645292
1.74614515625E-07, 0.0514327447035665
1.7461646875E-07, 0.0537312761429273
1.74618421875E-07, 0.0470819705820997
1.74620375E-07, 0.0479830654289838
1.74622328125E-07, 0.0440006929751539
1.7462428125E-07, 0.0434498986833833
1.74626234375E-07, 0.0458784756619175
1.746281875E-07, 0.036977809281999
1.74630140625E-07, 0.0361043820924065
1.7463209375E-07, 0.0372340458726
1.74634046875E-07, 0.0360127878872763
1.74636E-07, 0.0376751479313044
1.74637953125E-07, 0.0336766601798471
1.7463990625E-07, 0.032219393044818
1.74641859375E-07, 0.0317656349564939
1.746438125E-07, 0.0276935170391703
1.74645765625E-07, 0.030082759418685
1.7464771875E-07, 0.0274153959928124
1.74649671875E-07, 0.0247351554113322
1.74651625E-07, 0.0251716420643338
1.74653578125E-07, 0.0231730305235547
1.7465553125E-07, 0.0277193555097102
1.74657484375E-07, 0.0227596816003229
1.746594375E-07, 0.0220750443303806
1.74661390625E-07, 0.0242389925862504
1.7466334375E-07, 0.0207072745792052
1.74665296875E-07, 0.0235166348448908
1.7466725E-07, 0.0205936669035746
1.74669203125E-07, 0.0205349460563905
1.7467115625E-07, 0.0192965787753062
1.74673109375E-07, 0.0203965315635495
1.746750625E-07, 0.0201932202748006
1.74677015625E-07, 0.0207590994462204
1.7467896875E-07, 0.0198923584234292
1.74680921875E-07, 0.0204385653868604
1.74682875E-07, 0.0188583109508062
1.74684828125E-07, 0.0192465260871733
1.7468678125E-07, 0.0211932843715793
1.74688734375E-07, 0.0191401697872385
1.746906875E-07, 0.0194585567522039
1.74692640625E-07, 0.0187443278253302
1.7469459375E-07, 0.0198404708087329
1.74696546875E-07, 0.0202536158822607
1.746985E-07, 0.0199389897165905
1.74700453125E-07, 0.0192972824793524
1.7470240625E-07, 0.0197964210016912
1.74704359375E-07, 0.0193668955588289
1.747063125E-07, 0.0195564819974498
1.74708265625E-07, 0.0192425404502141
1.7471021875E-07, 0.0197175456035744
1.74712171875E-07, 0.0192662465365809
1.74714125E-07, 0.0197453831250066
1.74716078125E-07, 0.01901508918935
1.7471803125E-07, 0.0206078561990791
1.74719984375E-07, 0.0195591023566611
1.747219375E-07, 0.0197233418993591
1.74723890625E-07, 0.018343812280011
1.7472584375E-07, 0.0193567233050105
1.74727796875E-07, 0.0200753182131012
1.7472975E-07, 0.0187429700902148
1.74731703125E-07, 0.0190990880130341
1.7473365625E-07, 0.0186868491979566
1.74735609375E-07, 0.0188469177762034
1.747375625E-07, 0.0174342724997969
1.74739515625E-07, 0.0185976195588225
1.7474146875E-07, 0.0175325453349945
1.74743421875E-07, 0.0169098263750674
1.74745375E-07, 0.0164598480343605
1.74747328125E-07, 0.015625781662991
1.7474928125E-07, 0.0156986804929237
1.74751234375E-07, 0.0171333135416389
1.747531875E-07, 0.0134304104991551
1.74755140625E-07, 0.0157073816383643
1.7475709375E-07, 0.0140210507700296
1.74759046875E-07, 0.0136994259781703
1.74761E-07, 0.0147679153845454
1.74762953125E-07, 0.0107818850969778
1.7476490625E-07, 0.012147077310009
1.74766859375E-07, 0.00951365990936761
1.747688125E-07, 0.0102996838916908
1.74770765625E-07, 0.00657218760830594
1.7477271875E-07, 0.00925271566312672
1.74774671875E-07, 0.00765498541528899
1.74776625E-07, 0.0088495413396423
1.74778578125E-07, 0.00798308125049899
1.7478053125E-07, 0.0058835828175898
1.74782484375E-07, 0.00576770151119757
1.747844375E-07, 0.0046913475672994
1.74786390625E-07, 0.00388192413314824
1.7478834375E-07, 0.00492594066548963
1.74790296875E-07, 0.0032154968048946
1.7479225E-07, 0.00286160705119309
1.74794203125E-07, 0.00275224249985954
1.7479615625E-07, 0.000985922388712924
1.74798109375E-07, 0.0015345850968489
1.748000625E-07, -0.00102613534606685
1.74802015625E-07, -0.000517962356026611
1.7480396875E-07, -0.00121877090254732
1.74805921875E-07, 0.000576927828320801
1.74807875E-07, -0.00277793151338164
1.74809828125E-07, -0.00279442845896561
1.7481178125E-07, -0.00329547956431305
1.74813734375E-07, -0.00452693272556167
1.748156875E-07, -0.0053227494735075
1.74817640625E-07, -0.00439019249627722
1.7481959375E-07, -0.00444457163406784
1.74821546875E-07, -0.00516797282896056
1.748235E-07, -0.00572563208979193
1.74825453125E-07, -0.00495493810994904
1.7482740625E-07, -0.00699107188921399
1.74829359375E-07, -0.00670551302910231
1.748313125E-07, -0.00668210248174863
1.74833265625E-07, -0.00697124604967424
1.7483521875E-07, -0.00666602240006417
1.74837171875E-07, -0.00737100470823387
1.74839125E-07, -0.00658704947649686
1.74841078125E-07, -0.00837867491666625
1.7484303125E-07, -0.00856006367370885
1.74844984375E-07, -0.00824589003623703
1.748469375E-07, -0.00734881981905225
1.74848890625E-07, -0.00826385359502571
1.7485084375E-07, -0.00801462692549032
1.74852796875E-07, -0.00835482729086052
1.7485475E-07, -0.00733489675198988
1.74856703125E-07, -0.00850301782535425
1.7485865625E-07, -0.00828607617501934
1.74860609375E-07, -0.0083220038860307
1.748625625E-07, -0.00812097882681396
1.74864515625E-07, -0.0079086244081589
1.7486646875E-07, -0.00799915951896
1.74868421875E-07, -0.00663130674814125
1.74870375E-07, -0.00700794760861131
1.74872328125E-07, -0.00756159692760078
1.7487428125E-07, -0.00693511138325917
1.74876234375E-07, -0.00693393503516006
1.748781875E-07, -0.00647581751795347
1.74880140625E-07, -0.00638168715662128
1.7488209375E-07, -0.00563611994776412
1.74884046875E-07, -0.00455104080347287
1.74886E-07, -0.00532977115533584
1.74887953125E-07, -0.00481675702851598
1.7488990625E-07, -0.005164868300346
1.74891859375E-07, -0.00496890410535107
1.748938125E-07, -0.00492274146742782
1.74895765625E-07, -0.00315746870358377
1.7489771875E-07, -0.00372637433025218
1.74899671875E-07, -0.00369642349931615
1.74901625E-07, -0.00363199183834511
1.74903578125E-07, -0.00305425472947001
1.7490553125E-07, -0.00132231603326368
1.74907484375E-07, -0.00219227328539474
1.749094375E-07, -0.0025247341565393
1.74911390625E-07, -0.00192316920384269
1.7491334375E-07, -0.00104546657811756
1.74915296875E-07, -0.00146266892878765
1.7491725E-07, -0.00120972063522706
1.74919203125E-07, 7.56436052579675E-06
1.7492115625E-07, -0.000302671748679567
1.74923109375E-07, -0.000344502622889869
1.749250625E-07, -0.000178445639416251
1.74927015625E-07, -1.7734460327532E-05
1.7492896875E-07, -8.81095266240542E-05
1.74930921875E-07, 0.000251717491156523
1.74932875E-07, 0.000800774695047776
1.74934828125E-07, 0.000688693416079983
1.7493678125E-07, 0.00080122844045995
1.74938734375E-07, 0.00123316465570988
1.749406875E-07, 0.000809043915426955
1.74942640625E-07, -8.60332064911259E-05
1.7494459375E-07, 0.000904953045429122
1.74946546875E-07, 0.00134181855962532
1.749485E-07, 0.00208020098898695
1.74950453125E-07, 0.00165673232819224
1.7495240625E-07, 0.00202423716029157
1.74954359375E-07, 0.00191255903412485
1.749563125E-07, 0.00170522387845377
1.74958265625E-07, 0.00114831258313054
1.7496021875E-07, 0.00203990638947289
1.74962171875E-07, 0.00186360031619105
1.74964125E-07, 0.00121029038307562
1.74966078125E-07, 0.00229450091626721
1.7496803125E-07, 0.00178865436427916
1.74969984375E-07, 0.0010407571822448
1.749719375E-07, 0.00132810202670113
1.74973890625E-07, 0.00160351373767652
1.7497584375E-07, 0.000723761612375307
1.74977796875E-07, 0.0014163206872632
1.7497975E-07, -0.000781512017530861
1.74981703125E-07, 0.000339518704326076
1.7498365625E-07, 0.000732740049553769
1.74985609375E-07, 0.000715547624115979
1.749875625E-07, -0.000177618438879449
1.74989515625E-07, -0.000144277441468142
1.7499146875E-07, -5.25826494283732E-05
1.74993421875E-07, 0.000255926207161294
1.74995375E-07, 0.000547660186622517
1.74997328125E-07, -0.00088383653548168
1.7499928125E-07, -0.000562720663911536
1.75001234375E-07, -0.0013063060704571
1.750031875E-07, -0.000695427868291981
1.75005140625E-07, -0.000591063593065988
1.7500709375E-07, -0.00146817386154566
1.75009046875E-07, -0.0015267827776641
1.75011E-07, -0.00159545881315807
1.75012953125E-07, -0.00240546023765607
1.7501490625E-07, -0.00438467221908615
1.75016859375E-07, -0.00403385139877397
1.750188125E-07, -0.00315853762122862
1.75020765625E-07, -0.00338455765071684
1.7502271875E-07, -0.00345240844439293
1.75024671875E-07, -0.00332170847247591
1.75026625E-07, -0.00391297403679218
1.75028578125E-07, -0.00408895164367123
1.7503053125E-07, -0.00549441611739161
1.75032484375E-07, -0.00670657739797487
1.750344375E-07, -0.0054092890005282
1.75036390625E-07, -0.00570503191932738
1.7503834375E-07, -0.00641545329783034
1.75040296875E-07, -0.00735456575644764
1.7504225E-07, -0.00627457615175775
1.75044203125E-07, -0.00789287022843557
1.7504615625E-07, -0.00821863350535591
1.75048109375E-07, -0.0102634699527303
1.750500625E-07, -0.00861234605325503
1.75052015625E-07, -0.0095089828173355
1.7505396875E-07, -0.00894554416730623
1.75055921875E-07, -0.00988217357543304
1.75057875E-07, -0.0130636755908687
1.75059828125E-07, -0.0106939608595435
1.7506178125E-07, -0.0113938051050821
1.75063734375E-07, -0.0138367263055298
1.750656875E-07, -0.0123157390165178
1.75067640625E-07, -0.0134213682972767
1.7506959375E-07, -0.0132504577927269
1.75071546875E-07, -0.0140825153327057
1.750735E-07, -0.0137017450979407
1.75075453125E-07, -0.0168125637379902
1.7507740625E-07, -0.0155855305385981
1.75079359375E-07, -0.0179311877115821
1.750813125E-07, -0.0165929328464768
1.75083265625E-07, -0.0176088520109248
1.7508521875E-07, -0.0175446393782398
1.75087171875E-07, -0.0196491427067976
1.75089125E-07, -0.0196534274581083
1.75091078125E-07, -0.0191415434075936
1.7509303125E-07, -0.0224861768806764
1.75094984375E-07, -0.0207901699023764
1.750969375E-07, -0.0233291223970196
1.75098890625E-07, -0.0229329047330597
1.7510084375E-07, -0.0226765251405769
1.75102796875E-07, -0.0236635759198053
1.7510475E-07, -0.0239920176547601
1.75106703125E-07, -0.0260016981160127
1.7510865625E-07, -0.0253154430947001
1.75110609375E-07, -0.0252573477410091
1.751125625E-07, -0.0268715643412155
1.75114515625E-07, -0.0248236414271407
1.7511646875E-07, -0.0261602653623356
1.75118421875E-07, -0.0270620019853131
1.75120375E-07, -0.027375447087334
1.75122328125E-07, -0.0275497654307267
1.7512428125E-07, -0.0282774807299179
1.75126234375E-07, -0.0295374492123154
1.751281875E-07, -0.0293664018932179
1.75130140625E-07, -0.0291313114134159
1.7513209375E-07, -0.0283134194775896
1.75134046875E-07, -0.0289260380679085
1.75136E-07, -0.0287029674266999
1.75137953125E-07, -0.0311612938766559
1.7513990625E-07, -0.0304077998881376
1.75141859375E-07, -0.0310094563184336
1.751438125E-07, -0.0310577481897551
1.75145765625E-07, -0.0313268965743246
1.7514771875E-07, -0.0314199829960953
1.75149671875E-07, -0.0316304970661984
1.75151625E-07, -0.0318817603528572
1.75153578125E-07, -0.0321128945978267
1.7515553125E-07, -0.0324107212952391
1.75157484375E-07, -0.0324425953276914
1.751594375E-07, -0.0321370763965171
1.75161390625E-07, -0.0316132972476702
1.7516334375E-07, -0.0324009689241277
1.75165296875E-07, -0.0326464851717564
1.7516725E-07, -0.0322710346488102
1.75169203125E-07, -0.0314500860740325
1.7517115625E-07, -0.0324270495097418
1.75173109375E-07, -0.032382681373126
1.751750625E-07, -0.031461553665229
1.75177015625E-07, -0.0322668118930264
1.7517896875E-07, -0.0324386669241328
1.75180921875E-07, -0.0316988421223401
1.75182875E-07, -0.0318666539158552
1.75184828125E-07, -0.0320298430538173
1.7518678125E-07, -0.0318103509798677
1.75188734375E-07, -0.0310324126791534
1.751906875E-07, -0.0316265930402597
1.75192640625E-07, -0.0306188865923997
1.7519459375E-07, -0.0306154144372135
1.75196546875E-07, -0.0308396683974422
1.751985E-07, -0.0306393298075192
1.75200453125E-07, -0.0306854598947136
1.7520240625E-07, -0.0301828293234423
1.75204359375E-07, -0.0295511175173409
1.752063125E-07, -0.0298231753472547
1.75208265625E-07, -0.0273881557294229
1.7521021875E-07, -0.0270750238344149
1.75212171875E-07, -0.0293111771235002
1.75214125E-07, -0.0275883313765668
1.75216078125E-07, -0.0280551495684216
1.7521803125E-07, -0.0280442662544189
1.75219984375E-07, -0.0276495117038618
1.752219375E-07, -0.0275699562858319
1.75223890625E-07, -0.0271600606934325
1.7522584375E-07, -0.0255047030394359
1.75227796875E-07, -0.0252027919691301
1.7522975E-07, -0.0244295148065522
1.75231703125E-07, -0.02611902785809
1.7523365625E-07, -0.0255491610248774
1.75235609375E-07, -0.0245637963429871
1.752375625E-07, -0.0250857568945842
1.75239515625E-07, -0.0239920978851284
1.7524146875E-07, -0.0240017150457667
1.75243421875E-07, -0.0241091596935908
1.75245375E-07, -0.0240832064904269
1.75247328125E-07, -0.0224151685177702
1.7524928125E-07, -0.0221336420158859
1.75251234375E-07, -0.0218726494742149
1.752531875E-07, -0.0211261897955298
1.75255140625E-07, -0.0224268929430225
1.7525709375E-07, -0.0214137243115926
1.75259046875E-07, -0.0198195896831299
1.75261E-07, -0.0202034790811724
1.75262953125E-07, -0.0196701345742904
1.7526490625E-07, -0.0192725644619328
1.75266859375E-07, -0.0198697921321364
1.752688125E-07, -0.0185126610786007
1.75270765625E-07, -0.0197100897882188
1.7527271875E-07, -0.0180117859284872
1.75274671875E-07, -0.0165673534877697
1.75276625E-07, -0.0165434285171741
1.75278578125E-07, -0.0177862323093731
1.7528053125E-07, -0.0160546314232223
1.75282484375E-07, -0.0173782360773804
1.752844375E-07, -0.0157936192668882
1.75286390625E-07, -0.0148197032169196
1.7528834375E-07, -0.0142291079586402
1.75290296875E-07, -0.0141689772097205
1.7529225E-07, -0.0141466755762321
1.75294203125E-07, -0.0128444635394747
1.7529615625E-07, -0.012349822112411
1.75298109375E-07, -0.0130443943453254
1.753000625E-07, -0.0133948182577535
1.75302015625E-07, -0.0123623846171186
1.7530396875E-07, -0.0117918123903905
1.75305921875E-07, -0.0114300925722326
1.75307875E-07, -0.0101753030765438
1.75309828125E-07, -0.011029590302391
1.7531178125E-07, -0.00942318919368542
1.75313734375E-07, -0.00894637587979379
1.753156875E-07, -0.00841519942411821
1.75317640625E-07, -0.00912706913287118
1.7531959375E-07, -0.00800840963563691
1.75321546875E-07, -0.00724316262027141
1.753235E-07, -0.00631918804801229
1.75325453125E-07, -0.00706960713640849
1.7532740625E-07, -0.00679356104240042
1.75329359375E-07, -0.00724869120547557
1.753313125E-07, -0.00684087582638577
1.75333265625E-07, -0.00592131540843858
1.7533521875E-07, -0.0050957834641805
1.75337171875E-07, -0.00504227559518638
1.75339125E-07, -0.00644024835476421
1.75341078125E-07, -0.00416112755836444
1.7534303125E-07, -0.00312296397556243
1.75344984375E-07, -0.00322734377659084
1.753469375E-07, -0.00297182612007424
1.75348890625E-07, -0.00254491151814999
1.7535084375E-07, -0.00280640783490283
1.75352796875E-07, -0.00139227933507272
1.7535475E-07, -0.00296648185153441
1.75356703125E-07, -0.00143715776608528
1.7535865625E-07, -0.00075361477829049
1.75360609375E-07, -0.001069180593729
1.753625625E-07, -0.000408518358127956
1.75364515625E-07, -0.000940790743342692
1.7536646875E-07, 0.000147254217856391
1.75368421875E-07, 0.00115031310604991
1.75370375E-07, 0.00113353942906296
1.75372328125E-07, 0.000897186216867244
1.7537428125E-07, 0.00056449604823365
1.75376234375E-07, 0.00105978576892671
1.753781875E-07, 0.000871622889906514
1.75380140625E-07, 0.00193937562343434
1.7538209375E-07, 0.00124849181837746
1.75384046875E-07, 0.00192354657300773
1.75386E-07, 0.00165061238740851
1.75387953125E-07, 0.00300683599493427
1.7538990625E-07, 0.00259538136639092
1.75391859375E-07, 0.00152193510213298
1.753938125E-07, 0.00283256033805783
1.75395765625E-07, 0.00352060200784577
1.7539771875E-07, 0.00349618010053163
1.75399671875E-07, 0.00414114670239424
1.75401625E-07, 0.00333149856355697
1.75403578125E-07, 0.00388761381522147
1.7540553125E-07, 0.00324270146160284
1.75407484375E-07, 0.00473016233116274
1.754094375E-07, 0.00354665359304281
1.75411390625E-07, 0.00413356030971101
1.7541334375E-07, 0.00419005377659959
1.75415296875E-07, 0.00427541740695195
1.7541725E-07, 0.00399802639838744
1.75419203125E-07, 0.00516416821983091
1.7542115625E-07, 0.00606566358659533
1.75423109375E-07, 0.00544123113386276
1.754250625E-07, 0.00542333440178668
1.75427015625E-07, 0.00556855497123381
1.7542896875E-07, 0.00563351193462852
1.75430921875E-07, 0.00607776616948823
1.75432875E-07, 0.00644924285412532
1.75434828125E-07, 0.00697383326432041
1.7543678125E-07, 0.00667813520194282
1.75438734375E-07, 0.00711677782949593
1.754406875E-07, 0.00671131785642672
1.75442640625E-07, 0.00766542175199811
1.7544459375E-07, 0.00728151319745139
1.75446546875E-07, 0.00776647464890773
1.754485E-07, 0.00830662792455196
1.75450453125E-07, 0.00830920014164401
1.7545240625E-07, 0.00860984700388739
1.75454359375E-07, 0.00810951800470323
1.754563125E-07, 0.00888315733091676
1.75458265625E-07, 0.00950491505763056
1.7546021875E-07, 0.00812487007669151
1.75462171875E-07, 0.00942599348587144
1.75464125E-07, 0.00966186619619091
1.75466078125E-07, 0.0104856594612908
1.7546803125E-07, 0.0106546127463323
1.75469984375E-07, 0.00998564572531153
1.754719375E-07, 0.0104738501234196
1.75473890625E-07, 0.0107447620154506
1.7547584375E-07, 0.0115398112699442
1.75477796875E-07, 0.0112740300862674
1.7547975E-07, 0.0114755394196485
1.75481703125E-07, 0.011890769163684
1.7548365625E-07, 0.0122153149051597
1.75485609375E-07, 0.0119417846531457
1.754875625E-07, 0.0123609142438206
1.75489515625E-07, 0.0120483300833733
1.7549146875E-07, 0.0125343625419867
1.75493421875E-07, 0.0129329425446291
1.75495375E-07, 0.0131642713759588
1.75497328125E-07, 0.0130317317914038
1.7549928125E-07, 0.0132180093478341
1.75501234375E-07, 0.0140001512908432
1.755031875E-07, 0.0138803448482332
1.75505140625E-07, 0.0138649855145045
1.7550709375E-07, 0.0129816151237667
1.75509046875E-07, 0.014025553040303
1.75511E-07, 0.0139346615799547
1.75512953125E-07, 0.0146836687003444
1.7551490625E-07, 0.0145671932740194
1.75516859375E-07, 0.0139727366379855
1.755188125E-07, 0.0148090014645688
1.75520765625E-07, 0.0144792965040703
1.7552271875E-07, 0.0144514059289184
1.75524671875E-07, 0.0140209765962376
1.75526625E-07, 0.0146698041095877
1.75528578125E-07, 0.0143477408944322
1.7553053125E-07, 0.0139058303919859
1.75532484375E-07, 0.0144976512864796
1.755344375E-07, 0.0137560616532912
1.75536390625E-07, 0.0139386246334271
1.7553834375E-07, 0.0144080757010405
1.75540296875E-07, 0.0142176608201152
1.7554225E-07, 0.0136120902467166
1.75544203125E-07, 0.014028377581687
1.7554615625E-07, 0.0135905817968276
1.75548109375E-07, 0.0135706704307945
1.755500625E-07, 0.0130956811621257
1.75552015625E-07, 0.013246754876316
1.7555396875E-07, 0.0131633092646705
1.75555921875E-07, 0.0128779610792304
1.75557875E-07, 0.0118189943173132
1.75559828125E-07, 0.0115453329442463
1.7556178125E-07, 0.0122106172460212
1.75563734375E-07, 0.0110403498493881
1.755656875E-07, 0.0117093965705946
1.75567640625E-07, 0.0107127336134279
1.7556959375E-07, 0.0112775360079328
1.75571546875E-07, 0.0111936906130569
1.755735E-07, 0.0106862391103994
1.75575453125E-07, 0.0102514841971706
1.7557740625E-07, 0.00953071139558688
1.75579359375E-07, 0.009785681485354
1.755813125E-07, 0.00930574698057242
1.75583265625E-07, 0.00912238611155228
1.7558521875E-07, 0.00920955757526191
1.75587171875E-07, 0.0089149218714799
1.75589125E-07, 0.00854153866655756
1.75591078125E-07, 0.0085954843844785
1.7559303125E-07, 0.00773719524127212
1.75594984375E-07, 0.00761646477654074
1.755969375E-07, 0.00738454663457181
1.75598890625E-07, 0.0071986137215068
1.7560084375E-07, 0.00712591188095825
1.75602796875E-07, 0.00661138459520908
1.7560475E-07, 0.00666157116751526
1.75606703125E-07, 0.00597825635300354
1.7560865625E-07, 0.00574613501170145
1.75610609375E-07, 0.00585872221913226
1.756125625E-07, 0.00566897241558211
1.75614515625E-07, 0.00468594421881981
1.7561646875E-07, 0.00484034263513976
1.75618421875E-07, 0.00419322542509897
1.75620375E-07, 0.00550132815039367
1.75622328125E-07, 0.00470467542226959
1.7562428125E-07, 0.0049711105082118
1.75626234375E-07, 0.0039881338495565
1.756281875E-07, 0.00461850631808467
1.75630140625E-07, 0.00347020481966365
1.7563209375E-07, 0.0040200328234652
1.75634046875E-07, 0.00369356493850294
1.75636E-07, 0.00388174465216478
1.75637953125E-07, 0.00452376169454191
1.7563990625E-07, 0.00394355129020934
1.75641859375E-07, 0.00338427259217267
1.756438125E-07, 0.00420922576283339
1.75645765625E-07, 0.00392406019108496
1.7564771875E-07, 0.00381994929957601
1.75649671875E-07, 0.00333369642628719
1.75651625E-07, 0.00376033037643475
1.75653578125E-07, 0.00339012625315082
1.7565553125E-07, 0.00419309230735034
1.75657484375E-07, 0.00383291937141089
1.756594375E-07, 0.00356122798378225
1.75661390625E-07, 0.00413509509718947
1.7566334375E-07, 0.0038119964281387
1.75665296875E-07, 0.00437922138800656
1.7566725E-07, 0.00403698632204643
1.75669203125E-07, 0.00430214477473631
1.7567115625E-07, 0.00452069520071336
1.75673109375E-07, 0.00429925036519978
1.756750625E-07, 0.00412643309938763
1.75677015625E-07, 0.00470758444513676
1.7567896875E-07, 0.0047185955306379
1.75680921875E-07, 0.00455744478437951
1.75682875E-07, 0.00502338959957759
1.75684828125E-07, 0.00529400970130339
1.7568678125E-07, 0.00491137378828942
1.75688734375E-07, 0.00543295132166506
1.756906875E-07, 0.00493919566799255
1.75692640625E-07, 0.0053361176251487
1.7569459375E-07, 0.00570265267851034
1.75696546875E-07, 0.00578598867800615
1.756985E-07, 0.00597000323074387
1.75700453125E-07, 0.00575467603490125
1.7570240625E-07, 0.00577052116529415
1.75704359375E-07, 0.00670027479921144
1.757063125E-07, 0.00642446656940648
1.75708265625E-07, 0.00667493732735938
1.7571021875E-07, 0.00675767428753554
1.75712171875E-07, 0.00684498436806203
1.75714125E-07, 0.00696022593501869
1.75716078125E-07, 0.00692708029773584
1.7571803125E-07, 0.00693120446037487
1.75719984375E-07, 0.00726899780097241
1.757219375E-07, 0.0072820625206165
1.75723890625E-07, 0.0075263081215356
1.7572584375E-07, 0.0073727228092558
1.75727796875E-07, 0.00802519887047239
1.7572975E-07, 0.00755323411938532
1.75731703125E-07, 0.00827370228527245
1.7573365625E-07, 0.00807081543169007
1.75735609375E-07, 0.00844469972153305
1.757375625E-07, 0.00814683782888019
1.75739515625E-07, 0.00778985383060391
1.7574146875E-07, 0.00819389649069091
1.75743421875E-07, 0.0087357253687469
1.75745375E-07, 0.00859772370922704
1.75747328125E-07, 0.00879182876257107
1.7574928125E-07, 0.00906051582900033
1.75751234375E-07, 0.00883405924492887
1.757531875E-07, 0.00892563290378282
1.75755140625E-07, 0.00925117512464424
1.7575709375E-07, 0.00923340050541635
1.75759046875E-07, 0.00955514589964621
1.75761E-07, 0.00973468598966839
1.75762953125E-07, 0.0100211627153593
1.7576490625E-07, 0.00968421895560751
1.75766859375E-07, 0.0096554760588264
1.757688125E-07, 0.00975258672204684
1.75770765625E-07, 0.00961401913439918
1.7577271875E-07, 0.00994985721440542
1.75774671875E-07, 0.0100930107471174
1.75776625E-07, 0.0100966926928576
1.75778578125E-07, 0.0096941190138636
1.7578053125E-07, 0.0102085485083263
1.75782484375E-07, 0.0101211088371444
1.757844375E-07, 0.0104375757585866
1.75786390625E-07, 0.0106269661912073
1.7578834375E-07, 0.0111316180106091
1.75790296875E-07, 0.0109867662544348
1.7579225E-07, 0.0106096444969687
1.75794203125E-07, 0.011197617980372
1.7579615625E-07, 0.0106449388332461
1.75798109375E-07, 0.0106504993630061
1.758000625E-07, 0.0110695686674313
1.75802015625E-07, 0.0112180598933559
1.7580396875E-07, 0.0116995506626743
1.75805921875E-07, 0.0113146899881078
1.75807875E-07, 0.0117276669697519
1.75809828125E-07, 0.0115184833523662
1.7581178125E-07, 0.011532863218034
1.75813734375E-07, 0.0118472518250575
1.758156875E-07, 0.0114289101448917
1.75817640625E-07, 0.0115750560025167
1.7581959375E-07, 0.0115836994177568
1.75821546875E-07, 0.0117757795180713
1.758235E-07, 0.0120203493593096
1.75825453125E-07, 0.0115062114807514
1.7582740625E-07, 0.0124358416865848
1.75829359375E-07, 0.0120723843181246
1.758313125E-07, 0.0121468479616382
1.75833265625E-07, 0.0123922073032159
1.7583521875E-07, 0.011190693418088
1.75837171875E-07, 0.012427785980903
1.75839125E-07, 0.013267615111069
1.75841078125E-07, 0.0129541848037891
1.7584303125E-07, 0.0125862236223957
1.75844984375E-07, 0.0123682693152035
1.758469375E-07, 0.0131023862996542
1.75848890625E-07, 0.0131357654301671
1.7585084375E-07, 0.0129492730755729
1.75852796875E-07, 0.0129339054990454
1.7585475E-07, 0.0132518497870878
1.75856703125E-07, 0.012705700830256
1.7585865625E-07, 0.013287501185818
1.75860609375E-07, 0.0127132159361259
1.758625625E-07, 0.0137721136719828
1.75864515625E-07, 0.0135471894318686
1.7586646875E-07, 0.01315905568037
1.75868421875E-07, 0.0128262254749772
1.75870375E-07, 0.0135238516117417
1.75872328125E-07, 0.0133221932224148
1.7587428125E-07, 0.0128116761577567
1.75876234375E-07, 0.0129580939986477
1.758781875E-07, 0.0136716801221443
1.75880140625E-07, 0.0135889942023217
1.7588209375E-07, 0.0131733075830733
1.75884046875E-07, 0.0142848812071866
1.75886E-07, 0.0124627466681255
1.75887953125E-07, 0.0132055871468878
1.7588990625E-07, 0.0119728102067336
1.75891859375E-07, 0.013452153518877
1.758938125E-07, 0.0128861895580589
1.75895765625E-07, 0.0130465008727627
1.7589771875E-07, 0.0141442916534994
1.75899671875E-07, 0.0126131853802397
1.75901625E-07, 0.0131254087660188
1.75903578125E-07, 0.012720967926519
1.7590553125E-07, 0.012334200251226
1.75907484375E-07, 0.0125949143669348
1.759094375E-07, 0.0121437947027096
1.75911390625E-07, 0.0114520551288567
1.7591334375E-07, 0.0125242511574399
1.75915296875E-07, 0.0119371936118468
1.7591725E-07, 0.0113008595741727
1.75919203125E-07, 0.0108814023230125
1.7592115625E-07, 0.0110250613481233
1.75923109375E-07, 0.0107240607318836
1.759250625E-07, 0.0113433192405896
1.75927015625E-07, 0.0112059446415077
1.7592896875E-07, 0.0108073117048039
1.75930921875E-07, 0.0105528998279193
1.75932875E-07, 0.0100158668346504
1.75934828125E-07, 0.0105584443710483
1.7593678125E-07, 0.00995548890688359
1.75938734375E-07, 0.00912554552614311
1.759406875E-07, 0.0101401796556211
1.75942640625E-07, 0.00870563069830481
1.7594459375E-07, 0.00752395722172685
1.75946546875E-07, 0.00780345430456551
1.759485E-07, 0.00742371254026647
1.75950453125E-07, 0.0067997290549258
1.7595240625E-07, 0.00778112682718465
1.75954359375E-07, 0.006599591519896
1.759563125E-07, 0.00688176561030991
1.75958265625E-07, 0.00560506184389582
1.7596021875E-07, 0.00572207225035484
1.75962171875E-07, 0.00610308234503909
1.75964125E-07, 0.00430998579121738
1.75966078125E-07, 0.00468862855354301
1.7596803125E-07, 0.0049662407829321
1.75969984375E-07, 0.0048767228914411
1.759719375E-07, 0.00325835741763513
1.75973890625E-07, 0.0020343769294947
1.7597584375E-07, 0.00282611305648516
1.75977796875E-07, 0.00273234981321464
1.7597975E-07, 0.000984021783675381
1.75981703125E-07, 0.00101957947333042
1.7598365625E-07, 2.88974950278726E-05
1.75985609375E-07, 0.000267295954267786
1.759875625E-07, -0.000355611509585917
1.75989515625E-07, 0.000211334930461195
1.7599146875E-07, -0.00131138482748202
1.75993421875E-07, -0.00277769180546121
1.75995375E-07, -0.00273407725948515
1.75997328125E-07, -0.00410593086513612
1.7599928125E-07, -0.00300005016187392
1.76001234375E-07, -0.00295616156054509
1.760031875E-07, -0.00358288370946007
1.76005140625E-07, -0.00275664043758987
1.7600709375E-07, -0.00330473641949605
1.76009046875E-07, -0.00574470498735194
1.76011E-07, -0.00494672145581633
1.76012953125E-07, -0.00494391420642532
1.7601490625E-07, -0.00647107221290718
1.76016859375E-07, -0.00774870282368159
1.760188125E-07, -0.00748960591991252
1.76020765625E-07, -0.00812345372466696
1.7602271875E-07, -0.00457236465213121
1.76024671875E-07, -0.00800766526718595
1.76026625E-07, -0.00771538099400463
1.76028578125E-07, -0.00913549650542939
1.7603053125E-07, -0.0098438735018012
1.76032484375E-07, -0.00969504169478736
1.760344375E-07, -0.011287288700334
1.76036390625E-07, -0.00948634056168872
1.7603834375E-07, -0.0110350916099036
1.76040296875E-07, -0.0116185133965356
1.7604225E-07, -0.0104152800821072
1.76044203125E-07, -0.0120264706691544
1.7604615625E-07, -0.0119671939624835
1.76048109375E-07, -0.0118679534800148
1.760500625E-07, -0.0137040968376135
1.76052015625E-07, -0.011937191625041
1.7605396875E-07, -0.0148196294369709
1.76055921875E-07, -0.0141784279939391
1.76057875E-07, -0.0150598594144509
1.76059828125E-07, -0.0149778608201647
1.7606178125E-07, -0.0157244001178034
1.76063734375E-07, -0.0159653956761246
1.760656875E-07, -0.0154331497787889
1.76067640625E-07, -0.0146208212867219
1.7606959375E-07, -0.0152820730933797
1.76071546875E-07, -0.0158739638191918
1.760735E-07, -0.0159124875421491
1.76075453125E-07, -0.0155689303233146
1.7607740625E-07, -0.0159588023044961
1.76079359375E-07, -0.0162113235025845
1.760813125E-07, -0.0152164715244775
1.76083265625E-07, -0.0149589671518096
1.7608521875E-07, -0.0161226009152369
1.76087171875E-07, -0.0154986334439631
1.76089125E-07, -0.0154931485885719
1.76091078125E-07, -0.0166209458762322
1.7609303125E-07, -0.0160784979349303
1.76094984375E-07, -0.015671360164638
1.760969375E-07, -0.0161712042313668
1.76098890625E-07, -0.0151789894736867
1.7610084375E-07, -0.0159673094824434
1.76102796875E-07, -0.0152655995695905
1.7610475E-07, -0.0142393838839605
1.76106703125E-07, -0.0137289809590067
1.7610865625E-07, -0.0146693544138168
1.76110609375E-07, -0.0151471610709834
1.761125625E-07, -0.0141677463935479
1.76114515625E-07, -0.0130568421796038
1.7611646875E-07, -0.0136953001346421
1.76118421875E-07, -0.0116367335954935
1.76120375E-07, -0.0126798095924779
1.76122328125E-07, -0.0128099047767267
1.7612428125E-07, -0.0119617055712673
1.76126234375E-07, -0.0121216918599257
1.761281875E-07, -0.0120614940541043
1.76130140625E-07, -0.0109496542394432
1.7613209375E-07, -0.010690336210708
1.76134046875E-07, -0.0104948790242824
1.76136E-07, -0.0111995818347713
1.76137953125E-07, -0.0101876840203928
1.7613990625E-07, -0.0098670666708379
1.76141859375E-07, -0.00961447936216224
1.761438125E-07, -0.00877249963539875
1.76145765625E-07, -0.00918859214246203
1.7614771875E-07, -0.00839338923340265
1.76149671875E-07, -0.00940097113703888
1.76151625E-07, -0.00804363752942345
1.76153578125E-07, -0.00747476254611648
1.7615553125E-07, -0.00645664144112938
1.76157484375E-07, -0.00730074003425317
1.761594375E-07, -0.00781269221981787
1.76161390625E-07, -0.00672548805787026
1.7616334375E-07, -0.00703636706292324
1.76165296875E-07, -0.0070644801737728
1.7616725E-07, -0.00709927205884474
1.76169203125E-07, -0.00584540934285353
1.7617115625E-07, -0.00615946668912184
1.76173109375E-07, -0.0055780572158718
1.761750625E-07, -0.00523918646633151
1.76177015625E-07, -0.00516299475424675
1.7617896875E-07, -0.00589865562536612
1.76180921875E-07, -0.00525320601276133
1.76182875E-07, -0.00589795473345586
1.76184828125E-07, -0.00534858693157868
1.7618678125E-07, -0.00568943077330613
1.76188734375E-07, -0.00522920759394228
1.761906875E-07, -0.00500672719901877
1.76192640625E-07, -0.00589383983725337
1.7619459375E-07, -0.00539962055644488
1.76196546875E-07, -0.00529164769996128
1.761985E-07, -0.00534433046969658
1.76200453125E-07, -0.00539799064145695
1.7620240625E-07, -0.00563031438217837
1.76204359375E-07, -0.00569964460967062
1.762063125E-07, -0.00598400478556626
1.76208265625E-07, -0.0058783958377228
1.7621021875E-07, -0.00565654758975609
1.76212171875E-07, -0.00645920317956496
1.76214125E-07, -0.00650437562307483
1.76216078125E-07, -0.00703766739948812
1.7621803125E-07, -0.00625941049828754
1.76219984375E-07, -0.00613692339918258
1.762219375E-07, -0.00631243573047061
1.76223890625E-07, -0.00716341672896048
1.7622584375E-07, -0.00656712473379728
1.76227796875E-07, -0.00662399901621554
1.7622975E-07, -0.00723661052728895
1.76231703125E-07, -0.00771887654898335
1.7623365625E-07, -0.00760007226512603
1.76235609375E-07, -0.0080875913032801
1.762375625E-07, -0.00797933907267252
1.76239515625E-07, -0.00836880329619986
1.7624146875E-07, -0.00848403798045868
1.76243421875E-07, -0.00822246548652567
1.76245375E-07, -0.00887265949617521
1.76247328125E-07, -0.00833819138860555
1.7624928125E-07, -0.00880722208331951
1.76251234375E-07, -0.00882065550410772
1.762531875E-07, -0.00931136147324617
1.76255140625E-07, -0.00963721743038349
1.7625709375E-07, -0.00871418331868771
1.76259046875E-07, -0.00946129180244189
1.76261E-07, -0.00942692459143406
1.76262953125E-07, -0.00983783096852547
1.7626490625E-07, -0.00994140432688213
1.76266859375E-07, -0.00977326197419513
1.762688125E-07, -0.00981275023321086
1.76270765625E-07, -0.00974539947110975
1.7627271875E-07, -0.010266809605444
1.76274671875E-07, -0.010266279820107
1.76276625E-07, -0.0103277889874598
1.76278578125E-07, -0.0104468430975867
1.7628053125E-07, -0.0100731282708901
1.76282484375E-07, -0.0103566255687067
1.762844375E-07, -0.0104834742832569
1.76286390625E-07, -0.0107388879280447
1.7628834375E-07, -0.0103729255944483
1.76290296875E-07, -0.0101192308177877
1.7629225E-07, -0.00991843119194402
1.76294203125E-07, -0.00992604749589391
1.7629615625E-07, -0.0100349539957671
1.76298109375E-07, -0.00880573607979132
1.763000625E-07, -0.00996369212306026
1.76302015625E-07, -0.00995557999085578
1.7630396875E-07, -0.0100785755303854
1.76305921875E-07, -0.00957343220843724
1.76307875E-07, -0.00992297628346723
1.76309828125E-07, -0.00964471167221568
1.7631178125E-07, -0.00955789292386803
1.76313734375E-07, -0.00900288880701948
1.763156875E-07, -0.0093821995057725
1.76317640625E-07, -0.00902464549366314
1.7631959375E-07, -0.00887207711750611
1.76321546875E-07, -0.00882462423502773
1.763235E-07, -0.00857355902369622
1.76325453125E-07, -0.00839823838893662
1.7632740625E-07, -0.00832763849701032
1.76329359375E-07, -0.00807631290869803
1.763313125E-07, -0.00815350853617537
1.76333265625E-07, -0.00883650570758238
1.7633521875E-07, -0.00722145651981604
1.76337171875E-07, -0.00719636317214116
1.76339125E-07, -0.00728179205395846
1.76341078125E-07, -0.00754345935966731
1.7634303125E-07, -0.00789347569596794
1.76344984375E-07, -0.00730780987175516
1.763469375E-07, -0.00666859173397848
1.76348890625E-07, -0.00664112790476433
1.7635084375E-07, -0.00733966685960355
1.76352796875E-07, -0.00548744338611406
1.7635475E-07, -0.00604538021373536
1.76356703125E-07, -0.00619529470114434
1.7635865625E-07, -0.00660299588924898
1.76360609375E-07, -0.00573877031364484
1.763625625E-07, -0.00650237641544723
1.76364515625E-07, -0.00528655780871346
1.7636646875E-07, -0.0057634066486684
1.76368421875E-07, -0.00587495693757967
1.76370375E-07, -0.00534460347412399
1.76372328125E-07, -0.00635863969560283
1.7637428125E-07, -0.00537626517372658
1.76376234375E-07, -0.00523174242597451
1.763781875E-07, -0.00564923029609321
1.76380140625E-07, -0.00580272014982593
1.7638209375E-07, -0.00395414891256876
1.76384046875E-07, -0.00506853139823708
1.76386E-07, -0.00475120937011362
1.76387953125E-07, -0.00436477770047141
1.7638990625E-07, -0.00465350804543012
1.76391859375E-07, -0.00429548435158156
1.763938125E-07, -0.00326533724300722
1.76395765625E-07, -0.00470930061073825
1.7639771875E-07, -0.00440089860480568
1.76399671875E-07, -0.00462811251224134
1.76401625E-07, -0.00477311389432479
1.76403578125E-07, -0.00504331300635338
1.7640553125E-07, -0.00425046508671728
1.76407484375E-07, -0.00437727856813996
1.764094375E-07, -0.0033024451033689
1.76411390625E-07, -0.00396001745450926
1.7641334375E-07, -0.00410115076313322
1.76415296875E-07, -0.00436436228728132
1.7641725E-07, -0.00383063085524513
1.76419203125E-07, -0.00375007061913982
1.7642115625E-07, -0.00409655559589653
1.76423109375E-07, -0.00411017464800898
1.764250625E-07, -0.00413223964610024
1.76427015625E-07, -0.00434530713841939
1.7642896875E-07, -0.00407701042512426
1.76430921875E-07, -0.00421346756134908
1.76432875E-07, -0.00394058013428231
1.76434828125E-07, -0.00393213181821455
1.7643678125E-07, -0.00441150484039543
1.76438734375E-07, -0.0045764680080013
1.764406875E-07, -0.00432050613818611
1.76442640625E-07, -0.0044679718367077
1.7644459375E-07, -0.00426795192242389
1.76446546875E-07, -0.0041488245508527
1.764485E-07, -0.00454398872935573
1.76450453125E-07, -0.0043028463381316
1.7645240625E-07, -0.00435622356133084
1.76454359375E-07, -0.0041645039986971
1.764563125E-07, -0.00414016917560292
1.76458265625E-07, -0.00439473956476101
1.7646021875E-07, -0.00416176117761858
1.76462171875E-07, -0.00449458050609441
1.76464125E-07, -0.00430717201726301
1.76466078125E-07, -0.00412918364457813
1.7646803125E-07, -0.0042884598144991
1.76469984375E-07, -0.00415456473161566
1.764719375E-07, -0.00452966422741917
1.76473890625E-07, -0.00426641180640152
1.7647584375E-07, -0.00430826795255398
1.76477796875E-07, -0.00453895812968377
1.7647975E-07, -0.00420499869190641
1.76481703125E-07, -0.0042064859653492
1.7648365625E-07, -0.00427506084102644
1.76485609375E-07, -0.00409565548664682
1.764875625E-07, -0.00418046032799668
1.76489515625E-07, -0.00435661264112418
1.7649146875E-07, -0.0038906556494072
1.76493421875E-07, -0.00426124111368372
1.76495375E-07, -0.00390134309716199
1.76497328125E-07, -0.0041235516227845
1.7649928125E-07, -0.00406785337425743
1.76501234375E-07, -0.00405828995584207
1.765031875E-07, -0.00385731845776871
1.76505140625E-07, -0.00376805951449361
1.7650709375E-07, -0.00379500865543224
1.76509046875E-07, -0.00370147258104122
1.76511E-07, -0.00331200500551621
1.76512953125E-07, -0.00351817528562532
1.7651490625E-07, -0.00409210590738574
1.76516859375E-07, -0.00385909662714664
1.765188125E-07, -0.00352345430457974
1.76520765625E-07, -0.00350818708334163
1.7652271875E-07, -0.00363224752677208
1.76524671875E-07, -0.00347107974540137
1.76526625E-07, -0.00355461541964803
1.76528578125E-07, -0.00342116477522433
1.7653053125E-07, -0.00333434762899549
1.76532484375E-07, -0.00362207192772132
1.765344375E-07, -0.00366339837461225
1.76536390625E-07, -0.00300031265831309
1.7653834375E-07, -0.00309444617496781
1.76540296875E-07, -0.00355657883225945
1.7654225E-07, -0.00317179397472187
1.76544203125E-07, -0.00334436247479582
1.7654615625E-07, -0.00347482540318811
1.76548109375E-07, -0.00267986518842119
1.765500625E-07, -0.00336178007213912
1.76552015625E-07, -0.00317853236642523
1.7655396875E-07, -0.00319151421416091
1.76555921875E-07, -0.00319752686991558
1.76557875E-07, -0.00306002310601939
1.76559828125E-07, -0.00305297551212306
1.7656178125E-07, -0.00306883890969622
1.76563734375E-07, -0.00288524683275452
1.765656875E-07, -0.00302250267968103
1.76567640625E-07, -0.00305905273277109
1.7656959375E-07, -0.00319392900318494
1.76571546875E-07, -0.0030096503710891
1.765735E-07, -0.00298103929979259
1.76575453125E-07, -0.00311160220893061
1.7657740625E-07, -0.00297547045279303
1.76579359375E-07, -0.00305445067602589
1.765813125E-07, -0.00238522127579588
1.76583265625E-07, -0.0030040176995005
1.7658521875E-07, -0.00285520990915553
1.76587171875E-07, -0.00284367187787393
1.76589125E-07, -0.00254914070341319
1.76591078125E-07, -0.00276207568336103
1.7659303125E-07, -0.00340341087796875
1.76594984375E-07, -0.00242735160778432
1.765969375E-07, -0.00334741347315971
1.76598890625E-07, -0.0025345853010963
1.7660084375E-07, -0.00351371551877131
1.76602796875E-07, -0.00384077839608624
1.7660475E-07, -0.00293662158384588
1.76606703125E-07, -0.00296562000606457
1.7660865625E-07, -0.00259959703406797
1.76610609375E-07, -0.00231792307586442
1.766125625E-07, -0.00302521296526229
1.76614515625E-07, -0.00222723542819492
1.7661646875E-07, -0.00278936622971036
1.76618421875E-07, -0.00281448698268432
1.76620375E-07, -0.00298282808599883
1.76622328125E-07, -0.00308982381219956
1.7662428125E-07, -0.00231124362845689
1.76626234375E-07, -0.00269308925723308
1.766281875E-07, -0.00276515462158701
1.76630140625E-07, -0.00213984322691977
1.7663209375E-07, -0.00284754456878328
1.76634046875E-07, -0.00222006601636422
1.76636E-07, -0.00243603527890628
1.76637953125E-07, -0.00238855919242312
1.7663990625E-07, -0.0019033565941229
1.76641859375E-07, -0.00211047216008623
1.766438125E-07, -0.00209552725977996
1.76645765625E-07, -0.00204022000936595
1.7664771875E-07, -0.00267037113163584
1.76649671875E-07, -0.00217316882929123
1.76651625E-07, -0.00181480396597107
1.76653578125E-07, -0.00119621415954159
1.7665553125E-07, -0.00215142683561968
1.76657484375E-07, -0.00227321969603575
1.766594375E-07, -0.00197469347602621
1.76661390625E-07, -0.00273365952558349
1.7666334375E-07, -0.00215769321968111
1.76665296875E-07, -0.00199972187910098
1.7666725E-07, -0.00177584251332486
1.76669203125E-07, -0.00221171575434311
1.7667115625E-07, -0.00161048398294551
1.76673109375E-07, -0.00147684692616487
1.766750625E-07, -0.00202878866721604
1.76677015625E-07, -0.00186753737979498
1.7667896875E-07, -0.00153265105846239
1.76680921875E-07, -0.001619213125795
1.76682875E-07, -0.00198718242130888
1.76684828125E-07, -0.00187131252839246
1.7668678125E-07, -0.00170635787624125
1.76688734375E-07, -0.00171866611069818
1.766906875E-07, -0.00178516494771833
1.76692640625E-07, -0.00189562112504585
1.7669459375E-07, -0.00178818305238368
1.76696546875E-07, -0.00168801027246841
1.766985E-07, -0.00176245518341221
1.76700453125E-07, -0.00183125860253852
1.7670240625E-07, -0.0017427532280991
1.76704359375E-07, -0.00175603661814392
1.767063125E-07, -0.00238580210492078
1.76708265625E-07, -0.00182522228919889
1.7671021875E-07, -0.0015678811818558
1.76712171875E-07, -0.00200274032382817
1.76714125E-07, -0.00180171950198411
1.76716078125E-07, -0.00208944298889935
1.7671803125E-07, -0.00229101179144205
1.76719984375E-07, -0.00170691187200954
1.767219375E-07, -0.00182315564689837
1.76723890625E-07, -0.00213982300196557
1.7672584375E-07, -0.00192772311234751
1.76727796875E-07, -0.00187608245599
1.7672975E-07, -0.0018645541630423
1.76731703125E-07, -0.00187328705819975
1.7673365625E-07, -0.00243175207526913
1.76735609375E-07, -0.00235121866586716
1.767375625E-07, -0.00225453628815506
1.76739515625E-07, -0.00236178855354247
1.7674146875E-07, -0.0024129287519319
1.76743421875E-07, -0.00189941092804059
1.76745375E-07, -0.00203274571047639
1.76747328125E-07, -0.00214156952630244
1.7674928125E-07, -0.00258032305779742
1.76751234375E-07, -0.00193042223416334
1.767531875E-07, -0.00213250084590308
1.76755140625E-07, -0.00202371092587726
1.7675709375E-07, -0.00192546301734838
1.76759046875E-07, -0.00209816367015063
1.76761E-07, -0.00197483388419382
1.76762953125E-07, -0.00190592369712998
1.7676490625E-07, -0.00188706874094181
1.76766859375E-07, -0.00164536874889855
1.767688125E-07, -0.00188604065098956
1.76770765625E-07, -0.00147373322402525
1.7677271875E-07, -0.000517113364741864
1.76774671875E-07, -0.00156696685797234
1.76776625E-07, -0.00158164953663407
1.76778578125E-07, -0.00165336141363401
1.7678053125E-07, -0.00100305256576926
1.76782484375E-07, -0.000103983845564422
1.767844375E-07, -0.000166859122248671
1.76786390625E-07, -0.000271005190303208
1.7678834375E-07, -0.000201956275622259
1.76790296875E-07, -0.000399020077702585
1.7679225E-07, 0.000344739666286016
1.76794203125E-07, -0.000162299332261545
1.7679615625E-07, 6.77180433199364E-05
1.76798109375E-07, -1.7170672742093E-05
1.768000625E-07, 0.000370642058528153
1.76802015625E-07, 0.00122624070339467
1.7680396875E-07, 0.000672942217060535
1.76805921875E-07, 0.00144167634833654
1.76807875E-07, 0.00238407590269722
1.76809828125E-07, 0.00255234840615587
1.7681178125E-07, 0.00263128577298941
1.76813734375E-07, 0.00218457168035613
1.768156875E-07, 0.00246594384691012
1.76817640625E-07, 0.00306399527536527
1.7681959375E-07, 0.00393837924406519
1.76821546875E-07, 0.00431744860910328
1.768235E-07, 0.00391205533495962
1.76825453125E-07, 0.00438324509101915
1.7682740625E-07, 0.0049884611339167
1.76829359375E-07, 0.00434090614820088
1.768313125E-07, 0.00455906440719141
1.76833265625E-07, 0.00591179869390989
1.7683521875E-07, 0.00506043453620532
1.76837171875E-07, 0.00565916088257934
1.76839125E-07, 0.00525815071480687
1.76841078125E-07, 0.00638037700347528
1.7684303125E-07, 0.00603924153524433
1.76844984375E-07, 0.00577516563880807
1.768469375E-07, 0.00676175619469497
1.76848890625E-07, 0.0060020218455113
1.7685084375E-07, 0.00661446758011346
1.76852796875E-07, 0.00718866858242642
1.7685475E-07, 0.00702006607029665
1.76856703125E-07, 0.00718179726182297
1.7685865625E-07, 0.00691847336949576
1.76860609375E-07, 0.00691289174436417
1.768625625E-07, 0.00709351432722303
1.76864515625E-07, 0.00680372458578654
1.7686646875E-07, 0.00601198101597435
1.76868421875E-07, 0.00705758675427544
1.76870375E-07, 0.00596468050249155
1.76872328125E-07, 0.00676268306499981
1.7687428125E-07, 0.00658709447734229
1.76876234375E-07, 0.00615038603388665
1.768781875E-07, 0.00584849418360035
1.76880140625E-07, 0.00613077979417145
1.7688209375E-07, 0.00501598165380832
1.76884046875E-07, 0.00590927626675669
1.76886E-07, 0.00569421327423598
1.76887953125E-07, 0.00564004952590542
1.7688990625E-07, 0.00604458487424545
1.76891859375E-07, 0.00519660631870519
1.768938125E-07, 0.00444640957326668
1.76895765625E-07, 0.00454281323573053
1.7689771875E-07, 0.00402832441001835
1.76899671875E-07, 0.00432071175242388
1.76901625E-07, 0.00456508569358281
1.76903578125E-07, 0.00409142497244697
1.7690553125E-07, 0.00362791544080865
1.76907484375E-07, 0.00347938174281006
1.769094375E-07, 0.00293274926920976
1.76911390625E-07, 0.00320887018036146
1.7691334375E-07, 0.00307293977860618
1.76915296875E-07, 0.00212870443000113
1.7691725E-07, 0.00284819462589807
1.76919203125E-07, 0.00159979692288277
1.7692115625E-07, 0.00158642212232311
1.76923109375E-07, 0.00203284424721242
1.769250625E-07, 0.00162783176138147
1.76927015625E-07, 0.00163107098105519
1.7692896875E-07, 0.000967356199228624
1.76930921875E-07, 0.000641249118638153
1.76932875E-07, 0.00109616204351544
1.76934828125E-07, 0.00108185158837156
1.7693678125E-07, 0.00109901420292215
1.76938734375E-07, 0.000467414838965232
1.769406875E-07, 0.000942527277960275
1.76942640625E-07, 5.70936349460766E-05
1.7694459375E-07, -0.000308185096200329
1.76946546875E-07, 0.000240950937501946
1.769485E-07, -0.000702989367815245
1.76950453125E-07, 0.000411568227883325
1.7695240625E-07, 0.000238116989448226
1.76954359375E-07, -7.91684898329258E-05
1.769563125E-07, -0.000387541676583615
1.76958265625E-07, 0.000345558875638868
1.7696021875E-07, -0.000240774653025406
1.76962171875E-07, -0.000506418311177403
1.76964125E-07, -0.000494945607299976
1.76966078125E-07, -0.000304456290260176
1.7696803125E-07, -0.000437631359345331
1.76969984375E-07, -0.000111345753158867
1.769719375E-07, -0.000205520726235095
1.76973890625E-07, -0.000263935492398545
1.7697584375E-07, 0.00011129643613487
1.76977796875E-07, -0.000292414254754603
1.7697975E-07, -0.000107607581984544
1.76981703125E-07, -0.000262262988385
1.7698365625E-07, -0.000157167073226519
1.76985609375E-07, -9.3912489527794E-05
1.769875625E-07, -0.000100534009533021
1.76989515625E-07, -5.05930422407086E-05
1.7699146875E-07, -0.000339207886347444
1.76993421875E-07, -0.000487671877996552
1.76995375E-07, -0.000608585028036791
1.76997328125E-07, -0.000421440274466874
1.7699928125E-07, -0.000192948149180313
1.77001234375E-07, 9.96070266801021E-05
1.770031875E-07, 0.000189312813069919
1.77005140625E-07, -4.81354149819995E-05
1.7700709375E-07, -8.62694296911115E-05
1.77009046875E-07, 0.000467514057830314
1.77011E-07, 0.00061659084524914
1.77012953125E-07, 0.000203926941477623
1.7701490625E-07, 0.000246516129369978
1.77016859375E-07, -0.000335910692927299
1.770188125E-07, -2.03826629788667E-05
1.77020765625E-07, 0.000738292944859842
1.7702271875E-07, 0.000177465727853522
1.77024671875E-07, 0.00101289268544973
1.77026625E-07, 0.000247455680000429
1.77028578125E-07, 0.00013001542149012
1.7703053125E-07, 0.000468873559810098
1.77032484375E-07, 0.00020443857197555
1.770344375E-07, 0.000318881041953677
1.77036390625E-07, 5.1322166191209E-05
1.7703834375E-07, 0.000440973838424491
1.77040296875E-07, 0.000209820823706037
1.7704225E-07, 0.000493905090438941
1.77044203125E-07, 0.000107735585208687
1.7704615625E-07, 0.000733681626946085
1.77048109375E-07, 0.000638251040376846
1.770500625E-07, 0.000385825651855535
1.77052015625E-07, 0.000726480308409672
1.7705396875E-07, 0.000809614944218454
1.77055921875E-07, 0.000483689375083534
1.77057875E-07, 0.00101975103559526
1.77059828125E-07, 0.0010514491628278
1.7706178125E-07, 0.00047283095056192
1.77063734375E-07, 0.000505564256313697
1.770656875E-07, 0.000637999733577374
1.77067640625E-07, 0.000559642799126634
1.7706959375E-07, 0.00081756920179651
1.77071546875E-07, 0.000319159838746131
1.770735E-07, 0.00138741632196055
1.77075453125E-07, 0.00147986541381193
1.7707740625E-07, 0.000622050243866081
1.77079359375E-07, 0.00194519397893558
1.770813125E-07, 0.00181422012665708
1.77083265625E-07, 0.00163652222537128
1.7708521875E-07, 0.00220112544336453
1.77087171875E-07, 0.00177115957181944
1.77089125E-07, 0.00174705756736577
1.77091078125E-07, 0.00229471762163567
1.7709303125E-07, 0.00373372159182523
1.77094984375E-07, 0.00318582733337961
1.770969375E-07, 0.00331633293686259
1.77098890625E-07, 0.00318923438924187
1.7710084375E-07, 0.00333719858444225
1.77102796875E-07, 0.0035682476462518
1.7710475E-07, 0.00438413417326977
1.77106703125E-07, 0.00482235574585185
1.7710865625E-07, 0.00429937321306445
1.77110609375E-07, 0.00448434146964704
1.771125625E-07, 0.00431062843525631
1.77114515625E-07, 0.00503435287838783
1.7711646875E-07, 0.00573145374375489
1.77118421875E-07, 0.005419602525872
1.77120375E-07, 0.00529691595610653
1.77122328125E-07, 0.00698511369950287
1.7712428125E-07, 0.00573339399291215
1.77126234375E-07, 0.00590827343095404
1.771281875E-07, 0.00660031698594275
1.77130140625E-07, 0.00649780969495418
1.7713209375E-07, 0.00678238717782512
1.77134046875E-07, 0.00632377175000461
1.77136E-07, 0.00658022768547018
1.77137953125E-07, 0.00698032247715477
1.7713990625E-07, 0.00772415220245652
1.77141859375E-07, 0.00816481794616953
1.771438125E-07, 0.00826134022756418
1.77145765625E-07, 0.00751895206456769
1.7714771875E-07, 0.00782085557637563
1.77149671875E-07, 0.00788266874591607
1.77151625E-07, 0.00838423429288261
1.77153578125E-07, 0.00820479891626174
1.7715553125E-07, 0.0093321859111673
1.77157484375E-07, 0.0085322316960679
1.771594375E-07, 0.00825234235196359
1.77161390625E-07, 0.00890048909673123
1.7716334375E-07, 0.00886073141046434
1.77165296875E-07, 0.0096382926501991
1.7716725E-07, 0.00919556600900399
1.77169203125E-07, 0.00946281780212875
1.7717115625E-07, 0.00903158971822961
1.77173109375E-07, 0.00841784562331897
1.771750625E-07, 0.00977150586629726
1.77177015625E-07, 0.00959265999690833
1.7717896875E-07, 0.00921218408582477
1.77180921875E-07, 0.00945712490474889
1.77182875E-07, 0.00943881284157594
1.77184828125E-07, 0.0091276792576561
1.7718678125E-07, 0.0100092248971998
1.77188734375E-07, 0.00887048654245365
1.771906875E-07, 0.00924677577452778
1.77192640625E-07, 0.00891345509784097
1.7719459375E-07, 0.00867011689136987
1.77196546875E-07, 0.00870013973135016
1.771985E-07, 0.00864766074205066
1.77200453125E-07, 0.00873748863906249
1.7720240625E-07, 0.0083200934644072
1.77204359375E-07, 0.00905497167268422
1.772063125E-07, 0.00867289753385123
1.77208265625E-07, 0.00858385652762012
1.7721021875E-07, 0.00808361733049824
1.77212171875E-07, 0.00817592497161081
1.77214125E-07, 0.00827123012704981
1.77216078125E-07, 0.00807244531023814
1.7721803125E-07, 0.00782611790532333
1.77219984375E-07, 0.00769110592135783
1.772219375E-07, 0.00779337255964901
1.77223890625E-07, 0.00807575788476547
1.7722584375E-07, 0.00728889402137212
1.77227796875E-07, 0.00718391241061525
1.7722975E-07, 0.00657943068643984
1.77231703125E-07, 0.00616813875226573
1.7723365625E-07, 0.00695475540902836
1.77235609375E-07, 0.00585095642386951
1.772375625E-07, 0.00607422105512127
1.77239515625E-07, 0.00585015618249943
1.7724146875E-07, 0.00546053310629961
1.77243421875E-07, 0.00577502734722182
1.77245375E-07, 0.00520282381238299
1.77247328125E-07, 0.00587018099536838
1.7724928125E-07, 0.00448437033133074
1.77251234375E-07, 0.00558256312070877
1.772531875E-07, 0.00536428324683668
1.77255140625E-07, 0.00540659262576802
1.7725709375E-07, 0.00438873436244047
1.77259046875E-07, 0.00456847784544453
1.77261E-07, 0.00432327799311062
1.77262953125E-07, 0.00432504496890627
1.7726490625E-07, 0.0036988101343062
1.77266859375E-07, 0.00362728945518839
1.772688125E-07, 0.00377235821043314
1.77270765625E-07, 0.00362825148076902
1.7727271875E-07, 0.00430020316435022
1.77274671875E-07, 0.00323003945628847
1.77276625E-07, 0.00328486590861915
1.77278578125E-07, 0.00294434679104087
1.7728053125E-07, 0.00328972721274255
1.77282484375E-07, 0.00320503545009088
1.772844375E-07, 0.00279245165670936
1.77286390625E-07, 0.00248452948311015
1.7728834375E-07, 0.00240642260835531
1.77290296875E-07, 0.00233717262683009
1.7729225E-07, 0.00179861651227885
1.77294203125E-07, 0.00213732259031841
1.7729615625E-07, 0.001931481621173
1.77298109375E-07, 0.00207998639340901
1.773000625E-07, 0.00181522587864399
1.77302015625E-07, 0.00129480883549654
1.7730396875E-07, 0.00103265343043325
1.77305921875E-07, 0.000794134294106349
1.77307875E-07, 0.00190344435922528
1.77309828125E-07, 0.00126732422853581
1.7731178125E-07, 0.00102671298131931
1.77313734375E-07, 0.000772038285296775
1.773156875E-07, 0.000930237277245992
1.77317640625E-07, 0.00110803012688617
1.7731959375E-07, 0.000915679142008681
1.77321546875E-07, 0.000870249095105576
1.773235E-07, 0.000178742377552731
1.77325453125E-07, 0.000481519798637978
1.7732740625E-07, 0.000126567553474842
1.77329359375E-07, 0.000508404269787157
1.773313125E-07, 0.000608226505601409
1.77333265625E-07, 0.000500426961365286
1.7733521875E-07, -4.04796629790882E-05
1.77337171875E-07, -0.000206814038836179
1.77339125E-07, -0.000267454751525155
1.77341078125E-07, -0.000428108971336301
1.7734303125E-07, -0.000632568344106575
1.77344984375E-07, -0.000386452705109316
1.773469375E-07, -0.00108104185406549
1.77348890625E-07, -0.000848743311710927
1.7735084375E-07, -0.000872739778492179
1.77352796875E-07, -0.00097192544638968
1.7735475E-07, -0.000991748671044309
1.77356703125E-07, -0.00128621666855635
1.7735865625E-07, -0.00238790843664402
1.77360609375E-07, -0.0014104695837147
1.773625625E-07, -0.00139820162975294
1.77364515625E-07, -0.00193772422257381
1.7736646875E-07, -0.00131374230043374
1.77368421875E-07, -0.0015334535397038
1.77370375E-07, -0.00220972802140617
1.77372328125E-07, -0.0022682843639748
1.7737428125E-07, -0.00177030724567369
1.77376234375E-07, -0.00283518841258016
1.773781875E-07, -0.00236169689409339
1.77380140625E-07, -0.00178322794658448
1.7738209375E-07, -0.00198760034550989
1.77384046875E-07, -0.00242819082363191
1.77386E-07, -0.00264992431445498
1.77387953125E-07, -0.00202356827876064
1.7738990625E-07, -0.00274029264972021
1.77391859375E-07, -0.00286268470996039
1.773938125E-07, -0.00309870712964177
1.77395765625E-07, -0.0033762550752695
1.7739771875E-07, -0.00306868961395669
1.77399671875E-07, -0.00306913015314821
1.77401625E-07, -0.00282559179108691
1.77403578125E-07, -0.00267611659574374
1.7740553125E-07, -0.00339988914349907
1.77407484375E-07, -0.00333546903192271
1.774094375E-07, -0.00301020807667491
1.77411390625E-07, -0.00315028294347197
1.7741334375E-07, -0.00282607234269405
1.77415296875E-07, -0.00260594383282721
1.7741725E-07, -0.00404043268733899
1.77419203125E-07, -0.00369270247440759
1.7742115625E-07, -0.00395284481107406
1.77423109375E-07, -0.00344985518476466
1.774250625E-07, -0.00348836198902656
1.77427015625E-07, -0.00384340740677229
1.7742896875E-07, -0.00344168688458498
1.77430921875E-07, -0.00362153264934588
1.77432875E-07, -0.00386242673192953
1.77434828125E-07, -0.00380928269418341
1.7743678125E-07, -0.0042037275432171
1.77438734375E-07, -0.0038719026350055
1.774406875E-07, -0.00421935723998459
1.77442640625E-07, -0.00373395160726492
1.7744459375E-07, -0.003944815902837
1.77446546875E-07, -0.00389287306706361
1.774485E-07, -0.00390496636523116
1.77450453125E-07, -0.00409201377764586
1.7745240625E-07, -0.00400717535403892
1.77454359375E-07, -0.00456314526695168
1.774563125E-07, -0.00450748323810548
1.77458265625E-07, -0.00422703222643316
1.7746021875E-07, -0.00427562732246188
1.77462171875E-07, -0.004185266351962
1.77464125E-07, -0.00446577902456335
1.77466078125E-07, -0.00434123337708554
1.7746803125E-07, -0.00444699876577044
1.77469984375E-07, -0.0044333501173164
1.774719375E-07, -0.0044841072545898
1.77473890625E-07, -0.00457508536363806
1.7747584375E-07, -0.00465305235437609
1.77477796875E-07, -0.00485625500148304
1.7747975E-07, -0.00453784614202477
1.77481703125E-07, -0.00471819065034552
1.7748365625E-07, -0.00458331342528074
1.77485609375E-07, -0.00448497351547283
1.774875625E-07, -0.00489838548653848
1.77489515625E-07, -0.00472386548247649
1.7749146875E-07, -0.00480293313283956
1.77493421875E-07, -0.0052213641437392
1.77495375E-07, -0.00474656618421949
1.77497328125E-07, -0.00483043517938036
1.7749928125E-07, -0.0044789217042734
1.77501234375E-07, -0.00468573869319023
1.775031875E-07, -0.00477889174349422
1.77505140625E-07, -0.00401076380729834
1.7750709375E-07, -0.00481385324100089
1.77509046875E-07, -0.00531126458661041
1.77511E-07, -0.00486049333154635
1.77512953125E-07, -0.00474932337728066
1.7751490625E-07, -0.00499736277227286
1.77516859375E-07, -0.00490961663816066
1.775188125E-07, -0.00495193451075837
1.77520765625E-07, -0.00489703056915147
1.7752271875E-07, -0.00459860886373322
1.77524671875E-07, -0.00440764368348851
1.77526625E-07, -0.00469777986653518
1.77528578125E-07, -0.00459298729504498
1.7753053125E-07, -0.00440287444472307
1.77532484375E-07, -0.00483794209118992
1.775344375E-07, -0.00459325017224376
1.77536390625E-07, -0.00478825537648036
1.7753834375E-07, -0.00419137444711868
1.77540296875E-07, -0.0046205420569632
1.7754225E-07, -0.004677590284459
1.77544203125E-07, -0.00442693804372324
1.7754615625E-07, -0.00461778598591621
1.77548109375E-07, -0.00430849892026838
1.775500625E-07, -0.00453703341844416
1.77552015625E-07, -0.00435511229520053
1.7755396875E-07, -0.00417071304496155
1.77555921875E-07, -0.0044919912391903
1.77557875E-07, -0.00364530347769028
1.77559828125E-07, -0.00430503158603468
1.7756178125E-07, -0.00450201120947972
1.77563734375E-07, -0.00425120774865561
1.775656875E-07, -0.00385382898640523
1.77567640625E-07, -0.00413404303893091
1.7756959375E-07, -0.00378130483459177
1.77571546875E-07, -0.00403996358454156
1.775735E-07, -0.00402608597125518
1.77575453125E-07, -0.00397747496094958
1.7757740625E-07, -0.00360180121957101
1.77579359375E-07, -0.00348027968369144
1.775813125E-07, -0.00390964889910249
1.77583265625E-07, -0.00353941722913111
1.7758521875E-07, -0.0031635702734157
1.77587171875E-07, -0.00348870200350782
1.77589125E-07, -0.00326039167036564
1.77591078125E-07, -0.00350772531650887
1.7759303125E-07, -0.00348790820314315
1.77594984375E-07, -0.00294791001591919
1.775969375E-07, -0.00290104818488136
1.77598890625E-07, -0.00316967764920291
1.7760084375E-07, -0.00265187581465313
1.77602796875E-07, -0.00322394734556494
1.7760475E-07, -0.00226075695709989
1.77606703125E-07, -0.00227161777395966
1.7760865625E-07, -0.00255802139645002
1.77610609375E-07, -0.00249518188046714
1.776125625E-07, -0.00188906174203729
1.77614515625E-07, -0.00232020351257948
1.7761646875E-07, -0.00229009461899306
1.77618421875E-07, -0.00226657611186186
1.77620375E-07, -0.00163790819698341
1.77622328125E-07, -0.00171116900585922
1.7762428125E-07, -0.00171421585375163
1.77626234375E-07, -0.00171167979481763
1.776281875E-07, -0.00182564951975288
1.77630140625E-07, -0.0016665188750198
1.7763209375E-07, -0.00145567213854135
1.77634046875E-07, -0.00168966069373659


