File Format, WaveformXYValues
Format Version, 1
Instrument, N1045A,04F,LOJ
SwVersion, A.06.71.21
SerialNumber, MY56260108
Date, 11/29/2023 13:22:21 GMT+08:00

Source Name, Channel 1A

Points, 2048
Signal Type, Unspecified
Channel Bandwidth, 2E+10
Channel Noise, 6.66857143682292E-05
X Units, Second
Y Units, Volt
Data, 
1.73636E-07, -0.000881940601368949
1.73637953125E-07, -0.00061880000902641
1.7363990625E-07, -0.000943752455232793
1.73641859375E-07, -0.000393469649291469
1.736438125E-07, -0.000752647202212576
1.73645765625E-07, -0.000718884273503552
1.7364771875E-07, -0.00104795396032411
1.73649671875E-07, -0.000738532038693223
1.73651625E-07, -0.000358265629561925
1.73653578125E-07, -0.00143585870701301
1.7365553125E-07, -0.000345065570912987
1.73657484375E-07, -0.00109666104446153
1.736594375E-07, -0.000289756545342821
1.73661390625E-07, -0.000428065808520661
1.7366334375E-07, -0.00096374464241441
1.73665296875E-07, -0.00045730067995978
1.7366725E-07, -0.000829715615352555
1.73669203125E-07, -0.00078116298296148
1.7367115625E-07, -0.000878461333892211
1.73673109375E-07, -0.00195266896917642
1.736750625E-07, -0.00142105659148272
1.73677015625E-07, -0.00102755318992768
1.7367896875E-07, -0.00113796142792944
1.73680921875E-07, -0.000633325701879045
1.73682875E-07, -0.000311324667373508
1.73684828125E-07, -0.00133261152778908
1.7368678125E-07, -0.000710118436560651
1.73688734375E-07, -0.000565753443590571
1.736906875E-07, -0.000835122939415152
1.73692640625E-07, -0.00140163019751317
1.7369459375E-07, -0.000503251529173624
1.73696546875E-07, -0.000812829728093846
1.736985E-07, -0.00117048822191961
1.73700453125E-07, -0.00111803365480118
1.7370240625E-07, -0.00115964257852843
1.73704359375E-07, -0.000980857180170398
1.737063125E-07, -0.00122689432716197
1.73708265625E-07, -0.00162043868387734
1.7371021875E-07, -0.00113858572015893
1.73712171875E-07, -0.00145743497205464
1.73714125E-07, -0.00216503103466303
1.73716078125E-07, -0.00104212319474394
1.7371803125E-07, -0.000893454126161953
1.73719984375E-07, -0.000910577549158513
1.737219375E-07, -0.000928223841829925
1.73723890625E-07, -0.000820402082744342
1.7372584375E-07, -0.00121619791668049
1.73727796875E-07, -0.00139402552169057
1.7372975E-07, -0.0010376692415576
1.73731703125E-07, -0.00103684643398259
1.7373365625E-07, -0.00170560596144443
1.73735609375E-07, -0.000997044329481078
1.737375625E-07, -0.000827522615044431
1.73739515625E-07, -0.00169352883194763
1.7374146875E-07, -0.00203500559323437
1.73743421875E-07, -0.00114488806725585
1.73745375E-07, -0.00138073121073811
1.73747328125E-07, -0.00135210220391473
1.7374928125E-07, -0.00141292489588369
1.73751234375E-07, -0.00120069788498613
1.737531875E-07, -0.0012414778444614
1.73755140625E-07, -0.000935056559994412
1.7375709375E-07, -0.00148313521834208
1.73759046875E-07, -0.00122457950345443
1.73761E-07, -0.00129800875083713
1.73762953125E-07, -0.00149021555660027
1.7376490625E-07, -0.00139137109371263
1.73766859375E-07, -0.00148413657422297
1.737688125E-07, -0.00161473115743117
1.73770765625E-07, -0.00136733158992846
1.7377271875E-07, -0.00138883627221313
1.73774671875E-07, -0.0013872109334897
1.73776625E-07, -0.00146735413201373
1.73778578125E-07, -0.00160814599544426
1.7378053125E-07, -0.00145634835905777
1.73782484375E-07, -0.00157269589424442
1.737844375E-07, -0.00145523553252681
1.73786390625E-07, -0.00142512044880002
1.7378834375E-07, -0.00132948951759945
1.73790296875E-07, -0.00165266384533908
1.7379225E-07, -0.00161749118545521
1.73794203125E-07, -0.00170582056969952
1.7379615625E-07, -0.0014208933660425
1.73798109375E-07, -0.0016964461267302
1.738000625E-07, -0.00178460079918739
1.73802015625E-07, -0.00163059368049976
1.7380396875E-07, -0.00162593935143868
1.73805921875E-07, -0.00183160460281377
1.73807875E-07, -0.00187333580959106
1.73809828125E-07, -0.00187137593592457
1.7381178125E-07, -0.00166426497502851
1.73813734375E-07, -0.00202206273366345
1.738156875E-07, -0.00186438985740251
1.73817640625E-07, -0.00220957675386792
1.7381959375E-07, -0.00185109777250751
1.73821546875E-07, -0.00185051703554178
1.738235E-07, -0.00221263064414867
1.73825453125E-07, -0.00185525331408458
1.7382740625E-07, -0.00194845138395296
1.73829359375E-07, -0.00201121073435792
1.738313125E-07, -0.00161554127368995
1.73833265625E-07, -0.00160774909635316
1.7383521875E-07, -0.00232832574321396
1.73837171875E-07, -0.00230704649994141
1.73839125E-07, -0.00216751379654147
1.73841078125E-07, -0.00271578825097163
1.7384303125E-07, -0.00261188970074351
1.73844984375E-07, -0.00237885360240853
1.738469375E-07, -0.00258247621813788
1.73848890625E-07, -0.00245524346585671
1.7385084375E-07, -0.00278500683828997
1.73852796875E-07, -0.00229514507035607
1.7385475E-07, -0.00271740755324421
1.73856703125E-07, -0.00227798119466678
1.7385865625E-07, -0.00272299513701928
1.73860609375E-07, -0.00313091348358667
1.738625625E-07, -0.00269956267845208
1.73864515625E-07, -0.00269974393785581
1.7386646875E-07, -0.00269100682207315
1.73868421875E-07, -0.00284789301439159
1.73870375E-07, -0.0026532734985499
1.73872328125E-07, -0.00349166343142319
1.7387428125E-07, -0.00322853936426316
1.73876234375E-07, -0.00327148386751969
1.738781875E-07, -0.00311756880837723
1.73880140625E-07, -0.00314721165949954
1.7388209375E-07, -0.00308401575724274
1.73884046875E-07, -0.00335213089243644
1.73886E-07, -0.0036548808000291
1.73887953125E-07, -0.00355685487605115
1.7388990625E-07, -0.0039094176437457
1.73891859375E-07, -0.00352627171650979
1.738938125E-07, -0.00398789227402923
1.73895765625E-07, -0.00348295692012605
1.7389771875E-07, -0.00325864477474728
1.73899671875E-07, -0.00379977341479413
1.73901625E-07, -0.00330433561896736
1.73903578125E-07, -0.00403012086546377
1.7390553125E-07, -0.00437280100824724
1.73907484375E-07, -0.00344127665036475
1.739094375E-07, -0.00512691378748267
1.73911390625E-07, -0.00439642759952712
1.7391334375E-07, -0.00414315764184216
1.73915296875E-07, -0.00451679524994272
1.7391725E-07, -0.00510321777145755
1.73919203125E-07, -0.00440033485100605
1.7392115625E-07, -0.0049306422238503
1.73923109375E-07, -0.00477624689055122
1.739250625E-07, -0.00503856372760687
1.73927015625E-07, -0.0046446225278375
1.7392896875E-07, -0.00404033807013629
1.73930921875E-07, -0.00416103617611625
1.73932875E-07, -0.0051242472918325
1.73934828125E-07, -0.00513925573476539
1.7393678125E-07, -0.00532101022313046
1.73938734375E-07, -0.00404158988193831
1.739406875E-07, -0.00532261016580899
1.73942640625E-07, -0.00508514449848903
1.7394459375E-07, -0.00511449409967805
1.73946546875E-07, -0.00531805121584251
1.739485E-07, -0.00516388550068616
1.73950453125E-07, -0.00393931844796547
1.7395240625E-07, -0.0049419837606702
1.73954359375E-07, -0.00445927226310399
1.739563125E-07, -0.00384625245723206
1.73958265625E-07, -0.00570838686533907
1.7396021875E-07, -0.00455655270802071
1.73962171875E-07, -0.00492893248189023
1.73964125E-07, -0.00553633210121716
1.73966078125E-07, -0.00553848876077908
1.7396803125E-07, -0.00508043107886625
1.73969984375E-07, -0.00547027026778757
1.739719375E-07, -0.00514561049395102
1.73973890625E-07, -0.0052544632759031
1.7397584375E-07, -0.00556030264061137
1.73977796875E-07, -0.005622898889537
1.7397975E-07, -0.00469357584214622
1.73981703125E-07, -0.00416174975300177
1.7398365625E-07, -0.0042390330244948
1.73985609375E-07, -0.00403212643133797
1.739875625E-07, -0.00371631986395577
1.73989515625E-07, -0.00490136742022655
1.7399146875E-07, -0.00404538582582009
1.73993421875E-07, -0.00395593840953084
1.73995375E-07, -0.0044187847753138
1.73997328125E-07, -0.00435181168045305
1.7399928125E-07, -0.00381088619510556
1.74001234375E-07, -0.00368003931466078
1.740031875E-07, -0.0037412707597472
1.74005140625E-07, -0.00312244149601837
1.7400709375E-07, -0.00384698373942316
1.74009046875E-07, -0.00321414260391592
1.74011E-07, -0.00327849347015876
1.74012953125E-07, -0.00257304841176945
1.7401490625E-07, -0.00249992085157731
1.74016859375E-07, -0.00276605300077981
1.740188125E-07, -0.00203658382705683
1.74020765625E-07, -0.00134520918108619
1.7402271875E-07, -0.00115497386509449
1.74024671875E-07, -0.00140460496474135
1.74026625E-07, -0.000673458605514264
1.74028578125E-07, 0.000799696032068942
1.7403053125E-07, -0.00158587669827172
1.74032484375E-07, 0.00130859602373709
1.740344375E-07, -6.50249301194896E-05
1.74036390625E-07, 0.000365933653934202
1.7403834375E-07, 0.000415465024487108
1.74040296875E-07, 0.00133716661557272
1.7404225E-07, 0.00188246725340279
1.74044203125E-07, 0.00184343297144865
1.7404615625E-07, 0.00119090030125504
1.74048109375E-07, 0.00233301493934079
1.740500625E-07, 0.00232790406910257
1.74052015625E-07, 0.00281848515293308
1.7405396875E-07, 0.00371328462773075
1.74055921875E-07, 0.00249685195009807
1.74057875E-07, 0.00371033796918222
1.74059828125E-07, 0.00423078231947226
1.7406178125E-07, 0.00407229821707506
1.74063734375E-07, 0.005379655187173
1.740656875E-07, 0.00534642469599249
1.74067640625E-07, 0.0055682302902856
1.7406959375E-07, 0.00577317768930102
1.74071546875E-07, 0.00567149671258732
1.740735E-07, 0.00644463868500339
1.74075453125E-07, 0.00717723743116746
1.7407740625E-07, 0.00844961430890161
1.74079359375E-07, 0.00928121307856854
1.740813125E-07, 0.00840936534025411
1.74083265625E-07, 0.00788644488790354
1.7408521875E-07, 0.0101217324779476
1.74087171875E-07, 0.010785951474359
1.74089125E-07, 0.00961983291559139
1.74091078125E-07, 0.0104261906750654
1.7409303125E-07, 0.0134366088955029
1.74094984375E-07, 0.0122759519829299
1.740969375E-07, 0.0133795507164699
1.74098890625E-07, 0.0131105610976415
1.7410084375E-07, 0.0146236558995455
1.74102796875E-07, 0.0129500678641538
1.7410475E-07, 0.0147421016007669
1.74106703125E-07, 0.0141059183187838
1.7410865625E-07, 0.0156287950148888
1.74110609375E-07, 0.0163816920606061
1.741125625E-07, 0.016749344903312
1.74114515625E-07, 0.0153005965267528
1.7411646875E-07, 0.0186466297898036
1.74118421875E-07, 0.0175110145627412
1.74120375E-07, 0.0201084847528104
1.74122328125E-07, 0.0168945904349803
1.7412428125E-07, 0.0208207171953566
1.74126234375E-07, 0.0215858118466983
1.741281875E-07, 0.02095033298412
1.74130140625E-07, 0.02203275850416
1.7413209375E-07, 0.022932400830311
1.74134046875E-07, 0.0238667445196756
1.74136E-07, 0.0237079542040276
1.74137953125E-07, 0.02307022668953
1.7413990625E-07, 0.0245396693216193
1.74141859375E-07, 0.0264365852999105
1.741438125E-07, 0.0252410489445894
1.74145765625E-07, 0.02636888534423
1.7414771875E-07, 0.0258735075725388
1.74149671875E-07, 0.0268372372017366
1.74151625E-07, 0.028447192863729
1.74153578125E-07, 0.0286297513185923
1.7415553125E-07, 0.0303774354495831
1.74157484375E-07, 0.029892804618137
1.741594375E-07, 0.0300909312814253
1.74161390625E-07, 0.032236351989401
1.7416334375E-07, 0.0308369287932678
1.74165296875E-07, 0.0311248996029949
1.7416725E-07, 0.0309705588095113
1.74169203125E-07, 0.0303851933775554
1.7417115625E-07, 0.0319657347264255
1.74173109375E-07, 0.0329292174635398
1.741750625E-07, 0.0331506688365389
1.74177015625E-07, 0.0330968399211222
1.7417896875E-07, 0.0342525344199719
1.74180921875E-07, 0.0324748115288274
1.74182875E-07, 0.0326593783194969
1.74184828125E-07, 0.0343757006601986
1.7418678125E-07, 0.0316257648673109
1.74188734375E-07, 0.0342469063308627
1.741906875E-07, 0.0348931142369078
1.74192640625E-07, 0.0353218220900733
1.7419459375E-07, 0.0346060646192803
1.74196546875E-07, 0.0335217681176436
1.741985E-07, 0.0333966632613842
1.74200453125E-07, 0.0356841482743889
1.7420240625E-07, 0.0341137126680113
1.74204359375E-07, 0.0339489705106716
1.742063125E-07, 0.0315598308800913
1.74208265625E-07, 0.0312229405528222
1.7421021875E-07, 0.0336204507962531
1.74212171875E-07, 0.0271855192752528
1.74214125E-07, 0.0336845518882829
1.74216078125E-07, 0.0329943970706794
1.7421803125E-07, 0.0317974273568832
1.74219984375E-07, 0.0303670355858146
1.742219375E-07, 0.0325833855536474
1.74223890625E-07, 0.0291712010818692
1.7422584375E-07, 0.032399988917084
1.74227796875E-07, 0.031752771155567
1.7422975E-07, 0.0285047915649981
1.74231703125E-07, 0.0295605737586575
1.7423365625E-07, 0.0306449047688588
1.74235609375E-07, 0.0284871779598169
1.742375625E-07, 0.0276637566208912
1.74239515625E-07, 0.0254835490361113
1.7424146875E-07, 0.0244261052073678
1.74243421875E-07, 0.0237389470320449
1.74245375E-07, 0.0229658047175223
1.74247328125E-07, 0.0234489153696115
1.7424928125E-07, 0.0228758321984349
1.74251234375E-07, 0.0123348599555652
1.742531875E-07, 0.0221740893884479
1.74255140625E-07, 0.0125929072628681
1.7425709375E-07, 0.0163747876972224
1.74259046875E-07, 0.0176920709343849
1.74261E-07, 0.0125791390701518
1.74262953125E-07, 0.0142173905349244
1.7426490625E-07, 0.0107858606648654
1.74266859375E-07, 0.0100831723813488
1.742688125E-07, 0.00938518258802369
1.74270765625E-07, 0.0110112090248194
1.7427271875E-07, 0.00857452088619402
1.74274671875E-07, 0.00464445059267421
1.74276625E-07, 0.00455896644448855
1.74278578125E-07, 0.00364281952474707
1.7428053125E-07, -0.00165842116492006
1.74282484375E-07, -0.00049876869519147
1.742844375E-07, -0.00119474756528894
1.74286390625E-07, -0.00633834501940899
1.7428834375E-07, -0.00465967195357351
1.74290296875E-07, -0.00597681134599493
1.7429225E-07, -0.00427919699869283
1.74294203125E-07, -0.0126180293975887
1.7429615625E-07, -0.00996995475629916
1.74298109375E-07, -0.00760624572857121
1.743000625E-07, -0.0175685731976934
1.74302015625E-07, -0.022853949182672
1.7430396875E-07, -0.0220482867698727
1.74305921875E-07, -0.0234890146869518
1.74307875E-07, -0.0234365402435778
1.74309828125E-07, -0.0309178516921373
1.7431178125E-07, -0.0312029111792693
1.74313734375E-07, -0.0325962583005747
1.743156875E-07, -0.0353301362125224
1.74317640625E-07, -0.039719619127064
1.7431959375E-07, -0.0327093438421723
1.74321546875E-07, -0.040954972552341
1.743235E-07, -0.0375497831005286
1.74325453125E-07, -0.049231396085527
1.7432740625E-07, -0.0493840673526691
1.74329359375E-07, -0.0493300011285132
1.743313125E-07, -0.0428468106403589
1.74333265625E-07, -0.0514408057551132
1.7433521875E-07, -0.061656396091308
1.74337171875E-07, -0.0689490869888598
1.74339125E-07, -0.0537971670058546
1.74341078125E-07, -0.066929876341345
1.7434303125E-07, -0.0669293627751958
1.74344984375E-07, -0.0710236363902658
1.743469375E-07, -0.0738921245301428
1.74348890625E-07, -0.0754491221708437
1.7435084375E-07, -0.0746551613264841
1.74352796875E-07, -0.0741758990842778
1.7435475E-07, -0.0868183346755269
1.74356703125E-07, -0.0814994630673861
1.7435865625E-07, -0.0875254394815724
1.74360609375E-07, -0.089683997372511
1.743625625E-07, -0.0921554756630372
1.74364515625E-07, -0.0887497082659239
1.7436646875E-07, -0.0879453183064931
1.74368421875E-07, -0.0981461493920719
1.74370375E-07, -0.10192106101206
1.74372328125E-07, -0.104902362680626
1.7437428125E-07, -0.102340523050159
1.74376234375E-07, -0.103074744734432
1.743781875E-07, -0.104230904295735
1.74380140625E-07, -0.107600400443536
1.7438209375E-07, -0.111560107448644
1.74384046875E-07, -0.111615823132072
1.74386E-07, -0.115012317305575
1.74387953125E-07, -0.11628243815135
1.7438990625E-07, -0.114413328015696
1.74391859375E-07, -0.114699442292897
1.743938125E-07, -0.111014671146582
1.74395765625E-07, -0.118978840304056
1.7439771875E-07, -0.115656924600353
1.74399671875E-07, -0.120338807128175
1.74401625E-07, -0.122563422294731
1.74403578125E-07, -0.121227843253388
1.7440553125E-07, -0.118321144622842
1.74407484375E-07, -0.115737433309301
1.744094375E-07, -0.121933191300564
1.74411390625E-07, -0.122758559099564
1.7441334375E-07, -0.118748292453793
1.74415296875E-07, -0.117701995352524
1.7441725E-07, -0.11574178313489
1.74419203125E-07, -0.119482263234249
1.7442115625E-07, -0.109592346601631
1.74423109375E-07, -0.120473826508907
1.744250625E-07, -0.115938224782503
1.74427015625E-07, -0.114227178937561
1.7442896875E-07, -0.115352737703174
1.74430921875E-07, -0.11074287200966
1.74432875E-07, -0.108700363470892
1.74434828125E-07, -0.107762454953006
1.7443678125E-07, -0.105855598571327
1.74438734375E-07, -0.106261612298974
1.744406875E-07, -0.0965255874361775
1.74442640625E-07, -0.10435157046392
1.7444459375E-07, -0.0927322306100958
1.74446546875E-07, -0.0936136429823208
1.744485E-07, -0.101832670889548
1.74450453125E-07, -0.0895267002275787
1.7445240625E-07, -0.0875548209967893
1.74454359375E-07, -0.0861148605760751
1.744563125E-07, -0.0789968009283192
1.74458265625E-07, -0.0746354175081484
1.7446021875E-07, -0.0677945708135907
1.74462171875E-07, -0.069517428258119
1.74464125E-07, -0.0618701625115628
1.74466078125E-07, -0.0547918580571026
1.7446803125E-07, -0.0550924565776959
1.74469984375E-07, -0.0513311326645931
1.744719375E-07, -0.0583044833987287
1.74473890625E-07, -0.0498886127194017
1.7447584375E-07, -0.0343795490777787
1.74477796875E-07, -0.0315272649326769
1.7447975E-07, -0.0346978156451398
1.74481703125E-07, -0.0345262196002096
1.7448365625E-07, -0.0339939217415683
1.74485609375E-07, -0.023063093082613
1.744875625E-07, -0.014726822007335
1.74489515625E-07, -0.0189410826018694
1.7449146875E-07, -0.00414298571517843
1.74493421875E-07, -0.0133958429414878
1.74495375E-07, 7.77916531376341E-05
1.74497328125E-07, 0.00994124353842135
1.7449928125E-07, 0.00136758648999254
1.74501234375E-07, 0.0195404857133266
1.745031875E-07, 0.0142692051714188
1.74505140625E-07, 0.0223839532770436
1.7450709375E-07, 0.0282548457466647
1.74509046875E-07, 0.0324606038512122
1.74511E-07, 0.0397864181258167
1.74512953125E-07, 0.040900111585639
1.7451490625E-07, 0.049871886469743
1.74516859375E-07, 0.0350915880880255
1.745188125E-07, 0.0512891877302337
1.74520765625E-07, 0.0523916967733743
1.7452271875E-07, 0.0630942948655203
1.74524671875E-07, 0.0601257781069638
1.74526625E-07, 0.0701770412425806
1.74528578125E-07, 0.0732679925429017
1.7453053125E-07, 0.0774045842891418
1.74532484375E-07, 0.07761521982365
1.745344375E-07, 0.0699588743920351
1.74536390625E-07, 0.084622519002205
1.7453834375E-07, 0.0857948834661632
1.74540296875E-07, 0.0867656231725654
1.7454225E-07, 0.0855644744599599
1.74544203125E-07, 0.0907707746069661
1.7454615625E-07, 0.0894888485550323
1.74548109375E-07, 0.0874625095988721
1.745500625E-07, 0.0922442919062154
1.74552015625E-07, 0.0958236882685986
1.7455396875E-07, 0.0907384208341855
1.74555921875E-07, 0.0942616604533693
1.74557875E-07, 0.100913368991537
1.74559828125E-07, 0.0983232351663764
1.7456178125E-07, 0.0953633087642987
1.74563734375E-07, 0.0967513066750934
1.745656875E-07, 0.0969998093981944
1.74567640625E-07, 0.095557613074182
1.7456959375E-07, 0.0972839295531813
1.74571546875E-07, 0.0965656363958997
1.745735E-07, 0.0995711848248807
1.74575453125E-07, 0.0949764567177892
1.7457740625E-07, 0.0990783403588047
1.74579359375E-07, 0.0949067493435365
1.745813125E-07, 0.0777112455166355
1.74583265625E-07, 0.0972848978628187
1.7458521875E-07, 0.0940229199409385
1.74587171875E-07, 0.0897236024397332
1.74589125E-07, 0.0908823019751618
1.74591078125E-07, 0.0886774699248071
1.7459303125E-07, 0.0940242948924682
1.74594984375E-07, 0.087026812913253
1.745969375E-07, 0.0837187079161461
1.74598890625E-07, 0.0866792819544641
1.7460084375E-07, 0.0852763404294742
1.74602796875E-07, 0.0800409789321337
1.7460475E-07, 0.0782863658886611
1.74606703125E-07, 0.0727784747316143
1.7460865625E-07, 0.0752905842187113
1.74610609375E-07, 0.0724482351347486
1.746125625E-07, 0.0722369848030408
1.74614515625E-07, 0.07011961707363
1.7461646875E-07, 0.069478727055939
1.74618421875E-07, 0.064333125660729
1.74620375E-07, 0.0583156840716895
1.74622328125E-07, 0.0628912804978895
1.7462428125E-07, 0.058549846794151
1.74626234375E-07, 0.0563372812419429
1.746281875E-07, 0.0579727230857369
1.74630140625E-07, 0.0547734358779476
1.7463209375E-07, 0.0601948736266967
1.74634046875E-07, 0.052649290735317
1.74636E-07, 0.0503306066426131
1.74637953125E-07, 0.0462785152765696
1.7463990625E-07, 0.0497276593922215
1.74641859375E-07, 0.046384775659887
1.746438125E-07, 0.0420518856841412
1.74645765625E-07, 0.0434941025547384
1.7464771875E-07, 0.0410248170947218
1.74649671875E-07, 0.0370632257063456
1.74651625E-07, 0.0356785470651385
1.74653578125E-07, 0.0323828473289757
1.7465553125E-07, 0.030154868454828
1.74657484375E-07, 0.0295916642460402
1.746594375E-07, 0.0284697126429767
1.74661390625E-07, 0.0295730576966648
1.7466334375E-07, 0.030680739079695
1.74665296875E-07, 0.0294176548455807
1.7466725E-07, 0.0284892509047057
1.74669203125E-07, 0.0255869700386156
1.7467115625E-07, 0.0255244655083851
1.74673109375E-07, 0.0224031457902984
1.746750625E-07, 0.0236195332462649
1.74677015625E-07, 0.0214676419705022
1.7467896875E-07, 0.024294651145438
1.74680921875E-07, 0.0211050422915867
1.74682875E-07, 0.0219122105778238
1.74684828125E-07, 0.0199500028766724
1.7468678125E-07, 0.0191237738265122
1.74688734375E-07, 0.0192284309633562
1.746906875E-07, 0.0240241391733078
1.74692640625E-07, 0.0195147174131708
1.7469459375E-07, 0.0188525162658683
1.74696546875E-07, 0.018316839242589
1.746985E-07, 0.0185371640665567
1.74700453125E-07, 0.0197796384278684
1.7470240625E-07, 0.0185803610947786
1.74704359375E-07, 0.0190763073204468
1.747063125E-07, 0.0191773147454589
1.74708265625E-07, 0.019020871707919
1.7471021875E-07, 0.0189449546100994
1.74712171875E-07, 0.0196466879165084
1.74714125E-07, 0.0187560331768777
1.74716078125E-07, 0.0182919689590404
1.7471803125E-07, 0.0178521772937731
1.74719984375E-07, 0.0196446506908021
1.747219375E-07, 0.0197799884798768
1.74723890625E-07, 0.0197030518547838
1.7472584375E-07, 0.0186726977414118
1.74727796875E-07, 0.0189552602838168
1.7472975E-07, 0.0193316152515465
1.74731703125E-07, 0.024151981302425
1.7473365625E-07, 0.0186812421978882
1.74735609375E-07, 0.0187111663464326
1.747375625E-07, 0.0183745020623419
1.74739515625E-07, 0.0189610170927329
1.7474146875E-07, 0.0188011982403549
1.74743421875E-07, 0.0190078474490134
1.74745375E-07, 0.0186705150629984
1.74747328125E-07, 0.0184890247351575
1.7474928125E-07, 0.0187043068750807
1.74751234375E-07, 0.0172832917058373
1.747531875E-07, 0.0171206364075183
1.74755140625E-07, 0.0181676467216558
1.7475709375E-07, 0.0168715072208072
1.74759046875E-07, 0.0162961777195204
1.74761E-07, 0.0158815112764171
1.74762953125E-07, 0.0153956524730493
1.7476490625E-07, 0.0153167153132908
1.74766859375E-07, 0.0146069774243948
1.747688125E-07, 0.0151731350021114
1.74770765625E-07, 0.0132725143707062
1.7477271875E-07, 0.0134720991416391
1.74774671875E-07, 0.0109962455163907
1.74776625E-07, 0.0128962987272946
1.74778578125E-07, 0.010724061813729
1.7478053125E-07, 0.011129947775551
1.74782484375E-07, 0.00965343372627623
1.747844375E-07, 0.0102832936059055
1.74786390625E-07, 0.00843561633562679
1.7478834375E-07, 0.00890949997996148
1.74790296875E-07, 0.00880738899984677
1.7479225E-07, 0.00709034471376983
1.74794203125E-07, 0.00930271485073522
1.7479615625E-07, 0.0044008944500037
1.74798109375E-07, 0.00364078109588149
1.748000625E-07, 0.00410034618947861
1.74802015625E-07, 0.00397425464695578
1.7480396875E-07, 0.0035385258491908
1.74805921875E-07, 0.0011600790275806
1.74807875E-07, 0.00204530270155776
1.74809828125E-07, 0.0014695214813239
1.7481178125E-07, 0.000997149802359639
1.74813734375E-07, 0.000581512420859717
1.748156875E-07, -0.000720027024433092
1.74817640625E-07, -0.00157375105360611
1.7481959375E-07, 0.000840785451240838
1.74821546875E-07, -0.00101374772943687
1.748235E-07, -0.00398643546440255
1.74825453125E-07, -0.0044376775603844
1.7482740625E-07, -0.00414770021942461
1.74829359375E-07, -0.00427089292960388
1.748313125E-07, -0.00418187847687898
1.74833265625E-07, -0.00475589355266145
1.7483521875E-07, -0.00537102673223858
1.74837171875E-07, -0.00615736802067583
1.74839125E-07, -0.00630997902015154
1.74841078125E-07, -0.00742404436662955
1.7484303125E-07, -0.00669339420773703
1.74844984375E-07, -0.00765502541689323
1.748469375E-07, -0.00733161164269649
1.74848890625E-07, -0.00764718322350913
1.7485084375E-07, -0.00789268855466625
1.74852796875E-07, -0.00633300439121971
1.7485475E-07, -0.00863285209810734
1.74856703125E-07, -0.00823261293134787
1.7485865625E-07, -0.00759612164849843
1.74860609375E-07, -0.00856549589490144
1.748625625E-07, -0.00879228792480788
1.74864515625E-07, -0.00828264077160952
1.7486646875E-07, -0.00859133328757991
1.74868421875E-07, -0.00753261726158608
1.74870375E-07, -0.00849128010913876
1.74872328125E-07, -0.00886085797687297
1.7487428125E-07, -0.00837439289602546
1.74876234375E-07, -0.00860101027454106
1.748781875E-07, -0.00775144725116148
1.74880140625E-07, -0.00685113365598802
1.7488209375E-07, -0.00773553334478745
1.74884046875E-07, -0.00741946405791775
1.74886E-07, -0.0073127685336063
1.74887953125E-07, -0.00712265359043972
1.7488990625E-07, -0.00677769865932463
1.74891859375E-07, -0.00754138777221445
1.748938125E-07, -0.00622517773952777
1.74895765625E-07, -0.00572555324619974
1.7489771875E-07, -0.0062422885686724
1.74899671875E-07, -0.00579196017233635
1.74901625E-07, -0.00521356064032844
1.74903578125E-07, -0.00616864805992697
1.7490553125E-07, -0.00455607716250454
1.74907484375E-07, -0.00474639735965269
1.749094375E-07, -0.00502206079543876
1.74911390625E-07, -0.00441960849635391
1.7491334375E-07, -0.00401082097506631
1.74915296875E-07, -0.00377756664256836
1.7491725E-07, -0.00320059878346212
1.74919203125E-07, -0.00432496150304748
1.7492115625E-07, -0.00262023735224261
1.74923109375E-07, -0.0039041963086073
1.749250625E-07, -0.00336565358125607
1.74927015625E-07, -0.00178586712354909
1.7492896875E-07, -0.00202550072204988
1.74930921875E-07, -0.00115508442176676
1.74932875E-07, -0.00206887181798079
1.74934828125E-07, -0.00265282719755985
1.7493678125E-07, -0.000785541793487216
1.74938734375E-07, -0.00019718155666089
1.749406875E-07, -0.00122804883125629
1.74942640625E-07, 0.000172013393683755
1.7494459375E-07, 0.000345372507481464
1.74946546875E-07, 0.000468187030822604
1.749485E-07, -0.000426866027511183
1.74950453125E-07, 0.000608790169963422
1.7495240625E-07, 0.000281013775854466
1.74954359375E-07, 0.00110068404457425
1.749563125E-07, 0.000429142478084212
1.74958265625E-07, 7.10324797149998E-05
1.7496021875E-07, 0.00154041537252028
1.74962171875E-07, 0.00141874556044358
1.74964125E-07, 0.00130292849665045
1.74966078125E-07, 0.00145662490498506
1.7496803125E-07, 0.00168186147222583
1.74969984375E-07, 0.00103192548436115
1.749719375E-07, 0.00112944345910899
1.74973890625E-07, 0.0014426015442481
1.7497584375E-07, 0.00103967001498861
1.74977796875E-07, 0.00164726027730169
1.7497975E-07, 0.00103297077158662
1.74981703125E-07, 0.00103176987231566
1.7498365625E-07, 0.000762448069099886
1.74985609375E-07, 0.002021180834421
1.749875625E-07, 0.00100979170528523
1.74989515625E-07, 0.00146521926882739
1.7499146875E-07, 0.000600885759922851
1.74993421875E-07, 0.000916409309520969
1.74995375E-07, 0.000914796459698449
1.74997328125E-07, 0.000473604828593406
1.7499928125E-07, 0.000717345921921633
1.75001234375E-07, 0.000470946934554937
1.750031875E-07, -0.000396811022237815
1.75005140625E-07, -0.000504419271292132
1.7500709375E-07, 0.000416115652971073
1.75009046875E-07, 0.000260386433704298
1.75011E-07, -0.000856169327789493
1.75012953125E-07, -0.00103104648872168
1.7501490625E-07, -0.000958056413603336
1.75016859375E-07, -0.00135673208515821
1.750188125E-07, -0.00136529294109425
1.75020765625E-07, -0.00106035398533767
1.7502271875E-07, -0.00162345316439248
1.75024671875E-07, -0.00273365947485446
1.75026625E-07, -0.00174405816004318
1.75028578125E-07, -0.00498278776171779
1.7503053125E-07, -0.00291462364445689
1.75032484375E-07, -0.00329826789489917
1.750344375E-07, -0.00278823927002651
1.75036390625E-07, -0.00320486872467236
1.7503834375E-07, -0.00387586304574932
1.75040296875E-07, -0.00401603223414134
1.7504225E-07, -0.00525401670369349
1.75044203125E-07, -0.00458522395124131
1.7504615625E-07, -0.00395030164091986
1.75048109375E-07, -0.00524484259897863
1.750500625E-07, -0.00643537269932204
1.75052015625E-07, -0.00604484139621712
1.7505396875E-07, -0.0067844168820097
1.75055921875E-07, -0.00855345203025316
1.75057875E-07, -0.00823100930687398
1.75059828125E-07, -0.00825824094757679
1.7506178125E-07, -0.008628761171642
1.75063734375E-07, -0.00938161337279846
1.750656875E-07, -0.0108614329231179
1.75067640625E-07, -0.0111097739445037
1.7506959375E-07, -0.0104315621725035
1.75071546875E-07, -0.0103169579572878
1.750735E-07, -0.0111547161414724
1.75075453125E-07, -0.0113630469451153
1.7507740625E-07, -0.0138881536478152
1.75079359375E-07, -0.0123970684657626
1.750813125E-07, -0.0135914817246474
1.75083265625E-07, -0.0137691609696989
1.7508521875E-07, -0.0155442548043795
1.75087171875E-07, -0.015331955563261
1.75089125E-07, -0.014929932280193
1.75091078125E-07, -0.01569688168055
1.7509303125E-07, -0.0177588444134038
1.75094984375E-07, -0.0183470922975696
1.750969375E-07, -0.0161959914858976
1.75098890625E-07, -0.0188096131803644
1.7510084375E-07, -0.0195982006401805
1.75102796875E-07, -0.018534514290121
1.7510475E-07, -0.0197192276611697
1.75106703125E-07, -0.0190779583141152
1.7510865625E-07, -0.020022018636201
1.75110609375E-07, -0.0225891566425112
1.751125625E-07, -0.0205284283087182
1.75114515625E-07, -0.0224807079224917
1.7511646875E-07, -0.0236412733806309
1.75118421875E-07, -0.0232974617045984
1.75120375E-07, -0.0230317977013111
1.75122328125E-07, -0.0239436881574188
1.7512428125E-07, -0.0256693541774355
1.75126234375E-07, -0.0258350137158543
1.751281875E-07, -0.0276249597744158
1.75130140625E-07, -0.0259931793882514
1.7513209375E-07, -0.0262883997447885
1.75134046875E-07, -0.0257747354813189
1.75136E-07, -0.028721948050026
1.75137953125E-07, -0.0273446986054639
1.7513990625E-07, -0.0282622689558386
1.75141859375E-07, -0.0281055136980749
1.751438125E-07, -0.0273560144232572
1.75145765625E-07, -0.0289428697756233
1.7514771875E-07, -0.0305888060355495
1.75149671875E-07, -0.0301723994892347
1.75151625E-07, -0.030086108826789
1.75153578125E-07, -0.0308954493605572
1.7515553125E-07, -0.031025768901729
1.75157484375E-07, -0.031530924757536
1.751594375E-07, -0.0308167540900812
1.75161390625E-07, -0.0330231823222539
1.7516334375E-07, -0.0325029646419539
1.75165296875E-07, -0.0321305132949685
1.7516725E-07, -0.0320427301450061
1.75169203125E-07, -0.031432883404151
1.7517115625E-07, -0.0315753167099767
1.75173109375E-07, -0.0324139729703359
1.751750625E-07, -0.0327715211991273
1.75177015625E-07, -0.0328813205795331
1.7517896875E-07, -0.0320339075793767
1.75180921875E-07, -0.0320615118204148
1.75182875E-07, -0.0327063961328124
1.75184828125E-07, -0.0324553029010344
1.7518678125E-07, -0.0324219640322168
1.75188734375E-07, -0.0313731618816327
1.751906875E-07, -0.0329077042115128
1.75192640625E-07, -0.0324041805611571
1.7519459375E-07, -0.0320187250180179
1.75196546875E-07, -0.0312915992238233
1.751985E-07, -0.0315835330286095
1.75200453125E-07, -0.031530960428527
1.7520240625E-07, -0.0318141254690135
1.75204359375E-07, -0.0307859106643773
1.752063125E-07, -0.0305889149663641
1.75208265625E-07, -0.0315411526510804
1.7521021875E-07, -0.0303796780857834
1.75212171875E-07, -0.030883700787278
1.75214125E-07, -0.0306748265085746
1.75216078125E-07, -0.0300902394667975
1.7521803125E-07, -0.030129489465175
1.75219984375E-07, -0.0300036097242062
1.752219375E-07, -0.029370699798765
1.75223890625E-07, -0.0283590004396388
1.7522584375E-07, -0.0281558070659029
1.75227796875E-07, -0.0284446204559319
1.7522975E-07, -0.0281288657780153
1.75231703125E-07, -0.0272565749791542
1.7523365625E-07, -0.026618545986928
1.75235609375E-07, -0.0267588482511249
1.752375625E-07, -0.0274873490064317
1.75239515625E-07, -0.0273884480543706
1.7524146875E-07, -0.026041366506716
1.75243421875E-07, -0.0257547566078171
1.75245375E-07, -0.0257651407971113
1.75247328125E-07, -0.0256823789649863
1.7524928125E-07, -0.0227979467758203
1.75251234375E-07, -0.0250976534430457
1.752531875E-07, -0.0232593131205236
1.75255140625E-07, -0.0234170149938445
1.7525709375E-07, -0.0233972055513914
1.75259046875E-07, -0.0239426088517833
1.75261E-07, -0.020989960579869
1.75262953125E-07, -0.0221594209636393
1.7526490625E-07, -0.0230346387657519
1.75266859375E-07, -0.0212859220418558
1.752688125E-07, -0.0206164403461978
1.75270765625E-07, -0.021483997756697
1.7527271875E-07, -0.0214905956946588
1.75274671875E-07, -0.0204854109256044
1.75276625E-07, -0.0182384883303128
1.75278578125E-07, -0.0194727085090397
1.7528053125E-07, -0.0193212846606564
1.75282484375E-07, -0.0183619960380179
1.752844375E-07, -0.0181218434925473
1.75286390625E-07, -0.0176512147177965
1.7528834375E-07, -0.0178411528288363
1.75290296875E-07, -0.0183308469277595
1.7529225E-07, -0.0158718433260052
1.75294203125E-07, -0.0168596999436138
1.7529615625E-07, -0.0142400155603901
1.75298109375E-07, -0.0154258869126499
1.753000625E-07, -0.0143420592166395
1.75302015625E-07, -0.0154132051030636
1.7530396875E-07, -0.014455547384449
1.75305921875E-07, -0.0141783328361883
1.75307875E-07, -0.0140108147746267
1.75309828125E-07, -0.0147542885362867
1.7531178125E-07, -0.0128131856722224
1.75313734375E-07, -0.0137383747922505
1.753156875E-07, -0.01230832835559
1.75317640625E-07, -0.0115747523520926
1.7531959375E-07, -0.0122351769708859
1.75321546875E-07, -0.0107986223606138
1.753235E-07, -0.0114204947295046
1.75325453125E-07, -0.00989009896649087
1.7532740625E-07, -0.00710868440096421
1.75329359375E-07, -0.00914847231044897
1.753313125E-07, -0.0085810825370414
1.75333265625E-07, -0.00924341565524777
1.7533521875E-07, -0.00744465710533347
1.75337171875E-07, -0.00698160211462958
1.75339125E-07, -0.00566385880445993
1.75341078125E-07, -0.00587363916636557
1.7534303125E-07, -0.00483722377782415
1.75344984375E-07, -0.00635552708981454
1.753469375E-07, -0.00512696138442852
1.75348890625E-07, -0.00505939107643162
1.7535084375E-07, -0.00598822103756293
1.75352796875E-07, -0.00446872131992497
1.7535475E-07, -0.00413932571163057
1.75356703125E-07, -0.00517545277611536
1.7535865625E-07, -0.00346151161624695
1.75360609375E-07, -0.00286079909958605
1.753625625E-07, -0.00270796131731398
1.75364515625E-07, -0.00194523414865918
1.7536646875E-07, -0.00189599658257505
1.75368421875E-07, -0.000869655355420751
1.75370375E-07, -0.000356844599178572
1.75372328125E-07, -0.00112128556464236
1.7537428125E-07, -0.00122159272710144
1.75376234375E-07, -0.00104848170631362
1.753781875E-07, 0.000185501374323129
1.75380140625E-07, -0.000152869092402356
1.7538209375E-07, 0.000679838138142127
1.75384046875E-07, 0.000366654136508855
1.75386E-07, 0.00123430459789038
1.75387953125E-07, 0.00147626111865769
1.7538990625E-07, 0.00122909940224316
1.75391859375E-07, 0.00144544582312564
1.753938125E-07, 0.00231918930727838
1.75395765625E-07, 0.00105629757680117
1.7539771875E-07, 0.000896785776040298
1.75399671875E-07, 0.00252546990176437
1.75401625E-07, 0.00280493394420225
1.75403578125E-07, 0.00209476350381474
1.7540553125E-07, 0.00255068793047185
1.75407484375E-07, 0.00306180623393749
1.754094375E-07, 0.00259529765701717
1.75411390625E-07, 0.00236355934128713
1.7541334375E-07, 0.00305545411137393
1.75415296875E-07, 0.00386168861808816
1.7541725E-07, 0.00372400646646115
1.75419203125E-07, 0.00406739648570024
1.7542115625E-07, 0.00445744287604963
1.75423109375E-07, 0.00453010536956682
1.754250625E-07, 0.00340026058112843
1.75427015625E-07, 0.00459653473312604
1.7542896875E-07, 0.00480524630602903
1.75430921875E-07, 0.00473823350973155
1.75432875E-07, 0.00504420733155169
1.75434828125E-07, 0.00494975290699232
1.7543678125E-07, 0.00560026773237695
1.75438734375E-07, 0.00511447298201138
1.754406875E-07, 0.00609350761427085
1.75442640625E-07, 0.00592204306140356
1.7544459375E-07, 0.00577041070629834
1.75446546875E-07, 0.00624676866119369
1.754485E-07, 0.00633338364660149
1.75450453125E-07, 0.00590340783227595
1.7545240625E-07, 0.00737784939009196
1.75454359375E-07, 0.00630908053462924
1.754563125E-07, 0.00718062769988914
1.75458265625E-07, 0.00751597755255506
1.7546021875E-07, 0.00750215635981045
1.75462171875E-07, 0.00825309727139615
1.75464125E-07, 0.00844489975994751
1.75466078125E-07, 0.00850133464070818
1.7546803125E-07, 0.00895497113561128
1.75469984375E-07, 0.00865638655293345
1.754719375E-07, 0.00869986864666312
1.75473890625E-07, 0.00837084168384053
1.7547584375E-07, 0.00924010809909787
1.75477796875E-07, 0.00876051015701894
1.7547975E-07, 0.00982463951949761
1.75481703125E-07, 0.010403653572113
1.7548365625E-07, 0.00970875594359823
1.75485609375E-07, 0.0105327504138774
1.754875625E-07, 0.0106263116691923
1.75489515625E-07, 0.0107141624462504
1.7549146875E-07, 0.0107857053131106
1.75493421875E-07, 0.0106536970468151
1.75495375E-07, 0.0114789266374609
1.75497328125E-07, 0.0115829438674616
1.7549928125E-07, 0.0119067754238477
1.75501234375E-07, 0.0121344862331743
1.755031875E-07, 0.0118144129409628
1.75505140625E-07, 0.0122620395194155
1.7550709375E-07, 0.012251038476238
1.75509046875E-07, 0.0124703889432062
1.75511E-07, 0.0131577300561293
1.75512953125E-07, 0.0135476259167479
1.7551490625E-07, 0.0132978757927394
1.75516859375E-07, 0.0133234770998751
1.755188125E-07, 0.0132711599429124
1.75520765625E-07, 0.013623292570138
1.7552271875E-07, 0.0135936243015354
1.75524671875E-07, 0.0139977441975995
1.75526625E-07, 0.0140347459414236
1.75528578125E-07, 0.0134272924244102
1.7553053125E-07, 0.0142816788307023
1.75532484375E-07, 0.0140029577328753
1.755344375E-07, 0.0142888046062596
1.75536390625E-07, 0.0139112963448204
1.7553834375E-07, 0.0139363301908054
1.75540296875E-07, 0.0145386871712904
1.7554225E-07, 0.0133769942003108
1.75544203125E-07, 0.014626833639964
1.7554615625E-07, 0.0145019164808974
1.75548109375E-07, 0.014522315255227
1.755500625E-07, 0.0141969772513478
1.75552015625E-07, 0.0138066817715727
1.7555396875E-07, 0.0139484976551031
1.75555921875E-07, 0.0138891970208278
1.75557875E-07, 0.0140375453367924
1.75559828125E-07, 0.0139368800465492
1.7556178125E-07, 0.0125842205628401
1.75563734375E-07, 0.0131244593442026
1.755656875E-07, 0.0123196037956424
1.75567640625E-07, 0.0126888170018685
1.7556959375E-07, 0.0127622403223635
1.75571546875E-07, 0.011693577757233
1.755735E-07, 0.0122648796450848
1.75575453125E-07, 0.0122497793170524
1.7557740625E-07, 0.0110139884496335
1.75579359375E-07, 0.0122623749081269
1.755813125E-07, 0.0109486856290261
1.75583265625E-07, 0.0107012912027409
1.7558521875E-07, 0.0107249453014963
1.75587171875E-07, 0.0110431932977597
1.75589125E-07, 0.0101527274666184
1.75591078125E-07, 0.00988134495319868
1.7559303125E-07, 0.00947049729720838
1.75594984375E-07, 0.00955164180629474
1.755969375E-07, 0.00890547137227119
1.75598890625E-07, 0.00841618323499613
1.7560084375E-07, 0.00899705431055938
1.75602796875E-07, 0.00771946746547683
1.7560475E-07, 0.00807655216101788
1.75606703125E-07, 0.0074137841267729
1.7560865625E-07, 0.00710313066094571
1.75610609375E-07, 0.00785115212959545
1.756125625E-07, 0.00722612005620083
1.75614515625E-07, 0.00632113174037255
1.7561646875E-07, 0.00617078210492073
1.75618421875E-07, 0.00628612155516908
1.75620375E-07, 0.00603513277672732
1.75622328125E-07, 0.00592266651232587
1.7562428125E-07, 0.00494481736494757
1.75626234375E-07, 0.00470559588634768
1.756281875E-07, 0.00574121689592795
1.75630140625E-07, 0.00457607394021725
1.7563209375E-07, 0.00432753224710604
1.75634046875E-07, 0.00436800798664156
1.75636E-07, 0.00478125167937286
1.75637953125E-07, 0.00385478881490182
1.7563990625E-07, 0.00354062246144084
1.75641859375E-07, 0.00325683717731588
1.756438125E-07, 0.00424191263531815
1.75645765625E-07, 0.00347059602845048
1.7564771875E-07, 0.00391559967740432
1.75649671875E-07, 0.00343854022906392
1.75651625E-07, 0.00323531401307561
1.75653578125E-07, 0.00296787481862505
1.7565553125E-07, 0.00382412945014549
1.75657484375E-07, 0.00370542944417432
1.756594375E-07, 0.00314349559769021
1.75661390625E-07, 0.00294927086228015
1.7566334375E-07, 0.00270817351638208
1.75665296875E-07, 0.002931476348355
1.7566725E-07, 0.00373519129000214
1.75669203125E-07, 0.00303597195079159
1.7567115625E-07, 0.00305369355904926
1.75673109375E-07, 0.003566694370828
1.756750625E-07, 0.00386672886751664
1.75677015625E-07, 0.00316493220380827
1.7567896875E-07, 0.00299688509409723
1.75680921875E-07, 0.0035942970950276
1.75682875E-07, 0.00346057387030121
1.75684828125E-07, 0.00399483596866152
1.7568678125E-07, 0.00342470637636521
1.75688734375E-07, 0.00447036306739606
1.756906875E-07, 0.00412937211682785
1.75692640625E-07, 0.00350386172078612
1.7569459375E-07, 0.00382131849949372
1.75696546875E-07, 0.00382624262109251
1.756985E-07, 0.00462196242681285
1.75700453125E-07, 0.00405042498581696
1.7570240625E-07, 0.00500316888080617
1.75704359375E-07, 0.00523159031597672
1.757063125E-07, 0.00423516422579496
1.75708265625E-07, 0.00466207916692862
1.7571021875E-07, 0.00481983033238779
1.75712171875E-07, 0.00541294178369682
1.75714125E-07, 0.00610829885423603
1.75716078125E-07, 0.0062631563029939
1.7571803125E-07, 0.00547840758269941
1.75719984375E-07, 0.00649736021516025
1.757219375E-07, 0.00681677066042861
1.75723890625E-07, 0.0060884891938862
1.7572584375E-07, 0.00714919736789615
1.75727796875E-07, 0.00669139854005377
1.7572975E-07, 0.00686903574173044
1.75731703125E-07, 0.00700607882510139
1.7573365625E-07, 0.00660098416282158
1.75735609375E-07, 0.00666327670323646
1.757375625E-07, 0.00724240260574857
1.75739515625E-07, 0.00751917796218758
1.7574146875E-07, 0.00729518657681771
1.75743421875E-07, 0.0077143005414155
1.75745375E-07, 0.00707817753674835
1.75747328125E-07, 0.00819946709005411
1.7574928125E-07, 0.00823451699195376
1.75751234375E-07, 0.00797070437299236
1.757531875E-07, 0.00749106193620994
1.75755140625E-07, 0.00820468036827329
1.7575709375E-07, 0.00853821261217886
1.75759046875E-07, 0.00853004209570289
1.75761E-07, 0.00825527593704226
1.75762953125E-07, 0.0089635615004
1.7576490625E-07, 0.00862897212574497
1.75766859375E-07, 0.0089987745850614
1.757688125E-07, 0.00859292533346715
1.75770765625E-07, 0.00910444786650894
1.7577271875E-07, 0.00876891958915512
1.75774671875E-07, 0.00936856849225688
1.75776625E-07, 0.00934675462384953
1.75778578125E-07, 0.009021396145476
1.7578053125E-07, 0.00910471817511189
1.75782484375E-07, 0.0096975968513835
1.757844375E-07, 0.00954415062224732
1.75786390625E-07, 0.00964704739362289
1.7578834375E-07, 0.00980107891752461
1.75790296875E-07, 0.00974292961012377
1.7579225E-07, 0.010228265453667
1.75794203125E-07, 0.0100978514426892
1.7579615625E-07, 0.0100336673942501
1.75798109375E-07, 0.0103400407345708
1.758000625E-07, 0.0101322826584201
1.75802015625E-07, 0.0109699882270041
1.7580396875E-07, 0.0104279268299396
1.75805921875E-07, 0.0104937809104709
1.75807875E-07, 0.0106096892927068
1.75809828125E-07, 0.0103774835676269
1.7581178125E-07, 0.010707206613935
1.75813734375E-07, 0.0109880164118231
1.758156875E-07, 0.0107543716951398
1.75817640625E-07, 0.0110273346704643
1.7581959375E-07, 0.0106857252650149
1.75821546875E-07, 0.0107994343958319
1.758235E-07, 0.0111974363790158
1.75825453125E-07, 0.011450579296967
1.7582740625E-07, 0.0112938631089926
1.75829359375E-07, 0.0112561670886323
1.758313125E-07, 0.0113493420332586
1.75833265625E-07, 0.0117714665351389
1.7583521875E-07, 0.0118139362579626
1.75837171875E-07, 0.0119050200738316
1.75839125E-07, 0.0123618853857548
1.75841078125E-07, 0.0121979905854866
1.7584303125E-07, 0.0122823691276351
1.75844984375E-07, 0.0116990057716373
1.758469375E-07, 0.0124509471654782
1.75848890625E-07, 0.0122894231614503
1.7585084375E-07, 0.0127033198850327
1.75852796875E-07, 0.0121243173920345
1.7585475E-07, 0.012471958811002
1.75856703125E-07, 0.0124616913047406
1.7585865625E-07, 0.0127515945580264
1.75860609375E-07, 0.0124247823139541
1.758625625E-07, 0.0124149586414073
1.75864515625E-07, 0.012561001501432
1.7586646875E-07, 0.0128566211398327
1.75868421875E-07, 0.0132338841214045
1.75870375E-07, 0.0129130797497649
1.75872328125E-07, 0.0131214055766626
1.7587428125E-07, 0.0133331897211905
1.75876234375E-07, 0.0131747619872512
1.758781875E-07, 0.0125969234367493
1.75880140625E-07, 0.0133457719409919
1.7588209375E-07, 0.0129759526189588
1.75884046875E-07, 0.0130189654258051
1.75886E-07, 0.0126712759012897
1.75887953125E-07, 0.0132244354578363
1.7588990625E-07, 0.0118798626612832
1.75891859375E-07, 0.013189444426197
1.758938125E-07, 0.0129612537163886
1.75895765625E-07, 0.0131026775050278
1.7589771875E-07, 0.0134736767379327
1.75899671875E-07, 0.0134720770346718
1.75901625E-07, 0.0130068195756291
1.75903578125E-07, 0.0127292561010881
1.7590553125E-07, 0.0126769818532504
1.75907484375E-07, 0.0123686750342717
1.759094375E-07, 0.0129621347154642
1.75911390625E-07, 0.0126309659143241
1.7591334375E-07, 0.0132985544804999
1.75915296875E-07, 0.0125473417043802
1.7591725E-07, 0.012510480055099
1.75919203125E-07, 0.0115823230753185
1.7592115625E-07, 0.0115772234280935
1.75923109375E-07, 0.012240074962956
1.759250625E-07, 0.0113984964914387
1.75927015625E-07, 0.0118500422594797
1.7592896875E-07, 0.0117041462932869
1.75930921875E-07, 0.0107155282347194
1.75932875E-07, 0.00992649549740145
1.75934828125E-07, 0.0110500098636955
1.7593678125E-07, 0.0100024375094112
1.75938734375E-07, 0.010486216837155
1.759406875E-07, 0.0109082957484198
1.75942640625E-07, 0.0104999122380484
1.7594459375E-07, 0.00934565698702096
1.75946546875E-07, 0.0104211767068895
1.759485E-07, 0.00985579090762557
1.75950453125E-07, 0.00892884488171937
1.7595240625E-07, 0.00927805030823447
1.75954359375E-07, 0.00824537158459715
1.759563125E-07, 0.00833614280064382
1.75958265625E-07, 0.00760428197190701
1.7596021875E-07, 0.00939806083124423
1.75962171875E-07, 0.00688211745149734
1.75964125E-07, 0.00618972508314841
1.75966078125E-07, 0.00743617948320854
1.7596803125E-07, 0.00668582004280728
1.75969984375E-07, 0.00702936329918664
1.759719375E-07, 0.00385454005978595
1.75973890625E-07, 0.0047680067091674
1.7597584375E-07, 0.00452613619959206
1.75977796875E-07, 0.00400825924970775
1.7597975E-07, 0.00557357521974057
1.75981703125E-07, 0.00428807547334884
1.7598365625E-07, 0.00178550610682423
1.75985609375E-07, 0.00289506140984566
1.759875625E-07, 0.00217912551781122
1.75989515625E-07, 0.00193178554720255
1.7599146875E-07, 0.00211073757676165
1.75993421875E-07, 0.000878727226652026
1.75995375E-07, 0.00115619201620643
1.75997328125E-07, -4.52350823624163E-05
1.7599928125E-07, -5.02284211582392E-05
1.76001234375E-07, 0.00108602723302287
1.760031875E-07, -0.000829672848527007
1.76005140625E-07, -0.00127712010105502
1.7600709375E-07, -0.00124476201031163
1.76009046875E-07, -0.00162588758246375
1.76011E-07, -0.00173030548854844
1.76012953125E-07, -0.00496602882117579
1.7601490625E-07, -0.00392105259210688
1.76016859375E-07, -0.00363097428241186
1.760188125E-07, -0.00431997598377463
1.76020765625E-07, -0.00458304265526433
1.7602271875E-07, -0.00435069454838428
1.76024671875E-07, -0.0056925707007713
1.76026625E-07, -0.0084939362373142
1.76028578125E-07, -0.00642321856896799
1.7603053125E-07, -0.00870551795761739
1.76032484375E-07, -0.00672813558156113
1.760344375E-07, -0.00806739106346469
1.76036390625E-07, -0.00860456639229808
1.7603834375E-07, -0.00866888876420098
1.76040296875E-07, -0.00989963878724328
1.7604225E-07, -0.0119082532558828
1.76044203125E-07, -0.0114527112834532
1.7604615625E-07, -0.0121332718296184
1.76048109375E-07, -0.0125420935476393
1.760500625E-07, -0.0110735414705828
1.76052015625E-07, -0.0128400798098364
1.7605396875E-07, -0.0128957712993545
1.76055921875E-07, -0.0121280988599126
1.76057875E-07, -0.0139670302041156
1.76059828125E-07, -0.0137480373018267
1.7606178125E-07, -0.0136285720234783
1.76063734375E-07, -0.0140995220168227
1.760656875E-07, -0.0134138376446181
1.76067640625E-07, -0.0136935004055202
1.7606959375E-07, -0.0139575578537251
1.76071546875E-07, -0.0160941287541935
1.760735E-07, -0.0142355201766072
1.76075453125E-07, -0.0160737435914324
1.7607740625E-07, -0.015062130335127
1.76079359375E-07, -0.0164734854723136
1.760813125E-07, -0.0165432284705255
1.76083265625E-07, -0.0160764847155497
1.7608521875E-07, -0.0163782338230621
1.76087171875E-07, -0.0158490248459813
1.76089125E-07, -0.0169133920195873
1.76091078125E-07, -0.017330037944265
1.7609303125E-07, -0.0164693991043171
1.76094984375E-07, -0.0162629092225798
1.760969375E-07, -0.0164116386869107
1.76098890625E-07, -0.0173261683346984
1.7610084375E-07, -0.0171627159020148
1.76102796875E-07, -0.0169741587423078
1.7610475E-07, -0.0158686878123268
1.76106703125E-07, -0.0175442848765772
1.7610865625E-07, -0.0172895981462927
1.76110609375E-07, -0.0170204532561324
1.761125625E-07, -0.0164602772437321
1.76114515625E-07, -0.0168164180314798
1.7611646875E-07, -0.0163332529582038
1.76118421875E-07, -0.0162808456360586
1.76120375E-07, -0.015486555849916
1.76122328125E-07, -0.0157452477346184
1.7612428125E-07, -0.015300893822964
1.76126234375E-07, -0.0145220191534484
1.761281875E-07, -0.0149081359770187
1.76130140625E-07, -0.0145715834971215
1.7613209375E-07, -0.0128233360664276
1.76134046875E-07, -0.0132362106648345
1.76136E-07, -0.0135535599823144
1.76137953125E-07, -0.0141098711030012
1.7613990625E-07, -0.0129836459226007
1.76141859375E-07, -0.0122964264341888
1.761438125E-07, -0.0127916466600983
1.76145765625E-07, -0.0126674916630115
1.7614771875E-07, -0.0121392862346287
1.76149671875E-07, -0.0112531726879076
1.76151625E-07, -0.0112455825451996
1.76153578125E-07, -0.0111548783112531
1.7615553125E-07, -0.0106051420437812
1.76157484375E-07, -0.0105227100612425
1.761594375E-07, -0.0104382063496493
1.76161390625E-07, -0.0092158230800534
1.7616334375E-07, -0.0096505817303187
1.76165296875E-07, -0.00973879113112862
1.7616725E-07, -0.00845580221521289
1.76169203125E-07, -0.00862976713391203
1.7617115625E-07, -0.00836866255923237
1.76173109375E-07, -0.00858102048754297
1.761750625E-07, -0.00723174912437863
1.76177015625E-07, -0.00722113797336331
1.7617896875E-07, -0.00648853629135666
1.76180921875E-07, -0.00640342053536232
1.76182875E-07, -0.00575836057935411
1.76184828125E-07, -0.00629127076711288
1.7618678125E-07, -0.00635569605909192
1.76188734375E-07, -0.00524796589576773
1.761906875E-07, -0.00660750843262426
1.76192640625E-07, -0.00566258036456578
1.7619459375E-07, -0.00532472942543762
1.76196546875E-07, -0.00534713323488514
1.761985E-07, -0.00568452409703427
1.76200453125E-07, -0.0050105659703778
1.7620240625E-07, -0.00571162569861844
1.76204359375E-07, -0.00511408701771962
1.762063125E-07, -0.00530951816154049
1.76208265625E-07, -0.00586016174907233
1.7621021875E-07, -0.00615073525818771
1.76212171875E-07, -0.0051429847900388
1.76214125E-07, -0.00619897092186964
1.76216078125E-07, -0.00579715842028027
1.7621803125E-07, -0.0054103597131
1.76219984375E-07, -0.00640997740631974
1.762219375E-07, -0.00575548684140195
1.76223890625E-07, -0.00597583667454305
1.7622584375E-07, -0.00549131698134279
1.76227796875E-07, -0.00575330919519251
1.7622975E-07, -0.00665235375737854
1.76231703125E-07, -0.00673955125163685
1.7623365625E-07, -0.00653661339457152
1.76235609375E-07, -0.00654822759888187
1.762375625E-07, -0.0074751990047297
1.76239515625E-07, -0.00762799354186755
1.7624146875E-07, -0.00780963120476425
1.76243421875E-07, -0.00782564206688953
1.76245375E-07, -0.00715421318054737
1.76247328125E-07, -0.00800683215905565
1.7624928125E-07, -0.00830350703979445
1.76251234375E-07, -0.00808913434977486
1.762531875E-07, -0.0091722293545708
1.76255140625E-07, -0.00841061704220384
1.7625709375E-07, -0.00868925689888922
1.76259046875E-07, -0.00933468566465179
1.76261E-07, -0.009139872172855
1.76262953125E-07, -0.00890414304545557
1.7626490625E-07, -0.00905352191292429
1.76266859375E-07, -0.00993848226189571
1.762688125E-07, -0.00926869283233712
1.76270765625E-07, -0.00973290053454303
1.7627271875E-07, -0.00992466728507843
1.76274671875E-07, -0.00940523724242885
1.76276625E-07, -0.010513436301989
1.76278578125E-07, -0.0100672983717599
1.7628053125E-07, -0.0104608607051737
1.76282484375E-07, -0.0102839835000501
1.762844375E-07, -0.0104265884188485
1.76286390625E-07, -0.0107951217585646
1.7628834375E-07, -0.010720347937947
1.76290296875E-07, -0.0109166710563555
1.7629225E-07, -0.0107290070536995
1.76294203125E-07, -0.0110016214465102
1.7629615625E-07, -0.0108285656390118
1.76298109375E-07, -0.0109175194651543
1.763000625E-07, -0.0108432220955279
1.76302015625E-07, -0.0109391082268981
1.7630396875E-07, -0.0105992120202017
1.76305921875E-07, -0.0109151261033449
1.76307875E-07, -0.010815070186061
1.76309828125E-07, -0.0106351513272204
1.7631178125E-07, -0.0107490429907664
1.76313734375E-07, -0.0104863763241224
1.763156875E-07, -0.0104835732316028
1.76317640625E-07, -0.0105369391884825
1.7631959375E-07, -0.010123361998535
1.76321546875E-07, -0.00986994883453985
1.763235E-07, -0.0101366060708618
1.76325453125E-07, -0.00976718395123857
1.7632740625E-07, -0.010027661964306
1.76329359375E-07, -0.00978328637247856
1.763313125E-07, -0.00999181781335765
1.76333265625E-07, -0.00945083810386179
1.7633521875E-07, -0.00959074202024375
1.76337171875E-07, -0.00942708023778391
1.76339125E-07, -0.00917115110272819
1.76341078125E-07, -0.0091118065696301
1.7634303125E-07, -0.00883228076889776
1.76344984375E-07, -0.00837530782511209
1.763469375E-07, -0.00891787967197781
1.76348890625E-07, -0.00808336714465521
1.7635084375E-07, -0.00843772055238311
1.76352796875E-07, -0.00849469773322053
1.7635475E-07, -0.00830471040545091
1.76356703125E-07, -0.00809729779597518
1.7635865625E-07, -0.00785170870719284
1.76360609375E-07, -0.00820973061091756
1.763625625E-07, -0.00671902415666815
1.76364515625E-07, -0.00734397396262317
1.7636646875E-07, -0.00704726282609757
1.76368421875E-07, -0.00718054445542577
1.76370375E-07, -0.00696261801671103
1.76372328125E-07, -0.00643547839884562
1.7637428125E-07, -0.00681022668549745
1.76376234375E-07, -0.00695570850614096
1.763781875E-07, -0.00713475766043693
1.76380140625E-07, -0.00638410266811957
1.7638209375E-07, -0.00607558550820616
1.76384046875E-07, -0.00627067843424081
1.76386E-07, -0.00588037761273387
1.76387953125E-07, -0.00587029193681907
1.7638990625E-07, -0.00588530642092211
1.76391859375E-07, -0.00600008501813821
1.763938125E-07, -0.00593589027736798
1.76395765625E-07, -0.00519324064994149
1.7639771875E-07, -0.00569885352943628
1.76399671875E-07, -0.00519835674556714
1.76401625E-07, -0.00535433075241223
1.76403578125E-07, -0.00546854242323103
1.7640553125E-07, -0.00502943520335629
1.76407484375E-07, -0.00517343847728065
1.764094375E-07, -0.00514483368251344
1.76411390625E-07, -0.00473495526211286
1.7641334375E-07, -0.00489961556961569
1.76415296875E-07, -0.00496521446128035
1.7641725E-07, -0.00471566628371164
1.76419203125E-07, -0.00481852153273796
1.7642115625E-07, -0.00550664693282791
1.76423109375E-07, -0.00474471972870944
1.764250625E-07, -0.00475919589194964
1.76427015625E-07, -0.00472024683563458
1.7642896875E-07, -0.00477965094417023
1.76430921875E-07, -0.00495898023294767
1.76432875E-07, -0.00431279071130389
1.76434828125E-07, -0.00482063426415837
1.7643678125E-07, -0.00450088711332168
1.76438734375E-07, -0.00451037169498372
1.764406875E-07, -0.0045267496731909
1.76442640625E-07, -0.00432358253624121
1.7644459375E-07, -0.00459439710931704
1.76446546875E-07, -0.00474130773533975
1.764485E-07, -0.00474789913995284
1.76450453125E-07, -0.0048549414159045
1.7645240625E-07, -0.00455120593130422
1.76454359375E-07, -0.00450511631352065
1.764563125E-07, -0.00507648287068485
1.76458265625E-07, -0.00480802261460993
1.7646021875E-07, -0.00458871122373958
1.76462171875E-07, -0.00453668929329504
1.76464125E-07, -0.0045567673537237
1.76466078125E-07, -0.00491247201255043
1.7646803125E-07, -0.00485869605197212
1.76469984375E-07, -0.00452169591190558
1.764719375E-07, -0.00448973033113593
1.76473890625E-07, -0.00445577349556724
1.7647584375E-07, -0.00489184878390211
1.76477796875E-07, -0.00426930168647212
1.7647975E-07, -0.0045270834815497
1.76481703125E-07, -0.00454049583244991
1.7648365625E-07, -0.00459809709108365
1.76485609375E-07, -0.00449215912472726
1.764875625E-07, -0.00475928363378277
1.76489515625E-07, -0.00448654356831642
1.7649146875E-07, -0.00430702382162615
1.76493421875E-07, -0.00459580706572655
1.76495375E-07, -0.00455934918936823
1.76497328125E-07, -0.00440046183520415
1.7649928125E-07, -0.00428325626809708
1.76501234375E-07, -0.0042177038966614
1.765031875E-07, -0.00442340042472941
1.76505140625E-07, -0.00433200672554644
1.7650709375E-07, -0.00437869895463466
1.76509046875E-07, -0.0042837647501984
1.76511E-07, -0.00435556492860343
1.76512953125E-07, -0.00404716138461164
1.7651490625E-07, -0.00387913448143948
1.76516859375E-07, -0.00384459034049499
1.765188125E-07, -0.00392155426723837
1.76520765625E-07, -0.00403785814418226
1.7652271875E-07, -0.00395433644734417
1.76524671875E-07, -0.00442317078520629
1.76526625E-07, -0.00416183618572863
1.76528578125E-07, -0.00434914867225542
1.7653053125E-07, -0.00314646926054753
1.76532484375E-07, -0.00361772876267166
1.765344375E-07, -0.00371104703005903
1.76536390625E-07, -0.00381421578697164
1.7653834375E-07, -0.00334198818616266
1.76540296875E-07, -0.00342241827428381
1.7654225E-07, -0.00279763045575851
1.76544203125E-07, -0.0028236266936432
1.7654615625E-07, -0.00391886259619414
1.76548109375E-07, -0.00438415546651633
1.765500625E-07, -0.00449692273830874
1.76552015625E-07, -0.00406651961301754
1.7655396875E-07, -0.00347356394746796
1.76555921875E-07, -0.00350881578583969
1.76557875E-07, -0.0031197189209529
1.76559828125E-07, -0.00366103443988361
1.7656178125E-07, -0.00435293424202271
1.76563734375E-07, -0.00414005696665632
1.765656875E-07, -0.00391933228090636
1.76567640625E-07, -0.00326261804590868
1.7656959375E-07, -0.00451141813582124
1.76571546875E-07, -0.00431874192110702
1.765735E-07, -0.00312942879160806
1.76575453125E-07, -0.00356601584284597
1.7657740625E-07, -0.00397372759245891
1.76579359375E-07, -0.00315708082938145
1.765813125E-07, -0.00274212104673705
1.76583265625E-07, -0.00401768586714286
1.7658521875E-07, -0.0036622793687662
1.76587171875E-07, -0.0037915815048936
1.76589125E-07, -0.00438150287492498
1.76591078125E-07, -0.00453189278513505
1.7659303125E-07, -0.00424499286180964
1.76594984375E-07, -0.003825077992126
1.765969375E-07, -0.00276300507367018
1.76598890625E-07, -0.00449714190979729
1.7660084375E-07, -0.00367829168230671
1.76602796875E-07, -0.00348521245276513
1.7660475E-07, -0.00354610660097948
1.76606703125E-07, -0.00336637638863066
1.7660865625E-07, -0.00349102538673147
1.76610609375E-07, -0.00469936677322367
1.766125625E-07, -0.00411127719639733
1.76614515625E-07, -0.00334111916516074
1.7661646875E-07, -0.00364900321462457
1.76618421875E-07, -0.00374289334039948
1.76620375E-07, -0.00342220390571475
1.76622328125E-07, -0.00387614371279458
1.7662428125E-07, -0.00399030085229275
1.76626234375E-07, -0.00374568762499918
1.766281875E-07, -0.00390142276629115
1.76630140625E-07, -0.0036490023889263
1.7663209375E-07, -0.00384839762272308
1.76634046875E-07, -0.00365313966048465
1.76636E-07, -0.00348258853004129
1.76637953125E-07, -0.00369647256129959
1.7663990625E-07, -0.00350405010773617
1.76641859375E-07, -0.00377561686849341
1.766438125E-07, -0.00344363844558989
1.76645765625E-07, -0.00359008090485283
1.7664771875E-07, -0.00373282560337518
1.76649671875E-07, -0.00333772739456241
1.76651625E-07, -0.00322043636468756
1.76653578125E-07, -0.00370980129227574
1.7665553125E-07, -0.00394843632497339
1.76657484375E-07, -0.00336755025756155
1.766594375E-07, -0.00303009482083152
1.76661390625E-07, -0.00382648957745258
1.7666334375E-07, -0.00364356458801303
1.76665296875E-07, -0.00325939416227809
1.7666725E-07, -0.00341437028369355
1.76669203125E-07, -0.00312330835544714
1.7667115625E-07, -0.00344328251975842
1.76673109375E-07, -0.0038613800363574
1.766750625E-07, -0.00335986732441035
1.76677015625E-07, -0.00283591546146165
1.7667896875E-07, -0.00351753726165094
1.76680921875E-07, -0.00281011105387309
1.76682875E-07, -0.00281462378611587
1.76684828125E-07, -0.00319780820970605
1.7668678125E-07, -0.00300746434905133
1.76688734375E-07, -0.0033433492900704
1.766906875E-07, -0.00307307420310269
1.76692640625E-07, -0.00329130756686604
1.7669459375E-07, -0.00268034743112356
1.76696546875E-07, -0.00299681685599443
1.766985E-07, -0.00317366932884735
1.76700453125E-07, -0.00297078770469897
1.7670240625E-07, -0.00320052709929229
1.76704359375E-07, -0.00348997687349456
1.767063125E-07, -0.0027863706117373
1.76708265625E-07, -0.00339326977687177
1.7671021875E-07, -0.00355345815349991
1.76712171875E-07, -0.00321277905058743
1.76714125E-07, -0.00296372720037225
1.76716078125E-07, -0.00329739195364482
1.7671803125E-07, -0.00309976287321077
1.76719984375E-07, -0.00310625319752714
1.767219375E-07, -0.00357167747551369
1.76723890625E-07, -0.00293942578778894
1.7672584375E-07, -0.00314986188286281
1.76727796875E-07, -0.00334854559683477
1.7672975E-07, -0.00355498953969347
1.76731703125E-07, -0.0030231474660093
1.7673365625E-07, -0.00325771324051801
1.76735609375E-07, -0.0031843214006073
1.767375625E-07, -0.00323311440686252
1.76739515625E-07, -0.00351612347971582
1.7674146875E-07, -0.0030282893212573
1.76743421875E-07, -0.00336917713654924
1.76745375E-07, -0.0033445511914601
1.76747328125E-07, -0.00371714909157557
1.7674928125E-07, -0.00342946769847491
1.76751234375E-07, -0.00342182508558241
1.767531875E-07, -0.00351860231293036
1.76755140625E-07, -0.00309581671648918
1.7675709375E-07, -0.00343176566843126
1.76759046875E-07, -0.00353916268346167
1.76761E-07, -0.00347302667372166
1.76762953125E-07, -0.0031959620388767
1.7676490625E-07, -0.00365615754413074
1.76766859375E-07, -0.00359703734224758
1.767688125E-07, -0.00321695062890239
1.76770765625E-07, -0.00377979110188866
1.7677271875E-07, -0.00307567646200864
1.76774671875E-07, -0.00264616683637952
1.76776625E-07, -0.00351706783207159
1.76778578125E-07, -0.00289116256851132
1.7678053125E-07, -0.00323398575990439
1.76782484375E-07, -0.00198819730109204
1.767844375E-07, -0.00316057026839457
1.76786390625E-07, -0.00321835384563552
1.7678834375E-07, -0.00411793250911092
1.76790296875E-07, -0.00259751363482128
1.7679225E-07, -0.00204870991530059
1.76794203125E-07, -0.00317035112915948
1.7679615625E-07, -0.00249921638828086
1.76798109375E-07, -0.00253796121364124
1.768000625E-07, -0.00144850887449863
1.76802015625E-07, -0.00233507360025277
1.7680396875E-07, -0.000784284895578992
1.76805921875E-07, -0.00107050400462383
1.76807875E-07, -0.00135864483493824
1.76809828125E-07, -0.00123195648760677
1.7681178125E-07, -0.000923949627671991
1.76813734375E-07, -0.000177645794121782
1.768156875E-07, -0.000399634370495955
1.76817640625E-07, 0.000947354740232426
1.7681959375E-07, 0.00138820324006339
1.76821546875E-07, -0.000213672038818067
1.768235E-07, 0.00238543476425262
1.76825453125E-07, 0.00187067378725956
1.7682740625E-07, 0.000931573700173162
1.76829359375E-07, 0.00221133239856163
1.768313125E-07, 0.000857124378602342
1.76833265625E-07, 0.00209314562759378
1.7683521875E-07, 0.00234023572101203
1.76837171875E-07, 0.00256757240704483
1.76839125E-07, 0.00365989653915868
1.76841078125E-07, 0.00223991709933522
1.7684303125E-07, 0.00468621403325964
1.76844984375E-07, 0.00416633606842182
1.768469375E-07, 0.00460746007644402
1.76848890625E-07, 0.00466242230968667
1.7685084375E-07, 0.00563054544748422
1.76852796875E-07, 0.00464158066258032
1.7685475E-07, 0.00483814161253247
1.76856703125E-07, 0.00544372684607527
1.7685865625E-07, 0.00537588253940413
1.76860609375E-07, 0.00627551061166795
1.768625625E-07, 0.00669590973900664
1.76864515625E-07, 0.00636318804071075
1.7686646875E-07, 0.00762009649564327
1.76868421875E-07, 0.00703087655989421
1.76870375E-07, 0.00677373869571381
1.76872328125E-07, 0.00755291129919318
1.7687428125E-07, 0.00762298904958917
1.76876234375E-07, 0.00624472326274165
1.768781875E-07, 0.00721977703555954
1.76880140625E-07, 0.00714107135489971
1.7688209375E-07, 0.00715229459211335
1.76884046875E-07, 0.00701803912824772
1.76886E-07, 0.00677715716826645
1.76887953125E-07, 0.00732238357382871
1.7688990625E-07, 0.00737813774661412
1.76891859375E-07, 0.00733564358432155
1.768938125E-07, 0.00722683713449979
1.76895765625E-07, 0.00631610673471146
1.7689771875E-07, 0.00607039627792473
1.76899671875E-07, 0.0069050933203682
1.76901625E-07, 0.00688032487607777
1.76903578125E-07, 0.00531222538350438
1.7690553125E-07, 0.00670517042877458
1.76907484375E-07, 0.00563301147935237
1.769094375E-07, 0.00506081603774793
1.76911390625E-07, 0.00571982336212775
1.7691334375E-07, 0.00555356927491681
1.76915296875E-07, 0.00509890587725162
1.7691725E-07, 0.00432887810869356
1.76919203125E-07, 0.0045233492526345
1.7692115625E-07, 0.00457966013255533
1.76923109375E-07, 0.0036559534124508
1.769250625E-07, 0.00353504718260298
1.76927015625E-07, 0.00385220962435921
1.7692896875E-07, 0.00333470041407369
1.76930921875E-07, 0.00345180087693884
1.76932875E-07, 0.00253992504500395
1.76934828125E-07, 0.0025036478938713
1.7693678125E-07, 0.00216798784848262
1.76938734375E-07, 0.00248138610482338
1.769406875E-07, 0.00216825307867322
1.76942640625E-07, 0.00159111280181636
1.7694459375E-07, 0.0019026204576378
1.76946546875E-07, 0.000976941100957396
1.769485E-07, 0.000760887716258181
1.76950453125E-07, 0.000860984373296647
1.7695240625E-07, 0.000554402556613034
1.76954359375E-07, 0.000735946502966896
1.769563125E-07, 0.000474682311043915
1.76958265625E-07, -0.000157426186890738
1.7696021875E-07, 0.000540793251156123
1.76962171875E-07, 0.00197155656405344
1.76964125E-07, 6.79587824432772E-05
1.76966078125E-07, 0.00063970931131923
1.7696803125E-07, 0.000194802198847309
1.76969984375E-07, 0.000484398515536888
1.769719375E-07, 0.000766151433696436
1.76973890625E-07, -2.10703524176697E-05
1.7697584375E-07, 0.000190129836912786
1.76977796875E-07, 0.000235032781284029
1.7697975E-07, -0.000265351026226775
1.76981703125E-07, 0.000526946446176036
1.7698365625E-07, 5.93031098203979E-05
1.76985609375E-07, -2.09904509660125E-07
1.769875625E-07, 5.93534702453141E-05
1.76989515625E-07, 0.000661234334798047
1.7699146875E-07, 0.000739210364368548
1.76993421875E-07, 0.000522666607457474
1.76995375E-07, 0.00100839378672793
1.76997328125E-07, 0.000354511769651449
1.7699928125E-07, 0.000841339559501122
1.77001234375E-07, 0.000944838924501187
1.770031875E-07, 0.000735509503915589
1.77005140625E-07, 0.000813166560182997
1.7700709375E-07, 0.00097410044023718
1.77009046875E-07, 0.00141941789497686
1.77011E-07, 0.00149126519382076
1.77012953125E-07, 0.00168845128611099
1.7701490625E-07, 0.00161959721453615
1.77016859375E-07, 0.00201900962351765
1.770188125E-07, 0.00241039098932796
1.77020765625E-07, 0.00219454554453633
1.7702271875E-07, 0.00239283887931268
1.77024671875E-07, 0.00234915375698716
1.77026625E-07, 0.00279401190205618
1.77028578125E-07, 0.00248148151800676
1.7703053125E-07, 0.00330098459129615
1.77032484375E-07, 0.00263458432491699
1.770344375E-07, 0.00243754479104423
1.77036390625E-07, 0.00265625471978572
1.7703834375E-07, 0.00338102960689326
1.77040296875E-07, 0.0025744114583084
1.7704225E-07, 0.00355673409357402
1.77044203125E-07, 0.00278891811516753
1.7704615625E-07, 0.00339883083943239
1.77048109375E-07, 0.00366772316274217
1.770500625E-07, 0.0032834335538801
1.77052015625E-07, 0.00301924944291908
1.7705396875E-07, 0.00344844578192889
1.77055921875E-07, 0.00376160656227167
1.77057875E-07, 0.00469275249646021
1.77059828125E-07, 0.00485462795168968
1.7706178125E-07, 0.00422562955896378
1.77063734375E-07, 0.00412307735444704
1.770656875E-07, 0.00430755611235629
1.77067640625E-07, 0.00466661038252659
1.7706959375E-07, 0.00425589537994073
1.77071546875E-07, 0.00525278942388735
1.770735E-07, 0.00437827635344333
1.77075453125E-07, 0.00401343214715173
1.7707740625E-07, 0.00362497484000139
1.77079359375E-07, 0.00332036016096839
1.770813125E-07, 0.00495434072211508
1.77083265625E-07, 0.00445914916691347
1.7708521875E-07, 0.00413849452777628
1.77087171875E-07, 0.00359111234493818
1.77089125E-07, 0.00397070356018868
1.77091078125E-07, 0.00457852257364064
1.7709303125E-07, 0.00383368158516047
1.77094984375E-07, 0.00393909485879202
1.770969375E-07, 0.00363212380480554
1.77098890625E-07, 0.00519950592769756
1.7710084375E-07, 0.00521324045900443
1.77102796875E-07, 0.00448098079367191
1.7710475E-07, 0.00401425126250519
1.77106703125E-07, 0.00496446169603606
1.7710865625E-07, 0.00441742118017957
1.77110609375E-07, 0.00426198753000596
1.771125625E-07, 0.00421143785926438
1.77114515625E-07, 0.00346293141581913
1.7711646875E-07, 0.00435009114746302
1.77118421875E-07, 0.00359166714215546
1.77120375E-07, 0.00506304215461766
1.77122328125E-07, 0.004548424915519
1.7712428125E-07, 0.00374802281146967
1.77126234375E-07, 0.00405748596425349
1.771281875E-07, 0.00400196027521357
1.77130140625E-07, 0.00380697426762949
1.7713209375E-07, 0.00463856160661183
1.77134046875E-07, 0.00386703363669841
1.77136E-07, 0.00469904045044151
1.77137953125E-07, 0.0033385822385943
1.7713990625E-07, 0.00567571471815395
1.77141859375E-07, 0.00478967802906315
1.771438125E-07, 0.00461541010800559
1.77145765625E-07, 0.00525280711727988
1.7714771875E-07, 0.00427027774527096
1.77149671875E-07, 0.004549163259001
1.77151625E-07, 0.00521020958157598
1.77153578125E-07, 0.00404821765119808
1.7715553125E-07, 0.00474940935559383
1.77157484375E-07, 0.00499594189335934
1.771594375E-07, 0.00418379912187374
1.77161390625E-07, 0.00504928159674245
1.7716334375E-07, 0.0050854464500681
1.77165296875E-07, 0.00485033417800192
1.7716725E-07, 0.0057976836471331
1.77169203125E-07, 0.00530760683178156
1.7717115625E-07, 0.00469259789311573
1.77173109375E-07, 0.00573141198375025
1.771750625E-07, 0.00431401862796493
1.77177015625E-07, 0.00481500211522347
1.7717896875E-07, 0.00584688872133293
1.77180921875E-07, 0.00497148369304077
1.77182875E-07, 0.0056431430443947
1.77184828125E-07, 0.00470071178805278
1.7718678125E-07, 0.00607428354609405
1.77188734375E-07, 0.00413144267511417
1.771906875E-07, 0.00537525244331786
1.77192640625E-07, 0.006178811337345
1.7719459375E-07, 0.00564262200037522
1.77196546875E-07, 0.00662510977045253
1.771985E-07, 0.00527197156327426
1.77200453125E-07, 0.00575289025352619
1.7720240625E-07, 0.00546592114270446
1.77204359375E-07, 0.00578287592303214
1.772063125E-07, 0.00566346471125485
1.77208265625E-07, 0.00566448351273279
1.7721021875E-07, 0.0054797960195537
1.77212171875E-07, 0.00539324454451622
1.77214125E-07, 0.00542011192230772
1.77216078125E-07, 0.00510120989825269
1.7721803125E-07, 0.00543005219903372
1.77219984375E-07, 0.00500206563664876
1.772219375E-07, 0.00583063394073218
1.77223890625E-07, 0.005046169165327
1.7722584375E-07, 0.00547488739389643
1.77227796875E-07, 0.00521308453477478
1.7722975E-07, 0.00513027026334935
1.77231703125E-07, 0.00510441378825984
1.7723365625E-07, 0.00527313859485774
1.77235609375E-07, 0.00476290465372116
1.772375625E-07, 0.00502809490052057
1.77239515625E-07, 0.00493180765251906
1.7724146875E-07, 0.00473542504701063
1.77243421875E-07, 0.00453649443062217
1.77245375E-07, 0.00509983870635441
1.77247328125E-07, 0.00498829312801168
1.7724928125E-07, 0.00450481084123267
1.77251234375E-07, 0.00442205523694328
1.772531875E-07, 0.00396402977758954
1.77255140625E-07, 0.00369793996025621
1.7725709375E-07, 0.00423500394167643
1.77259046875E-07, 0.0034751939863438
1.77261E-07, 0.00410055441336119
1.77262953125E-07, 0.0031283579990434
1.7726490625E-07, 0.00326795403029613
1.77266859375E-07, 0.00310651315053853
1.772688125E-07, 0.00310305491429702
1.77270765625E-07, 0.00311198689415822
1.7727271875E-07, 0.00294946644177544
1.77274671875E-07, 0.00293402512294669
1.77276625E-07, 0.00319295568640169
1.77278578125E-07, 0.00240272010659799
1.7728053125E-07, 0.0018916673508594
1.77282484375E-07, 0.0017710702594484
1.772844375E-07, 0.0024159483705253
1.77286390625E-07, 0.00200580584266932
1.7728834375E-07, 0.00140499547051609
1.77290296875E-07, 0.00146824245227921
1.7729225E-07, 0.00156474265092965
1.77294203125E-07, 0.00234418467719337
1.7729615625E-07, 0.00109030089859345
1.77298109375E-07, 0.000979299156291299
1.773000625E-07, 0.00161584290440387
1.77302015625E-07, 0.00156334064466465
1.7730396875E-07, 0.000888878437899146
1.77305921875E-07, 0.000288332412164744
1.77307875E-07, 0.000708543437184743
1.77309828125E-07, 0.000289794329380447
1.7731178125E-07, 0.000145489273056194
1.77313734375E-07, -0.00079551377820404
1.773156875E-07, -0.000243666195303494
1.77317640625E-07, 0.000253009049732185
1.7731959375E-07, -0.000605786603130677
1.77321546875E-07, 0.000450747255657702
1.773235E-07, -0.000129283342399016
1.77325453125E-07, -0.000709759697528689
1.7732740625E-07, -0.00049836584153382
1.77329359375E-07, -3.85262362986821E-05
1.773313125E-07, -0.00044405189776755
1.77333265625E-07, -0.00132323521887464
1.7733521875E-07, -0.00117220225178939
1.77337171875E-07, -0.00117300238098125
1.77339125E-07, -0.000643902078223148
1.77341078125E-07, -0.000893957927419111
1.7734303125E-07, -0.000512226826106966
1.77344984375E-07, -0.00174402399927535
1.773469375E-07, -0.00137744179607264
1.77348890625E-07, -0.000716326470448406
1.7735084375E-07, -0.00219111514554319
1.77352796875E-07, -0.00176923264449568
1.7735475E-07, -0.00168974617274797
1.77356703125E-07, -0.00144101009367683
1.7735865625E-07, -0.00145135121827597
1.77360609375E-07, -0.000848512434030235
1.773625625E-07, -0.00256408793597701
1.77364515625E-07, -0.00173183025211835
1.7736646875E-07, -0.0020514770576756
1.77368421875E-07, -0.00250593048774099
1.77370375E-07, -0.00262041143455538
1.77372328125E-07, -0.00184821486431741
1.7737428125E-07, -0.00182210827448113
1.77376234375E-07, -0.00197892549412507
1.773781875E-07, -0.00208708362715371
1.77380140625E-07, -0.00173363316710407
1.7738209375E-07, -0.00207085545285468
1.77384046875E-07, -0.00153782545480543
1.77386E-07, -0.00178345659962664
1.77387953125E-07, -0.00178443682279092
1.7738990625E-07, -0.0022208983434014
1.77391859375E-07, -0.00193399484294373
1.773938125E-07, -0.00243939718865046
1.77395765625E-07, -0.00202884809443257
1.7739771875E-07, -0.00185848916127699
1.77399671875E-07, -0.002095151088417
1.77401625E-07, -0.00219416227596989
1.77403578125E-07, -0.00207592793826805
1.7740553125E-07, -0.00178719948851913
1.77407484375E-07, -0.00193148186049044
1.774094375E-07, -0.00221798957605144
1.77411390625E-07, -0.00232083690628269
1.7741334375E-07, -0.00232955426317039
1.77415296875E-07, -0.00253985456688055
1.7741725E-07, -0.00258926325762477
1.77419203125E-07, -0.00175768159157062
1.7742115625E-07, -0.0020136711470768
1.77423109375E-07, -0.00247243708164926
1.774250625E-07, -0.00200687712203639
1.77427015625E-07, -0.00199362899774744
1.7742896875E-07, -0.00205944684977313
1.77430921875E-07, -0.00195572511554559
1.77432875E-07, -0.00217394033343925
1.77434828125E-07, -0.00214868697501107
1.7743678125E-07, -0.00189226727997998
1.77438734375E-07, -0.00245900265699522
1.774406875E-07, -0.00178430299632931
1.77442640625E-07, -0.00205434084304811
1.7744459375E-07, -0.00168150443957933
1.77446546875E-07, -0.00178229070894916
1.774485E-07, -0.001953311677002
1.77450453125E-07, -0.00196281691546652
1.7745240625E-07, -0.00145208529748012
1.77454359375E-07, -0.00199599860868355
1.774563125E-07, -0.00182637231412313
1.77458265625E-07, -0.0023109730290396
1.7746021875E-07, -0.00149525167669496
1.77462171875E-07, -0.00178997420615194
1.77464125E-07, -0.00169792118880038
1.77466078125E-07, -0.00103308788970882
1.7746803125E-07, -0.0020874055838754
1.77469984375E-07, -0.00172972600735201
1.774719375E-07, -0.00188398731250164
1.77473890625E-07, -0.00158434042432969
1.7747584375E-07, -0.00166557699691281
1.77477796875E-07, -0.00133819644630584
1.7747975E-07, -0.00116770615081315
1.77481703125E-07, -0.00127150346459105
1.7748365625E-07, -0.00180414267614594
1.77485609375E-07, -0.00164937072036185
1.774875625E-07, -0.0014529343013836
1.77489515625E-07, -0.00144230064657869
1.7749146875E-07, -0.00160087859465982
1.77493421875E-07, -0.00145135491911432
1.77495375E-07, -0.00168180393356094
1.77497328125E-07, -0.00160764233360752
1.7749928125E-07, -0.00176425513569976
1.77501234375E-07, -0.0016101881955085
1.775031875E-07, -0.00171356512639968
1.77505140625E-07, -0.00195233029740405
1.7750709375E-07, -0.00189509617906618
1.77509046875E-07, -0.00190722204643575
1.77511E-07, -0.00233454584983416
1.77512953125E-07, -0.00212038124936397
1.7751490625E-07, -0.00213523054942108
1.77516859375E-07, -0.00214608666140845
1.775188125E-07, -0.00252428040081768
1.77520765625E-07, -0.00223700600514676
1.7752271875E-07, -0.00238753299371582
1.77524671875E-07, -0.00288459135560217
1.77526625E-07, -0.00231485658717943
1.77528578125E-07, -0.00276818733416714
1.7753053125E-07, -0.00188359114235278
1.77532484375E-07, -0.00302398144122249
1.775344375E-07, -0.00228163758623191
1.77536390625E-07, -0.00259905670097119
1.7753834375E-07, -0.00294698262603102
1.77540296875E-07, -0.0018062042060037
1.7754225E-07, -0.00303555041572578
1.77544203125E-07, -0.00274997116443651
1.7754615625E-07, -0.00270374074637601
1.77548109375E-07, -0.00249766446082588
1.775500625E-07, -0.00276765709092667
1.77552015625E-07, -0.00220531827569708
1.7755396875E-07, -0.00364493250241334
1.77555921875E-07, -0.00311754687482952
1.77557875E-07, -0.00365609586771596
1.77559828125E-07, -0.00402631774286617
1.7756178125E-07, -0.0036905234086274
1.77563734375E-07, -0.00282712704894145
1.775656875E-07, -0.00347302210544328
1.77567640625E-07, -0.00376879233855522
1.7756959375E-07, -0.00319085245965584
1.77571546875E-07, -0.00345170544269613
1.775735E-07, -0.00378424160533246
1.77575453125E-07, -0.00354185885722659
1.7757740625E-07, -0.00268299997293841
1.77579359375E-07, -0.00269112236364416
1.775813125E-07, -0.00376930423445934
1.77583265625E-07, -0.00331492398257307
1.7758521875E-07, -0.00341899766978622
1.77587171875E-07, -0.00298501190119573
1.77589125E-07, -0.00361536554883566
1.77591078125E-07, -0.00353778069518169
1.7759303125E-07, -0.0025135948359757
1.77594984375E-07, -0.0035470663555857
1.775969375E-07, -0.00342595737887182
1.77598890625E-07, -0.00386142544336378
1.7760084375E-07, -0.00433285343114924
1.77602796875E-07, -0.003978754815236
1.7760475E-07, -0.003403384627289
1.77606703125E-07, -0.00233032660106992
1.7760865625E-07, -0.00319851508035908
1.77610609375E-07, -0.00232236631381971
1.776125625E-07, -0.002277389341654
1.77614515625E-07, -0.00207013239658967
1.7761646875E-07, -0.00192689269329778
1.77618421875E-07, -0.00258821484824159
1.77620375E-07, -0.00238317913028156
1.77622328125E-07, -0.00269735786695551
1.7762428125E-07, -0.00304976325093601
1.77626234375E-07, -0.00240280358951458
1.776281875E-07, -0.00258628883556306
1.77630140625E-07, -0.00207720292580094
1.7763209375E-07, -0.00239802853064403
1.77634046875E-07, -0.00229514113761134


