File Format, WaveformXYValues
Format Version, 1
Instrument, N1045A,04F,LOJ
SwVersion, A.06.71.21
SerialNumber, MY56260108
Date, 11/29/2023 14:21:05 GMT+08:00

Source Name, Channel 1A

Points, 2048
Signal Type, Unspecified
Channel Bandwidth, 2E+10
Channel Noise, 6.66857143682292E-05
X Units, Second
Y Units, Volt
Data, 
1.73636E-07, -0.0015920556997623
1.73637953125E-07, -0.00147656782292647
1.7363990625E-07, -0.00151212890164762
1.73641859375E-07, -0.00162400085597112
1.736438125E-07, -0.0016987198924044
1.73645765625E-07, -0.00146847691218362
1.7364771875E-07, -0.00185199517865838
1.73649671875E-07, -0.00134136212549297
1.73651625E-07, -0.00158289945552804
1.73653578125E-07, -0.00189358500458198
1.7365553125E-07, -0.00177084232064228
1.73657484375E-07, -0.00160613140340088
1.736594375E-07, -0.00157143276685917
1.73661390625E-07, -0.00184642259166091
1.7366334375E-07, -0.00137280850179427
1.73665296875E-07, -0.00155528445983172
1.7366725E-07, -0.00167549973783607
1.73669203125E-07, -0.00159682570673451
1.7367115625E-07, -0.00138951510424871
1.73673109375E-07, -0.00167714026544194
1.736750625E-07, -0.00199255839011647
1.73677015625E-07, -0.000924081570794154
1.7367896875E-07, -0.00158253022132564
1.73680921875E-07, -0.00168475239605154
1.73682875E-07, -0.000998044482930459
1.73684828125E-07, -0.00187984888893046
1.7368678125E-07, -0.00179715567490463
1.73688734375E-07, -0.00144671121254613
1.736906875E-07, -0.00164701078445886
1.73692640625E-07, -0.00183132284612117
1.7369459375E-07, -0.00141512967762026
1.73696546875E-07, -0.00156224490891404
1.736985E-07, -0.00151865473857262
1.73700453125E-07, -0.00124596030424937
1.7370240625E-07, -0.00182658469981152
1.73704359375E-07, -0.00176743191275082
1.737063125E-07, -0.00142263139101933
1.73708265625E-07, -0.00171496159643593
1.7371021875E-07, -0.00160793068984569
1.73712171875E-07, -0.00118793137255768
1.73714125E-07, -0.00118628022160339
1.73716078125E-07, -0.00209290750727608
1.7371803125E-07, -0.00121474116836356
1.73719984375E-07, -0.0017290873879243
1.737219375E-07, -0.002093054479253
1.73723890625E-07, -0.00165238124330872
1.7372584375E-07, -0.00148659972658756
1.73727796875E-07, -0.00202800254077467
1.7372975E-07, -0.00180735073564529
1.73731703125E-07, -0.00155922042917332
1.7373365625E-07, -0.00153848150731198
1.73735609375E-07, -0.00231836893889368
1.737375625E-07, -0.00177725404672179
1.73739515625E-07, -0.00154270551824919
1.7374146875E-07, -0.00175953067760285
1.73743421875E-07, -0.00226545787754894
1.73745375E-07, -0.00161462518015098
1.73747328125E-07, -0.00166748562705057
1.7374928125E-07, -0.00160789758957919
1.73751234375E-07, -0.00254548305844536
1.737531875E-07, -0.00166220066404762
1.73755140625E-07, -0.00133391526185242
1.7375709375E-07, -0.00107416579271114
1.73759046875E-07, -0.00224979630128393
1.73761E-07, -0.00169486861056371
1.73762953125E-07, -0.0022835228696201
1.7376490625E-07, -0.00175629555741042
1.73766859375E-07, -0.00184147193364065
1.737688125E-07, -0.00182600229116308
1.73770765625E-07, -0.00191509463344195
1.7377271875E-07, -0.00212673564427527
1.73774671875E-07, -0.00195941957609799
1.73776625E-07, -0.00180306256070698
1.73778578125E-07, -0.00197220122570765
1.7378053125E-07, -0.00186502914065797
1.73782484375E-07, -0.00156389552512632
1.737844375E-07, -0.00162681581711889
1.73786390625E-07, -0.00190343070038243
1.7378834375E-07, -0.00213032552838009
1.73790296875E-07, -0.00155396266468976
1.7379225E-07, -0.0016162193265387
1.73794203125E-07, -0.00213314852674391
1.7379615625E-07, -0.00194026995772847
1.73798109375E-07, -0.00243267644439861
1.738000625E-07, -0.00223924455337924
1.73802015625E-07, -0.00213733613164552
1.7380396875E-07, -0.00235047103033699
1.73805921875E-07, -0.00243947753324306
1.73807875E-07, -0.00187897767355469
1.73809828125E-07, -0.00207943302838776
1.7381178125E-07, -0.00213374572690019
1.73813734375E-07, -0.0020352083977498
1.738156875E-07, -0.00209913070572206
1.73817640625E-07, -0.0019736036687017
1.7381959375E-07, -0.00195959192612298
1.73821546875E-07, -0.00208982384108985
1.738235E-07, -0.00209101990071915
1.73825453125E-07, -0.00229051482055671
1.7382740625E-07, -0.00223317055237377
1.73829359375E-07, -0.0024082056181169
1.738313125E-07, -0.002100643660347
1.73833265625E-07, -0.00233560746485555
1.7383521875E-07, -0.00238527409050696
1.73837171875E-07, -0.00206119903255191
1.73839125E-07, -0.00221849259850545
1.73841078125E-07, -0.00247053703245703
1.7384303125E-07, -0.0025349477688818
1.73844984375E-07, -0.00249348053652883
1.738469375E-07, -0.00173534272849054
1.73848890625E-07, -0.00269435715855914
1.7385084375E-07, -0.00304156811494785
1.73852796875E-07, -0.00252427725169695
1.7385475E-07, -0.00257487058273026
1.73856703125E-07, -0.00264185729260934
1.7385865625E-07, -0.00272331668280798
1.73860609375E-07, -0.00288912085320929
1.738625625E-07, -0.00276755556771612
1.73864515625E-07, -0.00298568998240898
1.7386646875E-07, -0.00300956107537463
1.73868421875E-07, -0.00294136225811164
1.73870375E-07, -0.00305308888261836
1.73872328125E-07, -0.00310192514292616
1.7387428125E-07, -0.00272510413826174
1.73876234375E-07, -0.00315008855739064
1.738781875E-07, -0.00304470519088071
1.73880140625E-07, -0.00334732363905658
1.7388209375E-07, -0.00341457929684135
1.73884046875E-07, -0.0033296652469625
1.73886E-07, -0.00358869834444792
1.73887953125E-07, -0.00351027309177661
1.7388990625E-07, -0.0033496557793922
1.73891859375E-07, -0.00337280439914471
1.738938125E-07, -0.00388786863260674
1.73895765625E-07, -0.00374985843820152
1.7389771875E-07, -0.00408255540487152
1.73899671875E-07, -0.00388243139101803
1.73901625E-07, -0.00435032124274694
1.73903578125E-07, -0.00365986894253877
1.7390553125E-07, -0.00407308820763384
1.73907484375E-07, -0.0044711638749592
1.739094375E-07, -0.00400766714898285
1.73911390625E-07, -0.00399921023141547
1.7391334375E-07, -0.00406132188731445
1.73915296875E-07, -0.00452386992693977
1.7391725E-07, -0.00480765109275172
1.73919203125E-07, -0.00457648371324606
1.7392115625E-07, -0.00512225678038155
1.73923109375E-07, -0.00423761190437695
1.739250625E-07, -0.00472375575725075
1.73927015625E-07, -0.0047826041050266
1.7392896875E-07, -0.00495413457488067
1.73930921875E-07, -0.0047778649822649
1.73932875E-07, -0.00472286399634933
1.73934828125E-07, -0.00521215411533351
1.7393678125E-07, -0.00457326856776835
1.73938734375E-07, -0.00508868180299289
1.739406875E-07, -0.00538261553768159
1.73942640625E-07, -0.00573778231439374
1.7394459375E-07, -0.00509244238005725
1.73946546875E-07, -0.00553181719768235
1.739485E-07, -0.00545488861788992
1.73950453125E-07, -0.00539212620418779
1.7395240625E-07, -0.00575276652057757
1.73954359375E-07, -0.00544113316767172
1.739563125E-07, -0.00480890372882277
1.73958265625E-07, -0.00484136162241266
1.7396021875E-07, -0.00565055617470858
1.73962171875E-07, -0.005146827177495
1.73964125E-07, -0.0059535589196238
1.73966078125E-07, -0.00579390580848908
1.7396803125E-07, -0.00540233180217131
1.73969984375E-07, -0.00550886839823936
1.739719375E-07, -0.00530964817925893
1.73973890625E-07, -0.00571590372895765
1.7397584375E-07, -0.00547294310414784
1.73977796875E-07, -0.00598716968207856
1.7397975E-07, -0.00489621286566721
1.73981703125E-07, -0.00519370204157365
1.7398365625E-07, -0.00523884981326066
1.73985609375E-07, -0.00488670684122535
1.739875625E-07, -0.00492620423509026
1.73989515625E-07, -0.00511275521937829
1.7399146875E-07, -0.00480654848146572
1.73993421875E-07, -0.00525355051653766
1.73995375E-07, -0.00513730688806105
1.73997328125E-07, -0.00409343991747515
1.7399928125E-07, -0.00467388459788274
1.74001234375E-07, -0.00439880201084109
1.740031875E-07, -0.0046827826096593
1.74005140625E-07, -0.0046173473982672
1.7400709375E-07, -0.00361071483623609
1.74009046875E-07, -0.00466688744911162
1.74011E-07, -0.00363800178074683
1.74012953125E-07, -0.00399821597789806
1.7401490625E-07, -0.00335804658546522
1.74016859375E-07, -0.00249829466262211
1.740188125E-07, -0.00245264624506707
1.74020765625E-07, -0.0034520380967296
1.7402271875E-07, -0.00305765777488375
1.74024671875E-07, -0.00325597657154927
1.74026625E-07, -0.00253215743965711
1.74028578125E-07, -0.00323086162639062
1.7403053125E-07, -0.00115972110725397
1.74032484375E-07, -0.00190642004213575
1.740344375E-07, -0.00219290375068917
1.74036390625E-07, -0.00125462468391471
1.7403834375E-07, -0.00131630929617013
1.74040296875E-07, -0.00118634081226768
1.7404225E-07, 0.000325231268904217
1.74044203125E-07, -0.00135194414801661
1.7404615625E-07, -0.000795997596423423
1.74048109375E-07, -0.000354698904488005
1.740500625E-07, 0.00187650152490439
1.74052015625E-07, 0.000897392418467444
1.7405396875E-07, -5.94643976769209E-05
1.74055921875E-07, 9.30819777954368E-05
1.74057875E-07, 0.00145920387292004
1.74059828125E-07, 0.00125930750412344
1.7406178125E-07, 0.00221462490517417
1.74063734375E-07, 0.00242333344870132
1.740656875E-07, 0.00324020373618391
1.74067640625E-07, 0.00391599496987336
1.7406959375E-07, 0.00376499986477383
1.74071546875E-07, 0.00355463939440077
1.740735E-07, 0.00390880715429163
1.74075453125E-07, 0.00707027264969517
1.7407740625E-07, 0.00455362741767267
1.74079359375E-07, 0.005600084205756
1.740813125E-07, 0.00691343352945613
1.74083265625E-07, 0.00658378887524166
1.7408521875E-07, 0.00793920664597617
1.74087171875E-07, 0.00728220450041564
1.74089125E-07, 0.0076501960275584
1.74091078125E-07, 0.00836384023045339
1.7409303125E-07, 0.00769749679289119
1.74094984375E-07, 0.00893779438313316
1.740969375E-07, 0.0110724181845444
1.74098890625E-07, 0.0104808716771203
1.7410084375E-07, 0.00950313036809866
1.74102796875E-07, 0.0108663939057206
1.7410475E-07, 0.0119035006705252
1.74106703125E-07, 0.012446166168459
1.7410865625E-07, 0.00928145640555649
1.74110609375E-07, 0.0129703249833499
1.741125625E-07, 0.0151490776364695
1.74114515625E-07, 0.0130743251858762
1.7411646875E-07, 0.0145034040679007
1.74118421875E-07, 0.0150768291138079
1.74120375E-07, 0.0155169373596295
1.74122328125E-07, 0.0171707481891765
1.7412428125E-07, 0.0145558774659278
1.74126234375E-07, 0.0181129538234755
1.741281875E-07, 0.017847925734199
1.74130140625E-07, 0.018829974808395
1.7413209375E-07, 0.0188986526167083
1.74134046875E-07, 0.0180747328407899
1.74136E-07, 0.0216961669187887
1.74137953125E-07, 0.0217619341659704
1.7413990625E-07, 0.0206381932005805
1.74141859375E-07, 0.020438887181652
1.741438125E-07, 0.0227202399101517
1.74145765625E-07, 0.0238773586353284
1.7414771875E-07, 0.0230437513225861
1.74149671875E-07, 0.0227074229590022
1.74151625E-07, 0.0252714734356673
1.74153578125E-07, 0.0205520950355473
1.7415553125E-07, 0.024311255372267
1.74157484375E-07, 0.0250900561938519
1.741594375E-07, 0.0273006017673438
1.74161390625E-07, 0.0267740066840256
1.7416334375E-07, 0.0256659376363296
1.74165296875E-07, 0.0285449155197294
1.7416725E-07, 0.0282517915868505
1.74169203125E-07, 0.0273126646842674
1.7417115625E-07, 0.0287705750070883
1.74173109375E-07, 0.0302935929580968
1.741750625E-07, 0.0297302435317132
1.74177015625E-07, 0.0305574999247182
1.7417896875E-07, 0.0285184033477424
1.74180921875E-07, 0.0317996143263174
1.74182875E-07, 0.0317786906486873
1.74184828125E-07, 0.0320814395872059
1.7418678125E-07, 0.031517089417467
1.74188734375E-07, 0.0330677230931821
1.741906875E-07, 0.0339027446120955
1.74192640625E-07, 0.0338741340670694
1.7419459375E-07, 0.0326434984631148
1.74196546875E-07, 0.0324076262336841
1.741985E-07, 0.0341299725441883
1.74200453125E-07, 0.0343069725975958
1.7420240625E-07, 0.0334883594711441
1.74204359375E-07, 0.0322649648099698
1.742063125E-07, 0.0318815924085556
1.74208265625E-07, 0.0327802557819323
1.7421021875E-07, 0.0335485971390352
1.74212171875E-07, 0.0346373728563409
1.74214125E-07, 0.0341286266900658
1.74216078125E-07, 0.0318743098891717
1.7421803125E-07, 0.0327437692330037
1.74219984375E-07, 0.0335750725151665
1.742219375E-07, 0.0332126597976411
1.74223890625E-07, 0.0335297254682119
1.7422584375E-07, 0.0314640462818046
1.74227796875E-07, 0.0329281861674243
1.7422975E-07, 0.0320063079036131
1.74231703125E-07, 0.0294407859938609
1.7423365625E-07, 0.0266605725695825
1.74235609375E-07, 0.0305058623320179
1.742375625E-07, 0.0283900831037146
1.74239515625E-07, 0.0295542756391428
1.7424146875E-07, 0.0274788312487352
1.74243421875E-07, 0.0271589494305854
1.74245375E-07, 0.0274166696047954
1.74247328125E-07, 0.024440041775756
1.7424928125E-07, 0.0254641623270073
1.74251234375E-07, 0.0245113460484336
1.742531875E-07, 0.0254355473785934
1.74255140625E-07, 0.0196265181318445
1.7425709375E-07, 0.0216575472084334
1.74259046875E-07, 0.0233646797421059
1.74261E-07, 0.0179295377373714
1.74262953125E-07, 0.0222702253536215
1.7426490625E-07, 0.0189865971331658
1.74266859375E-07, 0.0129679259802937
1.742688125E-07, 0.0114138663085181
1.74270765625E-07, 0.0142959322978082
1.7427271875E-07, 0.0148569649927999
1.74274671875E-07, 0.0132415474484282
1.74276625E-07, 0.00737903106808479
1.74278578125E-07, 0.00974618101148962
1.7428053125E-07, 0.00849855842764532
1.74282484375E-07, 0.000815667178706489
1.742844375E-07, 0.00765313791538352
1.74286390625E-07, -0.000467238575950828
1.7428834375E-07, 0.00582399578754299
1.74290296875E-07, -0.000592995084877057
1.7429225E-07, -0.00166618668086412
1.74294203125E-07, -0.00339345215402167
1.7429615625E-07, -0.000767381156658071
1.74298109375E-07, -0.00406328727616633
1.743000625E-07, -0.0107604056893662
1.74302015625E-07, -0.0131391948090709
1.7430396875E-07, -0.0138695707574944
1.74305921875E-07, -0.0146128760264836
1.74307875E-07, -0.0191890723117574
1.74309828125E-07, -0.019184049069464
1.7431178125E-07, -0.0277528934966597
1.74313734375E-07, -0.0216975038603196
1.743156875E-07, -0.0316984335554367
1.74317640625E-07, -0.0262438297372334
1.7431959375E-07, -0.0260414644349359
1.74321546875E-07, -0.0365263916777141
1.743235E-07, -0.0344774048774235
1.74325453125E-07, -0.0365406570929586
1.7432740625E-07, -0.0375580485261544
1.74329359375E-07, -0.0346597747238886
1.743313125E-07, -0.0462069782165209
1.74333265625E-07, -0.0404535485342424
1.7433521875E-07, -0.0547795920542303
1.74337171875E-07, -0.0525323198245114
1.74339125E-07, -0.051424531002198
1.74341078125E-07, -0.0486358727337681
1.7434303125E-07, -0.0618666928105549
1.74344984375E-07, -0.0586741231761918
1.743469375E-07, -0.062768265805899
1.74348890625E-07, -0.070532456987984
1.7435084375E-07, -0.0731905982624467
1.74352796875E-07, -0.0697014993382418
1.7435475E-07, -0.0665187931479996
1.74356703125E-07, -0.0732368481616814
1.7435865625E-07, -0.0749352614750323
1.74360609375E-07, -0.0785752955202005
1.743625625E-07, -0.0787911008749386
1.74364515625E-07, -0.0826084789865627
1.7436646875E-07, -0.0867692861306869
1.74368421875E-07, -0.085952400616632
1.74370375E-07, -0.0839120291763686
1.74372328125E-07, -0.0804584279506896
1.7437428125E-07, -0.0917769422000643
1.74376234375E-07, -0.0964950075798814
1.743781875E-07, -0.099709505323104
1.74380140625E-07, -0.096879116766817
1.7438209375E-07, -0.0999809806606154
1.74384046875E-07, -0.100105992303422
1.74386E-07, -0.105967765057344
1.74387953125E-07, -0.0998417018750089
1.7438990625E-07, -0.105502555607543
1.74391859375E-07, -0.107750216002624
1.743938125E-07, -0.110847472056362
1.74395765625E-07, -0.104407817827525
1.7439771875E-07, -0.112962577152299
1.74399671875E-07, -0.109833586651372
1.74401625E-07, -0.116253874062038
1.74403578125E-07, -0.117568398444978
1.7440553125E-07, -0.113303651477752
1.74407484375E-07, -0.120840981930829
1.744094375E-07, -0.119764306603515
1.74411390625E-07, -0.121320862479635
1.7441334375E-07, -0.120066196347858
1.74415296875E-07, -0.114912130676627
1.7441725E-07, -0.121430067332314
1.74419203125E-07, -0.115564948213466
1.7442115625E-07, -0.119929169704001
1.74423109375E-07, -0.122181820375067
1.744250625E-07, -0.120553995014546
1.74427015625E-07, -0.119569060477271
1.7442896875E-07, -0.115790356993645
1.74430921875E-07, -0.112127512293245
1.74432875E-07, -0.111758423180998
1.74434828125E-07, -0.120522276027399
1.7443678125E-07, -0.115624129359056
1.74438734375E-07, -0.114275515025385
1.744406875E-07, -0.110455337920105
1.74442640625E-07, -0.108141813873938
1.7444459375E-07, -0.0970802904534084
1.74446546875E-07, -0.104470791213841
1.744485E-07, -0.107227758914367
1.74450453125E-07, -0.105224050455511
1.7445240625E-07, -0.101817783232239
1.74454359375E-07, -0.0954499391856408
1.744563125E-07, -0.0946011464602549
1.74458265625E-07, -0.090034777023612
1.7446021875E-07, -0.0854761747969965
1.74462171875E-07, -0.0762045019641553
1.74464125E-07, -0.0812872086024459
1.74466078125E-07, -0.0781865567399858
1.7446803125E-07, -0.0703115002521688
1.74469984375E-07, -0.0786016289792803
1.744719375E-07, -0.0640841213862747
1.74473890625E-07, -0.0617093856255378
1.7447584375E-07, -0.0488133727385181
1.74477796875E-07, -0.0593848902640155
1.7447975E-07, -0.0554946489045207
1.74481703125E-07, -0.0539521288161756
1.7448365625E-07, -0.0334524757797362
1.74485609375E-07, -0.0459750845538851
1.744875625E-07, -0.0372718274331826
1.74489515625E-07, -0.0303520614029876
1.7449146875E-07, -0.0323045051147288
1.74493421875E-07, -0.0242407557034623
1.74495375E-07, -0.0187943964524652
1.74497328125E-07, -0.0101952223189519
1.7449928125E-07, -0.00997633494222871
1.74501234375E-07, -0.010182060085668
1.745031875E-07, 0.00375337518037469
1.74505140625E-07, -0.00281644238098129
1.7450709375E-07, 0.00618495870481904
1.74509046875E-07, 0.0233865515396424
1.74511E-07, 0.0139695442967477
1.74512953125E-07, 0.0197413255072051
1.7451490625E-07, 0.0163812668436389
1.74516859375E-07, 0.0188120046506742
1.745188125E-07, 0.033292642210546
1.74520765625E-07, 0.0472275470031459
1.7452271875E-07, 0.0518461941408163
1.74524671875E-07, 0.0398946903418592
1.74526625E-07, 0.0548947221504478
1.74528578125E-07, 0.0576099567755116
1.7453053125E-07, 0.0599670319760553
1.74532484375E-07, 0.0596839665913593
1.745344375E-07, 0.0593484094356001
1.74536390625E-07, 0.0717771603846634
1.7453834375E-07, 0.0551815897735375
1.74540296875E-07, 0.0752879161778499
1.7454225E-07, 0.0788698502319275
1.74544203125E-07, 0.0765196264318671
1.7454615625E-07, 0.0674994807960339
1.74548109375E-07, 0.0830009838665741
1.745500625E-07, 0.0839120692498902
1.74552015625E-07, 0.0613774879214695
1.7455396875E-07, 0.0895425634794222
1.74555921875E-07, 0.0942032858455499
1.74557875E-07, 0.08779121450151
1.74559828125E-07, 0.0906022730193373
1.7456178125E-07, 0.0860727044567915
1.74563734375E-07, 0.0976705184152049
1.745656875E-07, 0.093809072035095
1.74567640625E-07, 0.0951646263615084
1.7456959375E-07, 0.091151507084187
1.74571546875E-07, 0.0902437284533005
1.745735E-07, 0.095852838286967
1.74575453125E-07, 0.0990306043517639
1.7457740625E-07, 0.0924194790230138
1.74579359375E-07, 0.0986266400861288
1.745813125E-07, 0.100066576331389
1.74583265625E-07, 0.094828124445811
1.7458521875E-07, 0.0992030373274783
1.74587171875E-07, 0.097709446424858
1.74589125E-07, 0.0977350975848576
1.74591078125E-07, 0.0803000361638199
1.7459303125E-07, 0.0960331669596559
1.74594984375E-07, 0.0982373892543232
1.745969375E-07, 0.0824338870893926
1.74598890625E-07, 0.0923045003313922
1.7460084375E-07, 0.0887059195929482
1.74602796875E-07, 0.0882315610378891
1.7460475E-07, 0.0927209881110699
1.74606703125E-07, 0.0777448591537473
1.7460865625E-07, 0.0787062042252376
1.74610609375E-07, 0.0793722562269552
1.746125625E-07, 0.0842458129666332
1.74614515625E-07, 0.0813310734348233
1.7461646875E-07, 0.0761132218514777
1.74618421875E-07, 0.0756415076515169
1.74620375E-07, 0.0782458864570812
1.74622328125E-07, 0.0652823414681415
1.7462428125E-07, 0.072669278315164
1.74626234375E-07, 0.067275146858033
1.746281875E-07, 0.0668457045441553
1.74630140625E-07, 0.0673634883010245
1.7463209375E-07, 0.0598055662308472
1.74634046875E-07, 0.0534701882638735
1.74636E-07, 0.0522881067460767
1.74637953125E-07, 0.0535094669916514
1.7463990625E-07, 0.0559872140206716
1.74641859375E-07, 0.0468604449527228
1.746438125E-07, 0.0488141194622693
1.74645765625E-07, 0.0461707401608246
1.7464771875E-07, 0.0466991460596092
1.74649671875E-07, 0.0428551259099223
1.74651625E-07, 0.0390351295903462
1.74653578125E-07, 0.0373273663183603
1.7465553125E-07, 0.0363519556297039
1.74657484375E-07, 0.0346061483330312
1.746594375E-07, 0.0350321972719541
1.74661390625E-07, 0.0330559477853008
1.7466334375E-07, 0.0334422712016417
1.74665296875E-07, 0.0333500930800026
1.7466725E-07, 0.0261542508905081
1.74669203125E-07, 0.0296701333841397
1.7467115625E-07, 0.027989335599982
1.74673109375E-07, 0.025493666225673
1.746750625E-07, 0.0291456656590903
1.74677015625E-07, 0.0239265002755051
1.7467896875E-07, 0.0239279460940445
1.74680921875E-07, 0.0248428457148837
1.74682875E-07, 0.0248436355348607
1.74684828125E-07, 0.0231065751429741
1.7468678125E-07, 0.022739754182135
1.74688734375E-07, 0.0210463495276122
1.746906875E-07, 0.0205795670528386
1.74692640625E-07, 0.0206676717334832
1.7469459375E-07, 0.0199746035429016
1.74696546875E-07, 0.0191636789499746
1.746985E-07, 0.0202688304954522
1.74700453125E-07, 0.0227145835483722
1.7470240625E-07, 0.0180380319909447
1.74704359375E-07, 0.0191687139534136
1.747063125E-07, 0.0183144082452802
1.74708265625E-07, 0.0180253272346107
1.7471021875E-07, 0.0185536123370634
1.74712171875E-07, 0.0189552802613866
1.74714125E-07, 0.0188982994474173
1.74716078125E-07, 0.0186302399977126
1.7471803125E-07, 0.0185431917042954
1.74719984375E-07, 0.0196047690247807
1.747219375E-07, 0.0199236877265652
1.74723890625E-07, 0.0186747140756288
1.7472584375E-07, 0.0184941316751388
1.74727796875E-07, 0.0199072195611058
1.7472975E-07, 0.0185133730271965
1.74731703125E-07, 0.0191444016595649
1.7473365625E-07, 0.0189278163807524
1.74735609375E-07, 0.0191808765208106
1.747375625E-07, 0.0194839557624189
1.74739515625E-07, 0.0189819432283879
1.7474146875E-07, 0.0189847620197229
1.74743421875E-07, 0.019187922980005
1.74745375E-07, 0.0191145562224678
1.74747328125E-07, 0.018191722985936
1.7474928125E-07, 0.0192264101466538
1.74751234375E-07, 0.0206952903576925
1.747531875E-07, 0.0189811546179701
1.74755140625E-07, 0.0183581823232613
1.7475709375E-07, 0.0182449826085878
1.74759046875E-07, 0.0183986941201809
1.74761E-07, 0.0181783453048495
1.74762953125E-07, 0.0179577226636911
1.7476490625E-07, 0.020233044469004
1.74766859375E-07, 0.0161233899483675
1.747688125E-07, 0.0147581670915959
1.74770765625E-07, 0.0147783892369158
1.7477271875E-07, 0.0180792890971629
1.74774671875E-07, 0.0165768004974961
1.74776625E-07, 0.0149014505546309
1.74778578125E-07, 0.0152037815649425
1.7478053125E-07, 0.0144876942605839
1.74782484375E-07, 0.0135230499839732
1.747844375E-07, 0.0119454601307888
1.74786390625E-07, 0.0109365659400884
1.7478834375E-07, 0.0125912163479898
1.74790296875E-07, 0.00995162805367544
1.7479225E-07, 0.0102536744276724
1.74794203125E-07, 0.010531879863146
1.7479615625E-07, 0.00957470299183882
1.74798109375E-07, 0.00754176800828573
1.748000625E-07, 0.00822719579478331
1.74802015625E-07, 0.00508546204514991
1.7480396875E-07, 0.00679308586804023
1.74805921875E-07, 0.00781922976455977
1.74807875E-07, 0.0042147830491024
1.74809828125E-07, 0.00464112038762651
1.7481178125E-07, 0.00366802153033277
1.74813734375E-07, 0.00312237377756856
1.748156875E-07, 0.00400367611736149
1.74817640625E-07, 0.000872665486750554
1.7481959375E-07, 0.00189958415668504
1.74821546875E-07, 0.000451486686613175
1.748235E-07, 0.000983732415079421
1.74825453125E-07, 0.0010538126227002
1.7482740625E-07, -0.00108228958337766
1.74829359375E-07, -0.000359779284702217
1.748313125E-07, -0.00148144318138098
1.74833265625E-07, -0.00295392590816053
1.7483521875E-07, -0.00280383371402089
1.74837171875E-07, -0.00230156253192437
1.74839125E-07, -0.00429141349871485
1.74841078125E-07, -0.00357270892418206
1.7484303125E-07, -0.00237229477077227
1.74844984375E-07, -0.00422208861193645
1.748469375E-07, -0.00334144631906988
1.74848890625E-07, -0.00552567984448058
1.7485084375E-07, -0.0057621892753308
1.74852796875E-07, -0.00621694913272385
1.7485475E-07, -0.00705811952081632
1.74856703125E-07, -0.00656513717580291
1.7485865625E-07, -0.0079267627983904
1.74860609375E-07, -0.00730230252538745
1.748625625E-07, -0.00748231420206651
1.74864515625E-07, -0.00610488814481113
1.7486646875E-07, -0.00704114035260149
1.74868421875E-07, -0.00818373899702502
1.74870375E-07, -0.00818186539331929
1.74872328125E-07, -0.00822981809402999
1.7487428125E-07, -0.00650759350014669
1.74876234375E-07, -0.00775306168831981
1.748781875E-07, -0.00641389456904188
1.74880140625E-07, -0.00834218527940546
1.7488209375E-07, -0.00763716407176804
1.74884046875E-07, -0.00775952155025912
1.74886E-07, -0.00810104074985843
1.74887953125E-07, -0.00731955444257953
1.7488990625E-07, -0.00738423475551387
1.74891859375E-07, -0.00646751159182208
1.748938125E-07, -0.00637245362776565
1.74895765625E-07, -0.00691016641370527
1.7489771875E-07, -0.00607012076732677
1.74899671875E-07, -0.00687610602550135
1.74901625E-07, -0.00561556193345723
1.74903578125E-07, -0.00614278519225332
1.7490553125E-07, -0.00610874526662442
1.74907484375E-07, -0.00502156026690552
1.749094375E-07, -0.00523438585978189
1.74911390625E-07, -0.00480982156248039
1.7491334375E-07, -0.00410030537554268
1.74915296875E-07, -0.0048282631412293
1.7491725E-07, -0.00377943545739229
1.74919203125E-07, -0.00355054852626254
1.7492115625E-07, -0.00256414751971621
1.74923109375E-07, -0.00324028532181261
1.749250625E-07, -0.00361723605591124
1.74927015625E-07, -0.00193753053458836
1.7492896875E-07, -0.00247647055271948
1.74930921875E-07, -0.00233273584761264
1.74932875E-07, -0.00103466679743617
1.74934828125E-07, -0.0022857992048397
1.7493678125E-07, -0.00170819966680053
1.74938734375E-07, -0.000949027653989223
1.749406875E-07, -0.00196402416816535
1.74942640625E-07, -0.000337415113763521
1.7494459375E-07, -0.00151352924146716
1.74946546875E-07, -0.000340359072339126
1.749485E-07, 0.000409555044182592
1.74950453125E-07, 0.00014769405520943
1.7495240625E-07, 0.000192411970108456
1.74954359375E-07, -0.000151647532118417
1.749563125E-07, 0.00123903894217974
1.74958265625E-07, 0.000993718476856699
1.7496021875E-07, 0.00190199943745396
1.74962171875E-07, 0.0021288672379997
1.74964125E-07, 0.0016537015688064
1.74966078125E-07, 0.00147917145464394
1.7496803125E-07, 0.0016184022405629
1.74969984375E-07, 0.00102938876207269
1.749719375E-07, 0.00170150070401131
1.74973890625E-07, 0.00242046613613252
1.7497584375E-07, 0.00247939447466678
1.74977796875E-07, 0.00189542922276475
1.7497975E-07, 0.00165160841354538
1.74981703125E-07, 0.000864137791447886
1.7498365625E-07, 0.00264854987670104
1.74985609375E-07, 0.00222333800385221
1.749875625E-07, 0.00304180697874585
1.74989515625E-07, 0.00185956448031529
1.7499146875E-07, 0.00111910418152829
1.74993421875E-07, 0.00220001736428913
1.74995375E-07, 0.00188327473208551
1.74997328125E-07, 0.00188832721792882
1.7499928125E-07, 0.00159432755516237
1.75001234375E-07, 0.00162613645024422
1.750031875E-07, 0.00185387509785816
1.75005140625E-07, 0.00170821709346932
1.7500709375E-07, 0.00155502767156944
1.75009046875E-07, 0.000855229024339321
1.75011E-07, 0.00110044108658967
1.75012953125E-07, 0.00104025906699932
1.7501490625E-07, 0.000517242594506992
1.75016859375E-07, 0.000445208622488755
1.750188125E-07, 0.000347554254195719
1.75020765625E-07, 0.000371449603149047
1.7502271875E-07, -0.000937348083968166
1.75024671875E-07, 4.43894268173182E-05
1.75026625E-07, -0.000373102285237132
1.75028578125E-07, -0.00111626205123265
1.7503053125E-07, -0.000533474684824292
1.75032484375E-07, -0.00145882840276864
1.750344375E-07, -0.00148503822414107
1.75036390625E-07, -0.00184083306884118
1.7503834375E-07, -0.00257823153876178
1.75040296875E-07, -0.00193841142872189
1.7504225E-07, -0.00216460999189764
1.75044203125E-07, -0.0022697971596683
1.7504615625E-07, -0.00311417445366687
1.75048109375E-07, -0.00248450936423424
1.750500625E-07, -0.00321718900681812
1.75052015625E-07, -0.00416570259184136
1.7505396875E-07, -0.00410320863255127
1.75055921875E-07, -0.00417458805925648
1.75057875E-07, -0.00374533827887824
1.75059828125E-07, -0.0080153105522258
1.7506178125E-07, -0.00553808743617823
1.75063734375E-07, -0.00817031330258385
1.750656875E-07, -0.00663568864035569
1.75067640625E-07, -0.00916756356421104
1.7506959375E-07, -0.00691417516363976
1.75071546875E-07, -0.00777344492904984
1.750735E-07, -0.00776749389459167
1.75075453125E-07, -0.00891673898258556
1.7507740625E-07, -0.0100496830692123
1.75079359375E-07, -0.00942945198963776
1.750813125E-07, -0.0106001553033951
1.75083265625E-07, -0.00953492701822811
1.7508521875E-07, -0.0113039573700472
1.75087171875E-07, -0.013168933371442
1.75089125E-07, -0.0134336493026116
1.75091078125E-07, -0.0136217014505511
1.7509303125E-07, -0.0143171277041037
1.75094984375E-07, -0.0130335862986517
1.750969375E-07, -0.015725776632325
1.75098890625E-07, -0.0149399156462861
1.7510084375E-07, -0.0146943117493394
1.75102796875E-07, -0.017879924676941
1.7510475E-07, -0.0156911719865114
1.75106703125E-07, -0.0182773458764835
1.7510865625E-07, -0.0184211356988779
1.75110609375E-07, -0.0178890781034848
1.751125625E-07, -0.0197528434343299
1.75114515625E-07, -0.0195002445259659
1.7511646875E-07, -0.020550184536233
1.75118421875E-07, -0.0196802636425834
1.75120375E-07, -0.0194157879588169
1.75122328125E-07, -0.0226615406375026
1.7512428125E-07, -0.0235559516334073
1.75126234375E-07, -0.02314181549222
1.751281875E-07, -0.0240014259217582
1.75130140625E-07, -0.0220022555216401
1.7513209375E-07, -0.0258940298282446
1.75134046875E-07, -0.0255153171271444
1.75136E-07, -0.0249049819686985
1.75137953125E-07, -0.0267057605994572
1.7513990625E-07, -0.0259751357073937
1.75141859375E-07, -0.0268716445721489
1.751438125E-07, -0.0254421340983074
1.75145765625E-07, -0.0270032286771273
1.7514771875E-07, -0.0279207769108641
1.75149671875E-07, -0.0292555470839418
1.75151625E-07, -0.028820258647064
1.75153578125E-07, -0.0286158803517892
1.7515553125E-07, -0.0277627373063823
1.75157484375E-07, -0.0297036988115018
1.751594375E-07, -0.0311265265433065
1.75161390625E-07, -0.0299266855530876
1.7516334375E-07, -0.0303469535155934
1.75165296875E-07, -0.030956512847693
1.7516725E-07, -0.0315861394641131
1.75169203125E-07, -0.0319612203648923
1.7517115625E-07, -0.0317410441552542
1.75173109375E-07, -0.0323025592202626
1.751750625E-07, -0.0310264282069712
1.75177015625E-07, -0.0326882422202157
1.7517896875E-07, -0.0320093258261119
1.75180921875E-07, -0.0327957196057765
1.75182875E-07, -0.032613428682093
1.75184828125E-07, -0.0316387996671336
1.7518678125E-07, -0.0319285115540778
1.75188734375E-07, -0.032712900313701
1.751906875E-07, -0.0324306334621631
1.75192640625E-07, -0.0319103755356868
1.7519459375E-07, -0.0321909439652596
1.75196546875E-07, -0.0323197214335836
1.751985E-07, -0.0319284486835677
1.75200453125E-07, -0.0322740878515702
1.7520240625E-07, -0.0319291463793973
1.75204359375E-07, -0.0315962677944004
1.752063125E-07, -0.0309655222079192
1.75208265625E-07, -0.0320335946260781
1.7521021875E-07, -0.0320117127865534
1.75212171875E-07, -0.030728890104205
1.75214125E-07, -0.0314178005477959
1.75216078125E-07, -0.0301270580303368
1.7521803125E-07, -0.0292685446169987
1.75219984375E-07, -0.0299198272406649
1.752219375E-07, -0.0298575116490665
1.75223890625E-07, -0.0302430952096179
1.7522584375E-07, -0.0305971060360717
1.75227796875E-07, -0.0299346208028747
1.7522975E-07, -0.029350935210095
1.75231703125E-07, -0.0290077147075625
1.7523365625E-07, -0.0290066376719498
1.75235609375E-07, -0.0283206690436519
1.752375625E-07, -0.0276337159113509
1.75239515625E-07, -0.0278702841248936
1.7524146875E-07, -0.0273667819206516
1.75243421875E-07, -0.027181092619155
1.75245375E-07, -0.0265651472002743
1.75247328125E-07, -0.0261039033860088
1.7524928125E-07, -0.0266634051108431
1.75251234375E-07, -0.0261179613933796
1.752531875E-07, -0.0256109856302503
1.75255140625E-07, -0.0255400102991528
1.7525709375E-07, -0.0248245513494029
1.75259046875E-07, -0.0253789790469165
1.75261E-07, -0.0236083103092332
1.75262953125E-07, -0.0241975070140958
1.7526490625E-07, -0.0241630500858889
1.75266859375E-07, -0.0242408316267916
1.752688125E-07, -0.0228418563974809
1.75270765625E-07, -0.0241753606450295
1.7527271875E-07, -0.0212882234317751
1.75274671875E-07, -0.0225241901670734
1.75276625E-07, -0.0220934323515289
1.75278578125E-07, -0.0217903945955526
1.7528053125E-07, -0.0214103715743701
1.75282484375E-07, -0.0214550910262058
1.752844375E-07, -0.0196268940164375
1.75286390625E-07, -0.0194615462744677
1.7528834375E-07, -0.0187217052031175
1.75290296875E-07, -0.0194751969994128
1.7529225E-07, -0.0158320447825022
1.75294203125E-07, -0.018219516618549
1.7529615625E-07, -0.018856541342858
1.75298109375E-07, -0.019124058975661
1.753000625E-07, -0.0188152141239975
1.75302015625E-07, -0.0164567374093734
1.7530396875E-07, -0.0157141610946186
1.75305921875E-07, -0.0166679725077999
1.75307875E-07, -0.0150103215322703
1.75309828125E-07, -0.0160365221621774
1.7531178125E-07, -0.0151294597373087
1.75313734375E-07, -0.0139289572833353
1.753156875E-07, -0.0150302964977879
1.75317640625E-07, -0.0105273564823326
1.7531959375E-07, -0.0121248354243989
1.75321546875E-07, -0.0130489951202001
1.753235E-07, -0.0113712703833233
1.75325453125E-07, -0.0125694805090951
1.7532740625E-07, -0.0120364676103377
1.75329359375E-07, -0.00916909536659935
1.753313125E-07, -0.0100612086881725
1.75333265625E-07, -0.00931004539184183
1.7533521875E-07, -0.00955686566371533
1.75337171875E-07, -0.0097164795039673
1.75339125E-07, -0.00786238203818288
1.75341078125E-07, -0.00952837425887682
1.7534303125E-07, -0.00723111827208258
1.75344984375E-07, -0.00813015753945042
1.753469375E-07, -0.00749132748025494
1.75348890625E-07, -0.00731022362361989
1.7535084375E-07, -0.00667852495749549
1.75352796875E-07, -0.00600150453929416
1.7535475E-07, -0.00583953940429842
1.75356703125E-07, -0.00555467034797582
1.7535865625E-07, -0.0048445632447493
1.75360609375E-07, -0.00537088511887678
1.753625625E-07, -0.00385924419807864
1.75364515625E-07, -0.00400367534468306
1.7536646875E-07, -0.00357305113466741
1.75368421875E-07, -0.00384684932941911
1.75370375E-07, -0.00329011198783371
1.75372328125E-07, -0.00206444077557846
1.7537428125E-07, -0.00248526905929007
1.75376234375E-07, -0.0017495377627492
1.753781875E-07, -0.00239831886977908
1.75380140625E-07, -0.00144487695536669
1.7538209375E-07, -0.00196055068322111
1.75384046875E-07, -0.00165811756067274
1.75386E-07, -0.000644876734996444
1.75387953125E-07, 2.17236757178437E-06
1.7538990625E-07, 0.000266443130247012
1.75391859375E-07, -0.00133096955686117
1.753938125E-07, -0.000275703880802581
1.75395765625E-07, 3.66054969132661E-05
1.7539771875E-07, -0.000707144196285253
1.75399671875E-07, 0.000728545168862201
1.75401625E-07, 0.00195426057573649
1.75403578125E-07, 0.00144923191092108
1.7540553125E-07, 0.00140322710386841
1.75407484375E-07, 0.00160400173315251
1.754094375E-07, 0.00217953606059874
1.75411390625E-07, 0.00236705526547514
1.7541334375E-07, 0.00276268966816183
1.75415296875E-07, 0.00160805194947083
1.7541725E-07, 0.00289562948854705
1.75419203125E-07, 0.00285756236292673
1.7542115625E-07, 0.00311197576249604
1.75423109375E-07, 0.0041126383911918
1.754250625E-07, 0.00414275130613473
1.75427015625E-07, 0.00387466801165842
1.7542896875E-07, 0.00349696888903497
1.75430921875E-07, 0.00314595480136962
1.75432875E-07, 0.00451004808607576
1.75434828125E-07, 0.0044187401665841
1.7543678125E-07, 0.00444654928041819
1.75438734375E-07, 0.00403202887679866
1.754406875E-07, 0.00480744311408689
1.75442640625E-07, 0.00525545060465417
1.7544459375E-07, 0.00541256223958949
1.75446546875E-07, 0.005209650696778
1.754485E-07, 0.00626247253952984
1.75450453125E-07, 0.00558198470237993
1.7545240625E-07, 0.0071228885616276
1.75454359375E-07, 0.00639176884828979
1.754563125E-07, 0.00552024356713876
1.75458265625E-07, 0.00623959175849338
1.7546021875E-07, 0.00658704603271331
1.75462171875E-07, 0.00634917398285781
1.75464125E-07, 0.00740341405404507
1.75466078125E-07, 0.00657464088379324
1.7546803125E-07, 0.00774774301990847
1.75469984375E-07, 0.00761312413373793
1.754719375E-07, 0.0074259854543306
1.75473890625E-07, 0.00805306423858481
1.7547584375E-07, 0.00784143780315495
1.75477796875E-07, 0.00860763792605479
1.7547975E-07, 0.00846224308862387
1.75481703125E-07, 0.00874208957411451
1.7548365625E-07, 0.00855648401533998
1.75485609375E-07, 0.00932004942225889
1.754875625E-07, 0.00925741246303433
1.75489515625E-07, 0.0100451355745494
1.7549146875E-07, 0.0101107771550156
1.75493421875E-07, 0.0104564265956756
1.75495375E-07, 0.0104876760727003
1.75497328125E-07, 0.0100235089718774
1.7549928125E-07, 0.0109926714073222
1.75501234375E-07, 0.0107060993818334
1.755031875E-07, 0.0113579323630107
1.75505140625E-07, 0.011705925206783
1.7550709375E-07, 0.0120142012774888
1.75509046875E-07, 0.0124677371529345
1.75511E-07, 0.0117881910514246
1.75512953125E-07, 0.0117079111712161
1.7551490625E-07, 0.0122727811570099
1.75516859375E-07, 0.0121659069325852
1.755188125E-07, 0.012985613034296
1.75520765625E-07, 0.0128775689746047
1.7552271875E-07, 0.0133566382528789
1.75524671875E-07, 0.0127931502827145
1.75526625E-07, 0.0136908177445756
1.75528578125E-07, 0.0140477143080123
1.7553053125E-07, 0.0137431678040596
1.75532484375E-07, 0.0141804711421654
1.755344375E-07, 0.0132550396016845
1.75536390625E-07, 0.0138381068987232
1.7553834375E-07, 0.013825923579975
1.75540296875E-07, 0.0143751823305513
1.7554225E-07, 0.0141810809683878
1.75544203125E-07, 0.0143693434034605
1.7554615625E-07, 0.0141001538961169
1.75548109375E-07, 0.0141661313685164
1.755500625E-07, 0.0145865196140477
1.75552015625E-07, 0.0144633382557303
1.7555396875E-07, 0.0137720897528349
1.75555921875E-07, 0.0142968863628126
1.75557875E-07, 0.014375614989495
1.75559828125E-07, 0.014076744290578
1.7556178125E-07, 0.0140770681599207
1.75563734375E-07, 0.0138183996225721
1.755656875E-07, 0.0137618499363963
1.75567640625E-07, 0.0135493937647149
1.7556959375E-07, 0.0139212681542538
1.75571546875E-07, 0.0133759114012378
1.755735E-07, 0.0134378173095327
1.75575453125E-07, 0.0127712513957969
1.7557740625E-07, 0.0132364872623052
1.75579359375E-07, 0.0129387194450442
1.755813125E-07, 0.0125960512558092
1.75583265625E-07, 0.0112423521547572
1.7558521875E-07, 0.012322984751241
1.75587171875E-07, 0.0115741760286858
1.75589125E-07, 0.0125767837395352
1.75591078125E-07, 0.0114100160081081
1.7559303125E-07, 0.0113224797306044
1.75594984375E-07, 0.0119232380705489
1.755969375E-07, 0.0111090329941095
1.75598890625E-07, 0.0113025381292327
1.7560084375E-07, 0.0103611244126863
1.75602796875E-07, 0.00958330514338285
1.7560475E-07, 0.00929067601790613
1.75606703125E-07, 0.00944583632494728
1.7560865625E-07, 0.00963864172422532
1.75610609375E-07, 0.0090805884070215
1.756125625E-07, 0.00837921940990704
1.75614515625E-07, 0.00841683112602904
1.7561646875E-07, 0.00794928899748712
1.75618421875E-07, 0.0077773387464449
1.75620375E-07, 0.00805404849642449
1.75622328125E-07, 0.00683098316795724
1.7562428125E-07, 0.0075637093622284
1.75626234375E-07, 0.00751961491440321
1.756281875E-07, 0.00666837569692621
1.75630140625E-07, 0.00648490015049446
1.7563209375E-07, 0.00659669107154374
1.75634046875E-07, 0.00627600077776804
1.75636E-07, 0.00702882776133978
1.75637953125E-07, 0.00567159426883151
1.7563990625E-07, 0.00593412265706717
1.75641859375E-07, 0.00557202534194144
1.756438125E-07, 0.00527362066883329
1.75645765625E-07, 0.00510929618412755
1.7564771875E-07, 0.00518096680722718
1.75649671875E-07, 0.00544278369848949
1.75651625E-07, 0.00453513255692981
1.75653578125E-07, 0.00559241881898388
1.7565553125E-07, 0.00526789349216609
1.75657484375E-07, 0.00560353884218419
1.756594375E-07, 0.00461879603476559
1.75661390625E-07, 0.00471375300662559
1.7566334375E-07, 0.00424249094578118
1.75665296875E-07, 0.00460770666734167
1.7566725E-07, 0.00435759236763614
1.75669203125E-07, 0.00414234999109179
1.7567115625E-07, 0.00489686667098735
1.75673109375E-07, 0.00418629191449004
1.756750625E-07, 0.00454554533550923
1.75677015625E-07, 0.00464435056336046
1.7567896875E-07, 0.00450347372523121
1.75680921875E-07, 0.00510030371062884
1.75682875E-07, 0.00450746857076847
1.75684828125E-07, 0.0045922357981098
1.7568678125E-07, 0.00423868898019036
1.75688734375E-07, 0.00451926310046014
1.756906875E-07, 0.00496197487358532
1.75692640625E-07, 0.00488087647361138
1.7569459375E-07, 0.00489357684612455
1.75696546875E-07, 0.00524935871132311
1.756985E-07, 0.00496557448851223
1.75700453125E-07, 0.00469293071062499
1.7570240625E-07, 0.00573535489553374
1.75704359375E-07, 0.00569254282858034
1.757063125E-07, 0.00545967475853394
1.75708265625E-07, 0.00632014054669173
1.7571021875E-07, 0.00595939622582578
1.75712171875E-07, 0.00587682260996752
1.75714125E-07, 0.00628763202124201
1.75716078125E-07, 0.00651631188589539
1.7571803125E-07, 0.00670792511803045
1.75719984375E-07, 0.00697042542221719
1.757219375E-07, 0.00615440047282937
1.75723890625E-07, 0.00711092661107056
1.7572584375E-07, 0.00677483449005479
1.75727796875E-07, 0.00753170229451736
1.7572975E-07, 0.00712781608487118
1.75731703125E-07, 0.00751216772632509
1.7573365625E-07, 0.00829807841653513
1.75735609375E-07, 0.00823905968320871
1.757375625E-07, 0.00788629066150521
1.75739515625E-07, 0.00814308899529413
1.7574146875E-07, 0.00784014208776239
1.75743421875E-07, 0.00896495407773108
1.75745375E-07, 0.00833068756425537
1.75747328125E-07, 0.0079052557903939
1.7574928125E-07, 0.00886928291415187
1.75751234375E-07, 0.00918976204813362
1.757531875E-07, 0.00895553785628481
1.75755140625E-07, 0.00910866388964914
1.7575709375E-07, 0.00921240104732317
1.75759046875E-07, 0.00961963183807797
1.75761E-07, 0.00929942797963057
1.75762953125E-07, 0.00996944707411609
1.7576490625E-07, 0.00937201886310892
1.75766859375E-07, 0.00988422102841737
1.757688125E-07, 0.00988122428952035
1.75770765625E-07, 0.00940413993578725
1.7577271875E-07, 0.00995534560708065
1.75774671875E-07, 0.0100401734361022
1.75776625E-07, 0.00998167156738749
1.75778578125E-07, 0.00996645381108929
1.7578053125E-07, 0.0100583945520887
1.75782484375E-07, 0.00960809566930969
1.757844375E-07, 0.0101200940145028
1.75786390625E-07, 0.0102444819217468
1.7578834375E-07, 0.0104369124526061
1.75790296875E-07, 0.0106690420078307
1.7579225E-07, 0.0101502177857982
1.75794203125E-07, 0.0103307202199449
1.7579615625E-07, 0.0104365985233356
1.75798109375E-07, 0.0106388994533009
1.758000625E-07, 0.0105828692649889
1.75802015625E-07, 0.0106894830054995
1.7580396875E-07, 0.0103875570825246
1.75805921875E-07, 0.0108751265259038
1.75807875E-07, 0.0108376987617086
1.75809828125E-07, 0.0112297999170698
1.7581178125E-07, 0.0108678701095406
1.75813734375E-07, 0.0111140837105878
1.758156875E-07, 0.01092896816008
1.75817640625E-07, 0.0110808441535282
1.7581959375E-07, 0.0111905724009522
1.75821546875E-07, 0.0115582797422488
1.758235E-07, 0.0114324471216293
1.75825453125E-07, 0.0112453794666678
1.7582740625E-07, 0.0117241821245927
1.75829359375E-07, 0.0112905262302813
1.758313125E-07, 0.0115749894373711
1.75833265625E-07, 0.0114323522948321
1.7583521875E-07, 0.011431262585465
1.75837171875E-07, 0.0115334652047266
1.75839125E-07, 0.0113741182650748
1.75841078125E-07, 0.0116304619017126
1.7584303125E-07, 0.0121776173363683
1.75844984375E-07, 0.0118610589714388
1.758469375E-07, 0.011613265288153
1.75848890625E-07, 0.0121121681270444
1.7585084375E-07, 0.0115778380447302
1.75852796875E-07, 0.0120320228461646
1.7585475E-07, 0.0107050896172114
1.75856703125E-07, 0.0121837358141244
1.7585865625E-07, 0.0120678043512753
1.75860609375E-07, 0.0120883767863128
1.758625625E-07, 0.0123227316574889
1.75864515625E-07, 0.0123231446986303
1.7586646875E-07, 0.0124685668284855
1.75868421875E-07, 0.0123481067623221
1.75870375E-07, 0.0123456684770569
1.75872328125E-07, 0.0124745449875605
1.7587428125E-07, 0.0120855053048593
1.75876234375E-07, 0.0124603897115434
1.758781875E-07, 0.012222472460025
1.75880140625E-07, 0.0124701490346995
1.7588209375E-07, 0.0121364578286349
1.75884046875E-07, 0.0124959665877794
1.75886E-07, 0.0122749724740072
1.75887953125E-07, 0.012760829763593
1.7588990625E-07, 0.0126957998044794
1.75891859375E-07, 0.0123725665418059
1.758938125E-07, 0.012725676619349
1.75895765625E-07, 0.0125758649032703
1.7589771875E-07, 0.012775114662719
1.75899671875E-07, 0.0111128811545928
1.75901625E-07, 0.0125673513607215
1.75903578125E-07, 0.0125018030979124
1.7590553125E-07, 0.0125030993833697
1.75907484375E-07, 0.0123698517060798
1.759094375E-07, 0.0121629220148406
1.75911390625E-07, 0.0125774335799884
1.7591334375E-07, 0.0125726513599872
1.75915296875E-07, 0.0118277061284702
1.7591725E-07, 0.0121305029524543
1.75919203125E-07, 0.0117061180589801
1.7592115625E-07, 0.012621278793424
1.75923109375E-07, 0.0105653521869742
1.759250625E-07, 0.0121743264719014
1.75927015625E-07, 0.0123200387058338
1.7592896875E-07, 0.0120949389879673
1.75930921875E-07, 0.0113735667428598
1.75932875E-07, 0.0111554826486612
1.75934828125E-07, 0.0114229131426871
1.7593678125E-07, 0.0114979117329716
1.75938734375E-07, 0.0105219037759313
1.759406875E-07, 0.0103560247875916
1.75942640625E-07, 0.0107426521044867
1.7594459375E-07, 0.0108005990043647
1.75946546875E-07, 0.0107125433249622
1.759485E-07, 0.00877903778387479
1.75950453125E-07, 0.0103126582096713
1.7595240625E-07, 0.00922385969716691
1.75954359375E-07, 0.00991971335649336
1.759563125E-07, 0.00882145285484445
1.75958265625E-07, 0.0092124065790385
1.7596021875E-07, 0.00728202012358061
1.75962171875E-07, 0.00758784670396688
1.75964125E-07, 0.00775422255170188
1.75966078125E-07, 0.00771147207835283
1.7596803125E-07, 0.00716233429373884
1.75969984375E-07, 0.00773536278427527
1.759719375E-07, 0.00816504916121755
1.75973890625E-07, 0.00751141265822817
1.7597584375E-07, 0.00718383388438541
1.75977796875E-07, 0.00607966712359168
1.7597975E-07, 0.00592611786591035
1.75981703125E-07, 0.00616440975351412
1.7598365625E-07, 0.00551766825547883
1.75985609375E-07, 0.00463519369873218
1.759875625E-07, 0.00482585241606852
1.75989515625E-07, 0.00469540135055699
1.7599146875E-07, 0.00346438089411834
1.75993421875E-07, 0.00409573727817895
1.75995375E-07, 0.00307355864328773
1.75997328125E-07, 0.00345057081831391
1.7599928125E-07, 0.00182843125907457
1.76001234375E-07, 0.00315146140278143
1.760031875E-07, 0.000152156005733087
1.76005140625E-07, 0.000980211848589462
1.7600709375E-07, 0.00134004035988354
1.76009046875E-07, 0.00031068411711874
1.76011E-07, -5.76459980946864E-05
1.76012953125E-07, 0.00103999890692443
1.7601490625E-07, 1.69172139867261E-05
1.76016859375E-07, -0.0024859466416118
1.760188125E-07, -0.000963649740267804
1.76020765625E-07, -0.000933731878918372
1.7602271875E-07, -0.00141384441935087
1.76024671875E-07, -0.00310572178348568
1.76026625E-07, -0.0034924875611755
1.76028578125E-07, -0.00478233333691055
1.7603053125E-07, -0.00543838913692918
1.76032484375E-07, -0.00425421240242533
1.760344375E-07, -0.00578143891721153
1.76036390625E-07, -0.00597136797546224
1.7603834375E-07, -0.00794361425247542
1.76040296875E-07, -0.00755056231309998
1.7604225E-07, -0.00604462268187977
1.76044203125E-07, -0.00601011648280286
1.7604615625E-07, -0.00864745103875254
1.76048109375E-07, -0.00941053903592296
1.760500625E-07, -0.00947796576192321
1.76052015625E-07, -0.0093236866386818
1.7605396875E-07, -0.0103761652841825
1.76055921875E-07, -0.0105628215400995
1.76057875E-07, -0.0119003396981055
1.76059828125E-07, -0.0117800212522478
1.7606178125E-07, -0.0124447820429063
1.76063734375E-07, -0.0130375744694078
1.760656875E-07, -0.0127901240543882
1.76067640625E-07, -0.012663472410277
1.7606959375E-07, -0.0137149782083453
1.76071546875E-07, -0.014659194548015
1.760735E-07, -0.0149240155333132
1.76075453125E-07, -0.0155427010036378
1.7607740625E-07, -0.0152496432384646
1.76079359375E-07, -0.0151867977526911
1.760813125E-07, -0.0138551186512538
1.76083265625E-07, -0.0141217586290253
1.7608521875E-07, -0.0152981758265641
1.76087171875E-07, -0.0154939707775692
1.76089125E-07, -0.0173969465945102
1.76091078125E-07, -0.0156535166940535
1.7609303125E-07, -0.016650376526873
1.76094984375E-07, -0.0172882401267398
1.760969375E-07, -0.0159722705931853
1.76098890625E-07, -0.0170062988284442
1.7610084375E-07, -0.0164138336328646
1.76102796875E-07, -0.0175902200751111
1.7610475E-07, -0.0165674446121103
1.76106703125E-07, -0.0175186562474382
1.7610865625E-07, -0.0173788081862722
1.76110609375E-07, -0.0174961710190017
1.761125625E-07, -0.01732725175906
1.76114515625E-07, -0.0168465299053263
1.7611646875E-07, -0.0173162732247205
1.76118421875E-07, -0.0168442821750246
1.76120375E-07, -0.0170312293581027
1.76122328125E-07, -0.0170538008670914
1.7612428125E-07, -0.0154217091726628
1.76126234375E-07, -0.0168563621907824
1.761281875E-07, -0.0158421207298577
1.76130140625E-07, -0.0156879726395494
1.7613209375E-07, -0.0156147435714532
1.76134046875E-07, -0.0146122373953712
1.76136E-07, -0.0153069863364398
1.76137953125E-07, -0.0153593110678574
1.7613990625E-07, -0.0145035726563429
1.76141859375E-07, -0.0150119940863381
1.761438125E-07, -0.014019072838611
1.76145765625E-07, -0.0140369760629361
1.7614771875E-07, -0.0136924781082065
1.76149671875E-07, -0.0133771073992882
1.76151625E-07, -0.0130211057194499
1.76153578125E-07, -0.0125333602914497
1.7615553125E-07, -0.0126239942227131
1.76157484375E-07, -0.011541920337408
1.761594375E-07, -0.0109098388836234
1.76161390625E-07, -0.011387009068934
1.7616334375E-07, -0.0113006379804725
1.76165296875E-07, -0.0105885623686949
1.7616725E-07, -0.0111922241718076
1.76169203125E-07, -0.00969457007480497
1.7617115625E-07, -0.00986137980963235
1.76173109375E-07, -0.00938968231484466
1.761750625E-07, -0.00963729931554952
1.76177015625E-07, -0.00906283285576388
1.7617896875E-07, -0.00895538002664202
1.76180921875E-07, -0.00862558641166209
1.76182875E-07, -0.00891269406776871
1.76184828125E-07, -0.00753823180503453
1.7618678125E-07, -0.00746231398148191
1.76188734375E-07, -0.00696826527259378
1.761906875E-07, -0.00740181493234641
1.76192640625E-07, -0.0068436792882148
1.7619459375E-07, -0.00627363889965167
1.76196546875E-07, -0.00663216846536381
1.761985E-07, -0.00635367036469397
1.76200453125E-07, -0.00668037249287926
1.7620240625E-07, -0.00639112932555176
1.76204359375E-07, -0.00629957064495178
1.762063125E-07, -0.00600766848939998
1.76208265625E-07, -0.00646646783018357
1.7621021875E-07, -0.00577305247125661
1.76212171875E-07, -0.00573937065130537
1.76214125E-07, -0.00581233103991833
1.76216078125E-07, -0.005513207141385
1.7621803125E-07, -0.00558296855176857
1.76219984375E-07, -0.00565392059292227
1.762219375E-07, -0.00555811882790298
1.76223890625E-07, -0.0055952541980782
1.7622584375E-07, -0.00582244973258732
1.76227796875E-07, -0.00639674842828429
1.7622975E-07, -0.0057500587906187
1.76231703125E-07, -0.00640424702302679
1.7623365625E-07, -0.0067288948761202
1.76235609375E-07, -0.0063505380043749
1.762375625E-07, -0.00624789313749914
1.76239515625E-07, -0.00678765873603129
1.7624146875E-07, -0.0064343199783777
1.76243421875E-07, -0.00737176221007505
1.76245375E-07, -0.00688416651564044
1.76247328125E-07, -0.00714637502436036
1.7624928125E-07, -0.00745233683096755
1.76251234375E-07, -0.00789061377255586
1.762531875E-07, -0.00786676728934529
1.76255140625E-07, -0.00786416725145762
1.7625709375E-07, -0.00689446649590631
1.76259046875E-07, -0.00785302603474832
1.76261E-07, -0.00818481344660348
1.76262953125E-07, -0.00896081767379227
1.7626490625E-07, -0.00913977420211704
1.76266859375E-07, -0.00857862699467961
1.762688125E-07, -0.00907350972005992
1.76270765625E-07, -0.00924070368629773
1.7627271875E-07, -0.00945731832442726
1.76274671875E-07, -0.00942055320623558
1.76276625E-07, -0.00946930153561664
1.76278578125E-07, -0.00986174235543822
1.7628053125E-07, -0.00955318309852569
1.76282484375E-07, -0.00994031265932111
1.762844375E-07, -0.00971595312662538
1.76286390625E-07, -0.0101396304801973
1.7628834375E-07, -0.00988716423817748
1.76290296875E-07, -0.0102779011358432
1.7629225E-07, -0.00991955906198486
1.76294203125E-07, -0.010738397356255
1.7629615625E-07, -0.00999857862861498
1.76298109375E-07, -0.010375399870134
1.763000625E-07, -0.0104760808943843
1.76302015625E-07, -0.0103418194054194
1.7630396875E-07, -0.01033587499552
1.76305921875E-07, -0.0110223156289239
1.76307875E-07, -0.0107291487896775
1.76309828125E-07, -0.0101819002013904
1.7631178125E-07, -0.0105343231311298
1.76313734375E-07, -0.0105011892915592
1.763156875E-07, -0.0103988329095751
1.76317640625E-07, -0.0102780137825823
1.7631959375E-07, -0.010253828652554
1.76321546875E-07, -0.0104408547887356
1.763235E-07, -0.00998950619873182
1.76325453125E-07, -0.0104047057032363
1.7632740625E-07, -0.0102035530670651
1.76329359375E-07, -0.00936302360711189
1.763313125E-07, -0.00982143325047169
1.76333265625E-07, -0.00939658488294299
1.7633521875E-07, -0.00984194432970589
1.76337171875E-07, -0.00942142787728172
1.76339125E-07, -0.00905481426586541
1.76341078125E-07, -0.00856096724934788
1.7634303125E-07, -0.00875003208450597
1.76344984375E-07, -0.00867683398062876
1.763469375E-07, -0.0086928248195549
1.76348890625E-07, -0.00836305175986357
1.7635084375E-07, -0.00815502871055467
1.76352796875E-07, -0.00811645332516759
1.7635475E-07, -0.00759397674361063
1.76356703125E-07, -0.00851402398674506
1.7635865625E-07, -0.00689488535148709
1.76360609375E-07, -0.00731795725465722
1.763625625E-07, -0.00729486566648112
1.76364515625E-07, -0.00706152383150782
1.7636646875E-07, -0.00698356995451953
1.76368421875E-07, -0.00646235686375315
1.76370375E-07, -0.00660199330217518
1.76372328125E-07, -0.00675971006968307
1.7637428125E-07, -0.00609510927938324
1.76376234375E-07, -0.00695042629881764
1.763781875E-07, -0.00562128618583423
1.76380140625E-07, -0.0061832374542098
1.7638209375E-07, -0.00552401965727711
1.76384046875E-07, -0.00579354330116769
1.76386E-07, -0.00554419600984837
1.76387953125E-07, -0.00500209952361086
1.7638990625E-07, -0.00492790248270685
1.76391859375E-07, -0.00485284069830609
1.763938125E-07, -0.00479898174623499
1.76395765625E-07, -0.00479139714181213
1.7639771875E-07, -0.00457015229858707
1.76399671875E-07, -0.00480260163672397
1.76401625E-07, -0.00456994147021265
1.76403578125E-07, -0.00458002871560223
1.7640553125E-07, -0.00440389982760412
1.76407484375E-07, -0.00451590449772548
1.764094375E-07, -0.00430636486044784
1.76411390625E-07, -0.00461076543904956
1.7641334375E-07, -0.00385299075660027
1.76415296875E-07, -0.00395444748662217
1.7641725E-07, -0.00448969330837214
1.76419203125E-07, -0.00420939504859974
1.7642115625E-07, -0.00382155004614652
1.76423109375E-07, -0.00368717187719768
1.764250625E-07, -0.00365912008412859
1.76427015625E-07, -0.00436735613658933
1.7642896875E-07, -0.00387434018516551
1.76430921875E-07, -0.00362495677883373
1.76432875E-07, -0.00364776343873959
1.76434828125E-07, -0.00373014644327122
1.7643678125E-07, -0.00374550797148259
1.76438734375E-07, -0.00328392620552181
1.764406875E-07, -0.00360442613272816
1.76442640625E-07, -0.00388819558665893
1.7644459375E-07, -0.00338979702207067
1.76446546875E-07, -0.0032609276406468
1.764485E-07, -0.00355533009592574
1.76450453125E-07, -0.00349267410026805
1.7645240625E-07, -0.00366581014464948
1.76454359375E-07, -0.0033227459308801
1.764563125E-07, -0.00363332321343369
1.76458265625E-07, -0.00356222675268274
1.7646021875E-07, -0.00355802818969206
1.76462171875E-07, -0.0035935381409153
1.76464125E-07, -0.00381743532044505
1.76466078125E-07, -0.00369578827764322
1.7646803125E-07, -0.0040570059777971
1.76469984375E-07, -0.00389531287754597
1.764719375E-07, -0.00336527359487702
1.76473890625E-07, -0.00326070242799366
1.7647584375E-07, -0.00365506553461434
1.76477796875E-07, -0.00339913221629217
1.7647975E-07, -0.00377746844147653
1.76481703125E-07, -0.0039977411571641
1.7648365625E-07, -0.00355778954491104
1.76485609375E-07, -0.00373970041106645
1.764875625E-07, -0.00337593259405994
1.76489515625E-07, -0.00355090489370816
1.7649146875E-07, -0.00355620414162462
1.76493421875E-07, -0.00345705285247551
1.76495375E-07, -0.00371614787350731
1.76497328125E-07, -0.00374434862239486
1.7649928125E-07, -0.00345442225331951
1.76501234375E-07, -0.0036729610426715
1.765031875E-07, -0.00337467468679452
1.76505140625E-07, -0.00295456861182785
1.7650709375E-07, -0.00321646439022365
1.76509046875E-07, -0.0033814888975543
1.76511E-07, -0.0037678057023107
1.76512953125E-07, -0.00298076127999462
1.7651490625E-07, -0.00323840740414622
1.76516859375E-07, -0.00357887517180292
1.765188125E-07, -0.00342720931095179
1.76520765625E-07, -0.00321930355593686
1.7652271875E-07, -0.00272302054903146
1.76524671875E-07, -0.00350134019774007
1.76526625E-07, -0.00342084511542908
1.76528578125E-07, -0.00320052500536288
1.7653053125E-07, -0.00290753748955148
1.76532484375E-07, -0.00318041900986109
1.765344375E-07, -0.00316298440332672
1.76536390625E-07, -0.00315785133033379
1.7653834375E-07, -0.00344141776895279
1.76540296875E-07, -0.00334148257776903
1.7654225E-07, -0.00310776836400681
1.76544203125E-07, -0.00277780488860607
1.7654615625E-07, -0.00336996067557585
1.76548109375E-07, -0.00342651992591278
1.765500625E-07, -0.00305601634239065
1.76552015625E-07, -0.00303894355546593
1.7655396875E-07, -0.00306080583523304
1.76555921875E-07, -0.00296511873559458
1.76557875E-07, -0.00323053395502182
1.76559828125E-07, -0.0030408424114221
1.7656178125E-07, -0.00267644025398655
1.76563734375E-07, -0.00326256147653902
1.765656875E-07, -0.00292390668663304
1.76567640625E-07, -0.00322180823549491
1.7656959375E-07, -0.00323752480669245
1.76571546875E-07, -0.00337727962599049
1.765735E-07, -0.00267866151960292
1.76575453125E-07, -0.00336722482838882
1.7657740625E-07, -0.00340517209960235
1.76579359375E-07, -0.0031264405895168
1.765813125E-07, -0.0030381979715262
1.76583265625E-07, -0.00316892146367302
1.7658521875E-07, -0.00288756988989387
1.76587171875E-07, -0.00310136171565144
1.76589125E-07, -0.00329131715903018
1.76591078125E-07, -0.0030401623993523
1.7659303125E-07, -0.00294588072047735
1.76594984375E-07, -0.00292605988108758
1.765969375E-07, -0.0033761005339207
1.76598890625E-07, -0.00303557882723007
1.7660084375E-07, -0.00300448523948111
1.76602796875E-07, -0.00341533923321454
1.7660475E-07, -0.00319062144472567
1.76606703125E-07, -0.00345514843483871
1.7660865625E-07, -0.00313402219397814
1.76610609375E-07, -0.00290696101231091
1.766125625E-07, -0.00309279355407567
1.76614515625E-07, -0.00322107295032426
1.7661646875E-07, -0.00338575043499991
1.76618421875E-07, -0.00313708695312749
1.76620375E-07, -0.00312883746995189
1.76622328125E-07, -0.00316350944973371
1.7662428125E-07, -0.00290009359259197
1.76626234375E-07, -0.00302107005985543
1.766281875E-07, -0.00306135181960162
1.76630140625E-07, -0.00295033001205971
1.7663209375E-07, -0.00312084627396375
1.76634046875E-07, -0.00325361494870801
1.76636E-07, -0.00313673569132268
1.76637953125E-07, -0.00316764631219955
1.7663990625E-07, -0.00294820298416519
1.76641859375E-07, -0.00326265173925408
1.766438125E-07, -0.00310473010113468
1.76645765625E-07, -0.00326530832077079
1.7664771875E-07, -0.00320251463348578
1.76649671875E-07, -0.00276686352962637
1.76651625E-07, -0.00280801726688785
1.76653578125E-07, -0.00257059600484953
1.7665553125E-07, -0.00292521421028298
1.76657484375E-07, -0.00293301932213127
1.766594375E-07, -0.00219684943170831
1.76661390625E-07, -0.00285346041684396
1.7666334375E-07, -0.00287456036253106
1.76665296875E-07, -0.00289442626711811
1.7666725E-07, -0.00265637979993423
1.76669203125E-07, -0.00257971686756159
1.7667115625E-07, -0.00288560645551492
1.76673109375E-07, -0.00214516000986479
1.766750625E-07, -0.00241900647152356
1.76677015625E-07, -0.00241760230102323
1.7667896875E-07, -0.00215226068732065
1.76680921875E-07, -0.00212991219721554
1.76682875E-07, -0.00218170775710289
1.76684828125E-07, -0.00228043029899464
1.7668678125E-07, -0.00272098855512106
1.76688734375E-07, -0.00221777890029273
1.766906875E-07, -0.0022386742470812
1.76692640625E-07, -0.00216389288774841
1.7669459375E-07, -0.00239935991238413
1.76696546875E-07, -0.00219528296163766
1.766985E-07, -0.00211663828214868
1.76700453125E-07, -0.00251590518060611
1.7670240625E-07, -0.00207326455500363
1.76704359375E-07, -0.00203840901565171
1.767063125E-07, -0.00177971253278176
1.76708265625E-07, -0.00188581665698385
1.7671021875E-07, -0.00229453963531033
1.76712171875E-07, -0.00188902000927864
1.76714125E-07, -0.00199207007609635
1.76716078125E-07, -0.00209168125323672
1.7671803125E-07, -0.00216466241073822
1.76719984375E-07, -0.00204970475927325
1.767219375E-07, -0.00178320506367054
1.76723890625E-07, -0.00184946057061445
1.7672584375E-07, -0.00201396635627393
1.76727796875E-07, -0.00245497760867197
1.7672975E-07, -0.00203911006846151
1.76731703125E-07, -0.00199704467859746
1.7673365625E-07, -0.00218511305955805
1.76735609375E-07, -0.00197427585201666
1.767375625E-07, -0.00196365190909122
1.76739515625E-07, -0.00203781106134587
1.7674146875E-07, -0.00215616746077116
1.76743421875E-07, -0.00247330320206908
1.76745375E-07, -0.00214112003540057
1.76747328125E-07, -0.00236718258623287
1.7674928125E-07, -0.00240651251436876
1.76751234375E-07, -0.00223199313461581
1.767531875E-07, -0.00174333583882848
1.76755140625E-07, -0.00234524625561318
1.7675709375E-07, -0.00238710432730434
1.76759046875E-07, -0.00279107416821634
1.76761E-07, -0.00260794450099392
1.76762953125E-07, -0.00266671544428964
1.7676490625E-07, -0.00299978663759968
1.76766859375E-07, -0.0025974112709708
1.767688125E-07, -0.00268084921104261
1.76770765625E-07, -0.00280627229921985
1.7677271875E-07, -0.00279688582804606
1.76774671875E-07, -0.00275695797076425
1.76776625E-07, -0.00336135299503948
1.76778578125E-07, -0.0028055630156856
1.7678053125E-07, -0.00316268879975644
1.76782484375E-07, -0.00300583538718103
1.767844375E-07, -0.00321505256454687
1.76786390625E-07, -0.00291528591415774
1.7678834375E-07, -0.00335361362090208
1.76790296875E-07, -0.0032978455344639
1.7679225E-07, -0.00339196774336337
1.76794203125E-07, -0.00281998539983411
1.7679615625E-07, -0.00297956138121599
1.76798109375E-07, -0.00301943465062171
1.768000625E-07, -0.00322850921430673
1.76802015625E-07, -0.00325782652826775
1.7680396875E-07, -0.00310563042642588
1.76805921875E-07, -0.00264652606496498
1.76807875E-07, -0.00325624226585801
1.76809828125E-07, -0.00323666071723691
1.7681178125E-07, -0.00250273315675212
1.76813734375E-07, -0.00322003027112145
1.768156875E-07, -0.00289387943470899
1.76817640625E-07, -0.00268978711656689
1.7681959375E-07, -0.00324395114785887
1.76821546875E-07, -0.00203940545438686
1.768235E-07, -0.00262804014921389
1.76825453125E-07, -0.00244585921457942
1.7682740625E-07, -0.00203431015651998
1.76829359375E-07, -0.00253290711356104
1.768313125E-07, -0.00150931487744169
1.76833265625E-07, -0.00198010714945354
1.7683521875E-07, -0.00157723921992443
1.76837171875E-07, -0.00176016755462013
1.76839125E-07, -0.00127827278894467
1.76841078125E-07, -0.00120790652337
1.7684303125E-07, -0.000999584234073383
1.76844984375E-07, -0.000849101739225444
1.768469375E-07, -0.000411732027354927
1.76848890625E-07, -0.000660406479282062
1.7685084375E-07, 0.000371499978602393
1.76852796875E-07, 0.00026171189418361
1.7685475E-07, 0.00093375583586204
1.76856703125E-07, 0.00167477720643862
1.7685865625E-07, -0.000179561342611795
1.76860609375E-07, 0.00101651315158134
1.768625625E-07, 0.00152534759277948
1.76864515625E-07, 0.00182812341006893
1.7686646875E-07, 0.00252530776421899
1.76868421875E-07, 0.00276900461570351
1.76870375E-07, 0.00230616919604263
1.76872328125E-07, 0.00265105857236587
1.7687428125E-07, 0.00326731205663984
1.76876234375E-07, 0.00278929928431106
1.768781875E-07, 0.00284575216738012
1.76880140625E-07, 0.00353422444385748
1.7688209375E-07, 0.00428024027890642
1.76884046875E-07, 0.0043817875228126
1.76886E-07, 0.00396303868158803
1.76887953125E-07, 0.00431962789689226
1.7688990625E-07, 0.00484152559581788
1.76891859375E-07, 0.00492101656628739
1.768938125E-07, 0.00519870918711287
1.76895765625E-07, 0.0045972748402936
1.7689771875E-07, 0.00510527354871322
1.76899671875E-07, 0.0057348352569661
1.76901625E-07, 0.00603226315547869
1.76903578125E-07, 0.00595841634254368
1.7690553125E-07, 0.00530074227970101
1.76907484375E-07, 0.00534448241748795
1.769094375E-07, 0.00618837551923264
1.76911390625E-07, 0.00576700003657782
1.7691334375E-07, 0.00574853355450108
1.76915296875E-07, 0.00592856544051298
1.7691725E-07, 0.00613007649440869
1.76919203125E-07, 0.00598151381864817
1.7692115625E-07, 0.00579117373049152
1.76923109375E-07, 0.00574464704299114
1.769250625E-07, 0.00560578169023524
1.76927015625E-07, 0.00569407185466093
1.7692896875E-07, 0.00567493542000197
1.76930921875E-07, 0.00518390379186976
1.76932875E-07, 0.00480831937259491
1.76934828125E-07, 0.00563680538117002
1.7693678125E-07, 0.00494418544126212
1.76938734375E-07, 0.00483822386311802
1.769406875E-07, 0.00464007067374306
1.76942640625E-07, 0.00487175855118806
1.7694459375E-07, 0.00445745917040906
1.76946546875E-07, 0.0041084766293303
1.769485E-07, 0.00416250211775645
1.76950453125E-07, 0.00453511076659802
1.7695240625E-07, 0.00345108921743061
1.76954359375E-07, 0.00352065120365683
1.769563125E-07, 0.00339311341062211
1.76958265625E-07, 0.00299948752108011
1.7696021875E-07, 0.00209044985471559
1.76962171875E-07, 0.00234848181811899
1.76964125E-07, 0.00185445102640021
1.76966078125E-07, 0.00151740281974913
1.7696803125E-07, 0.00187393667529075
1.76969984375E-07, 0.000608524578366841
1.769719375E-07, 0.000979714409574544
1.76973890625E-07, 0.000766052142040252
1.7697584375E-07, 0.000992023750399314
1.76977796875E-07, 0.000605440909004415
1.7697975E-07, 4.13148814480189E-05
1.76981703125E-07, -5.73469987445904E-05
1.7698365625E-07, -0.00047568033740568
1.76985609375E-07, -0.000469663824500909
1.769875625E-07, -0.00133139768764915
1.76989515625E-07, -0.000569118137702037
1.7699146875E-07, -0.000995491391182414
1.76993421875E-07, -0.00120811323233671
1.76995375E-07, -0.00144579140341964
1.76997328125E-07, -0.00115764079947741
1.7699928125E-07, -0.0012304714617975
1.77001234375E-07, -0.00166429181175418
1.770031875E-07, -0.00187274653494001
1.77005140625E-07, -0.00124896887756577
1.7700709375E-07, -0.00256940678392334
1.77009046875E-07, -0.00189276446048409
1.77011E-07, -0.0024154747505897
1.77012953125E-07, -0.00223898566423155
1.7701490625E-07, -0.00235522736232579
1.77016859375E-07, -0.00268347921577465
1.770188125E-07, -0.00229580702580983
1.77020765625E-07, -0.00273657347263609
1.7702271875E-07, -0.00237204701851902
1.77024671875E-07, -0.00306264064916485
1.77026625E-07, -0.00250615838346567
1.77028578125E-07, -0.0024349362768378
1.7703053125E-07, -0.00322935106891982
1.77032484375E-07, -0.0024279358620211
1.770344375E-07, -0.00264491499941067
1.77036390625E-07, -0.00226121208985944
1.7703834375E-07, -0.00267460531445508
1.77040296875E-07, -0.00278719669486207
1.7704225E-07, -0.00318422129717826
1.77044203125E-07, -0.00279056957154625
1.7704615625E-07, -0.00286125073242274
1.77048109375E-07, -0.00343763437239419
1.770500625E-07, -0.00243654573435286
1.77052015625E-07, -0.00306216391104946
1.7705396875E-07, -0.00264706529251531
1.77055921875E-07, -0.00297522211633777
1.77057875E-07, -0.00346615996544532
1.77059828125E-07, -0.00268995898190951
1.7706178125E-07, -0.00327580207775897
1.77063734375E-07, -0.00281515443036556
1.770656875E-07, -0.00149267287579169
1.77067640625E-07, -0.00282114657273843
1.7706959375E-07, -0.00187240842838674
1.77071546875E-07, -0.00228592438200349
1.770735E-07, -0.00247173928556487
1.77075453125E-07, -0.00212375343156659
1.7707740625E-07, -0.0031619457156271
1.77079359375E-07, -0.00279558873441366
1.770813125E-07, -0.00186042067154111
1.77083265625E-07, -0.00248710948851173
1.7708521875E-07, -0.00252952491907543
1.77087171875E-07, -0.00242614591869651
1.77089125E-07, -0.00274842531312304
1.77091078125E-07, -0.00185871345407065
1.7709303125E-07, -0.00190621382424121
1.77094984375E-07, -0.000983588939878538
1.770969375E-07, -0.00207741865398233
1.77098890625E-07, -0.00130534488981548
1.7710084375E-07, -0.00202569247216794
1.77102796875E-07, -0.00125621114724429
1.7710475E-07, -0.001356099416389
1.77106703125E-07, -0.0012218273795566
1.7710865625E-07, -0.00104935864284776
1.77110609375E-07, -0.00142621246002214
1.771125625E-07, -0.00074011322212472
1.77114515625E-07, -0.0015049705328175
1.7711646875E-07, -0.000800755198139579
1.77118421875E-07, -0.000441185862609523
1.77120375E-07, -0.000513653611939059
1.77122328125E-07, 0.000601439792813062
1.7712428125E-07, 0.00028387137692966
1.77126234375E-07, 0.000447966428314077
1.771281875E-07, 4.66300963995889E-05
1.77130140625E-07, 0.000643622185891646
1.7713209375E-07, 0.000159137336903266
1.77134046875E-07, 0.00121454882176532
1.77136E-07, 0.00124034166954296
1.77137953125E-07, 0.00083841232420113
1.7713990625E-07, 0.00154333678859318
1.77141859375E-07, 0.00229625070815058
1.771438125E-07, 0.00247953019012857
1.77145765625E-07, 0.00233965460050227
1.7714771875E-07, 0.00268232109438207
1.77149671875E-07, 0.00265668317845961
1.77151625E-07, 0.00278598914756081
1.77153578125E-07, 0.00327737116933839
1.7715553125E-07, 0.00397745829616948
1.77157484375E-07, 0.00396722354184652
1.771594375E-07, 0.00432886899585757
1.77161390625E-07, 0.0051140863214771
1.7716334375E-07, 0.00439784050314597
1.77165296875E-07, 0.00495467019843138
1.7716725E-07, 0.00533146251108593
1.77169203125E-07, 0.00537214706498847
1.7717115625E-07, 0.00560278613061875
1.77173109375E-07, 0.00495540066727114
1.771750625E-07, 0.0067442613601657
1.77177015625E-07, 0.00729732883034951
1.7717896875E-07, 0.0068759366683066
1.77180921875E-07, 0.00704104144817068
1.77182875E-07, 0.00716996283004369
1.77184828125E-07, 0.00717729920054331
1.7718678125E-07, 0.00843764973202155
1.77188734375E-07, 0.00767264463102376
1.771906875E-07, 0.00855685841931004
1.77192640625E-07, 0.00875375389908391
1.7719459375E-07, 0.00945620857974942
1.77196546875E-07, 0.00923097704629971
1.771985E-07, 0.00918363445659767
1.77200453125E-07, 0.0100650893879209
1.7720240625E-07, 0.00985265984582132
1.77204359375E-07, 0.0100666908659468
1.772063125E-07, 0.0092626285310019
1.77208265625E-07, 0.00979935108108541
1.7721021875E-07, 0.0104742512697048
1.77212171875E-07, 0.0092179105381372
1.77214125E-07, 0.0104157410257374
1.77216078125E-07, 0.0101872023941372
1.7721803125E-07, 0.0109555784702501
1.77219984375E-07, 0.0104833635081085
1.772219375E-07, 0.0107912928897248
1.77223890625E-07, 0.0108132294329239
1.7722584375E-07, 0.0105159541592019
1.77227796875E-07, 0.0112151232509124
1.7722975E-07, 0.010609265999684
1.77231703125E-07, 0.011167944476162
1.7723365625E-07, 0.0109546782834579
1.77235609375E-07, 0.0110072156136584
1.772375625E-07, 0.010261944955724
1.77239515625E-07, 0.0111075954866228
1.7724146875E-07, 0.0108020716498289
1.77243421875E-07, 0.010683087612435
1.77245375E-07, 0.0104500083746798
1.77247328125E-07, 0.0107274465250308
1.7724928125E-07, 0.0099321965183829
1.77251234375E-07, 0.0103145202076345
1.772531875E-07, 0.00936259506147213
1.77255140625E-07, 0.0102686714474549
1.7725709375E-07, 0.00991517610000972
1.77259046875E-07, 0.00988445235510302
1.77261E-07, 0.0102366573049127
1.77262953125E-07, 0.00944482835040162
1.7726490625E-07, 0.00924774927809642
1.77266859375E-07, 0.00930699750381019
1.772688125E-07, 0.00919837335017713
1.77270765625E-07, 0.00878606318348141
1.7727271875E-07, 0.00894397776524251
1.77274671875E-07, 0.00799324396682068
1.77276625E-07, 0.00833070016216175
1.77278578125E-07, 0.00815594586825461
1.7728053125E-07, 0.00802996254973614
1.77282484375E-07, 0.00789797273807629
1.772844375E-07, 0.00685560845801945
1.77286390625E-07, 0.00754882561148165
1.7728834375E-07, 0.00763055687597653
1.77290296875E-07, 0.00687444701828689
1.7729225E-07, 0.00754866684430485
1.77294203125E-07, 0.00685319439422753
1.7729615625E-07, 0.00633656383952331
1.77298109375E-07, 0.00650463041720093
1.773000625E-07, 0.00678589740843952
1.77302015625E-07, 0.00586127143224236
1.7730396875E-07, 0.00625330222942748
1.77305921875E-07, 0.00555804124303403
1.77307875E-07, 0.00571145521499871
1.77309828125E-07, 0.00553911577099216
1.7731178125E-07, 0.00523592209948027
1.77313734375E-07, 0.00473016432598299
1.773156875E-07, 0.0044658059878905
1.77317640625E-07, 0.00486661980873761
1.7731959375E-07, 0.00456921645641873
1.77321546875E-07, 0.00426990897146472
1.773235E-07, 0.00460672692648025
1.77325453125E-07, 0.00433898679410418
1.7732740625E-07, 0.00399394461214677
1.77329359375E-07, 0.00409190731352681
1.773313125E-07, 0.00390417334725782
1.77333265625E-07, 0.00338385122576269
1.7733521875E-07, 0.00304880298584313
1.77337171875E-07, 0.0036368057230789
1.77339125E-07, 0.00300636936986162
1.77341078125E-07, 0.00385076036055831
1.7734303125E-07, 0.00296251515171689
1.77344984375E-07, 0.00226843722229674
1.773469375E-07, 0.0019294383302554
1.77348890625E-07, 0.00283648445011957
1.7735084375E-07, 0.00244799722243502
1.77352796875E-07, 0.00227423245277372
1.7735475E-07, 0.00240465585471835
1.77356703125E-07, 0.00217081568253898
1.7735865625E-07, 0.00238068143147205
1.77360609375E-07, 0.0026203127755491
1.773625625E-07, 0.00215123503357701
1.77364515625E-07, 0.00117733064641186
1.7736646875E-07, 0.0010105751940886
1.77368421875E-07, 0.00109697134000422
1.77370375E-07, 0.00142725518832613
1.77372328125E-07, 0.000945461148889535
1.7737428125E-07, 0.000706430228051086
1.77376234375E-07, 0.00136438006279653
1.773781875E-07, 0.000597297895217493
1.77380140625E-07, 5.92252013889039E-05
1.7738209375E-07, 0.000433759029003694
1.77384046875E-07, 0.000399915952742776
1.77386E-07, 0.000225523776386782
1.77387953125E-07, 0.000417220675035374
1.7738990625E-07, -7.65741461783202E-05
1.77391859375E-07, -0.000248188031472076
1.773938125E-07, -0.000681044176389748
1.77395765625E-07, -0.000442469643083993
1.7739771875E-07, -0.000436085235234592
1.77399671875E-07, -0.000339314733298248
1.77401625E-07, -0.000823665855042128
1.77403578125E-07, -0.000564888907895556
1.7740553125E-07, -0.000884757239374038
1.77407484375E-07, -0.000778335897156093
1.774094375E-07, -0.000773160287392087
1.77411390625E-07, -0.00134660735448117
1.7741334375E-07, -0.00117326072423847
1.77415296875E-07, -0.00180833971340512
1.7741725E-07, -0.0012186441324687
1.77419203125E-07, -0.00135027914567052
1.7742115625E-07, -0.00180965386597241
1.77423109375E-07, -0.00173901343216034
1.774250625E-07, -0.00145836488702709
1.77427015625E-07, -0.00185632887401759
1.7742896875E-07, -0.00221503976070255
1.77430921875E-07, -0.0019973963201959
1.77432875E-07, -0.00209226919172883
1.77434828125E-07, -0.0023653024518294
1.7743678125E-07, -0.00220240814283557
1.77438734375E-07, -0.00191498994662438
1.774406875E-07, -0.0020507746936177
1.77442640625E-07, -0.00292706064962951
1.7744459375E-07, -0.00229495411811221
1.77446546875E-07, -0.00275684858817231
1.774485E-07, -0.00218237790742473
1.77450453125E-07, -0.00243310094480387
1.7745240625E-07, -0.00268010994011004
1.77454359375E-07, -0.00240007015997364
1.774563125E-07, -0.00242974861220183
1.77458265625E-07, -0.00295601805423307
1.7746021875E-07, -0.00282115649446529
1.77462171875E-07, -0.00281757069066373
1.77464125E-07, -0.00290027031593448
1.77466078125E-07, -0.00256104112354067
1.7746803125E-07, -0.00309812586904213
1.77469984375E-07, -0.00314195249048343
1.774719375E-07, -0.00297708936700761
1.77473890625E-07, -0.00313025311071134
1.7747584375E-07, -0.00339246211136937
1.77477796875E-07, -0.00336206780167144
1.7747975E-07, -0.00315108454339636
1.77481703125E-07, -0.00341222847626434
1.7748365625E-07, -0.00358042568134015
1.77485609375E-07, -0.00383904713963752
1.774875625E-07, -0.00337891307074416
1.77489515625E-07, -0.00353710480778778
1.7749146875E-07, -0.00343726079818773
1.77493421875E-07, -0.00358738319714873
1.77495375E-07, -0.00338891562566869
1.77497328125E-07, -0.00365223329945882
1.7749928125E-07, -0.00362310507244342
1.77501234375E-07, -0.00406184579194104
1.775031875E-07, -0.00399385800516551
1.77505140625E-07, -0.00393577687766991
1.7750709375E-07, -0.00443973181821042
1.77509046875E-07, -0.00397438595253229
1.77511E-07, -0.00464690425376517
1.77512953125E-07, -0.00381824664601042
1.7751490625E-07, -0.00429560903745012
1.77516859375E-07, -0.00418157484927261
1.775188125E-07, -0.00447477738018541
1.77520765625E-07, -0.00432729653633591
1.7752271875E-07, -0.00395563869558903
1.77524671875E-07, -0.00477649193308756
1.77526625E-07, -0.00431817399234474
1.77528578125E-07, -0.00482169559826705
1.7753053125E-07, -0.00480193145224567
1.77532484375E-07, -0.0046793456734338
1.775344375E-07, -0.00457193761656469
1.77536390625E-07, -0.00460119265095073
1.7753834375E-07, -0.00440425909921842
1.77540296875E-07, -0.00441192889340838
1.7754225E-07, -0.00456272719342937
1.77544203125E-07, -0.00505239012481852
1.7754615625E-07, -0.00464942033205135
1.77548109375E-07, -0.00476753753921463
1.775500625E-07, -0.00517290196596128
1.77552015625E-07, -0.00468019451422508
1.7755396875E-07, -0.00538524094562592
1.77555921875E-07, -0.00440087660933818
1.77557875E-07, -0.00465908182566971
1.77559828125E-07, -0.00529467068440162
1.7756178125E-07, -0.00531568428475258
1.77563734375E-07, -0.00457527229337087
1.775656875E-07, -0.00496007543117279
1.77567640625E-07, -0.00470747957046854
1.7756959375E-07, -0.00536237267305375
1.77571546875E-07, -0.00443413122361557
1.775735E-07, -0.00554509503330494
1.77575453125E-07, -0.0057842677417569
1.7757740625E-07, -0.0044591319484022
1.77579359375E-07, -0.00494841298744012
1.775813125E-07, -0.00498047910503934
1.77583265625E-07, -0.0047520081608912
1.7758521875E-07, -0.00495556035670728
1.77587171875E-07, -0.00444701613616662
1.77589125E-07, -0.00462993747550489
1.77591078125E-07, -0.00424216272109135
1.7759303125E-07, -0.00444931945662427
1.77594984375E-07, -0.00470672728112864
1.775969375E-07, -0.00493032048403544
1.77598890625E-07, -0.00500491060793481
1.7760084375E-07, -0.00412646097807713
1.77602796875E-07, -0.00376790652133592
1.7760475E-07, -0.00466439216651521
1.77606703125E-07, -0.00447367658276318
1.7760865625E-07, -0.00454225713128808
1.77610609375E-07, -0.00472212820200747
1.776125625E-07, -0.0042327565660452
1.77614515625E-07, -0.00440546466463109
1.7761646875E-07, -0.00367604942883224
1.77618421875E-07, -0.00395236963571486
1.77620375E-07, -0.00418309398822111
1.77622328125E-07, -0.00441741629653295
1.7762428125E-07, -0.00387738631801809
1.77626234375E-07, -0.00418926798657976
1.776281875E-07, -0.00370193551189924
1.77630140625E-07, -0.00398700845860166
1.7763209375E-07, -0.00367296063964779
1.77634046875E-07, -0.00364782293546545


