File Format, WaveformXYValues
Format Version, 1
Instrument, N1045A,04F,LOJ
SwVersion, A.06.71.21
SerialNumber, MY56260108
Date, 11/29/2023 14:22:50 GMT+08:00

Source Name, Channel 1A

Points, 2048
Signal Type, Unspecified
Channel Bandwidth, 2E+10
Channel Noise, 6.66857143682292E-05
X Units, Second
Y Units, Volt
Data, 
1.73636E-07, -0.00118932743821171
1.73637953125E-07, -0.0010956378806393
1.7363990625E-07, -0.00118824055894273
1.73641859375E-07, -0.00118928279442788
1.736438125E-07, -0.00114259350316186
1.73645765625E-07, -0.00211106011526509
1.7364771875E-07, -0.00159073011106821
1.73649671875E-07, -0.00137247134769925
1.73651625E-07, -0.00121072217932548
1.73653578125E-07, -0.000425600237066847
1.7365553125E-07, -0.000964661855594479
1.73657484375E-07, -0.00105833646279714
1.736594375E-07, -0.00142003650263788
1.73661390625E-07, -0.00143919827882564
1.7366334375E-07, -0.00121623289670299
1.73665296875E-07, -0.000984571818434605
1.7366725E-07, -0.00134976602676048
1.73669203125E-07, -0.00178413443609048
1.7367115625E-07, -0.00126517707889119
1.73673109375E-07, -0.00195847936740996
1.736750625E-07, -0.00207934110063271
1.73677015625E-07, -0.000750899201933478
1.7367896875E-07, -0.00133551269377468
1.73680921875E-07, -0.00167724788204628
1.73682875E-07, -0.00164221841455064
1.73684828125E-07, -0.00175786095464091
1.7368678125E-07, -0.0015542425116209
1.73688734375E-07, -0.00116067441802344
1.736906875E-07, -0.00130278203427313
1.73692640625E-07, -0.00126891007396392
1.7369459375E-07, -0.00218679326774165
1.73696546875E-07, -0.000684723180395457
1.736985E-07, -0.00192724888926096
1.73700453125E-07, -0.00177034758047605
1.7370240625E-07, -0.00249656052364834
1.73704359375E-07, -0.00124848059212103
1.737063125E-07, -0.00159217618879874
1.73708265625E-07, -0.00131649980576065
1.7371021875E-07, -0.00132814615020736
1.73712171875E-07, -0.00133687888034768
1.73714125E-07, -0.00158023466362133
1.73716078125E-07, -0.00188202794960231
1.7371803125E-07, -0.00222472836437439
1.73719984375E-07, -0.00179839887579946
1.737219375E-07, -0.00178314376530028
1.73723890625E-07, -0.00109553645362481
1.7372584375E-07, -0.00209274263030894
1.73727796875E-07, -0.00124472370638974
1.7372975E-07, -0.00192613099454351
1.73731703125E-07, -0.00249233612417931
1.7373365625E-07, -0.00119759692522384
1.73735609375E-07, -0.00211891772524083
1.737375625E-07, -0.0015307366000632
1.73739515625E-07, -0.00147093219942556
1.7374146875E-07, -0.00112530962698213
1.73743421875E-07, -0.0014884418707138
1.73745375E-07, -0.00113605167139
1.73747328125E-07, -0.00201948196215377
1.7374928125E-07, -0.00178715650653409
1.73751234375E-07, -0.00156632560196278
1.737531875E-07, -0.00230862788514287
1.73755140625E-07, -0.00165920923449846
1.7375709375E-07, -0.00168579420013946
1.73759046875E-07, -0.00175859026063557
1.73761E-07, -0.00232735893678446
1.73762953125E-07, -0.00119968174644579
1.7376490625E-07, -0.00145109857617448
1.73766859375E-07, -0.00199521605162338
1.737688125E-07, -0.00179897769804339
1.73770765625E-07, -0.00185834953998741
1.7377271875E-07, -0.00152623884318043
1.73774671875E-07, -0.00183232024002653
1.73776625E-07, -0.00179564266108574
1.73778578125E-07, -0.00176901965402031
1.7378053125E-07, -0.00209309653282537
1.73782484375E-07, -0.0019425341089261
1.737844375E-07, -0.0021868707550661
1.73786390625E-07, -0.00197968890160181
1.7378834375E-07, -0.00165254522865245
1.73790296875E-07, -0.00214088693238393
1.7379225E-07, -0.00153198284149932
1.73794203125E-07, -0.00192723066428598
1.7379615625E-07, -0.00215483190281638
1.73798109375E-07, -0.00218163835619327
1.738000625E-07, -0.00235549845817017
1.73802015625E-07, -0.00200341649797842
1.7380396875E-07, -0.0022249766577521
1.73805921875E-07, -0.00211893112571963
1.73807875E-07, -0.00225880115335997
1.73809828125E-07, -0.00223774304723736
1.7381178125E-07, -0.00213142178858635
1.73813734375E-07, -0.00225268949288327
1.738156875E-07, -0.00205161468434804
1.73817640625E-07, -0.00236864475614382
1.7381959375E-07, -0.0024874966283117
1.73821546875E-07, -0.00228050131117805
1.738235E-07, -0.00237508362974146
1.73825453125E-07, -0.00229027360041448
1.7382740625E-07, -0.0025008905828716
1.73829359375E-07, -0.00268954432178974
1.738313125E-07, -0.00283940283990376
1.73833265625E-07, -0.00210316990897956
1.7383521875E-07, -0.00289615273817515
1.73837171875E-07, -0.00254707459370781
1.73839125E-07, -0.00243764940059142
1.73841078125E-07, -0.00275717527775276
1.7384303125E-07, -0.0030621508230471
1.73844984375E-07, -0.00280769754192809
1.738469375E-07, -0.00263545664347091
1.73848890625E-07, -0.0031284295660971
1.7385084375E-07, -0.00338898805098066
1.73852796875E-07, -0.00262875917207826
1.7385475E-07, -0.00326757122940892
1.73856703125E-07, -0.00297191442586667
1.7385865625E-07, -0.00303340864302286
1.73860609375E-07, -0.00320004380118722
1.738625625E-07, -0.0035480045890232
1.73864515625E-07, -0.00333434008734879
1.7386646875E-07, -0.00361504222305713
1.73868421875E-07, -0.00322764441609772
1.73870375E-07, -0.00357581585647906
1.73872328125E-07, -0.00384643165336127
1.7387428125E-07, -0.0038689109423555
1.73876234375E-07, -0.00377620217056461
1.738781875E-07, -0.00384846575720588
1.73880140625E-07, -0.00402375559099174
1.7388209375E-07, -0.00400206171178869
1.73884046875E-07, -0.00392179393720891
1.73886E-07, -0.00413406728998406
1.73887953125E-07, -0.00414511668472642
1.7388990625E-07, -0.00430366978575797
1.73891859375E-07, -0.00407296905905723
1.738938125E-07, -0.00399757568230892
1.73895765625E-07, -0.00408004552731063
1.7389771875E-07, -0.00459101955764069
1.73899671875E-07, -0.00451751592116051
1.73901625E-07, -0.00402888408060674
1.73903578125E-07, -0.00467378776848874
1.7390553125E-07, -0.00455409712106076
1.73907484375E-07, -0.00504043639341359
1.739094375E-07, -0.00527514915678298
1.73911390625E-07, -0.00476426414189934
1.7391334375E-07, -0.00501805192211063
1.73915296875E-07, -0.00438634106804724
1.7391725E-07, -0.00601816963308986
1.73919203125E-07, -0.00468419673228529
1.7392115625E-07, -0.0054275064816125
1.73923109375E-07, -0.00461543109228886
1.739250625E-07, -0.0057130341614142
1.73927015625E-07, -0.00534533639033444
1.7392896875E-07, -0.00501946093100073
1.73930921875E-07, -0.00492672324604483
1.73932875E-07, -0.00507368760542479
1.73934828125E-07, -0.00546007953501348
1.7393678125E-07, -0.0056819557155312
1.73938734375E-07, -0.00561091857989196
1.739406875E-07, -0.0056581120638652
1.73942640625E-07, -0.00563992838632148
1.7394459375E-07, -0.00645620715425718
1.73946546875E-07, -0.00528074302723802
1.739485E-07, -0.00536723330002691
1.73950453125E-07, -0.00593092445511875
1.7395240625E-07, -0.00644240429362818
1.73954359375E-07, -0.0060150757659218
1.739563125E-07, -0.00540854819471386
1.73958265625E-07, -0.00561939542391098
1.7396021875E-07, -0.00604430964032617
1.73962171875E-07, -0.00590666524087078
1.73964125E-07, -0.00572183772801578
1.73966078125E-07, -0.00525979641907364
1.7396803125E-07, -0.00524428156052863
1.73969984375E-07, -0.00572411639416678
1.739719375E-07, -0.0054175520042474
1.73973890625E-07, -0.00673113882195329
1.7397584375E-07, -0.00429098257691485
1.73977796875E-07, -0.00576369357933435
1.7397975E-07, -0.00512498491798944
1.73981703125E-07, -0.00575030300994665
1.7398365625E-07, -0.00493133880897273
1.73985609375E-07, -0.00521990114153826
1.739875625E-07, -0.00428344571308195
1.73989515625E-07, -0.00483957510768192
1.7399146875E-07, -0.00493870300465119
1.73993421875E-07, -0.00419712867145201
1.73995375E-07, -0.00377099910865586
1.73997328125E-07, -0.00337223605870055
1.7399928125E-07, -0.004077130695277
1.74001234375E-07, -0.00462435336062492
1.740031875E-07, -0.00284540661164002
1.74005140625E-07, -0.00380350330338698
1.7400709375E-07, -0.00322610033814463
1.74009046875E-07, -0.00365349331713118
1.74011E-07, -0.00297623883388607
1.74012953125E-07, -0.00302224760947273
1.7401490625E-07, -0.00198822141430371
1.74016859375E-07, -0.00228524635313762
1.740188125E-07, -0.00264182702073255
1.74020765625E-07, -0.00164611691024987
1.7402271875E-07, -0.00196958520612526
1.74024671875E-07, -0.00178271464527375
1.74026625E-07, -0.00250782445323576
1.74028578125E-07, -0.00222868845760947
1.7403053125E-07, -0.00128220912188032
1.74032484375E-07, -0.00118915623640028
1.740344375E-07, -0.00073622300340467
1.74036390625E-07, -0.000428132850178018
1.7403834375E-07, 0.000593666741399823
1.74040296875E-07, 0.00142049137469227
1.7404225E-07, 0.00019491218389581
1.74044203125E-07, 0.00224169842129993
1.7404615625E-07, 0.0007654492795618
1.74048109375E-07, 0.00218154415451065
1.740500625E-07, 0.00287002042012354
1.74052015625E-07, 0.00188498891222423
1.7405396875E-07, 0.00242015144642375
1.74055921875E-07, 0.00380173879329526
1.74057875E-07, 0.00505031701565079
1.74059828125E-07, 0.00454940331572163
1.7406178125E-07, 0.00251375551636018
1.74063734375E-07, 0.00462466059368647
1.740656875E-07, 0.00587338604098448
1.74067640625E-07, 0.00458583105262225
1.7406959375E-07, 0.00533801447213374
1.74071546875E-07, 0.00547213333767501
1.740735E-07, 0.00561439671931799
1.74075453125E-07, 0.00781810133228966
1.7407740625E-07, 0.00944585088412285
1.74079359375E-07, 0.00935372134289661
1.740813125E-07, 0.00711257832329513
1.74083265625E-07, 0.00931878544323352
1.7408521875E-07, 0.00841660577570521
1.74087171875E-07, 0.0101030210633178
1.74089125E-07, 0.0104685703879498
1.74091078125E-07, 0.0101721229569303
1.7409303125E-07, 0.0103992923929677
1.74094984375E-07, 0.0122294078472643
1.740969375E-07, 0.0149772750869249
1.74098890625E-07, 0.0132329450613009
1.7410084375E-07, 0.0126176153075049
1.74102796875E-07, 0.0176397047412386
1.7410475E-07, 0.0144423522340924
1.74106703125E-07, 0.0163229568978136
1.7410865625E-07, 0.0125975580466597
1.74110609375E-07, 0.0165346173517732
1.741125625E-07, 0.0168404941720641
1.74114515625E-07, 0.0176621609029634
1.7411646875E-07, 0.0171765623717115
1.74118421875E-07, 0.0182184529157543
1.74120375E-07, 0.0189441287441549
1.74122328125E-07, 0.0191257485041756
1.7412428125E-07, 0.0190900095533025
1.74126234375E-07, 0.0196481034642397
1.741281875E-07, 0.0222537278508413
1.74130140625E-07, 0.0211136785292972
1.7413209375E-07, 0.0223982937764462
1.74134046875E-07, 0.0231590837744461
1.74136E-07, 0.0241213879836846
1.74137953125E-07, 0.0251404632277818
1.7413990625E-07, 0.0252980178397689
1.74141859375E-07, 0.0254005964503191
1.741438125E-07, 0.0272330063711123
1.74145765625E-07, 0.0260063054886141
1.7414771875E-07, 0.0287696121238967
1.74149671875E-07, 0.0285239882453222
1.74151625E-07, 0.0277662329756717
1.74153578125E-07, 0.0287500991472375
1.7415553125E-07, 0.0285347882746875
1.74157484375E-07, 0.029627786754059
1.741594375E-07, 0.028775993750772
1.74161390625E-07, 0.0293846071903991
1.7416334375E-07, 0.0316878592871524
1.74165296875E-07, 0.0295560602549275
1.7416725E-07, 0.0316789206713837
1.74169203125E-07, 0.03195217457361
1.7417115625E-07, 0.0326639563196348
1.74173109375E-07, 0.0332334847259136
1.741750625E-07, 0.0312996740741591
1.74177015625E-07, 0.0304922078499886
1.7417896875E-07, 0.029699882889241
1.74180921875E-07, 0.0334005063779825
1.74182875E-07, 0.0342087259463854
1.74184828125E-07, 0.0341331384449603
1.7418678125E-07, 0.0325596577048959
1.74188734375E-07, 0.033738901976736
1.741906875E-07, 0.0355021769421535
1.74192640625E-07, 0.0343065250032418
1.7419459375E-07, 0.0354524037217824
1.74196546875E-07, 0.0347860972337338
1.741985E-07, 0.0352161702482414
1.74200453125E-07, 0.033860109672293
1.7420240625E-07, 0.0320634012595973
1.74204359375E-07, 0.0337321613436332
1.742063125E-07, 0.034107702366491
1.74208265625E-07, 0.0333158774649681
1.7421021875E-07, 0.0337754961995353
1.74212171875E-07, 0.0344861194846532
1.74214125E-07, 0.0322154078811885
1.74216078125E-07, 0.0329132495046133
1.7421803125E-07, 0.0328393193945681
1.74219984375E-07, 0.0301026114343257
1.742219375E-07, 0.0287656919371735
1.74223890625E-07, 0.0312186958909969
1.7422584375E-07, 0.0288341524532306
1.74227796875E-07, 0.0275668007396941
1.7422975E-07, 0.0291465741265345
1.74231703125E-07, 0.0302342186081292
1.7423365625E-07, 0.0292156792388574
1.74235609375E-07, 0.0271821763430754
1.742375625E-07, 0.0260308953508988
1.74239515625E-07, 0.0257516489085005
1.7424146875E-07, 0.0282033974387297
1.74243421875E-07, 0.0238796614698651
1.74245375E-07, 0.0235960493473241
1.74247328125E-07, 0.0223284234494044
1.7424928125E-07, 0.0229631541546244
1.74251234375E-07, 0.0220634383379605
1.742531875E-07, 0.0208485235323598
1.74255140625E-07, 0.0169946262808974
1.7425709375E-07, 0.0168968653717259
1.74259046875E-07, 0.0165395806257068
1.74261E-07, 0.0141561046987941
1.74262953125E-07, 0.0096073638255213
1.7426490625E-07, 0.0146959700521667
1.74266859375E-07, 0.00941367882781656
1.742688125E-07, 0.0102421657554157
1.74270765625E-07, 0.00802527435435135
1.7427271875E-07, 0.00725905299626563
1.74274671875E-07, 0.00340207459297151
1.74276625E-07, -0.00593258046619369
1.74278578125E-07, -0.00130512617782717
1.7428053125E-07, 0.000831739744993888
1.74282484375E-07, 0.000909536352313089
1.742844375E-07, -0.000127745466203246
1.74286390625E-07, -0.00214762380789599
1.7428834375E-07, -0.00624260866345668
1.74290296875E-07, -0.00734912474608655
1.7429225E-07, -0.00794030519583541
1.74294203125E-07, -0.010964541849622
1.7429615625E-07, -0.0138774743605968
1.74298109375E-07, -0.021462514729828
1.743000625E-07, -0.0193618837469047
1.74302015625E-07, -0.0197006057976447
1.7430396875E-07, -0.0163435109291539
1.74305921875E-07, -0.0260516955117455
1.74307875E-07, -0.0349245840250772
1.74309828125E-07, -0.0239799276652993
1.7431178125E-07, -0.0341410875848017
1.74313734375E-07, -0.039944683758527
1.743156875E-07, -0.0364678400439072
1.74317640625E-07, -0.0469974300526681
1.7431959375E-07, -0.0415806117894019
1.74321546875E-07, -0.0455387203918152
1.743235E-07, -0.0458883499296058
1.74325453125E-07, -0.041378082194514
1.7432740625E-07, -0.0500273096410323
1.74329359375E-07, -0.0521937660473275
1.743313125E-07, -0.0512151455093632
1.74333265625E-07, -0.0548993150358199
1.7433521875E-07, -0.0567351882663068
1.74337171875E-07, -0.0672271905768938
1.74339125E-07, -0.0623468645260508
1.74341078125E-07, -0.0718042239179119
1.7434303125E-07, -0.0708367399110931
1.74344984375E-07, -0.0754230926668767
1.743469375E-07, -0.0668000927493928
1.74348890625E-07, -0.0723054307362983
1.7435084375E-07, -0.0762326235715804
1.74352796875E-07, -0.0807931480570084
1.7435475E-07, -0.0766622782141854
1.74356703125E-07, -0.0819067705458936
1.7435865625E-07, -0.0911792310057067
1.74360609375E-07, -0.0955968701628312
1.743625625E-07, -0.0921540359783118
1.74364515625E-07, -0.0981528956069218
1.7436646875E-07, -0.0955770986965537
1.74368421875E-07, -0.0995542467399002
1.74370375E-07, -0.104397157174782
1.74372328125E-07, -0.102607977291592
1.7437428125E-07, -0.100930581147008
1.74376234375E-07, -0.104803839780552
1.743781875E-07, -0.108558677816912
1.74380140625E-07, -0.113231728217519
1.7438209375E-07, -0.106440321659509
1.74384046875E-07, -0.111484587683829
1.74386E-07, -0.11561072136562
1.74387953125E-07, -0.115346355234231
1.7438990625E-07, -0.120429815088231
1.74391859375E-07, -0.106581187387049
1.743938125E-07, -0.116989840585808
1.74395765625E-07, -0.11621806211902
1.7439771875E-07, -0.116230877988948
1.74399671875E-07, -0.112856898662496
1.74401625E-07, -0.12054055569789
1.74403578125E-07, -0.124527625711176
1.7440553125E-07, -0.123623755347286
1.74407484375E-07, -0.119875400074687
1.744094375E-07, -0.115206230407665
1.74411390625E-07, -0.116589698696807
1.7441334375E-07, -0.11960090095155
1.74415296875E-07, -0.123415866767355
1.7441725E-07, -0.118380737890478
1.74419203125E-07, -0.119746811916673
1.7442115625E-07, -0.117251712034492
1.74423109375E-07, -0.1152396187595
1.744250625E-07, -0.116739739500667
1.74427015625E-07, -0.104634426144669
1.7442896875E-07, -0.115533265149552
1.74430921875E-07, -0.107254959309369
1.74432875E-07, -0.107738292418059
1.74434828125E-07, -0.106847730430639
1.7443678125E-07, -0.0999081725331721
1.74438734375E-07, -0.104533339911869
1.744406875E-07, -0.095107554952891
1.74442640625E-07, -0.0966421894125142
1.7444459375E-07, -0.0931792448868727
1.74446546875E-07, -0.0923721922106563
1.744485E-07, -0.0848912547295217
1.74450453125E-07, -0.0781317708206064
1.7445240625E-07, -0.0874718423293899
1.74454359375E-07, -0.0741886463048478
1.744563125E-07, -0.0877634149074755
1.74458265625E-07, -0.0781380096622117
1.7446021875E-07, -0.0695756566756208
1.74462171875E-07, -0.0678490498971646
1.74464125E-07, -0.0567587757484305
1.74466078125E-07, -0.062882620921891
1.7446803125E-07, -0.0370001548086053
1.74469984375E-07, -0.0579022413485426
1.744719375E-07, -0.0444095254352682
1.74473890625E-07, -0.0404916581977824
1.7447584375E-07, -0.0408723175520676
1.74477796875E-07, -0.0374563358262203
1.7447975E-07, -0.0323928533453091
1.74481703125E-07, -0.0301900087406292
1.7448365625E-07, -0.0118597824831075
1.74485609375E-07, -0.0159380281310713
1.744875625E-07, -0.0108082190399193
1.74489515625E-07, -0.0137763875890102
1.7449146875E-07, -0.00384051765525384
1.74493421875E-07, 0.010122937293776
1.74495375E-07, 0.00794939128776701
1.74497328125E-07, 0.0167405371278032
1.7449928125E-07, 0.0118170977323806
1.74501234375E-07, 0.0178729899079812
1.745031875E-07, 0.0199619646515044
1.74505140625E-07, 0.0263496201840098
1.7450709375E-07, 0.0275198392388887
1.74509046875E-07, 0.0403127230758119
1.74511E-07, 0.0298625139086826
1.74512953125E-07, 0.0424105576946116
1.7451490625E-07, 0.0448929739545993
1.74516859375E-07, 0.0447922657956137
1.745188125E-07, 0.057339854618789
1.74520765625E-07, 0.0517568766828328
1.7452271875E-07, 0.0550441583448652
1.74524671875E-07, 0.0692129712912899
1.74526625E-07, 0.0652957957648911
1.74528578125E-07, 0.0745587062840107
1.7453053125E-07, 0.0781827307835746
1.74532484375E-07, 0.069237174820621
1.745344375E-07, 0.0724390323389518
1.74536390625E-07, 0.0762115449558023
1.7453834375E-07, 0.0796488184904773
1.74540296875E-07, 0.0875631680201169
1.7454225E-07, 0.0855399085727437
1.74544203125E-07, 0.0789832306784617
1.7454615625E-07, 0.0928516555524372
1.74548109375E-07, 0.093610482080733
1.745500625E-07, 0.0949750469390043
1.74552015625E-07, 0.0957765600646584
1.7455396875E-07, 0.0969910067776234
1.74555921875E-07, 0.0940513017934233
1.74557875E-07, 0.0983983986705823
1.74559828125E-07, 0.0959091839129516
1.7456178125E-07, 0.0995531630060879
1.74563734375E-07, 0.100007225120079
1.745656875E-07, 0.0986698948136211
1.74567640625E-07, 0.100591826512229
1.7456959375E-07, 0.099417434343145
1.74571546875E-07, 0.0955012183987525
1.745735E-07, 0.0979540402999807
1.74575453125E-07, 0.0933297058518791
1.7457740625E-07, 0.093434462692566
1.74579359375E-07, 0.0952089133636159
1.745813125E-07, 0.0934185494757354
1.74583265625E-07, 0.0928245312672156
1.7458521875E-07, 0.092678502511136
1.74587171875E-07, 0.0892992662151854
1.74589125E-07, 0.0869286583884936
1.74591078125E-07, 0.0853268259535366
1.7459303125E-07, 0.0887813434052523
1.74594984375E-07, 0.0855420138744737
1.745969375E-07, 0.0854613948411831
1.74598890625E-07, 0.0820770969606292
1.7460084375E-07, 0.0785900148379493
1.74602796875E-07, 0.0804429079313036
1.7460475E-07, 0.0783426879351646
1.74606703125E-07, 0.0718180051892982
1.7460865625E-07, 0.0752845788446233
1.74610609375E-07, 0.0687116525469041
1.746125625E-07, 0.0674496601401451
1.74614515625E-07, 0.0697424460641416
1.7461646875E-07, 0.0652266020832654
1.74618421875E-07, 0.0650589240875823
1.74620375E-07, 0.0565521653204523
1.74622328125E-07, 0.0625915575035798
1.7462428125E-07, 0.0517662395117847
1.74626234375E-07, 0.0512283335849967
1.746281875E-07, 0.0526386706788711
1.74630140625E-07, 0.0526069678971542
1.7463209375E-07, 0.05066750918417
1.74634046875E-07, 0.0487527416891263
1.74636E-07, 0.0468781589446081
1.74637953125E-07, 0.0418146980589136
1.7463990625E-07, 0.0382679899475299
1.74641859375E-07, 0.0398816756441232
1.746438125E-07, 0.034996148202386
1.74645765625E-07, 0.0427135304233522
1.7464771875E-07, 0.0380302575471326
1.74649671875E-07, 0.034469821504153
1.74651625E-07, 0.034476764546715
1.74653578125E-07, 0.0332694296029269
1.7465553125E-07, 0.0319264564946945
1.74657484375E-07, 0.0302684396105586
1.746594375E-07, 0.0290801163512357
1.74661390625E-07, 0.0272193150135582
1.7466334375E-07, 0.0280407591647148
1.74665296875E-07, 0.0235575643789038
1.7466725E-07, 0.0271874875292006
1.74669203125E-07, 0.02279436369833
1.7467115625E-07, 0.0270646660587051
1.74673109375E-07, 0.0227075516448336
1.746750625E-07, 0.0234528221101503
1.74677015625E-07, 0.0228359572215735
1.7467896875E-07, 0.0267500382209529
1.74680921875E-07, 0.0209890110741638
1.74682875E-07, 0.0196992349581462
1.74684828125E-07, 0.0198750152693889
1.7468678125E-07, 0.019043761910787
1.74688734375E-07, 0.0183422278137484
1.746906875E-07, 0.0189898198988964
1.74692640625E-07, 0.0198210075787649
1.7469459375E-07, 0.0187184321989461
1.74696546875E-07, 0.0186545769138758
1.746985E-07, 0.0188052008470269
1.74700453125E-07, 0.0189826901065365
1.7470240625E-07, 0.0186114445599353
1.74704359375E-07, 0.020535932244295
1.747063125E-07, 0.0185805026519982
1.74708265625E-07, 0.0192259418069024
1.7471021875E-07, 0.0195420755873657
1.74712171875E-07, 0.0184622842764988
1.74714125E-07, 0.0187772324158902
1.74716078125E-07, 0.0184185333257584
1.7471803125E-07, 0.0215369247934962
1.74719984375E-07, 0.0191566427275004
1.747219375E-07, 0.0195217973859015
1.74723890625E-07, 0.0185800244641371
1.7472584375E-07, 0.0197095634326526
1.74727796875E-07, 0.0207697851651764
1.7472975E-07, 0.0181119013460409
1.74731703125E-07, 0.0189726300806872
1.7473365625E-07, 0.0200974236644532
1.74735609375E-07, 0.018848880597018
1.747375625E-07, 0.0192293118262797
1.74739515625E-07, 0.0187421258362345
1.7474146875E-07, 0.0177723440329896
1.74743421875E-07, 0.0186625293932636
1.74745375E-07, 0.0187711534899607
1.74747328125E-07, 0.0188794315069402
1.7474928125E-07, 0.0182270253646992
1.74751234375E-07, 0.0166918617621154
1.747531875E-07, 0.0165388029572354
1.74755140625E-07, 0.017306830096349
1.7475709375E-07, 0.0169697099569255
1.74759046875E-07, 0.014197150145294
1.74761E-07, 0.0161609855499794
1.74762953125E-07, 0.0148344463234519
1.7476490625E-07, 0.0142741265513536
1.74766859375E-07, 0.0150124251140362
1.747688125E-07, 0.0138602485369158
1.74770765625E-07, 0.0131100632873256
1.7477271875E-07, 0.0131784812095358
1.74774671875E-07, 0.013059346372486
1.74776625E-07, 0.0125655073315039
1.74778578125E-07, 0.00980245772858375
1.7478053125E-07, 0.0106197223684291
1.74782484375E-07, 0.0116334329893381
1.747844375E-07, 0.00965574657598977
1.74786390625E-07, 0.00881981098625157
1.7478834375E-07, 0.00537369203862616
1.74790296875E-07, 0.00483016840783191
1.7479225E-07, 0.0079828333799524
1.74794203125E-07, 0.00622973724256003
1.7479615625E-07, 0.00534847485542614
1.74798109375E-07, 0.00366759116696316
1.748000625E-07, 0.00402436611598227
1.74802015625E-07, 0.00474391923644485
1.7480396875E-07, 0.000669731958871038
1.74805921875E-07, 0.00160380457162399
1.74807875E-07, 0.00217529241068339
1.74809828125E-07, 0.000363894674462869
1.7481178125E-07, 0.00178289608629637
1.74813734375E-07, -0.00256324055501888
1.748156875E-07, 0.00104554599435977
1.74817640625E-07, -0.0011201124965761
1.7481959375E-07, -0.00262036222141897
1.74821546875E-07, -0.00149540444713566
1.748235E-07, -0.00392564184062678
1.74825453125E-07, -0.000766811997315592
1.7482740625E-07, -0.00281783942661836
1.74829359375E-07, -0.0047016971554054
1.748313125E-07, -0.00555344877916353
1.74833265625E-07, -0.00573304602346487
1.7483521875E-07, -0.0050238150049504
1.74837171875E-07, -0.00469338669371527
1.74839125E-07, -0.00656580141999222
1.74841078125E-07, -0.00708099265256601
1.7484303125E-07, -0.00715420436061436
1.74844984375E-07, -0.0075667962207527
1.748469375E-07, -0.0070026338103281
1.74848890625E-07, -0.00756022496451956
1.7485084375E-07, -0.00784867835273588
1.74852796875E-07, -0.00834128629998566
1.7485475E-07, -0.00831952107282012
1.74856703125E-07, -0.00792332520898911
1.7485865625E-07, -0.00780998791652063
1.74860609375E-07, -0.00827236541105521
1.748625625E-07, -0.008119054440314
1.74864515625E-07, -0.00857826989722721
1.7486646875E-07, -0.0081875382359851
1.74868421875E-07, -0.00853330943225571
1.74870375E-07, -0.00864183011722573
1.74872328125E-07, -0.00670720170003479
1.7487428125E-07, -0.00783157689883091
1.74876234375E-07, -0.0072283073487504
1.748781875E-07, -0.00817370865965242
1.74880140625E-07, -0.00761836186137718
1.7488209375E-07, -0.007579019909412
1.74884046875E-07, -0.00755935541994942
1.74886E-07, -0.00693900748690976
1.74887953125E-07, -0.00718919835993246
1.7488990625E-07, -0.00705780641355706
1.74891859375E-07, -0.00593012841792852
1.748938125E-07, -0.00628384387138795
1.74895765625E-07, -0.00601725214280824
1.7489771875E-07, -0.00607065221695415
1.74899671875E-07, -0.00628590135978587
1.74901625E-07, -0.00509344124542092
1.74903578125E-07, -0.00486820127907819
1.7490553125E-07, -0.00535144768467999
1.74907484375E-07, -0.00403041026325515
1.749094375E-07, -0.00452670762305277
1.74911390625E-07, -0.00288897775661159
1.7491334375E-07, -0.0035441474763687
1.74915296875E-07, -0.00305794185915876
1.7491725E-07, -0.00316003158209791
1.74919203125E-07, -0.0029056113832558
1.7492115625E-07, -0.00222979078758151
1.74923109375E-07, -0.00208583378667517
1.749250625E-07, -0.00154125203817325
1.74927015625E-07, -0.00152312141616245
1.7492896875E-07, -0.0014462012638258
1.74930921875E-07, -0.00123129458383512
1.74932875E-07, -0.00120952391415823
1.74934828125E-07, 3.84405230803374E-06
1.7493678125E-07, -0.00133604885182736
1.74938734375E-07, -0.000741132567339758
1.749406875E-07, -0.000413167637525719
1.74942640625E-07, 0.000248019200115995
1.7494459375E-07, -0.000158133773713542
1.74946546875E-07, -0.000194034824602082
1.749485E-07, 0.000195439193764462
1.74950453125E-07, 0.000662282247211845
1.7495240625E-07, 0.000733648280693139
1.74954359375E-07, 0.00150105624532097
1.749563125E-07, 0.000711580903730332
1.74958265625E-07, 0.000880604813771664
1.7496021875E-07, 0.00140077428961276
1.74962171875E-07, 0.00165848461971578
1.74964125E-07, 0.00134825374069766
1.74966078125E-07, 0.0017531290067788
1.7496803125E-07, 0.000878407469154425
1.74969984375E-07, 0.00132163415936457
1.749719375E-07, 0.00111755473789403
1.74973890625E-07, 0.0013113186969709
1.7497584375E-07, 0.00157346403635844
1.74977796875E-07, 0.00104801537703341
1.7497975E-07, 0.00162273827085635
1.74981703125E-07, 0.00193207942680331
1.7498365625E-07, 0.0013172944862305
1.74985609375E-07, 0.00067229007966508
1.749875625E-07, 0.00107050525520809
1.74989515625E-07, 0.00151300233873683
1.7499146875E-07, 0.000849620842846165
1.74993421875E-07, 0.000627190519725043
1.74995375E-07, 0.00168849500762869
1.74997328125E-07, 0.0016539780247867
1.7499928125E-07, 0.000633878496214087
1.75001234375E-07, 0.000279525139910511
1.750031875E-07, 0.000643007055627
1.75005140625E-07, 0.000454202871899743
1.7500709375E-07, -0.000828824153271306
1.75009046875E-07, 0.000285777462953303
1.75011E-07, -0.00214143029492519
1.75012953125E-07, -0.000420253729388519
1.7501490625E-07, -0.000879495242989358
1.75016859375E-07, -0.00107489950192077
1.750188125E-07, -0.00147781427443712
1.75020765625E-07, -0.00155130028828441
1.7502271875E-07, -0.00141729335529171
1.75024671875E-07, -0.00246862162958247
1.75026625E-07, -0.0027929006242172
1.75028578125E-07, -0.00229992798191295
1.7503053125E-07, -0.00309695579489118
1.75032484375E-07, -0.00340924595179357
1.750344375E-07, -0.0035202455719012
1.75036390625E-07, -0.00490088454259838
1.7503834375E-07, -0.00410972853173215
1.75040296875E-07, -0.00358008235469487
1.7504225E-07, -0.00417979431818763
1.75044203125E-07, -0.00466070014271065
1.7504615625E-07, -0.00528974410577612
1.75048109375E-07, -0.00530944301655052
1.750500625E-07, -0.00628589604554582
1.75052015625E-07, -0.00639423857219157
1.7505396875E-07, -0.00644781316562601
1.75055921875E-07, -0.00681866893242341
1.75057875E-07, -0.00665329667633502
1.75059828125E-07, -0.0075948528712139
1.7506178125E-07, -0.00823250657512699
1.75063734375E-07, -0.00975184084212073
1.750656875E-07, -0.00924326960358204
1.75067640625E-07, -0.00892800580146101
1.7506959375E-07, -0.00986804233367779
1.75071546875E-07, -0.009940395737602
1.750735E-07, -0.0106600412599355
1.75075453125E-07, -0.011390620770067
1.7507740625E-07, -0.0126898231482013
1.75079359375E-07, -0.0127870584042529
1.750813125E-07, -0.0129003926295224
1.75083265625E-07, -0.0135627044379491
1.7508521875E-07, -0.0146418200011226
1.75087171875E-07, -0.0174952999740808
1.75089125E-07, -0.015885752840599
1.75091078125E-07, -0.0158220319152902
1.7509303125E-07, -0.0175678019963487
1.75094984375E-07, -0.0147425644824838
1.750969375E-07, -0.0186095268554351
1.75098890625E-07, -0.0184435665312255
1.7510084375E-07, -0.0202688890892631
1.75102796875E-07, -0.019320815307684
1.7510475E-07, -0.0193011492677785
1.75106703125E-07, -0.01894125684409
1.7510865625E-07, -0.0209954271705989
1.75110609375E-07, -0.0212118360453162
1.751125625E-07, -0.0218918962193271
1.75114515625E-07, -0.0238719460273657
1.7511646875E-07, -0.0220463793114315
1.75118421875E-07, -0.0243557072770568
1.75120375E-07, -0.0256012694404799
1.75122328125E-07, -0.0244744202865211
1.7512428125E-07, -0.0266255974036114
1.75126234375E-07, -0.0262020646650685
1.751281875E-07, -0.0255039288517925
1.75130140625E-07, -0.027442277796123
1.7513209375E-07, -0.0275420434932058
1.75134046875E-07, -0.0285361568787011
1.75136E-07, -0.0270626250627644
1.75137953125E-07, -0.0283473767250012
1.7513990625E-07, -0.0293326162846665
1.75141859375E-07, -0.0298775230820231
1.751438125E-07, -0.029753114747954
1.75145765625E-07, -0.0303007020070462
1.7514771875E-07, -0.0296311181408431
1.75149671875E-07, -0.0294485189816323
1.75151625E-07, -0.0311748661984004
1.75153578125E-07, -0.0300857718897498
1.7515553125E-07, -0.0300775642274746
1.75157484375E-07, -0.0306678728149542
1.751594375E-07, -0.0310125255920143
1.75161390625E-07, -0.0318199935911508
1.7516334375E-07, -0.030375724112857
1.75165296875E-07, -0.0318308194900143
1.7516725E-07, -0.031846819590607
1.75169203125E-07, -0.0322906058970304
1.7517115625E-07, -0.0313548454583779
1.75173109375E-07, -0.0317028414898576
1.751750625E-07, -0.0315855278239465
1.75177015625E-07, -0.0321290032794426
1.7517896875E-07, -0.0316697880548054
1.75180921875E-07, -0.0321827282191849
1.75182875E-07, -0.0320852011413133
1.75184828125E-07, -0.0318517762310912
1.7518678125E-07, -0.032075003592768
1.75188734375E-07, -0.0315781494634194
1.751906875E-07, -0.0319522505919729
1.75192640625E-07, -0.0317653885290378
1.7519459375E-07, -0.0314892982493833
1.75196546875E-07, -0.0309917014988145
1.751985E-07, -0.0311493968128068
1.75200453125E-07, -0.0315555560224591
1.7520240625E-07, -0.0317264519597061
1.75204359375E-07, -0.0306030750344602
1.752063125E-07, -0.0303632706746528
1.75208265625E-07, -0.0299317555890755
1.7521021875E-07, -0.0309470435314999
1.75212171875E-07, -0.0301936920684832
1.75214125E-07, -0.0288790933776106
1.75216078125E-07, -0.0292366268233704
1.7521803125E-07, -0.0290974753274069
1.75219984375E-07, -0.0292433404691176
1.752219375E-07, -0.0281461204751229
1.75223890625E-07, -0.0284986731721244
1.7522584375E-07, -0.0282843998734155
1.75227796875E-07, -0.0283166779732818
1.7522975E-07, -0.0274557154910696
1.75231703125E-07, -0.026786167823691
1.7523365625E-07, -0.025680739006826
1.75235609375E-07, -0.0266132984817747
1.752375625E-07, -0.0264303416347045
1.75239515625E-07, -0.0237926700533873
1.7524146875E-07, -0.0259147775281423
1.75243421875E-07, -0.0248369323227527
1.75245375E-07, -0.0244804058153958
1.75247328125E-07, -0.0233857354320694
1.7524928125E-07, -0.0233678748108559
1.75251234375E-07, -0.0231373197441664
1.752531875E-07, -0.0221032189862625
1.75255140625E-07, -0.0239880951021511
1.7525709375E-07, -0.0215264320630941
1.75259046875E-07, -0.0211531428914099
1.75261E-07, -0.0220507552795513
1.75262953125E-07, -0.0219804304557347
1.7526490625E-07, -0.0217881974523045
1.75266859375E-07, -0.0203321272450824
1.752688125E-07, -0.0192656140392255
1.75270765625E-07, -0.0209103182360638
1.7527271875E-07, -0.0202588342081502
1.75274671875E-07, -0.0193467736714114
1.75276625E-07, -0.0194619736157483
1.75278578125E-07, -0.018551738266389
1.7528053125E-07, -0.0186961373846955
1.75282484375E-07, -0.0182564152717945
1.752844375E-07, -0.0170471806333494
1.75286390625E-07, -0.0166740963820792
1.7528834375E-07, -0.0163814765923352
1.75290296875E-07, -0.0156153852822828
1.7529225E-07, -0.0170637748383795
1.75294203125E-07, -0.0150025049379245
1.7529615625E-07, -0.0147551948493626
1.75298109375E-07, -0.0153252735593165
1.753000625E-07, -0.014294792308362
1.75302015625E-07, -0.013712038826153
1.7530396875E-07, -0.0134758311458027
1.75305921875E-07, -0.0115879388662697
1.75307875E-07, -0.0139808198494258
1.75309828125E-07, -0.0119333640310405
1.7531178125E-07, -0.0112435086646443
1.75313734375E-07, -0.0119491477249802
1.753156875E-07, -0.0106327868480798
1.75317640625E-07, -0.0109170384641219
1.7531959375E-07, -0.00874041770650949
1.75321546875E-07, -0.00943729088390547
1.753235E-07, -0.00937457008780264
1.75325453125E-07, -0.0100173842771425
1.7532740625E-07, -0.00915354266895767
1.75329359375E-07, -0.00848770690782181
1.753313125E-07, -0.00771328645803055
1.75333265625E-07, -0.00778453073519478
1.7533521875E-07, -0.00751724920616661
1.75337171875E-07, -0.00643891498739952
1.75339125E-07, -0.00690786802734876
1.75341078125E-07, -0.00499201670275297
1.7534303125E-07, -0.00716374689322294
1.75344984375E-07, -0.00401253273187655
1.753469375E-07, -0.0038621866485266
1.75348890625E-07, -0.00374866422579833
1.7535084375E-07, -0.00349476645160624
1.75352796875E-07, -0.0045639536647689
1.7535475E-07, -0.00217418821710505
1.75356703125E-07, -0.00153195828629946
1.7535865625E-07, -0.00229288737575709
1.75360609375E-07, -0.00164629410561926
1.753625625E-07, -0.00231665593971696
1.75364515625E-07, -0.00212026984104879
1.7536646875E-07, -0.00170616951272269
1.75368421875E-07, -0.0028577188882582
1.75370375E-07, -0.00170216097866486
1.75372328125E-07, 0.000101576184009255
1.7537428125E-07, -0.000540265735701529
1.75376234375E-07, -5.56018309340773E-06
1.753781875E-07, -0.00176446206457738
1.75380140625E-07, 0.00078746769060419
1.7538209375E-07, 4.63587814025163E-05
1.75384046875E-07, 0.000836684124438042
1.75386E-07, 0.00122446033466547
1.75387953125E-07, 0.000791598746431803
1.7538990625E-07, 0.00197986425960066
1.75391859375E-07, 0.00132892875423357
1.753938125E-07, 0.00213482309042192
1.75395765625E-07, 0.00282302937302075
1.7539771875E-07, 0.00243294957186794
1.75399671875E-07, 0.0031281745715243
1.75401625E-07, 0.00288745532146966
1.75403578125E-07, 0.00207262550436723
1.7540553125E-07, 0.00325953926289417
1.75407484375E-07, 0.00307845765628954
1.754094375E-07, 0.00318494999579949
1.75411390625E-07, 0.00332586432025444
1.7541334375E-07, 0.0039011601120644
1.75415296875E-07, 0.0040906212012692
1.7541725E-07, 0.00410053028797539
1.75419203125E-07, 0.00363184190695729
1.7542115625E-07, 0.00383015961701975
1.75423109375E-07, 0.00397265956518394
1.754250625E-07, 0.00432685629945571
1.75427015625E-07, 0.00542391499373196
1.7542896875E-07, 0.00524349662498516
1.75430921875E-07, 0.00520063592404578
1.75432875E-07, 0.00480046510996102
1.75434828125E-07, 0.00546980750426995
1.7543678125E-07, 0.00619945568663164
1.75438734375E-07, 0.00597986737725696
1.754406875E-07, 0.00652730455234365
1.75442640625E-07, 0.00579443544683212
1.7544459375E-07, 0.00651443288690155
1.75446546875E-07, 0.00656137363542102
1.754485E-07, 0.00783206937570863
1.75450453125E-07, 0.00696868102433696
1.7545240625E-07, 0.00628245279209285
1.75454359375E-07, 0.0074630447858683
1.754563125E-07, 0.00783619633311347
1.75458265625E-07, 0.0085127264739512
1.7546021875E-07, 0.00675146222741319
1.75462171875E-07, 0.00768383667332579
1.75464125E-07, 0.00883002229184114
1.75466078125E-07, 0.00791115605589714
1.7546803125E-07, 0.00844804752156928
1.75469984375E-07, 0.0103940546445551
1.754719375E-07, 0.00968713551598409
1.75473890625E-07, 0.00852541735169893
1.7547584375E-07, 0.00890209559229137
1.75477796875E-07, 0.010007932186847
1.7547975E-07, 0.0105877911619982
1.75481703125E-07, 0.0103305067776837
1.7548365625E-07, 0.0109499631441542
1.75485609375E-07, 0.0105268460194129
1.754875625E-07, 0.011836812673639
1.75489515625E-07, 0.0125087151521108
1.7549146875E-07, 0.0111730239534
1.75493421875E-07, 0.0110268845950604
1.75495375E-07, 0.0117520918931352
1.75497328125E-07, 0.0112791799059685
1.7549928125E-07, 0.0124817949239395
1.75501234375E-07, 0.0128504606614069
1.755031875E-07, 0.0123982937818257
1.75505140625E-07, 0.0137232701420176
1.7550709375E-07, 0.0139422928530579
1.75509046875E-07, 0.012326596900373
1.75511E-07, 0.0129381519514015
1.75512953125E-07, 0.0136890908266583
1.7551490625E-07, 0.0139229730629287
1.75516859375E-07, 0.0135160513912887
1.755188125E-07, 0.0138841389943404
1.75520765625E-07, 0.0143588752736011
1.7552271875E-07, 0.0143024334996315
1.75524671875E-07, 0.0137580603653858
1.75526625E-07, 0.0148659645385414
1.75528578125E-07, 0.0145949812668074
1.7553053125E-07, 0.0141799708360827
1.75532484375E-07, 0.0147551558220869
1.755344375E-07, 0.0132342671761266
1.75536390625E-07, 0.0144685729809931
1.7553834375E-07, 0.0147846580515992
1.75540296875E-07, 0.0141267144034853
1.7554225E-07, 0.0141035840345165
1.75544203125E-07, 0.0142719926724617
1.7554615625E-07, 0.0144330661877949
1.75548109375E-07, 0.0144730607641018
1.755500625E-07, 0.014275119673958
1.75552015625E-07, 0.0140724114048491
1.7555396875E-07, 0.014001033544532
1.75555921875E-07, 0.0139558853004175
1.75557875E-07, 0.0135669250362773
1.75559828125E-07, 0.0135153253946454
1.7556178125E-07, 0.0134664195385618
1.75563734375E-07, 0.0131682634040667
1.755656875E-07, 0.0133049696365878
1.75567640625E-07, 0.0129401386880468
1.7556959375E-07, 0.0124414785130225
1.75571546875E-07, 0.0122774395197759
1.755735E-07, 0.0125500306645198
1.75575453125E-07, 0.0122593037345552
1.7557740625E-07, 0.0123539952348985
1.75579359375E-07, 0.0114193383631738
1.755813125E-07, 0.0117665389367343
1.75583265625E-07, 0.0114578261693958
1.7558521875E-07, 0.0108094063047471
1.75587171875E-07, 0.0105843560108884
1.75589125E-07, 0.0103345801893975
1.75591078125E-07, 0.0105433649774484
1.7559303125E-07, 0.00956920352307609
1.75594984375E-07, 0.0104625528792905
1.755969375E-07, 0.00944840637763034
1.75598890625E-07, 0.00912209833955526
1.7560084375E-07, 0.00914106409887517
1.75602796875E-07, 0.00818089503136315
1.7560475E-07, 0.00828465409210524
1.75606703125E-07, 0.00788824971951574
1.7560865625E-07, 0.00743794425115602
1.75610609375E-07, 0.00776116699937556
1.756125625E-07, 0.00692376817691082
1.75614515625E-07, 0.00608080394377674
1.7561646875E-07, 0.00630513959076684
1.75618421875E-07, 0.00596738968708888
1.75620375E-07, 0.00583835744804092
1.75622328125E-07, 0.00532820562568345
1.7562428125E-07, 0.00500180946984607
1.75626234375E-07, 0.00597977236952803
1.756281875E-07, 0.00551469193439153
1.75630140625E-07, 0.00677989773437292
1.7563209375E-07, 0.0050400633639307
1.75634046875E-07, 0.00410607015943784
1.75636E-07, 0.00448239191232455
1.75637953125E-07, 0.00496331262578243
1.7563990625E-07, 0.00380111096114218
1.75641859375E-07, 0.00450645491302326
1.756438125E-07, 0.0040069276136072
1.75645765625E-07, 0.00387309238636547
1.7564771875E-07, 0.00339314897437867
1.75649671875E-07, 0.00263587335885247
1.75651625E-07, 0.00334698897608753
1.75653578125E-07, 0.00434846792364436
1.7565553125E-07, 0.00396834438899237
1.75657484375E-07, 0.00337405403272674
1.756594375E-07, 0.00391915543566563
1.75661390625E-07, 0.00375938262536006
1.7566334375E-07, 0.00382851221309327
1.75665296875E-07, 0.00398590553921331
1.7566725E-07, 0.00445409118259926
1.75669203125E-07, 0.00352281716493999
1.7567115625E-07, 0.00354514119296267
1.75673109375E-07, 0.003234460222869
1.756750625E-07, 0.0040835874300948
1.75677015625E-07, 0.00334785045524014
1.7567896875E-07, 0.00394031470925215
1.75680921875E-07, 0.00331980001999452
1.75682875E-07, 0.00369671651809489
1.75684828125E-07, 0.00463005041433221
1.7568678125E-07, 0.00432342255474697
1.75688734375E-07, 0.00395270242046137
1.756906875E-07, 0.00432125307163098
1.75692640625E-07, 0.00459874483296392
1.7569459375E-07, 0.00512229967664105
1.75696546875E-07, 0.00439738684337786
1.756985E-07, 0.00547301117149374
1.75700453125E-07, 0.00449610576220059
1.7570240625E-07, 0.00524449772400536
1.75704359375E-07, 0.00512303158873639
1.757063125E-07, 0.00561914645283158
1.75708265625E-07, 0.00543506695907656
1.7571021875E-07, 0.00529042782206983
1.75712171875E-07, 0.00566120563571673
1.75714125E-07, 0.00561910621409397
1.75716078125E-07, 0.00586456250650016
1.7571803125E-07, 0.00612394759821082
1.75719984375E-07, 0.00638606513449137
1.757219375E-07, 0.00637336929071645
1.75723890625E-07, 0.00649644933205239
1.7572584375E-07, 0.00612034827947407
1.75727796875E-07, 0.0068774396479598
1.7572975E-07, 0.00662059313685965
1.75731703125E-07, 0.00735520868416017
1.7573365625E-07, 0.00727101540483941
1.75735609375E-07, 0.00713667259045335
1.757375625E-07, 0.00801475278121418
1.75739515625E-07, 0.0076140135455263
1.7574146875E-07, 0.00773784615190482
1.75743421875E-07, 0.00776346818916026
1.75745375E-07, 0.00755771580770317
1.75747328125E-07, 0.00779175283811361
1.7574928125E-07, 0.00735931610201991
1.75751234375E-07, 0.00876674597243815
1.757531875E-07, 0.00856644352714458
1.75755140625E-07, 0.00818822316330446
1.7575709375E-07, 0.00803523110610252
1.75759046875E-07, 0.00862633501536981
1.75761E-07, 0.00775799911847832
1.75762953125E-07, 0.00893525884745244
1.7576490625E-07, 0.00918579696667516
1.75766859375E-07, 0.00865572953248447
1.757688125E-07, 0.00900771945472674
1.75770765625E-07, 0.00920799935277389
1.7577271875E-07, 0.00971492031180928
1.75774671875E-07, 0.00983248009807563
1.75776625E-07, 0.00922133042590181
1.75778578125E-07, 0.00929315048332643
1.7578053125E-07, 0.00881635973841162
1.75782484375E-07, 0.0103812522202298
1.757844375E-07, 0.00997031835541791
1.75786390625E-07, 0.0100364878109632
1.7578834375E-07, 0.00993834055583823
1.75790296875E-07, 0.0106251081505134
1.7579225E-07, 0.00998561473556161
1.75794203125E-07, 0.0102162979223974
1.7579615625E-07, 0.00949965394755618
1.75798109375E-07, 0.010321295446054
1.758000625E-07, 0.0099251775366803
1.75802015625E-07, 0.0109486073442281
1.7580396875E-07, 0.0104108803917495
1.75805921875E-07, 0.010482213987751
1.75807875E-07, 0.0105959066034188
1.75809828125E-07, 0.010337954585596
1.7581178125E-07, 0.0103746854911159
1.75813734375E-07, 0.0104397351835009
1.758156875E-07, 0.0107927322283417
1.75817640625E-07, 0.0107154140001646
1.7581959375E-07, 0.0111569842023444
1.75821546875E-07, 0.0110653854119011
1.758235E-07, 0.0111088433851138
1.75825453125E-07, 0.0113929754917108
1.7582740625E-07, 0.0118301564821756
1.75829359375E-07, 0.011128264404747
1.758313125E-07, 0.0124449880968464
1.75833265625E-07, 0.0114564665078441
1.7583521875E-07, 0.0114093770391233
1.75837171875E-07, 0.0118518536379765
1.75839125E-07, 0.0124226887415751
1.75841078125E-07, 0.0121164636396997
1.7584303125E-07, 0.0117255434392745
1.75844984375E-07, 0.0114560736899874
1.758469375E-07, 0.0121145285157503
1.75848890625E-07, 0.0119606293310429
1.7585084375E-07, 0.0119510280750169
1.75852796875E-07, 0.0120829997055071
1.7585475E-07, 0.0117979476697014
1.75856703125E-07, 0.012253152018362
1.7585865625E-07, 0.0118460877333978
1.75860609375E-07, 0.0119112561342014
1.758625625E-07, 0.0124420750098467
1.75864515625E-07, 0.0119012413921299
1.7586646875E-07, 0.0115317476019493
1.75868421875E-07, 0.0130444174001315
1.75870375E-07, 0.0122352005530409
1.75872328125E-07, 0.0126070970176564
1.7587428125E-07, 0.0130306976653946
1.75876234375E-07, 0.0127813138491635
1.758781875E-07, 0.0127561141128522
1.75880140625E-07, 0.0126683112437921
1.7588209375E-07, 0.0128068292477771
1.75884046875E-07, 0.0134625701669572
1.75886E-07, 0.0127926817438171
1.75887953125E-07, 0.0127548020473026
1.7588990625E-07, 0.0128885178069877
1.75891859375E-07, 0.0129714471679455
1.758938125E-07, 0.0128788993948885
1.75895765625E-07, 0.0128137729525691
1.7589771875E-07, 0.0128160537951321
1.75899671875E-07, 0.0127390486473349
1.75901625E-07, 0.012563820543091
1.75903578125E-07, 0.0127875049994533
1.7590553125E-07, 0.0119862800199373
1.75907484375E-07, 0.0117492282552959
1.759094375E-07, 0.0124315190113842
1.75911390625E-07, 0.0124041185275642
1.7591334375E-07, 0.0128636315086227
1.75915296875E-07, 0.0123148696682591
1.7591725E-07, 0.0121064945081419
1.75919203125E-07, 0.0120278992482362
1.7592115625E-07, 0.011861507210453
1.75923109375E-07, 0.0122158331162581
1.759250625E-07, 0.0112439161645591
1.75927015625E-07, 0.0114964387762107
1.7592896875E-07, 0.0122089370217428
1.75930921875E-07, 0.0113808850043162
1.75932875E-07, 0.0112067630821481
1.75934828125E-07, 0.0109678228351152
1.7593678125E-07, 0.0105768220020913
1.75938734375E-07, 0.00999123379015402
1.759406875E-07, 0.0103890208360302
1.75942640625E-07, 0.00956496231858337
1.7594459375E-07, 0.00908063420131941
1.75946546875E-07, 0.00989735505093929
1.759485E-07, 0.00943399004097924
1.75950453125E-07, 0.00939972148436026
1.7595240625E-07, 0.0090312745578119
1.75954359375E-07, 0.00869480629745871
1.759563125E-07, 0.0090878543400342
1.75958265625E-07, 0.00760832260534025
1.7596021875E-07, 0.00834685945487429
1.75962171875E-07, 0.00766177760062322
1.75964125E-07, 0.00828191510395235
1.75966078125E-07, 0.00683364865055753
1.7596803125E-07, 0.00501927309717963
1.75969984375E-07, 0.00553935342799364
1.759719375E-07, 0.00672910078623713
1.75973890625E-07, 0.00567698715334044
1.7597584375E-07, 0.00430860919406072
1.75977796875E-07, 0.00353744955189322
1.7597975E-07, 0.00475154327626807
1.75981703125E-07, 0.00397358041545345
1.7598365625E-07, 0.00285360551169828
1.75985609375E-07, 0.00275930233188422
1.759875625E-07, 0.00343407341779181
1.75989515625E-07, 0.00221090395260144
1.7599146875E-07, 0.000376555556357872
1.75993421875E-07, 0.00055148440563919
1.75995375E-07, 4.60821120954266E-05
1.75997328125E-07, -0.000726618135361688
1.7599928125E-07, -0.000831051480116152
1.76001234375E-07, 0.00058819423372822
1.760031875E-07, 0.000731476385771493
1.76005140625E-07, -0.00244852385268241
1.7600709375E-07, -0.00200617195320216
1.76009046875E-07, -0.000511944895110746
1.76011E-07, -0.00314580330605475
1.76012953125E-07, -0.00138236405764624
1.7601490625E-07, -0.00315314985800306
1.76016859375E-07, -0.00416612983316624
1.760188125E-07, -0.00194413951044435
1.76020765625E-07, -0.00630887989505305
1.7602271875E-07, -0.00554863970540596
1.76024671875E-07, -0.00614233567034444
1.76026625E-07, -0.00714965512053466
1.76028578125E-07, -0.00679710784180392
1.7603053125E-07, -0.00744273361446642
1.76032484375E-07, -0.00752076631327145
1.760344375E-07, -0.00766808431244883
1.76036390625E-07, -0.00728866553608481
1.7603834375E-07, -0.00694833961290965
1.76040296875E-07, -0.00951886940122902
1.7604225E-07, -0.00954412516141742
1.76044203125E-07, -0.010413151150485
1.7604615625E-07, -0.0110325212233672
1.76048109375E-07, -0.0126027159659662
1.760500625E-07, -0.0126800505174876
1.76052015625E-07, -0.0126859089906594
1.7605396875E-07, -0.0116347750604034
1.76055921875E-07, -0.0126775153830336
1.76057875E-07, -0.0131438911859059
1.76059828125E-07, -0.0142273058810188
1.7606178125E-07, -0.0143487497246934
1.76063734375E-07, -0.013813285703494
1.760656875E-07, -0.0144446511582494
1.76067640625E-07, -0.0149862213958011
1.7606959375E-07, -0.015293369021485
1.76071546875E-07, -0.0150663153355065
1.760735E-07, -0.0159289963015154
1.76075453125E-07, -0.0138928413705531
1.7607740625E-07, -0.0161901486964912
1.76079359375E-07, -0.0160052096936275
1.760813125E-07, -0.0162932480678157
1.76083265625E-07, -0.0153906373381038
1.7608521875E-07, -0.0170295674427523
1.76087171875E-07, -0.0167152339985553
1.76089125E-07, -0.0162191313514682
1.76091078125E-07, -0.0165094361284853
1.7609303125E-07, -0.0170098364577135
1.76094984375E-07, -0.0172053032645723
1.760969375E-07, -0.0171588055203114
1.76098890625E-07, -0.0165465165474895
1.7610084375E-07, -0.0171258499006478
1.76102796875E-07, -0.0162779383888176
1.7610475E-07, -0.016901494498333
1.76106703125E-07, -0.0168728271139195
1.7610865625E-07, -0.0164875063249072
1.76110609375E-07, -0.0158092283217707
1.761125625E-07, -0.0162916525010534
1.76114515625E-07, -0.0154375002269838
1.7611646875E-07, -0.0156581784785157
1.76118421875E-07, -0.0160296517081136
1.76120375E-07, -0.0141018824244851
1.76122328125E-07, -0.0144545332539074
1.7612428125E-07, -0.0149708868957702
1.76126234375E-07, -0.0144656228742162
1.761281875E-07, -0.0139235021539487
1.76130140625E-07, -0.0137234689457136
1.7613209375E-07, -0.0140821156012576
1.76134046875E-07, -0.0143822019023618
1.76136E-07, -0.0136698015007531
1.76137953125E-07, -0.0128695684604558
1.7613990625E-07, -0.0124391470696491
1.76141859375E-07, -0.0131008356508585
1.761438125E-07, -0.0128901932296949
1.76145765625E-07, -0.0127350517168722
1.7614771875E-07, -0.0108426015056052
1.76149671875E-07, -0.0115593134949055
1.76151625E-07, -0.0114900046675742
1.76153578125E-07, -0.0113843920047758
1.7615553125E-07, -0.00905710576656151
1.76157484375E-07, -0.00941997714107028
1.761594375E-07, -0.0101819458767423
1.76161390625E-07, -0.00984568396029473
1.7616334375E-07, -0.00966640011900961
1.76165296875E-07, -0.00854529532920167
1.7616725E-07, -0.0076759665501189
1.76169203125E-07, -0.00935846634545614
1.7617115625E-07, -0.00801611425088475
1.76173109375E-07, -0.00772735994660266
1.761750625E-07, -0.00677890756874177
1.76177015625E-07, -0.00684785803708264
1.7617896875E-07, -0.00810682885611612
1.76180921875E-07, -0.00645969864419297
1.76182875E-07, -0.006538558060972
1.76184828125E-07, -0.00613842656675778
1.7618678125E-07, -0.00607630029339616
1.76188734375E-07, -0.00616811750375264
1.761906875E-07, -0.00561735371234323
1.76192640625E-07, -0.00578287853594441
1.7619459375E-07, -0.00634560098203278
1.76196546875E-07, -0.00572936031545758
1.761985E-07, -0.00625545633353184
1.76200453125E-07, -0.00569746021508203
1.7620240625E-07, -0.00613356292533631
1.76204359375E-07, -0.00599410809926231
1.762063125E-07, -0.00580005994815262
1.76208265625E-07, -0.00559778543329733
1.7621021875E-07, -0.00577151173009045
1.76212171875E-07, -0.00599390904795479
1.76214125E-07, -0.00608585613422619
1.76216078125E-07, -0.00587509298271195
1.7621803125E-07, -0.00612904479344973
1.76219984375E-07, -0.00595437813649957
1.762219375E-07, -0.0066035696076271
1.76223890625E-07, -0.0059076890295293
1.7622584375E-07, -0.00613709102814056
1.76227796875E-07, -0.00631659918564976
1.7622975E-07, -0.0064233731279875
1.76231703125E-07, -0.00629770513855782
1.7623365625E-07, -0.00675467562524873
1.76235609375E-07, -0.00704203497755613
1.762375625E-07, -0.00694453830069942
1.76239515625E-07, -0.0071592310433243
1.7624146875E-07, -0.00772043596286721
1.76243421875E-07, -0.00766239165249218
1.76245375E-07, -0.00763076145433299
1.76247328125E-07, -0.00805322067105669
1.7624928125E-07, -0.00774803952628225
1.76251234375E-07, -0.00826126273461305
1.762531875E-07, -0.00853031620558673
1.76255140625E-07, -0.00882194139104716
1.7625709375E-07, -0.00849299149640425
1.76259046875E-07, -0.00901403963834818
1.76261E-07, -0.00942748613004995
1.76262953125E-07, -0.0092535324303352
1.7626490625E-07, -0.00974967933704312
1.76266859375E-07, -0.00966595408815358
1.762688125E-07, -0.00946301988461293
1.76270765625E-07, -0.00903239519885916
1.7627271875E-07, -0.0100438277774653
1.76274671875E-07, -0.00986925168599901
1.76276625E-07, -0.0096656749661243
1.76278578125E-07, -0.00967949597394845
1.7628053125E-07, -0.0103560123782314
1.76282484375E-07, -0.0100223423413321
1.762844375E-07, -0.0100202933405561
1.76286390625E-07, -0.00994832016353059
1.7628834375E-07, -0.010239584274694
1.76290296875E-07, -0.010399860431274
1.7629225E-07, -0.0108340257520209
1.76294203125E-07, -0.0102829871689384
1.7629615625E-07, -0.0100303048309215
1.76298109375E-07, -0.0102065196605539
1.763000625E-07, -0.0100956054465069
1.76302015625E-07, -0.0102639962706333
1.7630396875E-07, -0.0102372484426785
1.76305921875E-07, -0.0106439204856723
1.76307875E-07, -0.00974203936987333
1.76309828125E-07, -0.0101682851773949
1.7631178125E-07, -0.00980796274397643
1.76313734375E-07, -0.0101649688854239
1.763156875E-07, -0.00945373302191085
1.76317640625E-07, -0.00981918024771065
1.7631959375E-07, -0.0100443756324366
1.76321546875E-07, -0.0097079985754458
1.763235E-07, -0.00983309483622558
1.76325453125E-07, -0.00945623704894074
1.7632740625E-07, -0.00920311251948533
1.76329359375E-07, -0.00952274823764673
1.763313125E-07, -0.00920140670223064
1.76333265625E-07, -0.00938579921271685
1.7633521875E-07, -0.00862198861710027
1.76337171875E-07, -0.00824865982801193
1.76339125E-07, -0.0089420858734451
1.76341078125E-07, -0.00848762813517599
1.7634303125E-07, -0.00889433507551563
1.76344984375E-07, -0.00796523054573408
1.763469375E-07, -0.0072712063722863
1.76348890625E-07, -0.00831923331977461
1.7635084375E-07, -0.00766037457349055
1.76352796875E-07, -0.00779859467431137
1.7635475E-07, -0.0073029263628302
1.76356703125E-07, -0.00798431745014935
1.7635865625E-07, -0.00657288426882007
1.76360609375E-07, -0.00684263974380045
1.763625625E-07, -0.00642121373142443
1.76364515625E-07, -0.00696058632734965
1.7636646875E-07, -0.0066642899641078
1.76368421875E-07, -0.00569981177847111
1.76370375E-07, -0.00639377993616234
1.76372328125E-07, -0.0062937678535788
1.7637428125E-07, -0.00598594958288408
1.76376234375E-07, -0.00576731657014119
1.763781875E-07, -0.00604451706452334
1.76380140625E-07, -0.00552497548502152
1.7638209375E-07, -0.00541923342940066
1.76384046875E-07, -0.00546222358291023
1.76386E-07, -0.00565180387265272
1.76387953125E-07, -0.00483000365047322
1.7638990625E-07, -0.00557124720030129
1.76391859375E-07, -0.00520798685282628
1.763938125E-07, -0.00515409325729389
1.76395765625E-07, -0.0051875919040779
1.7639771875E-07, -0.00429558318685642
1.76399671875E-07, -0.00454338827818992
1.76401625E-07, -0.00447515899700957
1.76403578125E-07, -0.00454992313627032
1.7640553125E-07, -0.00433232745989631
1.76407484375E-07, -0.00431794145441151
1.764094375E-07, -0.0039571800437119
1.76411390625E-07, -0.00425435129466597
1.7641334375E-07, -0.00401255598090054
1.76415296875E-07, -0.00311765168544399
1.7641725E-07, -0.00445716713919149
1.76419203125E-07, -0.00400397329749087
1.7642115625E-07, -0.00383792244053418
1.76423109375E-07, -0.00411278790653444
1.764250625E-07, -0.00448819547139969
1.76427015625E-07, -0.00419176035349052
1.7642896875E-07, -0.00379403723931678
1.76430921875E-07, -0.00352775355939418
1.76432875E-07, -0.00332395214891806
1.76434828125E-07, -0.00385943756022377
1.7643678125E-07, -0.00419939138339278
1.76438734375E-07, -0.00321758183598659
1.764406875E-07, -0.0037328506613029
1.76442640625E-07, -0.0035081296267107
1.7644459375E-07, -0.00342071265566656
1.76446546875E-07, -0.00296458667436516
1.764485E-07, -0.00334530837213167
1.76450453125E-07, -0.00344060700867217
1.7645240625E-07, -0.00336246053523833
1.76454359375E-07, -0.00348034528842777
1.764563125E-07, -0.00357401857948783
1.76458265625E-07, -0.00327646245168207
1.7646021875E-07, -0.00297656427658724
1.76462171875E-07, -0.00359067748971486
1.76464125E-07, -0.00352625695968461
1.76466078125E-07, -0.00389929106395775
1.7646803125E-07, -0.00302683272504753
1.76469984375E-07, -0.0034477052315475
1.764719375E-07, -0.00339681845418152
1.76473890625E-07, -0.00349868478111646
1.7647584375E-07, -0.00413032532842037
1.76477796875E-07, -0.00316122877737059
1.7647975E-07, -0.00382186645825454
1.76481703125E-07, -0.00383518125580098
1.7648365625E-07, -0.00289197068821036
1.76485609375E-07, -0.00318252938911699
1.764875625E-07, -0.00308426694278694
1.76489515625E-07, -0.00365098761662833
1.7649146875E-07, -0.00306714847845117
1.76493421875E-07, -0.00334781880148718
1.76495375E-07, -0.00375662214983877
1.76497328125E-07, -0.00306152852205083
1.7649928125E-07, -0.00320925570817126
1.76501234375E-07, -0.00361569685362983
1.765031875E-07, -0.00257241199366354
1.76505140625E-07, -0.00376563040231382
1.7650709375E-07, -0.00363391771348599
1.76509046875E-07, -0.00347091330238497
1.76511E-07, -0.00341898189614352
1.76512953125E-07, -0.00416519503992823
1.7651490625E-07, -0.00356264135574595
1.76516859375E-07, -0.00369706025948838
1.765188125E-07, -0.00344344643241954
1.76520765625E-07, -0.00316107267503706
1.7652271875E-07, -0.00408149171203157
1.76524671875E-07, -0.00345612187453505
1.76526625E-07, -0.00348555301560928
1.76528578125E-07, -0.00314381228574072
1.7653053125E-07, -0.00340715417080025
1.76532484375E-07, -0.00350767517191372
1.765344375E-07, -0.0036803875959811
1.76536390625E-07, -0.00351453765870141
1.7653834375E-07, -0.00337143099620715
1.76540296875E-07, -0.00372170727280325
1.7654225E-07, -0.00353841668561834
1.76544203125E-07, -0.0034666097957113
1.7654615625E-07, -0.00395412107197036
1.76548109375E-07, -0.00359456272968784
1.765500625E-07, -0.00365935905270295
1.76552015625E-07, -0.00332937832161485
1.7655396875E-07, -0.00410195036931724
1.76555921875E-07, -0.00328738486568068
1.76557875E-07, -0.00343651688966685
1.76559828125E-07, -0.00361328319155709
1.7656178125E-07, -0.00349071954824962
1.76563734375E-07, -0.00347119089094943
1.765656875E-07, -0.00356588372603243
1.76567640625E-07, -0.00377901077931793
1.7656959375E-07, -0.00352568465814011
1.76571546875E-07, -0.00359339863527235
1.765735E-07, -0.00419993446522328
1.76575453125E-07, -0.00356045714025722
1.7657740625E-07, -0.00358035101654493
1.76579359375E-07, -0.00344303952867454
1.765813125E-07, -0.00373282709229972
1.76583265625E-07, -0.00391255424544132
1.7658521875E-07, -0.00355683992999113
1.76587171875E-07, -0.00349964574461925
1.76589125E-07, -0.00343596150802774
1.76591078125E-07, -0.00399009672745296
1.7659303125E-07, -0.00360913501631354
1.76594984375E-07, -0.00392588003675508
1.765969375E-07, -0.0035728368925114
1.76598890625E-07, -0.00415235038745959
1.7660084375E-07, -0.00349060361764652
1.76602796875E-07, -0.00378004404576866
1.7660475E-07, -0.00359161995480251
1.76606703125E-07, -0.00377319351864475
1.7660865625E-07, -0.00379163361858087
1.76610609375E-07, -0.00351601192560596
1.766125625E-07, -0.00398989214066578
1.76614515625E-07, -0.00407746051120773
1.7661646875E-07, -0.00344374653048194
1.76618421875E-07, -0.00376946788539925
1.76620375E-07, -0.003710731870957
1.76622328125E-07, -0.00396150664860622
1.7662428125E-07, -0.00267835631961057
1.76626234375E-07, -0.00356679988940367
1.766281875E-07, -0.003603406147373
1.76630140625E-07, -0.00286619606639066
1.7663209375E-07, -0.0035907384703316
1.76634046875E-07, -0.00300454168178835
1.76636E-07, -0.00360327417062884
1.76637953125E-07, -0.00328999821590523
1.7663990625E-07, -0.00377128549804845
1.76641859375E-07, -0.0037662714193189
1.766438125E-07, -0.00389122933357938
1.76645765625E-07, -0.00289656100555398
1.7664771875E-07, -0.00298407589223777
1.76649671875E-07, -0.00292023468331006
1.76651625E-07, -0.0037614758523792
1.76653578125E-07, -0.00319286250011208
1.7665553125E-07, -0.00303279219022769
1.76657484375E-07, -0.00297645626252492
1.766594375E-07, -0.00249085232425212
1.76661390625E-07, -0.00265491362272779
1.7666334375E-07, -0.00249817716761644
1.76665296875E-07, -0.00295212368063185
1.7666725E-07, -0.00269470519260962
1.76669203125E-07, -0.00287068423274252
1.7667115625E-07, -0.00334485890198915
1.76673109375E-07, -0.00362131970288055
1.766750625E-07, -0.00245823483554343
1.76677015625E-07, -0.00283874901552196
1.7667896875E-07, -0.00252661547629078
1.76680921875E-07, -0.00308408136134268
1.76682875E-07, -0.00264050029676893
1.76684828125E-07, -0.00276965785112884
1.7668678125E-07, -0.00238476491663351
1.76688734375E-07, -0.00240659592469721
1.766906875E-07, -0.00252430751736826
1.76692640625E-07, -0.00212866631793081
1.7669459375E-07, -0.00289422443596599
1.76696546875E-07, -0.00261181546694836
1.766985E-07, -0.00277676785998426
1.76700453125E-07, -0.0032764415121254
1.7670240625E-07, -0.00327460339885371
1.76704359375E-07, -0.00275736044917793
1.767063125E-07, -0.00250281420209149
1.76708265625E-07, -0.00224890237263045
1.7671021875E-07, -0.00316302476979811
1.76712171875E-07, -0.00252017355893289
1.76714125E-07, -0.00267752684251723
1.76716078125E-07, -0.00265140819827699
1.7671803125E-07, -0.00281876947632674
1.76719984375E-07, -0.00262731083370486
1.767219375E-07, -0.00333079797553612
1.76723890625E-07, -0.0027160175258689
1.7672584375E-07, -0.00260013061458161
1.76727796875E-07, -0.00328589926509346
1.7672975E-07, -0.00196138739941499
1.76731703125E-07, -0.00242897268603601
1.7673365625E-07, -0.00314034076344035
1.76735609375E-07, -0.0027111512756746
1.767375625E-07, -0.00317304064866083
1.76739515625E-07, -0.00276513761173081
1.7674146875E-07, -0.00293847497763983
1.76743421875E-07, -0.00311880181123363
1.76745375E-07, -0.00297584025224848
1.76747328125E-07, -0.0034191443404322
1.7674928125E-07, -0.00272079256985618
1.76751234375E-07, -0.00302080944149258
1.767531875E-07, -0.00327609854525793
1.76755140625E-07, -0.00318787216432604
1.7675709375E-07, -0.00356954530530875
1.76759046875E-07, -0.00327017108024846
1.76761E-07, -0.00302569330847877
1.76762953125E-07, -0.00361164175137949
1.7676490625E-07, -0.00329420592440799
1.76766859375E-07, -0.00310704345491188
1.767688125E-07, -0.00412277078431006
1.76770765625E-07, -0.00422615150169659
1.7677271875E-07, -0.00327641417103445
1.76774671875E-07, -0.00338532018914833
1.76776625E-07, -0.00387619924565634
1.76778578125E-07, -0.0041566182972525
1.7678053125E-07, -0.0028452429288093
1.76782484375E-07, -0.00353833604775451
1.767844375E-07, -0.00336952190424855
1.76786390625E-07, -0.00313196078113579
1.7678834375E-07, -0.00322275279169667
1.76790296875E-07, -0.00327270532891873
1.7679225E-07, -0.00285188859044877
1.76794203125E-07, -0.0027224202305695
1.7679615625E-07, -0.00280448711985307
1.76798109375E-07, -0.0033319706947877
1.768000625E-07, -0.00287847614340983
1.76802015625E-07, -0.0033139730144652
1.7680396875E-07, -0.00306226665147077
1.76805921875E-07, -0.00234826756912994
1.76807875E-07, -0.00273316863106852
1.76809828125E-07, -0.00219257188889696
1.7681178125E-07, -0.0018777125089805
1.76813734375E-07, -0.00109855783964652
1.768156875E-07, -0.00161256803895922
1.76817640625E-07, -0.00125534126205849
1.7681959375E-07, -0.00113358720695401
1.76821546875E-07, -0.000487576647828651
1.768235E-07, -0.000661297766485254
1.76825453125E-07, -0.000350682623320321
1.7682740625E-07, -0.0014197008715588
1.76829359375E-07, -0.000848353377767769
1.768313125E-07, 0.000897156653777975
1.76833265625E-07, 0.0016645948720329
1.7683521875E-07, 0.000662435676537671
1.76837171875E-07, 9.24962880486757E-05
1.76839125E-07, 0.000325173076442404
1.76841078125E-07, 0.00147793438372261
1.7684303125E-07, 0.00194951942427643
1.76844984375E-07, 0.00206780245726784
1.768469375E-07, 0.00237034211097806
1.76848890625E-07, 0.00286977406989561
1.7685084375E-07, 0.00272693604339302
1.76852796875E-07, 0.00267376807388596
1.7685475E-07, 0.0029484765611429
1.76856703125E-07, 0.00274888641116979
1.7685865625E-07, 0.004289748531802
1.76860609375E-07, 0.00431221919610388
1.768625625E-07, 0.00448064114843123
1.76864515625E-07, 0.00421472324299609
1.7686646875E-07, 0.00472701235749277
1.76868421875E-07, 0.00510082850710854
1.76870375E-07, 0.00496758995963712
1.76872328125E-07, 0.00476587386855958
1.7687428125E-07, 0.00520869493986038
1.76876234375E-07, 0.00580428545739552
1.768781875E-07, 0.00556159906695782
1.76880140625E-07, 0.00587624959312846
1.7688209375E-07, 0.00514573187824571
1.76884046875E-07, 0.00637498780662139
1.76886E-07, 0.00631369805775408
1.76887953125E-07, 0.0059249665382892
1.7688990625E-07, 0.00593925277572919
1.76891859375E-07, 0.00604079187557266
1.768938125E-07, 0.0052834849933973
1.76895765625E-07, 0.00599931827418361
1.7689771875E-07, 0.00579599335473878
1.76899671875E-07, 0.00571852931768802
1.76901625E-07, 0.00536397498045035
1.76903578125E-07, 0.00605515315634713
1.7690553125E-07, 0.00558198604422348
1.76907484375E-07, 0.00578820310935657
1.769094375E-07, 0.00492122343034417
1.76911390625E-07, 0.00491676090407993
1.7691334375E-07, 0.00463608397639757
1.76915296875E-07, 0.00487272864495223
1.7691725E-07, 0.00457497847488145
1.76919203125E-07, 0.00413111422131423
1.7692115625E-07, 0.00385267843166651
1.76923109375E-07, 0.00375089849905065
1.769250625E-07, 0.00441158293588909
1.76927015625E-07, 0.00354439932056589
1.7692896875E-07, 0.00367716878378038
1.76930921875E-07, 0.00323991486571769
1.76932875E-07, 0.0031383313323405
1.76934828125E-07, 0.00349574979970703
1.7693678125E-07, 0.00330759607499371
1.76938734375E-07, 0.00273716029523892
1.769406875E-07, 0.00233939643016917
1.76942640625E-07, 0.00157473163729812
1.7694459375E-07, 0.0014274709579907
1.76946546875E-07, 0.00150993164719652
1.769485E-07, 0.00175416653684331
1.76950453125E-07, 0.00129283854564012
1.7695240625E-07, 0.00108540391261911
1.76954359375E-07, 0.00101789803554769
1.769563125E-07, 8.70587052736862E-05
1.76958265625E-07, 0.000696077193027984
1.7696021875E-07, 0.000941802614961606
1.76962171875E-07, 0.000809415640729641
1.76964125E-07, 0.000343382773447917
1.76966078125E-07, -0.000105880804148896
1.7696803125E-07, -0.000106303216178472
1.76969984375E-07, -0.000720816780468569
1.769719375E-07, -0.0014039482031447
1.76973890625E-07, -0.000447568016678709
1.7697584375E-07, -0.000600211776432284
1.76977796875E-07, -0.000982684321880064
1.7697975E-07, -0.000433507618941139
1.76981703125E-07, -0.000532007158786322
1.7698365625E-07, -0.00127996647010274
1.76985609375E-07, -0.000379293177070506
1.769875625E-07, -0.000296791041895957
1.76989515625E-07, -0.000883413922113376
1.7699146875E-07, -0.000783586220071873
1.76993421875E-07, -0.000336723287167794
1.76995375E-07, -0.000488765803262812
1.76997328125E-07, -0.000956612758216611
1.7699928125E-07, -0.000431008495287463
1.77001234375E-07, -0.000150948933879381
1.770031875E-07, -0.00139273938252194
1.77005140625E-07, -0.000587162432174396
1.7700709375E-07, -0.000723117274325408
1.77009046875E-07, -0.000998523429650447
1.77011E-07, -0.000650792512222048
1.77012953125E-07, -0.000209369564253948
1.7701490625E-07, -0.00106603937820454
1.77016859375E-07, -0.000395489399628257
1.770188125E-07, -0.000546885683377953
1.77020765625E-07, -0.000802781002789994
1.7702271875E-07, -0.00039087112052606
1.77024671875E-07, -0.000382483056376839
1.77026625E-07, -0.000611458936088071
1.77028578125E-07, -0.000590771824217928
1.7703053125E-07, -0.000311205314788466
1.77032484375E-07, 4.52453318187968E-05
1.770344375E-07, -0.000230560965822498
1.77036390625E-07, 0.000422378670333683
1.7703834375E-07, 0.000756961831508097
1.77040296875E-07, 0.000378006886050804
1.7704225E-07, 0.000619424271042647
1.77044203125E-07, 0.000978722772362951
1.7704615625E-07, 0.00053177668891779
1.77048109375E-07, 0.00058613444664789
1.770500625E-07, 0.000373743373248745
1.77052015625E-07, 0.000865308570515534
1.7705396875E-07, 0.000234890332307676
1.77055921875E-07, 0.000610099877428598
1.77057875E-07, 0.00085578942030439
1.77059828125E-07, 0.00119784195959918
1.7706178125E-07, 0.00103606481339717
1.77063734375E-07, 0.000435314415745902
1.770656875E-07, 0.00162855111250484
1.77067640625E-07, 0.00129795162892368
1.7706959375E-07, 0.000881366841557588
1.77071546875E-07, 0.000881369724876525
1.770735E-07, 0.000914994300083802
1.77075453125E-07, 0.00137180349094085
1.7707740625E-07, 0.00205214022945868
1.77079359375E-07, 0.0011891909422599
1.770813125E-07, 0.00205458095873633
1.77083265625E-07, 0.00201113017110135
1.7708521875E-07, 0.00143484323159204
1.77087171875E-07, 0.00226864317260221
1.77089125E-07, 0.00241284577215922
1.77091078125E-07, 0.00275878939375708
1.7709303125E-07, 0.0020514404579217
1.77094984375E-07, 0.0030735993383
1.770969375E-07, 0.0026731649758683
1.77098890625E-07, 0.00216484141776656
1.7710084375E-07, 0.00229129583891584
1.77102796875E-07, 0.0033708956540353
1.7710475E-07, 0.00328351459344123
1.77106703125E-07, 0.00377839429627375
1.7710865625E-07, 0.00355748912314519
1.77110609375E-07, 0.00302145122887386
1.771125625E-07, 0.00370812869106855
1.77114515625E-07, 0.0044497616625852
1.7711646875E-07, 0.00409084270247251
1.77118421875E-07, 0.00482700386172757
1.77120375E-07, 0.00391370133488772
1.77122328125E-07, 0.0035700796586697
1.7712428125E-07, 0.00506214395005545
1.77126234375E-07, 0.00481103171609432
1.771281875E-07, 0.00494224055623506
1.77130140625E-07, 0.00518352123232575
1.7713209375E-07, 0.00529852236372841
1.77134046875E-07, 0.00526016724503888
1.77136E-07, 0.00596281554716775
1.77137953125E-07, 0.00658147228150497
1.7713990625E-07, 0.00555499731442531
1.77141859375E-07, 0.0069013826839884
1.771438125E-07, 0.00690629028086973
1.77145765625E-07, 0.00615140464679568
1.7714771875E-07, 0.00681752615190909
1.77149671875E-07, 0.00614501864163678
1.77151625E-07, 0.00712151656360145
1.77153578125E-07, 0.00742170950686345
1.7715553125E-07, 0.00647276888169902
1.77157484375E-07, 0.00609795574882134
1.771594375E-07, 0.00704738760509759
1.77161390625E-07, 0.00809433114083183
1.7716334375E-07, 0.0079847098777729
1.77165296875E-07, 0.00792485487236272
1.7716725E-07, 0.0082062476153617
1.77169203125E-07, 0.00842269916231375
1.7717115625E-07, 0.00838208105622242
1.77173109375E-07, 0.00794109419934365
1.771750625E-07, 0.00829140515276587
1.77177015625E-07, 0.00882792969078035
1.7717896875E-07, 0.0085240123259333
1.77180921875E-07, 0.00877620677420465
1.77182875E-07, 0.00875585477742954
1.77184828125E-07, 0.00862652865816822
1.7718678125E-07, 0.00898648716725656
1.77188734375E-07, 0.00919033931057141
1.771906875E-07, 0.00883760755587371
1.77192640625E-07, 0.00907048779922402
1.7719459375E-07, 0.008943436865736
1.77196546875E-07, 0.00927756667093358
1.771985E-07, 0.00873328807153901
1.77200453125E-07, 0.00900812715262856
1.7720240625E-07, 0.0090487768293775
1.77204359375E-07, 0.00915539349463996
1.772063125E-07, 0.00848684064646972
1.77208265625E-07, 0.00860165739315108
1.7721021875E-07, 0.00902463964933674
1.77212171875E-07, 0.00836311640377468
1.77214125E-07, 0.00854647629460058
1.77216078125E-07, 0.0084697512267247
1.7721803125E-07, 0.0088284928341138
1.77219984375E-07, 0.00833319066797825
1.772219375E-07, 0.00848009468705437
1.77223890625E-07, 0.00776220597832412
1.7722584375E-07, 0.00828766120234326
1.77227796875E-07, 0.00856283790692798
1.7722975E-07, 0.00835476653247696
1.77231703125E-07, 0.0069876658996988
1.7723365625E-07, 0.00763897073662617
1.77235609375E-07, 0.00763925036267208
1.772375625E-07, 0.00761742476756384
1.77239515625E-07, 0.00714171711743735
1.7724146875E-07, 0.00679165794492801
1.77243421875E-07, 0.00684153677892729
1.77245375E-07, 0.00689510407181017
1.77247328125E-07, 0.00687641603682472
1.7724928125E-07, 0.00657282115168756
1.77251234375E-07, 0.00608401917318036
1.772531875E-07, 0.00617205536146564
1.77255140625E-07, 0.00656441988196912
1.7725709375E-07, 0.00581133049518207
1.77259046875E-07, 0.00539554562523561
1.77261E-07, 0.00595388033167645
1.77262953125E-07, 0.00531594671113507
1.7726490625E-07, 0.00547488975534309
1.77266859375E-07, 0.00536532335550313
1.772688125E-07, 0.00570497131221384
1.77270765625E-07, 0.00522884205471123
1.7727271875E-07, 0.00505726553968823
1.77274671875E-07, 0.00454051761361372
1.77276625E-07, 0.00447039651729674
1.77278578125E-07, 0.00437456458040496
1.7728053125E-07, 0.00406115716449834
1.77282484375E-07, 0.00419635567802496
1.772844375E-07, 0.00329744210349235
1.77286390625E-07, 0.00353059797960162
1.7728834375E-07, 0.00360366802334066
1.77290296875E-07, 0.00445108494902841
1.7729225E-07, 0.00346526207936813
1.77294203125E-07, 0.00375835726994073
1.7729615625E-07, 0.00438856140220727
1.77298109375E-07, 0.00320121664319004
1.773000625E-07, 0.00402342782890138
1.77302015625E-07, 0.00328673423614226
1.7730396875E-07, 0.0020984010197606
1.77305921875E-07, 0.00290298245250267
1.77307875E-07, 0.00306512545182955
1.77309828125E-07, 0.00256911848248731
1.7731178125E-07, 0.00218666586511677
1.77313734375E-07, 0.00227432397004134
1.773156875E-07, 0.00224776252329877
1.77317640625E-07, 0.00200323491923628
1.7731959375E-07, 0.00319639272474868
1.77321546875E-07, 0.0019996227004583
1.773235E-07, 0.00206867743579892
1.77325453125E-07, 0.00220874892431645
1.7732740625E-07, 0.00150105636540081
1.77329359375E-07, 0.00185060591864357
1.773313125E-07, 0.0015451581091957
1.77333265625E-07, 0.000874898350146158
1.7733521875E-07, 0.00165554514171988
1.77337171875E-07, 0.00117424485324081
1.77339125E-07, 0.000684207435127517
1.77341078125E-07, 0.00120825854948059
1.7734303125E-07, 0.00166836751867743
1.77344984375E-07, 0.00127494097228563
1.773469375E-07, 0.000402302803813843
1.77348890625E-07, 0.00162243495069644
1.7735084375E-07, 0.00143993626822519
1.77352796875E-07, 0.000572924249282212
1.7735475E-07, 0.000964012686255738
1.77356703125E-07, 0.000850548539459376
1.7735865625E-07, 0.000409119979822534
1.77360609375E-07, 0.000500723217700298
1.773625625E-07, -8.31684009681846E-05
1.77364515625E-07, -0.00032593023286514
1.7736646875E-07, 0.000230726484894164
1.77368421875E-07, 0.000602927531269762
1.77370375E-07, 0.000402129862245092
1.77372328125E-07, -0.000102218690676228
1.7737428125E-07, -0.00013196280973491
1.77376234375E-07, 0.0006476725598391
1.773781875E-07, 0.000604913091916611
1.77380140625E-07, 8.39339183005347E-05
1.7738209375E-07, -0.000328146735150198
1.77384046875E-07, -0.000421199862995998
1.77386E-07, -0.000115324745845275
1.77387953125E-07, 0.000282872897432003
1.7738990625E-07, -7.0987483799909E-05
1.77391859375E-07, 0.00010631487256513
1.773938125E-07, -0.000468727068348063
1.77395765625E-07, -0.000341828750608429
1.7739771875E-07, -0.000401047081617492
1.77399671875E-07, -0.000539762623556876
1.77401625E-07, -0.000192211549344478
1.77403578125E-07, -0.000495530076945072
1.7740553125E-07, 0.000322861967585579
1.77407484375E-07, -0.000237012224254557
1.774094375E-07, -9.96033766278243E-05
1.77411390625E-07, -0.000286259308484226
1.7741334375E-07, -5.18580847763913E-05
1.77415296875E-07, -0.000656264832684596
1.7741725E-07, -0.000436305326684687
1.77419203125E-07, 5.83295279189945E-06
1.7742115625E-07, -0.000312856242898289
1.77423109375E-07, -0.00104767730484496
1.774250625E-07, -0.00104667044650409
1.77427015625E-07, -0.000269883799970727
1.7742896875E-07, -0.00038605887372762
1.77430921875E-07, -0.000529647406422075
1.77432875E-07, -0.000593414718916186
1.77434828125E-07, -0.00166839013081693
1.7743678125E-07, -0.000885582862760863
1.77438734375E-07, -0.00106956914714608
1.774406875E-07, -0.00171769397467458
1.77442640625E-07, -0.000406682774219685
1.7744459375E-07, -0.000709273133492143
1.77446546875E-07, -0.00054256169917297
1.774485E-07, -0.000980148970571226
1.77450453125E-07, -0.00141571920446428
1.7745240625E-07, -0.000740082461609816
1.77454359375E-07, -0.00150247424569701
1.774563125E-07, -0.00129296510865614
1.77458265625E-07, -0.0011864268750686
1.7746021875E-07, -0.00152315902877502
1.77462171875E-07, -0.00129818208213796
1.77464125E-07, -0.00169156188541417
1.77466078125E-07, -0.00174788903337224
1.7746803125E-07, -0.00181952226876905
1.77469984375E-07, -0.00174939736300711
1.774719375E-07, -0.00185315484902135
1.77473890625E-07, -0.0017431243670152
1.7747584375E-07, -0.00166325366878551
1.77477796875E-07, -0.0018499179888565
1.7747975E-07, -0.00223264796841401
1.77481703125E-07, -0.00245724063144954
1.7748365625E-07, -0.00240540720149524
1.77485609375E-07, -0.00237252290037045
1.774875625E-07, -0.0022794984095742
1.77489515625E-07, -0.00274838374699051
1.7749146875E-07, -0.00269114938401437
1.77493421875E-07, -0.00250571792196389
1.77495375E-07, -0.00258292834718979
1.77497328125E-07, -0.00294649549547766
1.7749928125E-07, -0.00276831669459774
1.77501234375E-07, -0.0027806769755808
1.775031875E-07, -0.00300359438654486
1.77505140625E-07, -0.00307224385885284
1.7750709375E-07, -0.00345209853439055
1.77509046875E-07, -0.00348266943050716
1.77511E-07, -0.00332379805156607
1.77512953125E-07, -0.0034302113894627
1.7751490625E-07, -0.00334975285168138
1.77516859375E-07, -0.00339574431107204
1.775188125E-07, -0.00349780184955655
1.77520765625E-07, -0.0034813856546934
1.7752271875E-07, -0.00395486379835772
1.77524671875E-07, -0.00367158519387284
1.77526625E-07, -0.00343159845991397
1.77528578125E-07, -0.00408424721843753
1.7753053125E-07, -0.00379604053526206
1.77532484375E-07, -0.00346704105044519
1.775344375E-07, -0.00359389669033879
1.77536390625E-07, -0.00353921389334351
1.7753834375E-07, -0.00321745392362314
1.77540296875E-07, -0.00378870044785689
1.7754225E-07, -0.00415077049648827
1.77544203125E-07, -0.00369615974560198
1.7754615625E-07, -0.00440137010466544
1.77548109375E-07, -0.0042876205114931
1.775500625E-07, -0.0036167302956674
1.77552015625E-07, -0.00381002871317654
1.7755396875E-07, -0.00280398860228105
1.77555921875E-07, -0.00412456604134878
1.77557875E-07, -0.0037028559384201
1.77559828125E-07, -0.00350530795694729
1.7756178125E-07, -0.00350129461922306
1.77563734375E-07, -0.003809282008978
1.775656875E-07, -0.00291516768845283
1.77567640625E-07, -0.00304619341496819
1.7756959375E-07, -0.00304566032441517
1.77571546875E-07, -0.00378220669024795
1.775735E-07, -0.00337565938650832
1.77575453125E-07, -0.00271458760508623
1.7757740625E-07, -0.00286544803312406
1.77579359375E-07, -0.00255169494449631
1.775813125E-07, -0.00267451560169509
1.77583265625E-07, -0.00358541941724334
1.7758521875E-07, -0.00241927512948012
1.77587171875E-07, -0.0028939683461708
1.77589125E-07, -0.00277880951062515
1.77591078125E-07, -0.00270804730104484
1.7759303125E-07, -0.00254908447944674
1.77594984375E-07, -0.00255559777054264
1.775969375E-07, -0.00272553968122458
1.77598890625E-07, -0.00224935378335174
1.7760084375E-07, -0.00246787233774665
1.77602796875E-07, -0.0027861834533042
1.7760475E-07, -0.00267772674099494
1.77606703125E-07, -0.00229762446400378
1.7760865625E-07, -0.00183050814854748
1.77610609375E-07, -0.00250630713909102
1.776125625E-07, -0.00163436151688949
1.77614515625E-07, -0.00249086859528417
1.7761646875E-07, -0.00197630125852004
1.77618421875E-07, -0.00195895063997783
1.77620375E-07, -0.00219846502749961
1.77622328125E-07, -0.00133253495365228
1.7762428125E-07, -0.00139359933683265
1.77626234375E-07, -0.00152068348815747
1.776281875E-07, -0.00152743353934791
1.77630140625E-07, -0.00157991494346126
1.7763209375E-07, -0.00194237824935194
1.77634046875E-07, -0.00176596829000258


