File Format, WaveformXYValues
Format Version, 1
Instrument, N1045A,04F,LOJ
SwVersion, A.06.71.21
SerialNumber, MY56260108
Date, 11/29/2023 14:23:05 GMT+08:00

Source Name, Channel 1A

Points, 2048
Signal Type, Unspecified
Channel Bandwidth, 2E+10
Channel Noise, 6.66857143682292E-05
X Units, Second
Y Units, Volt
Data, 
1.73636E-07, -0.00111261705436343
1.73637953125E-07, -0.00132757485507613
1.7363990625E-07, -0.00111080598323841
1.73641859375E-07, -0.0012422835052621
1.736438125E-07, -0.00129471815539729
1.73645765625E-07, -0.00119612444566384
1.7364771875E-07, -0.00131545273051981
1.73649671875E-07, -0.00136369240335061
1.73651625E-07, -0.00126644619006301
1.73653578125E-07, -0.00128496535423796
1.7365553125E-07, -0.00117016603416152
1.73657484375E-07, -0.00139361859670056
1.736594375E-07, -0.00121034011073081
1.73661390625E-07, -0.00150615361708811
1.7366334375E-07, -0.00138838779019732
1.73665296875E-07, -0.00107449549875264
1.7366725E-07, -0.00166329809290957
1.73669203125E-07, -0.00153951904517246
1.7367115625E-07, -0.00128133679260486
1.73673109375E-07, -0.00151416599549341
1.736750625E-07, -0.00162986049849762
1.73677015625E-07, -0.00133416388925571
1.7367896875E-07, -0.00160341093557389
1.73680921875E-07, -0.00161187087744032
1.73682875E-07, -0.00165483698272109
1.73684828125E-07, -0.00162039466496304
1.7368678125E-07, -0.00141436960155361
1.73688734375E-07, -0.00159990330169793
1.736906875E-07, -0.00131089230304352
1.73692640625E-07, -0.00122837829476181
1.7369459375E-07, -0.00149584493092797
1.73696546875E-07, -0.00173151484902883
1.736985E-07, -0.00120327680519247
1.73700453125E-07, -0.00158935351290347
1.7370240625E-07, -0.00136381545048123
1.73704359375E-07, -0.00143881117450952
1.737063125E-07, -0.00165367895511372
1.73708265625E-07, -0.00145281558234134
1.7371021875E-07, -0.0013995159595577
1.73712171875E-07, -0.00129911008263281
1.73714125E-07, -0.00130797399352948
1.73716078125E-07, -0.0014978581037348
1.7371803125E-07, -0.00172986499625546
1.73719984375E-07, -0.00165235092364771
1.737219375E-07, -0.00158118344805296
1.73723890625E-07, -0.001673048833608
1.7372584375E-07, -0.00163514701485244
1.73727796875E-07, -0.00114365810688428
1.7372975E-07, -0.00151851307188541
1.73731703125E-07, -0.00148393128247329
1.7373365625E-07, -0.00172865422234349
1.73735609375E-07, -0.00174902985815369
1.737375625E-07, -0.00191757790649851
1.73739515625E-07, -0.00185923864756098
1.7374146875E-07, -0.00185474085061218
1.73743421875E-07, -0.00150384036535266
1.73745375E-07, -0.00156937620555521
1.73747328125E-07, -0.00194009158901866
1.7374928125E-07, -0.00139279317675728
1.73751234375E-07, -0.00181321775239753
1.737531875E-07, -0.0018663276722566
1.73755140625E-07, -0.00193132524752859
1.7375709375E-07, -0.00187271183986223
1.73759046875E-07, -0.00173748058859043
1.73761E-07, -0.00174492357294358
1.73762953125E-07, -0.00173546094410922
1.7376490625E-07, -0.00154765270382339
1.73766859375E-07, -0.00190827287805255
1.737688125E-07, -0.00156684246504441
1.73770765625E-07, -0.00172910809191541
1.7377271875E-07, -0.0018817507924821
1.73774671875E-07, -0.00189265566351735
1.73776625E-07, -0.0017890473869748
1.73778578125E-07, -0.00170376608288079
1.7378053125E-07, -0.00159513515174816
1.73782484375E-07, -0.0020787566573548
1.737844375E-07, -0.00166796405168996
1.73786390625E-07, -0.00221175779526998
1.7378834375E-07, -0.00236765644890116
1.73790296875E-07, -0.00183783846227127
1.7379225E-07, -0.00201293315795238
1.73794203125E-07, -0.00189516343860257
1.7379615625E-07, -0.00212294018037711
1.73798109375E-07, -0.00204458121395529
1.738000625E-07, -0.0021019706604768
1.73802015625E-07, -0.00194413894250351
1.7380396875E-07, -0.00192492504747042
1.73805921875E-07, -0.00233555558905133
1.73807875E-07, -0.0023369404847792
1.73809828125E-07, -0.00238616696575075
1.7381178125E-07, -0.00236559459512232
1.73813734375E-07, -0.00234547576224935
1.738156875E-07, -0.00222567618650759
1.73817640625E-07, -0.0022876453326235
1.7381959375E-07, -0.0025354085596495
1.73821546875E-07, -0.00232595859567887
1.738235E-07, -0.00261448113849399
1.73825453125E-07, -0.00257674199238106
1.7382740625E-07, -0.00303712282455632
1.73829359375E-07, -0.00248024660542995
1.738313125E-07, -0.00263650169116246
1.73833265625E-07, -0.00258415401029215
1.7383521875E-07, -0.0027709639451069
1.73837171875E-07, -0.00251272853824619
1.73839125E-07, -0.00285674477450541
1.73841078125E-07, -0.00278986425225897
1.7384303125E-07, -0.00283051281919397
1.73844984375E-07, -0.00276364006266563
1.738469375E-07, -0.00307247190643407
1.73848890625E-07, -0.00309660985376627
1.7385084375E-07, -0.0028760494845705
1.73852796875E-07, -0.00305085115172405
1.7385475E-07, -0.00295094339714404
1.73856703125E-07, -0.00344928699853058
1.7385865625E-07, -0.00339524503614478
1.73860609375E-07, -0.00329807024284463
1.738625625E-07, -0.0028787390272699
1.73864515625E-07, -0.00361001968461753
1.7386646875E-07, -0.00361377536789452
1.73868421875E-07, -0.00362515077403445
1.73870375E-07, -0.00328406073289637
1.73872328125E-07, -0.00382767275105942
1.7387428125E-07, -0.00347720901021806
1.73876234375E-07, -0.00350248679710649
1.738781875E-07, -0.00400860479622356
1.73880140625E-07, -0.00390097785842464
1.7388209375E-07, -0.00388077306905294
1.73884046875E-07, -0.00403918807047175
1.73886E-07, -0.00394529562959374
1.73887953125E-07, -0.00413754774647231
1.7388990625E-07, -0.00412832316122991
1.73891859375E-07, -0.0041107599906788
1.738938125E-07, -0.0043674640953179
1.73895765625E-07, -0.00442451270143601
1.7389771875E-07, -0.00452656763816786
1.73899671875E-07, -0.00428465643665318
1.73901625E-07, -0.00462184722555709
1.73903578125E-07, -0.00450270560576376
1.7390553125E-07, -0.0044473392672585
1.73907484375E-07, -0.00472182115252972
1.739094375E-07, -0.00464459080446981
1.73911390625E-07, -0.00509698324952537
1.7391334375E-07, -0.0047113943092512
1.73915296875E-07, -0.00515469953473369
1.7391725E-07, -0.00465724917222905
1.73919203125E-07, -0.00504729640954059
1.7392115625E-07, -0.00504210205334972
1.73923109375E-07, -0.00527732729124871
1.739250625E-07, -0.00542914662249113
1.73927015625E-07, -0.00511850820079848
1.7392896875E-07, -0.00539342519628749
1.73930921875E-07, -0.00522917640148174
1.73932875E-07, -0.00562689528593227
1.73934828125E-07, -0.00547734645564949
1.7393678125E-07, -0.00547896100026534
1.73938734375E-07, -0.00550211575229739
1.739406875E-07, -0.00566757466620195
1.73942640625E-07, -0.00558520310845186
1.7394459375E-07, -0.00509294544637367
1.73946546875E-07, -0.00541364713655801
1.739485E-07, -0.00566384789512898
1.73950453125E-07, -0.00571354882857464
1.7395240625E-07, -0.00573233632946876
1.73954359375E-07, -0.00564384428454249
1.739563125E-07, -0.00592437354132045
1.73958265625E-07, -0.00562396268803005
1.7396021875E-07, -0.00571321761164304
1.73962171875E-07, -0.00544439564383742
1.73964125E-07, -0.00540736820984566
1.73966078125E-07, -0.00525005356181928
1.7396803125E-07, -0.00563316293387531
1.73969984375E-07, -0.00544691288611577
1.739719375E-07, -0.00560686500496331
1.73973890625E-07, -0.0052876083760909
1.7397584375E-07, -0.00504787560902755
1.73977796875E-07, -0.0054989792321545
1.7397975E-07, -0.0052684492626266
1.73981703125E-07, -0.00520957367228758
1.7398365625E-07, -0.00485762809164931
1.73985609375E-07, -0.00505091175730871
1.739875625E-07, -0.00514414134101996
1.73989515625E-07, -0.00475322030551781
1.7399146875E-07, -0.00462083049063746
1.73993421875E-07, -0.0044763406321884
1.73995375E-07, -0.00405994863984051
1.73997328125E-07, -0.00337607482868492
1.7399928125E-07, -0.0044315595918141
1.74001234375E-07, -0.00375516341864044
1.740031875E-07, -0.00366983879027918
1.74005140625E-07, -0.00327351772674264
1.7400709375E-07, -0.00346151347370782
1.74009046875E-07, -0.00366086460302515
1.74011E-07, -0.0031521543399046
1.74012953125E-07, -0.00353632159821628
1.7401490625E-07, -0.00313315488007787
1.74016859375E-07, -0.00221081021377162
1.740188125E-07, -0.00330633920918721
1.74020765625E-07, -0.00060782667474499
1.7402271875E-07, -0.00257426850486696
1.74024671875E-07, -0.00162151444421845
1.74026625E-07, -0.00165999401139139
1.74028578125E-07, -0.00163560130556507
1.7403053125E-07, -0.000967320009854834
1.74032484375E-07, 0.000209926665855234
1.740344375E-07, -0.00036799876288511
1.74036390625E-07, -0.000639309288573796
1.7403834375E-07, 0.00208404326820448
1.74040296875E-07, 0.000217983066696882
1.7404225E-07, -0.000178392685815378
1.74044203125E-07, 0.00118001819846344
1.7404615625E-07, 0.0010872909815938
1.74048109375E-07, 0.00111967668579934
1.740500625E-07, 0.00135022427202759
1.74052015625E-07, 0.00291813085291247
1.7405396875E-07, 0.00300454294325734
1.74055921875E-07, 0.00326109836783412
1.74057875E-07, 0.00319755477065009
1.74059828125E-07, 0.00537200445868913
1.7406178125E-07, 0.00402856681018217
1.74063734375E-07, 0.00465124679609464
1.740656875E-07, 0.00699722516195357
1.74067640625E-07, 0.00497959252623264
1.7406959375E-07, 0.00527614168677036
1.74071546875E-07, 0.00508250051117129
1.740735E-07, 0.00722357447548926
1.74075453125E-07, 0.0086661054625608
1.7407740625E-07, 0.00701588764514888
1.74079359375E-07, 0.0068200324821548
1.740813125E-07, 0.0100152501480264
1.74083265625E-07, 0.00924136867993654
1.7408521875E-07, 0.0098763812104533
1.74087171875E-07, 0.0111469445802317
1.74089125E-07, 0.011149040414342
1.74091078125E-07, 0.0118903036777052
1.7409303125E-07, 0.0094596281393011
1.74094984375E-07, 0.0123198914645962
1.740969375E-07, 0.0119011521502109
1.74098890625E-07, 0.0140578895428682
1.7410084375E-07, 0.0145381026205297
1.74102796875E-07, 0.0136160193003783
1.7410475E-07, 0.0130239051252577
1.74106703125E-07, 0.0161101902286215
1.7410865625E-07, 0.015485656125652
1.74110609375E-07, 0.0158284909590662
1.741125625E-07, 0.0172952463850864
1.74114515625E-07, 0.0164493416423608
1.7411646875E-07, 0.0174561947868337
1.74118421875E-07, 0.0180365402862225
1.74120375E-07, 0.018078479059525
1.74122328125E-07, 0.021693625770278
1.7412428125E-07, 0.0208667778411645
1.74126234375E-07, 0.021304294813958
1.741281875E-07, 0.02257964600514
1.74130140625E-07, 0.020796970078545
1.7413209375E-07, 0.0228633077475261
1.74134046875E-07, 0.0236410187986275
1.74136E-07, 0.0237712962884818
1.74137953125E-07, 0.0229179623562231
1.7413990625E-07, 0.0248912874703549
1.74141859375E-07, 0.0259364584837769
1.741438125E-07, 0.0255316689547097
1.74145765625E-07, 0.0284989862801301
1.7414771875E-07, 0.0269629867477925
1.74149671875E-07, 0.0251336904803826
1.74151625E-07, 0.0286536160911197
1.74153578125E-07, 0.0291883793169575
1.7415553125E-07, 0.0298537818434837
1.74157484375E-07, 0.0288127932105783
1.741594375E-07, 0.0305978546864408
1.74161390625E-07, 0.0302574695815259
1.7416334375E-07, 0.0295757951514005
1.74165296875E-07, 0.0319429357156994
1.7416725E-07, 0.0322492495429313
1.74169203125E-07, 0.0322284124828073
1.7417115625E-07, 0.0306343941813301
1.74173109375E-07, 0.0321663131381582
1.741750625E-07, 0.0328402097669351
1.74177015625E-07, 0.0321531559546742
1.7417896875E-07, 0.0337680260191206
1.74180921875E-07, 0.0340836020247778
1.74182875E-07, 0.0340936087081428
1.74184828125E-07, 0.0294542816809968
1.7418678125E-07, 0.0345652042412645
1.74188734375E-07, 0.0331801462974295
1.741906875E-07, 0.0326140699991739
1.74192640625E-07, 0.0339959548862574
1.7419459375E-07, 0.0342601559152807
1.74196546875E-07, 0.0311653205058582
1.741985E-07, 0.0332376345590558
1.74200453125E-07, 0.0350274080929011
1.7420240625E-07, 0.0344447553022658
1.74204359375E-07, 0.0321501240056483
1.742063125E-07, 0.0339584326414803
1.74208265625E-07, 0.0338518443789739
1.7421021875E-07, 0.03192827422636
1.74212171875E-07, 0.0332356656506587
1.74214125E-07, 0.0325210313584062
1.74216078125E-07, 0.0323661561873825
1.7421803125E-07, 0.0294566653890182
1.74219984375E-07, 0.0322614385248446
1.742219375E-07, 0.0320966784329323
1.74223890625E-07, 0.0320358927995284
1.7422584375E-07, 0.0299422547104397
1.74227796875E-07, 0.0291612431162608
1.7422975E-07, 0.0275552469908377
1.74231703125E-07, 0.027737081666026
1.7423365625E-07, 0.0274399778680913
1.74235609375E-07, 0.0283334073209438
1.742375625E-07, 0.0258626505045948
1.74239515625E-07, 0.027244407069127
1.7424146875E-07, 0.0213752742004604
1.74243421875E-07, 0.0215377790790749
1.74245375E-07, 0.0229286175658756
1.74247328125E-07, 0.0231059344233717
1.7424928125E-07, 0.0166743558297019
1.74251234375E-07, 0.0199871325022385
1.742531875E-07, 0.0187832285851185
1.74255140625E-07, 0.0186864174400899
1.7425709375E-07, 0.019575248600532
1.74259046875E-07, 0.0106265176553001
1.74261E-07, 0.0122788990440751
1.74262953125E-07, 0.0140624301341535
1.7426490625E-07, 0.0122550022000171
1.74266859375E-07, 0.0141663205717144
1.742688125E-07, 0.00742266447803558
1.74270765625E-07, 0.00601006102300183
1.7427271875E-07, 0.00775444231909072
1.74274671875E-07, -0.00125020373203624
1.74276625E-07, 0.00235180770502496
1.74278578125E-07, -0.00466850900522983
1.7428053125E-07, -0.00110537939835957
1.74282484375E-07, -0.00487986961406661
1.742844375E-07, -0.00656133137384572
1.74286390625E-07, -0.00785711328459703
1.7428834375E-07, -0.00830192541957267
1.74290296875E-07, -0.0131175288043955
1.7429225E-07, -0.0180642040398586
1.74294203125E-07, -0.0183754910530406
1.7429615625E-07, -0.0174962224455035
1.74298109375E-07, -0.0168915135197234
1.743000625E-07, -0.0145551029967242
1.74302015625E-07, -0.0233230372697257
1.7430396875E-07, -0.0249438344156574
1.74305921875E-07, -0.0292517896427773
1.74307875E-07, -0.0292508297831475
1.74309828125E-07, -0.0233779033330664
1.7431178125E-07, -0.0316683462169352
1.74313734375E-07, -0.0353647436140922
1.743156875E-07, -0.0357581355739955
1.74317640625E-07, -0.0364575205225825
1.7431959375E-07, -0.03875614842184
1.74321546875E-07, -0.04155903348663
1.743235E-07, -0.0493017111688668
1.74325453125E-07, -0.0504243371785579
1.7432740625E-07, -0.0565979940883156
1.74329359375E-07, -0.0548148544854221
1.743313125E-07, -0.0546433685626196
1.74333265625E-07, -0.0572225128933191
1.7433521875E-07, -0.0535918260920842
1.74337171875E-07, -0.0661762670129475
1.74339125E-07, -0.06261339810688
1.74341078125E-07, -0.0716363739943456
1.7434303125E-07, -0.0699404787435056
1.74344984375E-07, -0.0703038569656872
1.743469375E-07, -0.0800262174416644
1.74348890625E-07, -0.0773605989705732
1.7435084375E-07, -0.0821607453997252
1.74352796875E-07, -0.0815482727800198
1.7435475E-07, -0.0856859711495706
1.74356703125E-07, -0.0816158860614759
1.7435865625E-07, -0.0896728824673552
1.74360609375E-07, -0.0892242910046845
1.743625625E-07, -0.0902950088670994
1.74364515625E-07, -0.0967403952331672
1.7436646875E-07, -0.0975247295602035
1.74368421875E-07, -0.0910370077083917
1.74370375E-07, -0.0992768247359262
1.74372328125E-07, -0.101332297515513
1.7437428125E-07, -0.106461763419184
1.74376234375E-07, -0.110924959017705
1.743781875E-07, -0.103224132333654
1.74380140625E-07, -0.108093742810019
1.7438209375E-07, -0.11144765892025
1.74384046875E-07, -0.11009826456523
1.74386E-07, -0.115171846818526
1.74387953125E-07, -0.118117765623381
1.7438990625E-07, -0.114715586502374
1.74391859375E-07, -0.116602925117917
1.743938125E-07, -0.105899389727933
1.74395765625E-07, -0.113960755081714
1.7439771875E-07, -0.122125340394799
1.74399671875E-07, -0.117239254268039
1.74401625E-07, -0.120448405813773
1.74403578125E-07, -0.118386153010841
1.7440553125E-07, -0.122828267208145
1.74407484375E-07, -0.110757279034116
1.744094375E-07, -0.112625967844219
1.74411390625E-07, -0.122438110383877
1.7441334375E-07, -0.119784289668761
1.74415296875E-07, -0.121830991577879
1.7441725E-07, -0.120107179218917
1.74419203125E-07, -0.112337540094945
1.7442115625E-07, -0.11842888792233
1.74423109375E-07, -0.115882501391131
1.744250625E-07, -0.109147063584554
1.74427015625E-07, -0.111642430108133
1.7442896875E-07, -0.113844339771698
1.74430921875E-07, -0.112941460623786
1.74432875E-07, -0.100446549289527
1.74434828125E-07, -0.109329090827714
1.7443678125E-07, -0.104194280070875
1.74438734375E-07, -0.106751893919076
1.744406875E-07, -0.103112654621606
1.74442640625E-07, -0.0937879487056691
1.7444459375E-07, -0.0950420124608082
1.74446546875E-07, -0.0906039191320189
1.744485E-07, -0.0752387370008111
1.74450453125E-07, -0.0805030426838239
1.7445240625E-07, -0.080644850863846
1.74454359375E-07, -0.0668413022908307
1.744563125E-07, -0.0702070399216931
1.74458265625E-07, -0.0737783631421772
1.7446021875E-07, -0.0761223895834122
1.74462171875E-07, -0.0647164731214378
1.74464125E-07, -0.0605386232674917
1.74466078125E-07, -0.0358805708525388
1.7446803125E-07, -0.051257139639521
1.74469984375E-07, -0.0541218085540024
1.744719375E-07, -0.0380162720682932
1.74473890625E-07, -0.0433638670658719
1.7447584375E-07, -0.0401902593387824
1.74477796875E-07, -0.0237622888428164
1.7447975E-07, -0.0285376820929209
1.74481703125E-07, -0.0175414009960077
1.7448365625E-07, -0.0198169418204187
1.74485609375E-07, -0.00953415000522287
1.744875625E-07, 0.000509690920387601
1.74489515625E-07, 0.00625340315562774
1.7449146875E-07, 0.00747565307330535
1.74493421875E-07, 0.00426776759659944
1.74495375E-07, 0.00947984837389894
1.74497328125E-07, 0.0194716376243597
1.7449928125E-07, 0.00816807164672164
1.74501234375E-07, 0.0203528176500933
1.745031875E-07, 0.018205895794245
1.74505140625E-07, 0.0427410927830817
1.7450709375E-07, 0.0372847902482909
1.74509046875E-07, 0.0384200947524812
1.74511E-07, 0.0404877504366987
1.74512953125E-07, 0.0454218205916007
1.7451490625E-07, 0.0412682372483402
1.74516859375E-07, 0.0550967313926777
1.745188125E-07, 0.0594607463958345
1.74520765625E-07, 0.0446858229086311
1.7452271875E-07, 0.0665097560932641
1.74524671875E-07, 0.0714554782139006
1.74526625E-07, 0.0512550836834362
1.74528578125E-07, 0.0747454154512082
1.7453053125E-07, 0.0608766741818862
1.74532484375E-07, 0.0794211753224359
1.745344375E-07, 0.0806344149233732
1.74536390625E-07, 0.0786437341598135
1.7453834375E-07, 0.0796175264862683
1.74540296875E-07, 0.0812932203441952
1.7454225E-07, 0.074176676706793
1.74544203125E-07, 0.089063002394966
1.7454615625E-07, 0.0937502651186918
1.74548109375E-07, 0.0968148214421621
1.745500625E-07, 0.0959978228405383
1.74552015625E-07, 0.0931134433073168
1.7455396875E-07, 0.0951063291943766
1.74555921875E-07, 0.0921448989516793
1.74557875E-07, 0.101029549939438
1.74559828125E-07, 0.0974278013662992
1.7456178125E-07, 0.0969839413374414
1.74563734375E-07, 0.0890731725255163
1.745656875E-07, 0.100529063144429
1.74567640625E-07, 0.0978525415436531
1.7456959375E-07, 0.0989939846822811
1.74571546875E-07, 0.100298462318223
1.745735E-07, 0.0968553076111543
1.74575453125E-07, 0.0983395276977334
1.7457740625E-07, 0.0936604622353432
1.74579359375E-07, 0.0973815205743468
1.745813125E-07, 0.0970172512529044
1.74583265625E-07, 0.0899048414530046
1.7458521875E-07, 0.0890073849160586
1.74587171875E-07, 0.091235589373247
1.74589125E-07, 0.0890482567363868
1.74591078125E-07, 0.0891499526988965
1.7459303125E-07, 0.0894728636486342
1.74594984375E-07, 0.0882490182314086
1.745969375E-07, 0.0833655111437529
1.74598890625E-07, 0.0790303639466995
1.7460084375E-07, 0.0804088058660723
1.74602796875E-07, 0.0734525440071987
1.7460475E-07, 0.0754551076746229
1.74606703125E-07, 0.0728300677669258
1.7460865625E-07, 0.0736781521140511
1.74610609375E-07, 0.0739452092480089
1.746125625E-07, 0.0687323422668249
1.74614515625E-07, 0.0656029033038816
1.7461646875E-07, 0.0647659106865042
1.74618421875E-07, 0.06272140182054
1.74620375E-07, 0.060423755659994
1.74622328125E-07, 0.0543129355178693
1.7462428125E-07, 0.0555756440567678
1.74626234375E-07, 0.052777578571433
1.746281875E-07, 0.0515495471604984
1.74630140625E-07, 0.0497997636908587
1.7463209375E-07, 0.0504624957901577
1.74634046875E-07, 0.0422766305547419
1.74636E-07, 0.0422006852281213
1.74637953125E-07, 0.041723994985626
1.7463990625E-07, 0.0420489295905946
1.74641859375E-07, 0.0402574092401155
1.746438125E-07, 0.0422270891591334
1.74645765625E-07, 0.0364511238311999
1.7464771875E-07, 0.0341317546878922
1.74649671875E-07, 0.0362116578477193
1.74651625E-07, 0.0320699147046782
1.74653578125E-07, 0.0326204139278257
1.7465553125E-07, 0.033644024030674
1.74657484375E-07, 0.0344795508896457
1.746594375E-07, 0.0277235852929491
1.74661390625E-07, 0.0259680455000941
1.7466334375E-07, 0.0276717510260556
1.74665296875E-07, 0.027687934460504
1.7466725E-07, 0.0280596391207669
1.74669203125E-07, 0.0239394057011847
1.7467115625E-07, 0.0210216945632191
1.74673109375E-07, 0.0223770048900491
1.746750625E-07, 0.021772339655046
1.74677015625E-07, 0.0240864146363078
1.7467896875E-07, 0.0216613399918763
1.74680921875E-07, 0.01916508646957
1.74682875E-07, 0.0187985839861822
1.74684828125E-07, 0.0217339861192718
1.7468678125E-07, 0.0188821996698555
1.74688734375E-07, 0.0171265649070835
1.746906875E-07, 0.0192654795201804
1.74692640625E-07, 0.0193650869078702
1.7469459375E-07, 0.0204318609997505
1.74696546875E-07, 0.0230212930902641
1.746985E-07, 0.0181052988593769
1.74700453125E-07, 0.0200916900365394
1.7470240625E-07, 0.0197252175576708
1.74704359375E-07, 0.0203964732416208
1.747063125E-07, 0.0187192858199981
1.74708265625E-07, 0.0196721886229155
1.7471021875E-07, 0.0192677769189708
1.74712171875E-07, 0.0192479128196252
1.74714125E-07, 0.0189154847815194
1.74716078125E-07, 0.0207053993731301
1.7471803125E-07, 0.0195437018756671
1.74719984375E-07, 0.0194450689758964
1.747219375E-07, 0.0188473552411446
1.74723890625E-07, 0.0188137256013173
1.7472584375E-07, 0.0198285085889159
1.74727796875E-07, 0.0200264560533888
1.7472975E-07, 0.0195215773743825
1.74731703125E-07, 0.0201060596014123
1.7473365625E-07, 0.0188941921946343
1.74735609375E-07, 0.0194614949048206
1.747375625E-07, 0.0191589598782239
1.74739515625E-07, 0.0185894839607279
1.7474146875E-07, 0.019097608495495
1.74743421875E-07, 0.018719037000539
1.74745375E-07, 0.0183805922664101
1.74747328125E-07, 0.0179463248029957
1.7474928125E-07, 0.0168404820813262
1.74751234375E-07, 0.0176821716027332
1.747531875E-07, 0.0162618674118404
1.74755140625E-07, 0.0167029084698558
1.7475709375E-07, 0.0167670778606595
1.74759046875E-07, 0.016177992741338
1.74761E-07, 0.015714489421961
1.74762953125E-07, 0.0145849883559215
1.7476490625E-07, 0.0139791251631726
1.74766859375E-07, 0.0133315580021756
1.747688125E-07, 0.0130991110061824
1.74770765625E-07, 0.0132648794981629
1.7477271875E-07, 0.0124001989786306
1.74774671875E-07, 0.0121349185997046
1.74776625E-07, 0.011178115481057
1.74778578125E-07, 0.010994925854048
1.7478053125E-07, 0.0109968396566024
1.74782484375E-07, 0.00924457414932768
1.747844375E-07, 0.0109653281434374
1.74786390625E-07, 0.00817991745545725
1.7478834375E-07, 0.00638068306828128
1.74790296875E-07, 0.00780766970586431
1.7479225E-07, 0.00705260277718528
1.74794203125E-07, 0.00627121687512524
1.7479615625E-07, 0.00501515243917638
1.74798109375E-07, 0.00382445962546083
1.748000625E-07, 0.00491016498434955
1.74802015625E-07, 0.00165128235200827
1.7480396875E-07, 0.00259318562545231
1.74805921875E-07, 0.00109633593717427
1.74807875E-07, 0.00114480882277679
1.74809828125E-07, -0.000451077450717898
1.7481178125E-07, -0.000220284986348173
1.74813734375E-07, -0.000299454727662965
1.748156875E-07, -0.00108423038891689
1.74817640625E-07, -0.000479249268894479
1.7481959375E-07, -0.00217632511189329
1.74821546875E-07, -0.000866319630629947
1.748235E-07, -0.00297546672182109
1.74825453125E-07, -0.00437902713184492
1.7482740625E-07, -0.00437011069849293
1.74829359375E-07, -0.00484026499615957
1.748313125E-07, -0.00516274756001094
1.74833265625E-07, -0.00572302042066617
1.7483521875E-07, -0.00643402666672965
1.74837171875E-07, -0.00641484380087112
1.74839125E-07, -0.00422517714509829
1.74841078125E-07, -0.0073174005018457
1.7484303125E-07, -0.0068093442029912
1.74844984375E-07, -0.00830194912485822
1.748469375E-07, -0.00802871014425493
1.74848890625E-07, -0.00798689745765938
1.7485084375E-07, -0.00775480796737618
1.74852796875E-07, -0.00859581244662302
1.7485475E-07, -0.00880259952336218
1.74856703125E-07, -0.00787296146444557
1.7485865625E-07, -0.00889891802807362
1.74860609375E-07, -0.00813947578660616
1.748625625E-07, -0.00862320491966791
1.74864515625E-07, -0.00873384894190165
1.7486646875E-07, -0.00804732395522076
1.74868421875E-07, -0.00841672452343269
1.74870375E-07, -0.00823981301339486
1.74872328125E-07, -0.00859020255663649
1.7487428125E-07, -0.0081147629667645
1.74876234375E-07, -0.00712863663274509
1.748781875E-07, -0.00761543997541908
1.74880140625E-07, -0.00745734704630695
1.7488209375E-07, -0.00817541562999441
1.74884046875E-07, -0.00757913713824952
1.74886E-07, -0.00722719943022693
1.74887953125E-07, -0.00684585165934465
1.7488990625E-07, -0.00594258289788554
1.74891859375E-07, -0.00639152935352582
1.748938125E-07, -0.00663582143912682
1.74895765625E-07, -0.00598856276854433
1.7489771875E-07, -0.00614307328468642
1.74899671875E-07, -0.00534583022890679
1.74901625E-07, -0.00512454500924398
1.74903578125E-07, -0.00457185215008563
1.7490553125E-07, -0.00480397363930532
1.74907484375E-07, -0.00315780626526532
1.749094375E-07, -0.0040930012793964
1.74911390625E-07, -0.00416927861266685
1.7491334375E-07, -0.00322440478610042
1.74915296875E-07, -0.00306030282024567
1.7491725E-07, -0.00314968639755079
1.74919203125E-07, -0.00265101232373297
1.7492115625E-07, -0.00270871956433396
1.74923109375E-07, -0.00240469706407987
1.749250625E-07, -0.000287971436389862
1.74927015625E-07, -0.00121167140054928
1.7492896875E-07, -0.000647233981148758
1.74930921875E-07, -0.00114613624529479
1.74932875E-07, -0.000538523948235332
1.74934828125E-07, -0.000326468846316285
1.7493678125E-07, -0.000447018391493714
1.74938734375E-07, -0.000319262417339035
1.749406875E-07, -0.000321150388998703
1.74942640625E-07, 0.000207984239367707
1.7494459375E-07, 0.00057496141360099
1.74946546875E-07, -8.50340773261718E-05
1.749485E-07, 0.000692612911778464
1.74950453125E-07, 0.000272942634729179
1.7495240625E-07, 0.00107138136606746
1.74954359375E-07, 0.000811216426104316
1.749563125E-07, 0.000890570781575318
1.74958265625E-07, 0.00113013162953592
1.7496021875E-07, 0.00140252002733052
1.74962171875E-07, 0.00119282557047911
1.74964125E-07, 0.00156279443015721
1.74966078125E-07, 0.000666878652599415
1.7496803125E-07, 0.00166594292524705
1.74969984375E-07, 0.00164220708286426
1.749719375E-07, 0.00147254767398545
1.74973890625E-07, 0.00172571474308933
1.7497584375E-07, 0.0019179042238916
1.74977796875E-07, 0.0012565958811976
1.7497975E-07, 0.00104704183882944
1.74981703125E-07, 0.00137701295096045
1.7498365625E-07, 0.00173941582517308
1.74985609375E-07, 0.00122180572031944
1.749875625E-07, 0.00100044281112117
1.74989515625E-07, 0.00121347194571655
1.7499146875E-07, 0.00128188965462437
1.74993421875E-07, 0.00138265671715304
1.74995375E-07, 0.00100583337930596
1.74997328125E-07, 0.00126836432979356
1.7499928125E-07, 0.000566010939635886
1.75001234375E-07, 0.000909923310006931
1.750031875E-07, 0.000548930748160257
1.75005140625E-07, 9.33729483984195E-05
1.7500709375E-07, 0.000321235413821442
1.75009046875E-07, 3.58493429682655E-05
1.75011E-07, -0.000437861104839678
1.75012953125E-07, -0.000985982133263235
1.7501490625E-07, -0.00179105792119969
1.75016859375E-07, -0.000456189610584855
1.750188125E-07, -0.00153963995793625
1.75020765625E-07, -0.00191872382679662
1.7502271875E-07, -0.00246122512943685
1.75024671875E-07, -0.00146857712593933
1.75026625E-07, -0.00304260762599894
1.75028578125E-07, -0.0021212085381797
1.7503053125E-07, -0.00387852582449129
1.75032484375E-07, -0.00313828617607391
1.750344375E-07, -0.00451829570742293
1.75036390625E-07, -0.00346662690324927
1.7503834375E-07, -0.00446748549618411
1.75040296875E-07, -0.00495052555245621
1.7504225E-07, -0.00556207825002395
1.75044203125E-07, -0.00516926261113782
1.7504615625E-07, -0.00673055279546992
1.75048109375E-07, -0.00598238458248844
1.750500625E-07, -0.00728140903583262
1.75052015625E-07, -0.00721307096419438
1.7505396875E-07, -0.00704416854287682
1.75055921875E-07, -0.00929611358279363
1.75057875E-07, -0.00890610844261334
1.75059828125E-07, -0.00997809443143854
1.7506178125E-07, -0.00899581129906153
1.75063734375E-07, -0.00949724544611479
1.750656875E-07, -0.00989351038878099
1.75067640625E-07, -0.0113903627368033
1.7506959375E-07, -0.0109337529481217
1.75071546875E-07, -0.0114101484040361
1.750735E-07, -0.0109417778614894
1.75075453125E-07, -0.0141409788403757
1.7507740625E-07, -0.013237043622288
1.75079359375E-07, -0.0143058747032584
1.750813125E-07, -0.012790094573685
1.75083265625E-07, -0.0143543273909118
1.7508521875E-07, -0.014305238487408
1.75087171875E-07, -0.0156426551277758
1.75089125E-07, -0.0163206840918668
1.75091078125E-07, -0.0167014825940695
1.7509303125E-07, -0.0166647799902098
1.75094984375E-07, -0.016428225786652
1.750969375E-07, -0.0176438842258335
1.75098890625E-07, -0.0197310225127079
1.7510084375E-07, -0.0182764432874331
1.75102796875E-07, -0.0201620036510391
1.7510475E-07, -0.0189180783957966
1.75106703125E-07, -0.020345462093407
1.7510865625E-07, -0.0215877667117783
1.75110609375E-07, -0.0212601800843005
1.751125625E-07, -0.0223035726566212
1.75114515625E-07, -0.0222189083829542
1.7511646875E-07, -0.0228411830985606
1.75118421875E-07, -0.0244011738599101
1.75120375E-07, -0.0247617209571189
1.75122328125E-07, -0.0264716624433279
1.7512428125E-07, -0.0263633909224483
1.75126234375E-07, -0.0259653528828217
1.751281875E-07, -0.026222291687231
1.75130140625E-07, -0.027916724481709
1.7513209375E-07, -0.0276322868055433
1.75134046875E-07, -0.0270820908960423
1.75136E-07, -0.0271728567151391
1.75137953125E-07, -0.0294511857198553
1.7513990625E-07, -0.0283377611102458
1.75141859375E-07, -0.0289443311252119
1.751438125E-07, -0.0293842254609691
1.75145765625E-07, -0.0288598659054644
1.7514771875E-07, -0.0291681310919722
1.75149671875E-07, -0.0295248610304812
1.75151625E-07, -0.0308425954516584
1.75153578125E-07, -0.0309861039315031
1.7515553125E-07, -0.0313909539223165
1.75157484375E-07, -0.0316114292806629
1.751594375E-07, -0.0318435698371759
1.75161390625E-07, -0.0305008692167936
1.7516334375E-07, -0.0316534834247946
1.75165296875E-07, -0.0320554308421906
1.7516725E-07, -0.0315881585900765
1.75169203125E-07, -0.0319664132273496
1.7517115625E-07, -0.0319093536306042
1.75173109375E-07, -0.0321010403371808
1.751750625E-07, -0.0308455239924088
1.75177015625E-07, -0.0315458589077947
1.7517896875E-07, -0.0319923864583126
1.75180921875E-07, -0.0313328009385487
1.75182875E-07, -0.0320238463193526
1.75184828125E-07, -0.0312447229370342
1.7518678125E-07, -0.0320103006256678
1.75188734375E-07, -0.0314251025214887
1.751906875E-07, -0.0311433275705785
1.75192640625E-07, -0.0314282232928509
1.7519459375E-07, -0.0319965639616747
1.75196546875E-07, -0.0313354742304831
1.751985E-07, -0.0314151663499651
1.75200453125E-07, -0.0312472503784739
1.7520240625E-07, -0.030575200260129
1.75204359375E-07, -0.0306071844340518
1.752063125E-07, -0.0308079291418343
1.75208265625E-07, -0.0298658963858094
1.7521021875E-07, -0.0300042873726478
1.75212171875E-07, -0.0294506795534005
1.75214125E-07, -0.0303404647858555
1.75216078125E-07, -0.0292618571963942
1.7521803125E-07, -0.0288048921202673
1.75219984375E-07, -0.0282723108422314
1.752219375E-07, -0.0280154711632781
1.75223890625E-07, -0.0285211922832644
1.7522584375E-07, -0.0267445116150048
1.75227796875E-07, -0.0275702663599262
1.7522975E-07, -0.0267734833875325
1.75231703125E-07, -0.0271335482239901
1.7523365625E-07, -0.0263386467487545
1.75235609375E-07, -0.0254194664502701
1.752375625E-07, -0.0262767149638471
1.75239515625E-07, -0.0255727247766325
1.7524146875E-07, -0.0254688599051193
1.75243421875E-07, -0.0253608393300503
1.75245375E-07, -0.0241327653787157
1.75247328125E-07, -0.0245144612804284
1.7524928125E-07, -0.0243994018532405
1.75251234375E-07, -0.0230778104705557
1.752531875E-07, -0.0229672869681252
1.75255140625E-07, -0.023278825967215
1.7525709375E-07, -0.0228976618686418
1.75259046875E-07, -0.0226390477135879
1.75261E-07, -0.0229711740138719
1.75262953125E-07, -0.0204991599582293
1.7526490625E-07, -0.0211635294509623
1.75266859375E-07, -0.0219619776325899
1.752688125E-07, -0.0209325182889727
1.75270765625E-07, -0.0190689455629362
1.7527271875E-07, -0.0198813995432726
1.75274671875E-07, -0.0204408082126478
1.75276625E-07, -0.0181889424642933
1.75278578125E-07, -0.0189542985056964
1.7528053125E-07, -0.0171398787505537
1.75282484375E-07, -0.0177278750555221
1.752844375E-07, -0.0162232289369321
1.75286390625E-07, -0.017640101965734
1.7528834375E-07, -0.0184874333091976
1.75290296875E-07, -0.0169409647897318
1.7529225E-07, -0.0162487275453575
1.75294203125E-07, -0.0145596885544558
1.7529615625E-07, -0.0149396551252356
1.75298109375E-07, -0.0131662134771208
1.753000625E-07, -0.0138060907209901
1.75302015625E-07, -0.0133091733505115
1.7530396875E-07, -0.0138651401427113
1.75305921875E-07, -0.0135342744457009
1.75307875E-07, -0.0142174018242515
1.75309828125E-07, -0.0120035039870137
1.7531178125E-07, -0.0120844525636631
1.75313734375E-07, -0.0117431406723855
1.753156875E-07, -0.0104704979358723
1.75317640625E-07, -0.0116061781831333
1.7531959375E-07, -0.0108082372279507
1.75321546875E-07, -0.0106655845082525
1.753235E-07, -0.00928594387894837
1.75325453125E-07, -0.00911287664256851
1.7532740625E-07, -0.00797359519796388
1.75329359375E-07, -0.007345091105361
1.753313125E-07, -0.00720841493345883
1.75333265625E-07, -0.00701434670390614
1.7533521875E-07, -0.00960655063930902
1.75337171875E-07, -0.00539483886945032
1.75339125E-07, -0.00569275167265813
1.75341078125E-07, -0.0065793576149276
1.7534303125E-07, -0.00544877571675248
1.75344984375E-07, -0.00426832520797964
1.753469375E-07, -0.006071628007757
1.75348890625E-07, -0.00600860518203436
1.7535084375E-07, -0.00377732115405657
1.75352796875E-07, -0.00242111544427641
1.7535475E-07, -0.00318702149883838
1.75356703125E-07, -0.00293559912314933
1.7535865625E-07, -0.003765534323464
1.75360609375E-07, -0.0021975285419655
1.753625625E-07, -0.00200402820272023
1.75364515625E-07, -0.00118909650395787
1.7536646875E-07, -0.0011060414651775
1.75368421875E-07, -0.00248103875432817
1.75370375E-07, -0.000126717730354924
1.75372328125E-07, 0.000371003282955267
1.7537428125E-07, -0.000186073625848614
1.75376234375E-07, -0.000160223078617393
1.753781875E-07, 0.000776186904576909
1.75380140625E-07, 0.000977455458716186
1.7538209375E-07, 0.000827579620697422
1.75384046875E-07, 0.00130766482257783
1.75386E-07, 0.000971929543291329
1.75387953125E-07, 0.00130162432621801
1.7538990625E-07, 0.00170910041627841
1.75391859375E-07, 0.00231553915832104
1.753938125E-07, 0.00265688530211073
1.75395765625E-07, 0.00236375065058493
1.7539771875E-07, 0.0028551673052301
1.75399671875E-07, 0.0032093976223529
1.75401625E-07, 0.00203454073585407
1.75403578125E-07, 0.00295679742296341
1.7540553125E-07, 0.00369286405485955
1.75407484375E-07, 0.00352732138638361
1.754094375E-07, 0.00338778025705209
1.75411390625E-07, 0.00363524378554302
1.7541334375E-07, 0.00433354936183467
1.75415296875E-07, 0.00377633463526335
1.7541725E-07, 0.00414735009369947
1.75419203125E-07, 0.00444554810419299
1.7542115625E-07, 0.0039293974205604
1.75423109375E-07, 0.0057905143797217
1.754250625E-07, 0.0046007093870991
1.75427015625E-07, 0.00494368402876165
1.7542896875E-07, 0.00566773378759155
1.75430921875E-07, 0.00530192800455183
1.75432875E-07, 0.0051644962742807
1.75434828125E-07, 0.00639146367134957
1.7543678125E-07, 0.0059923059040105
1.75438734375E-07, 0.00614622729227238
1.754406875E-07, 0.0058828140070087
1.75442640625E-07, 0.00691006205307414
1.7544459375E-07, 0.00607793194758289
1.75446546875E-07, 0.00678957450580201
1.754485E-07, 0.00641576669647211
1.75450453125E-07, 0.00717835719743218
1.7545240625E-07, 0.0082762136649363
1.75454359375E-07, 0.00779829713049291
1.754563125E-07, 0.00727190017798383
1.75458265625E-07, 0.00775743520654467
1.7546021875E-07, 0.0081298566153585
1.75462171875E-07, 0.00842468551095173
1.75464125E-07, 0.00864079673225214
1.75466078125E-07, 0.00881044044953102
1.7546803125E-07, 0.00942575689484213
1.75469984375E-07, 0.00968308551677534
1.754719375E-07, 0.00945524014280217
1.75473890625E-07, 0.0101457475249177
1.7547584375E-07, 0.0100260508145006
1.75477796875E-07, 0.0103827976145723
1.7547975E-07, 0.0107278268878396
1.75481703125E-07, 0.0105833526782604
1.7548365625E-07, 0.0106149796486099
1.75485609375E-07, 0.011040118884602
1.754875625E-07, 0.0112283346022372
1.75489515625E-07, 0.0110039758218613
1.7549146875E-07, 0.0121446186606145
1.75493421875E-07, 0.0125863430223092
1.75495375E-07, 0.0120438852881012
1.75497328125E-07, 0.0124146133313577
1.7549928125E-07, 0.012736871533843
1.75501234375E-07, 0.0125245967046654
1.755031875E-07, 0.0133969381178601
1.75505140625E-07, 0.0128898510917508
1.7550709375E-07, 0.0129020094463778
1.75509046875E-07, 0.0130386805466689
1.75511E-07, 0.0131395706146622
1.75512953125E-07, 0.0138564670186428
1.7551490625E-07, 0.0141675283877722
1.75516859375E-07, 0.0143686458613846
1.755188125E-07, 0.0141584810535966
1.75520765625E-07, 0.0144236875681137
1.7552271875E-07, 0.0141781421336574
1.75524671875E-07, 0.0144277521906264
1.75526625E-07, 0.0135632684407241
1.75528578125E-07, 0.0144572695132314
1.7553053125E-07, 0.0144641853307421
1.75532484375E-07, 0.0147553480175797
1.755344375E-07, 0.0145553688088772
1.75536390625E-07, 0.0147058374238127
1.7553834375E-07, 0.0147985159121421
1.75540296875E-07, 0.0143231607668731
1.7554225E-07, 0.0148216173588072
1.75544203125E-07, 0.0145759707902922
1.7554615625E-07, 0.0143461903639139
1.75548109375E-07, 0.0143760998951153
1.755500625E-07, 0.0141588697908146
1.75552015625E-07, 0.0146524483730133
1.7555396875E-07, 0.0141879817738227
1.75555921875E-07, 0.0139904757166626
1.75557875E-07, 0.0138727267719871
1.75559828125E-07, 0.013406396216456
1.7556178125E-07, 0.0132198766540469
1.75563734375E-07, 0.0131831568294426
1.755656875E-07, 0.013533722781063
1.75567640625E-07, 0.0128912123693479
1.7556959375E-07, 0.0127563412452309
1.75571546875E-07, 0.0131007504865525
1.755735E-07, 0.0122882365600638
1.75575453125E-07, 0.0128910475650238
1.7557740625E-07, 0.0120733086462401
1.75579359375E-07, 0.0112223760280017
1.755813125E-07, 0.0108763431688774
1.75583265625E-07, 0.0106770097641633
1.7558521875E-07, 0.0110156887019079
1.75587171875E-07, 0.0114224869686884
1.75589125E-07, 0.0105842019204943
1.75591078125E-07, 0.00965887368602392
1.7559303125E-07, 0.00929137115919752
1.75594984375E-07, 0.0093725649051595
1.755969375E-07, 0.00911923155885315
1.75598890625E-07, 0.00870327292556397
1.7560084375E-07, 0.00958446318144949
1.75602796875E-07, 0.00852404766202407
1.7560475E-07, 0.00870414431079599
1.75606703125E-07, 0.00745913851147681
1.7560865625E-07, 0.00762540191478762
1.75610609375E-07, 0.00849433095978019
1.756125625E-07, 0.00685052167511889
1.75614515625E-07, 0.00711039670986189
1.7561646875E-07, 0.00673027472337825
1.75618421875E-07, 0.00658347005727815
1.75620375E-07, 0.00601149526053031
1.75622328125E-07, 0.00599903213753805
1.7562428125E-07, 0.00601822788785908
1.75626234375E-07, 0.00458971969970134
1.756281875E-07, 0.00662728056176362
1.75630140625E-07, 0.00415402945774631
1.7563209375E-07, 0.00553986922221547
1.75634046875E-07, 0.00462990027040897
1.75636E-07, 0.00477916189845243
1.75637953125E-07, 0.00444968318993882
1.7563990625E-07, 0.00403538894476722
1.75641859375E-07, 0.00401127484946611
1.756438125E-07, 0.00395564360523031
1.75645765625E-07, 0.00393570682429024
1.7564771875E-07, 0.00388698989586202
1.75649671875E-07, 0.00435008915674908
1.75651625E-07, 0.00392883225453564
1.75653578125E-07, 0.00389771107539265
1.7565553125E-07, 0.00357670477105483
1.75657484375E-07, 0.00362773035246795
1.756594375E-07, 0.00359226818619491
1.75661390625E-07, 0.00367713554313098
1.7566334375E-07, 0.00351957731288129
1.75665296875E-07, 0.00366080625332827
1.7566725E-07, 0.00320755974442697
1.75669203125E-07, 0.00416404337585771
1.7567115625E-07, 0.00387945963958066
1.75673109375E-07, 0.00391401175365851
1.756750625E-07, 0.00392748823345531
1.75677015625E-07, 0.00387282189463176
1.7567896875E-07, 0.00422492290753851
1.75680921875E-07, 0.00372419723726924
1.75682875E-07, 0.00393566397043749
1.75684828125E-07, 0.00445687844521123
1.7568678125E-07, 0.00414872716720841
1.75688734375E-07, 0.00439903400726771
1.756906875E-07, 0.00455523382491838
1.75692640625E-07, 0.00457369909938124
1.7569459375E-07, 0.00440822995137907
1.75696546875E-07, 0.00526507330756239
1.756985E-07, 0.00507722365689748
1.75700453125E-07, 0.00533646388442557
1.7570240625E-07, 0.00482968659264745
1.75704359375E-07, 0.00522052587253739
1.757063125E-07, 0.00559349191544989
1.75708265625E-07, 0.00561805394727493
1.7571021875E-07, 0.00563945974511358
1.75712171875E-07, 0.00566485022790832
1.75714125E-07, 0.0056537364332766
1.75716078125E-07, 0.00619190602575799
1.7571803125E-07, 0.00625889326906946
1.75719984375E-07, 0.00649201860048912
1.757219375E-07, 0.00688123473227378
1.75723890625E-07, 0.00701205564857627
1.7572584375E-07, 0.00685358805252856
1.75727796875E-07, 0.00682193431731556
1.7572975E-07, 0.00722833468963288
1.75731703125E-07, 0.00733042683483773
1.7573365625E-07, 0.00783340182348706
1.75735609375E-07, 0.00735434174568157
1.757375625E-07, 0.00729572422081359
1.75739515625E-07, 0.00743166856531665
1.7574146875E-07, 0.00759307497164117
1.75743421875E-07, 0.00775517966461802
1.75745375E-07, 0.00813493226718006
1.75747328125E-07, 0.00772317272552972
1.7574928125E-07, 0.00790035063394386
1.75751234375E-07, 0.00828713193215501
1.757531875E-07, 0.00864345785770914
1.75755140625E-07, 0.00841416922874309
1.7575709375E-07, 0.00873559837812588
1.75759046875E-07, 0.00904431939665343
1.75761E-07, 0.00891774091768485
1.75762953125E-07, 0.00826563483682166
1.7576490625E-07, 0.00897146847777944
1.75766859375E-07, 0.00931851798367276
1.757688125E-07, 0.00931369269641865
1.75770765625E-07, 0.00896996315366408
1.7577271875E-07, 0.00927374412965248
1.75774671875E-07, 0.00976332232365806
1.75776625E-07, 0.00960107694581995
1.75778578125E-07, 0.00933235286701809
1.7578053125E-07, 0.00967892608514751
1.75782484375E-07, 0.00970345999211078
1.757844375E-07, 0.00985248221458104
1.75786390625E-07, 0.0100486769493004
1.7578834375E-07, 0.0102763115962425
1.75790296875E-07, 0.00993371588773388
1.7579225E-07, 0.0101157431838978
1.75794203125E-07, 0.0100125843822576
1.7579615625E-07, 0.0101709829818976
1.75798109375E-07, 0.0106157731496034
1.758000625E-07, 0.0106450524852848
1.75802015625E-07, 0.0100298722226479
1.7580396875E-07, 0.0104561649957865
1.75805921875E-07, 0.0106139266475588
1.75807875E-07, 0.0110626146732059
1.75809828125E-07, 0.0111647112440473
1.7581178125E-07, 0.0104955151110904
1.75813734375E-07, 0.0110094283615881
1.758156875E-07, 0.0107329762265186
1.75817640625E-07, 0.0117105582676386
1.7581959375E-07, 0.0112894265412261
1.75821546875E-07, 0.0112153010368249
1.758235E-07, 0.0113800900421428
1.75825453125E-07, 0.0114086269247996
1.7582740625E-07, 0.0115708820662501
1.75829359375E-07, 0.0118374588831479
1.758313125E-07, 0.0114804248862483
1.75833265625E-07, 0.0116847272587136
1.7583521875E-07, 0.012039489048291
1.75837171875E-07, 0.011597274700813
1.75839125E-07, 0.0114409647997134
1.75841078125E-07, 0.0115037857845154
1.7584303125E-07, 0.0122824923153425
1.75844984375E-07, 0.0121692812458017
1.758469375E-07, 0.0121128651322588
1.75848890625E-07, 0.011505441645932
1.7585084375E-07, 0.0121561205366773
1.75852796875E-07, 0.0121739186628828
1.7585475E-07, 0.0122257977692542
1.75856703125E-07, 0.01226059416988
1.7585865625E-07, 0.0124737371356541
1.75860609375E-07, 0.0124091254843994
1.758625625E-07, 0.0124091243200967
1.75864515625E-07, 0.0123604763055567
1.7586646875E-07, 0.0122556903374666
1.75868421875E-07, 0.0129149593226725
1.75870375E-07, 0.0122937666578023
1.75872328125E-07, 0.0127970171155887
1.7587428125E-07, 0.0126549363257922
1.75876234375E-07, 0.0126384545468942
1.758781875E-07, 0.0128297120215551
1.75880140625E-07, 0.0130197068119235
1.7588209375E-07, 0.01293336510774
1.75884046875E-07, 0.012417992616179
1.75886E-07, 0.0128534885266658
1.75887953125E-07, 0.0129417766912562
1.7588990625E-07, 0.0128651271256839
1.75891859375E-07, 0.0129049416125742
1.758938125E-07, 0.0128430264175754
1.75895765625E-07, 0.0129440583829319
1.7589771875E-07, 0.0125709908886588
1.75899671875E-07, 0.0125297407436609
1.75901625E-07, 0.0127133708790385
1.75903578125E-07, 0.0126196283291197
1.7590553125E-07, 0.0116349097466342
1.75907484375E-07, 0.0125555246571582
1.759094375E-07, 0.0125409466051701
1.75911390625E-07, 0.0123770969058196
1.7591334375E-07, 0.0125445878288853
1.75915296875E-07, 0.0123737865777861
1.7591725E-07, 0.0118099270560658
1.75919203125E-07, 0.011807135359198
1.7592115625E-07, 0.0117621819698732
1.75923109375E-07, 0.0117426604737709
1.759250625E-07, 0.0118063164072161
1.75927015625E-07, 0.0114831453610116
1.7592896875E-07, 0.011789536662921
1.75930921875E-07, 0.0116958954553671
1.75932875E-07, 0.0107452685348927
1.75934828125E-07, 0.011360824955211
1.7593678125E-07, 0.0103648228266454
1.75938734375E-07, 0.0104183956748826
1.759406875E-07, 0.00902547627731271
1.75942640625E-07, 0.00953474405304713
1.7594459375E-07, 0.0107605171102954
1.75946546875E-07, 0.0102416837888903
1.759485E-07, 0.0093893194668089
1.75950453125E-07, 0.00976079534140155
1.7595240625E-07, 0.00916534922795211
1.75954359375E-07, 0.00911152899948504
1.759563125E-07, 0.00850199823563015
1.75958265625E-07, 0.00809646643421063
1.7596021875E-07, 0.00793448847903262
1.75962171875E-07, 0.00779957856591489
1.75964125E-07, 0.00750234010061688
1.75966078125E-07, 0.00556738877964709
1.7596803125E-07, 0.00709689207742729
1.75969984375E-07, 0.00563187964854665
1.759719375E-07, 0.00549114236871875
1.75973890625E-07, 0.00429377552838876
1.7597584375E-07, 0.00540959768768666
1.75977796875E-07, 0.00554394896809039
1.7597975E-07, 0.00398948494869438
1.75981703125E-07, 0.00359982730373891
1.7598365625E-07, 0.00251201991568621
1.75985609375E-07, 0.00298984367192955
1.759875625E-07, 0.0034938591109733
1.75989515625E-07, 0.000512009732861641
1.7599146875E-07, 0.00159993124384409
1.75993421875E-07, 0.000590493011630827
1.75995375E-07, 7.57061394817953E-05
1.75997328125E-07, 0.000219015054781107
1.7599928125E-07, -0.00180870415513027
1.76001234375E-07, 0.00103848178842502
1.760031875E-07, 3.62919641641901E-05
1.76005140625E-07, -0.000324621690430782
1.7600709375E-07, -0.00178646793524915
1.76009046875E-07, -0.00194465609581227
1.76011E-07, -0.00209153935748576
1.76012953125E-07, -0.002769397346043
1.7601490625E-07, -0.00373838065476754
1.76016859375E-07, -0.00338203083227044
1.760188125E-07, -0.00515057118895869
1.76020765625E-07, -0.00389701742049143
1.7602271875E-07, -0.00562904794146658
1.76024671875E-07, -0.00540327171124697
1.76026625E-07, -0.00565965004317043
1.76028578125E-07, -0.00801450909651203
1.7603053125E-07, -0.0070299923531383
1.76032484375E-07, -0.00805509536288927
1.760344375E-07, -0.00848875918744482
1.76036390625E-07, -0.00853614681782722
1.7603834375E-07, -0.00951554159034874
1.76040296875E-07, -0.00942622439388808
1.7604225E-07, -0.00922225256802243
1.76044203125E-07, -0.00932752617120553
1.7604615625E-07, -0.0115444738759581
1.76048109375E-07, -0.0113375059870548
1.760500625E-07, -0.012616701458154
1.76052015625E-07, -0.0122884909747165
1.7605396875E-07, -0.0135285016870181
1.76055921875E-07, -0.0121875706816139
1.76057875E-07, -0.0135163605530882
1.76059828125E-07, -0.014042544266509
1.7606178125E-07, -0.012928854472097
1.76063734375E-07, -0.0138651557329899
1.760656875E-07, -0.0150116455968835
1.76067640625E-07, -0.0152462142348198
1.7606959375E-07, -0.0148111064257639
1.76071546875E-07, -0.0153812921950335
1.760735E-07, -0.0159589908483887
1.76075453125E-07, -0.0153613262013089
1.7607740625E-07, -0.0159478303777768
1.76079359375E-07, -0.0159074090266136
1.760813125E-07, -0.0168704139522676
1.76083265625E-07, -0.016812112200602
1.7608521875E-07, -0.0163308892830592
1.76087171875E-07, -0.0162385541320679
1.76089125E-07, -0.0169680317558985
1.76091078125E-07, -0.0161895067307487
1.7609303125E-07, -0.0166664045102513
1.76094984375E-07, -0.0171742939742563
1.760969375E-07, -0.0165940470880068
1.76098890625E-07, -0.0161923507697269
1.7610084375E-07, -0.0151659912492758
1.76102796875E-07, -0.0169987046650481
1.7610475E-07, -0.0161167969006031
1.76106703125E-07, -0.0160891764247477
1.7610865625E-07, -0.0155797870543244
1.76110609375E-07, -0.0162158954587398
1.761125625E-07, -0.0157943799725433
1.76114515625E-07, -0.0152602989842494
1.7611646875E-07, -0.0133486530725552
1.76118421875E-07, -0.0159479327376828
1.76120375E-07, -0.0152089315532281
1.76122328125E-07, -0.0153756408620983
1.7612428125E-07, -0.0143461809943032
1.76126234375E-07, -0.0140637897104067
1.761281875E-07, -0.0144448197123803
1.76130140625E-07, -0.0134149702776149
1.7613209375E-07, -0.0135897127590405
1.76134046875E-07, -0.013539737165988
1.76136E-07, -0.013198415197648
1.76137953125E-07, -0.0127845558466126
1.7613990625E-07, -0.012404000464784
1.76141859375E-07, -0.0116431283414038
1.761438125E-07, -0.0115467314533054
1.76145765625E-07, -0.0120273745998956
1.7614771875E-07, -0.0115684923970986
1.76149671875E-07, -0.0100871112637065
1.76151625E-07, -0.0113323953649045
1.76153578125E-07, -0.009769857558649
1.7615553125E-07, -0.00990276087774295
1.76157484375E-07, -0.0103095902664616
1.761594375E-07, -0.00958772352856781
1.76161390625E-07, -0.00949156033432926
1.7616334375E-07, -0.00828533957236237
1.76165296875E-07, -0.0087885740462698
1.7616725E-07, -0.00839560406946745
1.76169203125E-07, -0.00796080614318257
1.7617115625E-07, -0.00776078928726458
1.76173109375E-07, -0.00692376914725184
1.761750625E-07, -0.00695592426753116
1.76177015625E-07, -0.00765161387049488
1.7617896875E-07, -0.00675164715747619
1.76180921875E-07, -0.00660259235537574
1.76182875E-07, -0.00630058708296353
1.76184828125E-07, -0.00593198257211678
1.7618678125E-07, -0.00637051194123166
1.76188734375E-07, -0.00590655145515784
1.761906875E-07, -0.00586322468049014
1.76192640625E-07, -0.00658891549577875
1.7619459375E-07, -0.00546147788045322
1.76196546875E-07, -0.0056876990162011
1.761985E-07, -0.00541589317022988
1.76200453125E-07, -0.00564326375692507
1.7620240625E-07, -0.0051453190971354
1.76204359375E-07, -0.00568971674571375
1.762063125E-07, -0.00565147072932577
1.76208265625E-07, -0.00586716861379673
1.7621021875E-07, -0.00580738153987815
1.76212171875E-07, -0.00571685018817176
1.76214125E-07, -0.00549330718259496
1.76216078125E-07, -0.00564454152634485
1.7621803125E-07, -0.00596536904589073
1.76219984375E-07, -0.00664695885000495
1.762219375E-07, -0.00640592037914044
1.76223890625E-07, -0.00578191419021124
1.7622584375E-07, -0.0065107588758763
1.76227796875E-07, -0.00602083637052925
1.7622975E-07, -0.00643959549430379
1.76231703125E-07, -0.00667667533257164
1.7623365625E-07, -0.00670896135926012
1.76235609375E-07, -0.00704876607377852
1.762375625E-07, -0.00679607729186735
1.76239515625E-07, -0.0072871837274496
1.7624146875E-07, -0.00740648645917518
1.76243421875E-07, -0.00781717456842685
1.76245375E-07, -0.00767137430358621
1.76247328125E-07, -0.00822179393596349
1.7624928125E-07, -0.00818990349689351
1.76251234375E-07, -0.0083842553931725
1.762531875E-07, -0.00842287256578127
1.76255140625E-07, -0.00856464442475133
1.7625709375E-07, -0.00838327605154368
1.76259046875E-07, -0.00916502034527733
1.76261E-07, -0.00920509611624341
1.76262953125E-07, -0.00937983990362277
1.7626490625E-07, -0.00934921514959129
1.76266859375E-07, -0.0101828319301123
1.762688125E-07, -0.00965685382887968
1.76270765625E-07, -0.00950864672946706
1.7627271875E-07, -0.010005215176411
1.76274671875E-07, -0.00964598016337898
1.76276625E-07, -0.0097058254473751
1.76278578125E-07, -0.0104842960207003
1.7628053125E-07, -0.0098775988235613
1.76282484375E-07, -0.0102483817532706
1.762844375E-07, -0.0102954108384369
1.76286390625E-07, -0.0103448143687146
1.7628834375E-07, -0.010425951533188
1.76290296875E-07, -0.0107467798441375
1.7629225E-07, -0.0106962647186835
1.76294203125E-07, -0.0106513048083508
1.7629615625E-07, -0.0107626289452879
1.76298109375E-07, -0.010943748300153
1.763000625E-07, -0.0106029113495726
1.76302015625E-07, -0.0107557029118503
1.7630396875E-07, -0.00999349520511226
1.76305921875E-07, -0.0103531235119924
1.76307875E-07, -0.0104882195730776
1.76309828125E-07, -0.0103676976888606
1.7631178125E-07, -0.00993269892246009
1.76313734375E-07, -0.00974507798910774
1.763156875E-07, -0.00989813636867305
1.76317640625E-07, -0.0101669894480798
1.7631959375E-07, -0.00956916296003134
1.76321546875E-07, -0.00946890762218987
1.763235E-07, -0.00988540657524257
1.76325453125E-07, -0.00944725030856084
1.7632740625E-07, -0.00911425170115457
1.76329359375E-07, -0.00841056658571801
1.763313125E-07, -0.00891673736134538
1.76333265625E-07, -0.00805608680390072
1.7633521875E-07, -0.00905102068706566
1.76337171875E-07, -0.00867368038238967
1.76339125E-07, -0.00799154543507524
1.76341078125E-07, -0.00846442968050804
1.7634303125E-07, -0.00806154222820675
1.76344984375E-07, -0.00799345411602094
1.763469375E-07, -0.00776470556066418
1.76348890625E-07, -0.00756326949357474
1.7635084375E-07, -0.00743052977498532
1.76352796875E-07, -0.00729909442218088
1.7635475E-07, -0.00739869419966731
1.76356703125E-07, -0.00754569682852141
1.7635865625E-07, -0.00711726394035934
1.76360609375E-07, -0.00650082372262218
1.763625625E-07, -0.00672779161068575
1.76364515625E-07, -0.00699522529615903
1.7636646875E-07, -0.00613665770213291
1.76368421875E-07, -0.006828129182539
1.76370375E-07, -0.00594424334668932
1.76372328125E-07, -0.0058669277478198
1.7637428125E-07, -0.00572028174765649
1.76376234375E-07, -0.00571472237927015
1.763781875E-07, -0.00601109159836455
1.76380140625E-07, -0.00591304999998002
1.7638209375E-07, -0.00480858507620753
1.76384046875E-07, -0.00505864148609585
1.76386E-07, -0.00516790240420498
1.76387953125E-07, -0.00517278503986037
1.7638990625E-07, -0.00500453856862264
1.76391859375E-07, -0.00498265967128508
1.763938125E-07, -0.00489871278192872
1.76395765625E-07, -0.00475528906368728
1.7639771875E-07, -0.00439699842288425
1.76399671875E-07, -0.00473459079080944
1.76401625E-07, -0.00416364949747949
1.76403578125E-07, -0.00450881603236869
1.7640553125E-07, -0.00381970875028651
1.76407484375E-07, -0.00442985881535843
1.764094375E-07, -0.00377527337465502
1.76411390625E-07, -0.00414575220818664
1.7641334375E-07, -0.00426485099863858
1.76415296875E-07, -0.00398897198197849
1.7641725E-07, -0.00388323133675571
1.76419203125E-07, -0.00379440484229735
1.7642115625E-07, -0.00373340189578104
1.76423109375E-07, -0.00399804273366622
1.764250625E-07, -0.00370671720577498
1.76427015625E-07, -0.0035439208269766
1.7642896875E-07, -0.00377260482895671
1.76430921875E-07, -0.00382134374544402
1.76432875E-07, -0.00363082352880177
1.76434828125E-07, -0.00364591833426029
1.7643678125E-07, -0.00371396204589996
1.76438734375E-07, -0.00361712615833507
1.764406875E-07, -0.00353387149038656
1.76442640625E-07, -0.00356801888956685
1.7644459375E-07, -0.0037701940433308
1.76446546875E-07, -0.00342307954651378
1.764485E-07, -0.0035035675832272
1.76450453125E-07, -0.00405730318601703
1.7645240625E-07, -0.00325789832944095
1.76454359375E-07, -0.00328646991746857
1.764563125E-07, -0.00361544427711001
1.76458265625E-07, -0.00361051173844251
1.7646021875E-07, -0.00345027393961174
1.76462171875E-07, -0.00365415882602638
1.76464125E-07, -0.00409782352809883
1.76466078125E-07, -0.00362263943344004
1.7646803125E-07, -0.0034439809914295
1.76469984375E-07, -0.00360868893208336
1.764719375E-07, -0.00366551401395786
1.76473890625E-07, -0.00350106519759736
1.7647584375E-07, -0.00358949012673381
1.76477796875E-07, -0.00339471696587504
1.7647975E-07, -0.00335700571855648
1.76481703125E-07, -0.00376166428015051
1.7648365625E-07, -0.00347791350212739
1.76485609375E-07, -0.00339666922726047
1.764875625E-07, -0.00353447459648832
1.76489515625E-07, -0.00355824283160702
1.7649146875E-07, -0.0035814365662205
1.76493421875E-07, -0.00362158785575439
1.76495375E-07, -0.00348811774841317
1.76497328125E-07, -0.00361606040481837
1.7649928125E-07, -0.00370585682280115
1.76501234375E-07, -0.00434454845138601
1.765031875E-07, -0.0034028283092878
1.76505140625E-07, -0.00371716253161969
1.7650709375E-07, -0.00348215219876797
1.76509046875E-07, -0.00368756950538826
1.76511E-07, -0.00345640116628185
1.76512953125E-07, -0.00356227926075505
1.7651490625E-07, -0.00342491950912816
1.76516859375E-07, -0.00375221303485471
1.765188125E-07, -0.00359533692828401
1.76520765625E-07, -0.00368133422638549
1.7652271875E-07, -0.00339354111968268
1.76524671875E-07, -0.00330130344734038
1.76526625E-07, -0.00354669529265308
1.76528578125E-07, -0.0036912515010748
1.7653053125E-07, -0.00343192969953993
1.76532484375E-07, -0.00367220371494066
1.765344375E-07, -0.00377297217179089
1.76536390625E-07, -0.00340614804989254
1.7653834375E-07, -0.0035249539701265
1.76540296875E-07, -0.00359186579665599
1.7654225E-07, -0.00351269788042464
1.76544203125E-07, -0.00341968554562211
1.7654615625E-07, -0.00322933923981443
1.76548109375E-07, -0.00358795179144082
1.765500625E-07, -0.00349912887877296
1.76552015625E-07, -0.00346884016571187
1.7655396875E-07, -0.00308129840748954
1.76555921875E-07, -0.00351392058248679
1.76557875E-07, -0.00361528654892569
1.76559828125E-07, -0.00344326752988642
1.7656178125E-07, -0.00374631541040066
1.76563734375E-07, -0.00356076473578016
1.765656875E-07, -0.00336052005872194
1.76567640625E-07, -0.00347263691247146
1.7656959375E-07, -0.00349473786432024
1.76571546875E-07, -0.00349677196179482
1.765735E-07, -0.00356682121454063
1.76575453125E-07, -0.00331106757493883
1.7657740625E-07, -0.00338837129140694
1.76579359375E-07, -0.00350594377877579
1.765813125E-07, -0.0032514765808673
1.76583265625E-07, -0.0034342456272848
1.7658521875E-07, -0.00347106074841278
1.76587171875E-07, -0.00339990691532013
1.76589125E-07, -0.00333170641661344
1.76591078125E-07, -0.00348643658688691
1.7659303125E-07, -0.00339858061034723
1.76594984375E-07, -0.00338983077117775
1.765969375E-07, -0.00313680761198069
1.76598890625E-07, -0.00348901974326762
1.7660084375E-07, -0.00346963734492568
1.76602796875E-07, -0.00368807304872072
1.7660475E-07, -0.00346497687105238
1.76606703125E-07, -0.00359121400245994
1.7660865625E-07, -0.00350221736688459
1.76610609375E-07, -0.00328654252627956
1.766125625E-07, -0.00344792745744581
1.76614515625E-07, -0.00339144502756731
1.7661646875E-07, -0.00356073718689836
1.76618421875E-07, -0.00361413941518714
1.76620375E-07, -0.00341290063896812
1.76622328125E-07, -0.00315820779873653
1.7662428125E-07, -0.00314880354591586
1.76626234375E-07, -0.00330139896064827
1.766281875E-07, -0.00311320191777683
1.76630140625E-07, -0.00345048915212551
1.7663209375E-07, -0.00320282534785225
1.76634046875E-07, -0.00312376958831822
1.76636E-07, -0.00296119439377528
1.76637953125E-07, -0.00329293743276036
1.7663990625E-07, -0.00302648028254492
1.76641859375E-07, -0.00339720749803094
1.766438125E-07, -0.00290454393302823
1.76645765625E-07, -0.00305369269199874
1.7664771875E-07, -0.00310093735080944
1.76649671875E-07, -0.00316183748288266
1.76651625E-07, -0.00281886656432559
1.76653578125E-07, -0.00310934396062794
1.7665553125E-07, -0.00284867583380564
1.76657484375E-07, -0.00275077551219314
1.766594375E-07, -0.00311397209282802
1.76661390625E-07, -0.00291360224787851
1.7666334375E-07, -0.00280574055217521
1.76665296875E-07, -0.00252640171415444
1.7666725E-07, -0.00282389546390277
1.76669203125E-07, -0.00277474715634813
1.7667115625E-07, -0.00275516501316658
1.76673109375E-07, -0.00255378713231583
1.766750625E-07, -0.00271325053303206
1.76677015625E-07, -0.00257807163226671
1.7667896875E-07, -0.00281058739303395
1.76680921875E-07, -0.00262143948615328
1.76682875E-07, -0.00244389658752585
1.76684828125E-07, -0.00258986167302703
1.7668678125E-07, -0.00221848905245264
1.76688734375E-07, -0.00258754559134715
1.766906875E-07, -0.00269139751949917
1.76692640625E-07, -0.00237873380539897
1.7669459375E-07, -0.00274955750541446
1.76696546875E-07, -0.00249052182904481
1.766985E-07, -0.00251332683408166
1.76700453125E-07, -0.00256421401481702
1.7670240625E-07, -0.00250193599732081
1.76704359375E-07, -0.00243423367375778
1.767063125E-07, -0.00241330741149915
1.76708265625E-07, -0.0025332845913519
1.7671021875E-07, -0.00254208774715248
1.76712171875E-07, -0.00288293081456486
1.76714125E-07, -0.00280163715246831
1.76716078125E-07, -0.00259080677532399
1.7671803125E-07, -0.00283593397352048
1.76719984375E-07, -0.00260945156611229
1.767219375E-07, -0.00284283580265571
1.76723890625E-07, -0.00241876655541656
1.7672584375E-07, -0.00273095454943838
1.76727796875E-07, -0.00249984237419469
1.7672975E-07, -0.00298909644808241
1.76731703125E-07, -0.00276414501140373
1.7673365625E-07, -0.00273807406840433
1.76735609375E-07, -0.0028793743040998
1.767375625E-07, -0.00270698797730869
1.76739515625E-07, -0.00276804741115674
1.7674146875E-07, -0.00364312447034591
1.76743421875E-07, -0.00311264667352084
1.76745375E-07, -0.00316171115773613
1.76747328125E-07, -0.00336453945181276
1.7674928125E-07, -0.00310872387023203
1.76751234375E-07, -0.00344919832004158
1.767531875E-07, -0.00320134411792061
1.76755140625E-07, -0.00333482231304262
1.7675709375E-07, -0.00359387935969599
1.76759046875E-07, -0.00318364470115953
1.76761E-07, -0.00362059943906806
1.76762953125E-07, -0.00344291647564687
1.7676490625E-07, -0.00325080048566264
1.76766859375E-07, -0.00358228507094236
1.767688125E-07, -0.00373861856145237
1.76770765625E-07, -0.00337836565910064
1.7677271875E-07, -0.00350877713655099
1.76774671875E-07, -0.00379185788750359
1.76776625E-07, -0.00342130024207211
1.76778578125E-07, -0.00342241508111751
1.7678053125E-07, -0.00355683453248364
1.76782484375E-07, -0.00336794258280882
1.767844375E-07, -0.00369308925058868
1.76786390625E-07, -0.00376605306363189
1.7678834375E-07, -0.00335261570289482
1.76790296875E-07, -0.00284483683944355
1.7679225E-07, -0.00342205550459276
1.76794203125E-07, -0.00245850300490691
1.7679615625E-07, -0.002928860404844
1.76798109375E-07, -0.00323597317612393
1.768000625E-07, -0.00175810135363089
1.76802015625E-07, -0.00350171057511506
1.7680396875E-07, -0.00275035384690352
1.76805921875E-07, -0.00254321241278612
1.76807875E-07, -0.00300497648273757
1.76809828125E-07, -0.00230485626490651
1.7681178125E-07, -0.00177993493191664
1.76813734375E-07, -0.00161611067546691
1.768156875E-07, -0.00129885247591476
1.76817640625E-07, -0.00147257952761701
1.7681959375E-07, -0.00117691970418366
1.76821546875E-07, -0.000971147518745455
1.768235E-07, -0.000597222943468116
1.76825453125E-07, -0.000380585690289103
1.7682740625E-07, -0.000784576033546053
1.76829359375E-07, 7.83694331879539E-05
1.768313125E-07, 0.000218718676610485
1.76833265625E-07, 0.00133462369138411
1.7683521875E-07, 0.0012063299802115
1.76837171875E-07, 0.00129308576439051
1.76839125E-07, 0.00141740272602783
1.76841078125E-07, 0.00130149013836853
1.7684303125E-07, 0.00193966318777822
1.76844984375E-07, 0.00259604713893017
1.768469375E-07, 0.0023457916896407
1.76848890625E-07, 0.0029822440441582
1.7685084375E-07, 0.00273927827902261
1.76852796875E-07, 0.00330993507780044
1.7685475E-07, 0.00315377671780775
1.76856703125E-07, 0.0040042403943346
1.7685865625E-07, 0.00344124343494406
1.76860609375E-07, 0.00411645037557576
1.768625625E-07, 0.00483153285573733
1.76864515625E-07, 0.00510604495015944
1.7686646875E-07, 0.00486216026660861
1.76868421875E-07, 0.00422562585531887
1.76870375E-07, 0.00513896822938202
1.76872328125E-07, 0.00554155143216805
1.7687428125E-07, 0.0054297923541101
1.76876234375E-07, 0.00524100992542752
1.768781875E-07, 0.00485190041694047
1.76880140625E-07, 0.00530163273098946
1.7688209375E-07, 0.00588798432215524
1.76884046875E-07, 0.00586588388532642
1.76886E-07, 0.00612598182702619
1.76887953125E-07, 0.00605827824963325
1.7688990625E-07, 0.00626651443674032
1.76891859375E-07, 0.00564990106861299
1.768938125E-07, 0.00549158870848629
1.76895765625E-07, 0.00580310609213883
1.7689771875E-07, 0.00514462949488215
1.76899671875E-07, 0.00506352412685905
1.76901625E-07, 0.00562972401109823
1.76903578125E-07, 0.00525423351142293
1.7690553125E-07, 0.00485280649621351
1.76907484375E-07, 0.00505919403633424
1.769094375E-07, 0.00529375802669563
1.76911390625E-07, 0.00491124177312443
1.7691334375E-07, 0.00498078427141123
1.76915296875E-07, 0.00454149390734358
1.7691725E-07, 0.00386940054656516
1.76919203125E-07, 0.00366460045087673
1.7692115625E-07, 0.0038213680570863
1.76923109375E-07, 0.00400304898809128
1.769250625E-07, 0.00317921800468976
1.76927015625E-07, 0.00319341210355968
1.7692896875E-07, 0.00331906081475373
1.76930921875E-07, 0.00266703209224915
1.76932875E-07, 0.00300278072041958
1.76934828125E-07, 0.00278086057602087
1.7693678125E-07, 0.00215741799832557
1.76938734375E-07, 0.00235265555995033
1.769406875E-07, 0.00244063544122371
1.76942640625E-07, 0.00150396888502783
1.7694459375E-07, 0.00164492096825503
1.76946546875E-07, 0.00106480151677991
1.769485E-07, 0.00109128752276678
1.76950453125E-07, 0.000515616451700037
1.7695240625E-07, 0.000276654776193833
1.76954359375E-07, 0.00108577758829464
1.769563125E-07, -8.29108805385465E-05
1.76958265625E-07, 0.000113771083735525
1.7696021875E-07, -0.000513309225797073
1.76962171875E-07, -0.000296863955602243
1.76964125E-07, -0.000284476795496346
1.76966078125E-07, -0.000520228063766062
1.7696803125E-07, -0.000772834008665681
1.76969984375E-07, -0.000430026255572388
1.769719375E-07, -0.00106677647573776
1.76973890625E-07, -0.000557609374228247
1.7697584375E-07, -0.000783420670139486
1.76977796875E-07, -0.00109827935312433
1.7697975E-07, -0.00124426432486777
1.76981703125E-07, -0.001025405714383
1.7698365625E-07, -0.00117908352813826
1.76985609375E-07, -0.000705954410159035
1.769875625E-07, -0.00131814524174007
1.76989515625E-07, -0.00147889531756783
1.7699146875E-07, -0.00112426451524618
1.76993421875E-07, -0.0014595660107029
1.76995375E-07, -0.00122320434498688
1.76997328125E-07, -0.00129495958247672
1.7699928125E-07, -0.00135510811797458
1.77001234375E-07, -0.00113011901555887
1.770031875E-07, -0.00113886665863632
1.77005140625E-07, -0.00113120620118962
1.7700709375E-07, -0.000992815856691046
1.77009046875E-07, -0.00079604394830516
1.77011E-07, -0.000477885700275387
1.77012953125E-07, -0.000491521904250719
1.7701490625E-07, -0.000509998422079122
1.77016859375E-07, -0.000620159532743747
1.770188125E-07, -0.000735820039950615
1.77020765625E-07, -0.00038651789831175
1.7702271875E-07, -0.000409619343774061
1.77024671875E-07, -0.000476842530116888
1.77026625E-07, 4.81889862922148E-05
1.77028578125E-07, -0.00043383381393942
1.7703053125E-07, 5.35916176307984E-05
1.77032484375E-07, -0.000227943186396049
1.770344375E-07, -5.43375426838228E-05
1.77036390625E-07, -0.000299052535142247
1.7703834375E-07, 0.000101088238162402
1.77040296875E-07, -4.27262944492491E-05
1.7704225E-07, 0.000752773804656094
1.77044203125E-07, 0.000341947057500655
1.7704615625E-07, 0.000787306682755593
1.77048109375E-07, 0.000343890571069367
1.770500625E-07, 0.00109650848097535
1.77052015625E-07, 0.000744931663186379
1.7705396875E-07, 0.000783483119397561
1.77055921875E-07, 0.000992925757449491
1.77057875E-07, 0.0014052225165985
1.77059828125E-07, 0.000917549230103047
1.7706178125E-07, 0.00125474862161703
1.77063734375E-07, 0.00126336431478
1.770656875E-07, 0.00149142405651886
1.77067640625E-07, 0.00160769707908943
1.7706959375E-07, 0.00149642616501367
1.77071546875E-07, 0.00187538866930009
1.770735E-07, 0.00235916193186726
1.77075453125E-07, 0.00211678161719319
1.7707740625E-07, 0.00230984996093217
1.77079359375E-07, 0.00192139957646685
1.770813125E-07, 0.00248496555413624
1.77083265625E-07, 0.00271371690786112
1.7708521875E-07, 0.00222259196060581
1.77087171875E-07, 0.00252023945085113
1.77089125E-07, 0.00275195713502364
1.77091078125E-07, 0.0030779825728925
1.7709303125E-07, 0.00288528631638768
1.77094984375E-07, 0.00272101005942915
1.770969375E-07, 0.00325953919273375
1.77098890625E-07, 0.00389871213531262
1.7710084375E-07, 0.00361251786515536
1.77102796875E-07, 0.0038588585346222
1.7710475E-07, 0.00352242911991096
1.77106703125E-07, 0.00397226896592188
1.7710865625E-07, 0.00380249431821113
1.77110609375E-07, 0.00442013002142767
1.771125625E-07, 0.00410605053267631
1.77114515625E-07, 0.00451443317941356
1.7711646875E-07, 0.00502956690380908
1.77118421875E-07, 0.00463150267551226
1.77120375E-07, 0.00498791668844256
1.77122328125E-07, 0.00483394005039689
1.7712428125E-07, 0.00553075075850121
1.77126234375E-07, 0.00480280731067481
1.771281875E-07, 0.00588121574088978
1.77130140625E-07, 0.00545776039868836
1.7713209375E-07, 0.00556925765498663
1.77134046875E-07, 0.00642731809229923
1.77136E-07, 0.00561356441188441
1.77137953125E-07, 0.0060083695112313
1.7713990625E-07, 0.00598844255078629
1.77141859375E-07, 0.00642673559234973
1.771438125E-07, 0.00628955833873425
1.77145765625E-07, 0.00629570036726698
1.7714771875E-07, 0.00690494163192407
1.77149671875E-07, 0.00703679632247906
1.77151625E-07, 0.00706736644624298
1.77153578125E-07, 0.00674384543631558
1.7715553125E-07, 0.00718695872386712
1.77157484375E-07, 0.00750629609714505
1.771594375E-07, 0.0072491612541054
1.77161390625E-07, 0.00749355656374601
1.7716334375E-07, 0.00742667845421485
1.77165296875E-07, 0.00794103047442441
1.7716725E-07, 0.00798806651401581
1.77169203125E-07, 0.00800110281285993
1.7717115625E-07, 0.00762916883408502
1.77173109375E-07, 0.00783183048949108
1.771750625E-07, 0.00793827268313219
1.77177015625E-07, 0.00804422501827381
1.7717896875E-07, 0.00766624720231371
1.77180921875E-07, 0.0081959228801366
1.77182875E-07, 0.00834723514567854
1.77184828125E-07, 0.00767122781222072
1.7718678125E-07, 0.00792745261751002
1.77188734375E-07, 0.00868394904120688
1.771906875E-07, 0.00855575661418017
1.77192640625E-07, 0.00827527171154122
1.7719459375E-07, 0.00859818414552966
1.77196546875E-07, 0.00836047254915799
1.771985E-07, 0.00778867449875481
1.77200453125E-07, 0.00848537303509518
1.7720240625E-07, 0.00791454563511211
1.77204359375E-07, 0.00852402159012038
1.772063125E-07, 0.00820828206701173
1.77208265625E-07, 0.0085064310447578
1.7721021875E-07, 0.00837565050833243
1.77212171875E-07, 0.00813919370821695
1.77214125E-07, 0.00831390186497803
1.77216078125E-07, 0.00824913838040767
1.7721803125E-07, 0.00842655201680664
1.77219984375E-07, 0.00866357713942623
1.772219375E-07, 0.00826793823432444
1.77223890625E-07, 0.00806897918958835
1.7722584375E-07, 0.00793330349191552
1.77227796875E-07, 0.00773667813139424
1.7722975E-07, 0.00866619108338935
1.77231703125E-07, 0.00805218314850469
1.7723365625E-07, 0.00735681739005906
1.77235609375E-07, 0.00769430198907798
1.772375625E-07, 0.00686387507316694
1.77239515625E-07, 0.00744293648875613
1.7724146875E-07, 0.00706526260473684
1.77243421875E-07, 0.0071638849075059
1.77245375E-07, 0.00728736662151396
1.77247328125E-07, 0.0066787467969813
1.7724928125E-07, 0.00665777725688962
1.77251234375E-07, 0.0065999434563075
1.772531875E-07, 0.00572456327904174
1.77255140625E-07, 0.00661807551507343
1.7725709375E-07, 0.00599181680827065
1.77259046875E-07, 0.00652171775587069
1.77261E-07, 0.00612264867484589
1.77262953125E-07, 0.00603944411502467
1.7726490625E-07, 0.00580936464495087
1.77266859375E-07, 0.00575871324852907
1.772688125E-07, 0.00528754460861124
1.77270765625E-07, 0.00526132060268479
1.7727271875E-07, 0.00514589214791464
1.77274671875E-07, 0.00492236247061159
1.77276625E-07, 0.00534704126244807
1.77278578125E-07, 0.00499880504559498
1.7728053125E-07, 0.00438560886067978
1.77282484375E-07, 0.00476372380113798
1.772844375E-07, 0.00438681694345542
1.77286390625E-07, 0.00415896921461434
1.7728834375E-07, 0.00421158886119601
1.77290296875E-07, 0.00368933035944784
1.7729225E-07, 0.00362113611033535
1.77294203125E-07, 0.0038747604832773
1.7729615625E-07, 0.00326527519098761
1.77298109375E-07, 0.00321592540469542
1.773000625E-07, 0.00290881705555501
1.77302015625E-07, 0.00352092934302319
1.7730396875E-07, 0.00300185569773314
1.77305921875E-07, 0.00272207996809862
1.77307875E-07, 0.0029270411567498
1.77309828125E-07, 0.00311567279436144
1.7731178125E-07, 0.00241440505704753
1.77313734375E-07, 0.00235971467629205
1.773156875E-07, 0.00196529180323572
1.77317640625E-07, 0.00225545203468875
1.7731959375E-07, 0.00233348778529046
1.77321546875E-07, 0.00208250208360266
1.773235E-07, 0.00219377936648996
1.77325453125E-07, 0.0019961139894453
1.7732740625E-07, 0.00135869447569927
1.77329359375E-07, 0.00194315199028938
1.773313125E-07, 0.00199459342187671
1.77333265625E-07, 0.00202841430122052
1.7733521875E-07, 0.00169536349686803
1.77337171875E-07, 0.00177922736666186
1.77339125E-07, 0.00140992167557092
1.77341078125E-07, 0.00149081833301721
1.7734303125E-07, 0.00117157965774207
1.77344984375E-07, 0.00113470205339004
1.773469375E-07, 0.00110971466657544
1.77348890625E-07, 0.00118884417051239
1.7735084375E-07, 0.00114934067188799
1.77352796875E-07, 0.000778356491560162
1.7735475E-07, 0.000668207978944887
1.77356703125E-07, 0.000936250448851304
1.7735865625E-07, 0.000969384160052821
1.77360609375E-07, 0.000942431934480304
1.773625625E-07, 0.000383409683363666
1.77364515625E-07, 0.00072210538853926
1.7736646875E-07, 0.000229204654440855
1.77368421875E-07, 0.000430574758371698
1.77370375E-07, 0.000470519630920101
1.77372328125E-07, 0.00053640009002078
1.7737428125E-07, 0.000102712271003886
1.77376234375E-07, 0.000288741149549131
1.773781875E-07, 0.00047974336600096
1.77380140625E-07, -6.84356636823689E-06
1.7738209375E-07, -0.000176741629870325
1.77384046875E-07, 0.000109415262518771
1.77386E-07, 0.00019073352397736
1.77387953125E-07, 7.63400522245911E-05
1.7738990625E-07, 8.12462425145749E-05
1.77391859375E-07, -5.98155273649192E-05
1.773938125E-07, -0.000178782205431323
1.77395765625E-07, 0.000195665478825017
1.7739771875E-07, -3.95110887921557E-05
1.77399671875E-07, -0.000559105859063822
1.77401625E-07, 1.82406216378446E-06
1.77403578125E-07, -0.000348599465142375
1.7740553125E-07, 2.49321242914864E-05
1.77407484375E-07, -0.000303396983912546
1.774094375E-07, -0.000184941068443714
1.77411390625E-07, -0.000169750673500664
1.7741334375E-07, -0.000404859487888143
1.77415296875E-07, -0.0003170530807368
1.7741725E-07, -0.000407933311991872
1.77419203125E-07, -0.000350227467355973
1.7742115625E-07, -0.000714655186719583
1.77423109375E-07, -0.000765173422315539
1.774250625E-07, -0.000615596095808275
1.77427015625E-07, -0.00053421778312172
1.7742896875E-07, -0.000689105921738195
1.77430921875E-07, -0.00064286001681994
1.77432875E-07, -0.0012532908738765
1.77434828125E-07, -0.000877073562723513
1.7743678125E-07, -0.00116313499428217
1.77438734375E-07, -0.000933413248471155
1.774406875E-07, -0.00124061931025189
1.77442640625E-07, -0.00125929536729171
1.7744459375E-07, -0.00108494812330506
1.77446546875E-07, -0.00125421064204341
1.774485E-07, -0.00146351168040214
1.77450453125E-07, -0.00164040727705391
1.7745240625E-07, -0.00120712335925701
1.77454359375E-07, -0.00182205652758432
1.774563125E-07, -0.00165482821198773
1.77458265625E-07, -0.00148332383636807
1.7746021875E-07, -0.00173296003426653
1.77462171875E-07, -0.00196372170264211
1.77464125E-07, -0.00247175217840408
1.77466078125E-07, -0.00219078551415408
1.7746803125E-07, -0.00226476568366291
1.77469984375E-07, -0.00252096042710398
1.774719375E-07, -0.00226154997075781
1.77473890625E-07, -0.00277530677957437
1.7747584375E-07, -0.00238779813446981
1.77477796875E-07, -0.00276980909895705
1.7747975E-07, -0.00298644198698429
1.77481703125E-07, -0.00268309722368323
1.7748365625E-07, -0.00311651501408404
1.77485609375E-07, -0.00305087557911238
1.774875625E-07, -0.00319989028910309
1.77489515625E-07, -0.00326357408273524
1.7749146875E-07, -0.00341834923077031
1.77493421875E-07, -0.00336188894066349
1.77495375E-07, -0.00368002952619145
1.77497328125E-07, -0.00381329507726818
1.7749928125E-07, -0.00318153037026039
1.77501234375E-07, -0.00406999924014813
1.775031875E-07, -0.00383538669506328
1.77505140625E-07, -0.00401170340618886
1.7750709375E-07, -0.00427409238976272
1.77509046875E-07, -0.00426593267186969
1.77511E-07, -0.00412740341451736
1.77512953125E-07, -0.00420722456163097
1.7751490625E-07, -0.00410012277799257
1.77516859375E-07, -0.00403522222785016
1.775188125E-07, -0.00442427019586877
1.77520765625E-07, -0.00451197138540841
1.7752271875E-07, -0.00439545640057534
1.77524671875E-07, -0.00452305850699619
1.77526625E-07, -0.00440049494806131
1.77528578125E-07, -0.00462416952461426
1.7753053125E-07, -0.00468066274346126
1.77532484375E-07, -0.00437731247132163
1.775344375E-07, -0.00459285979245578
1.77536390625E-07, -0.00448719350310726
1.7753834375E-07, -0.0045512112361006
1.77540296875E-07, -0.00460406714007635
1.7754225E-07, -0.00473031341891595
1.77544203125E-07, -0.00413809264309307
1.7754615625E-07, -0.00467543783286088
1.77548109375E-07, -0.00442641989269234
1.775500625E-07, -0.00484052557731653
1.77552015625E-07, -0.00480774015373688
1.7755396875E-07, -0.00435394980909622
1.77555921875E-07, -0.00416604797409271
1.77557875E-07, -0.00404691780621514
1.77559828125E-07, -0.00439534875299442
1.7756178125E-07, -0.00425570888539551
1.77563734375E-07, -0.0042193055742124
1.775656875E-07, -0.00423045516958602
1.77567640625E-07, -0.00430636983748471
1.7756959375E-07, -0.00438148673107172
1.77571546875E-07, -0.00410933431707403
1.775735E-07, -0.00421838543990394
1.77575453125E-07, -0.00400911697457824
1.7757740625E-07, -0.00351688413962622
1.77579359375E-07, -0.00385401021254424
1.775813125E-07, -0.00386376056046466
1.77583265625E-07, -0.00371641090898236
1.7758521875E-07, -0.00372159753143922
1.77587171875E-07, -0.00371174908719861
1.77589125E-07, -0.003843481357375
1.77591078125E-07, -0.00338855685040214
1.7759303125E-07, -0.00342489849433921
1.77594984375E-07, -0.003448287759293
1.775969375E-07, -0.0034646407188247
1.77598890625E-07, -0.00348395074598005
1.7760084375E-07, -0.00347548288666612
1.77602796875E-07, -0.00322503116876525
1.7760475E-07, -0.00312089570513902
1.77606703125E-07, -0.00311006528350064
1.7760865625E-07, -0.00310915118251637
1.77610609375E-07, -0.00274347087675101
1.776125625E-07, -0.0033581762058003
1.77614515625E-07, -0.00290670489892766
1.7761646875E-07, -0.00300518998522695
1.77618421875E-07, -0.00257408684596717
1.77620375E-07, -0.00255714456567044
1.77622328125E-07, -0.00276585322690543
1.7762428125E-07, -0.00270671850522213
1.77626234375E-07, -0.00268716818657471
1.776281875E-07, -0.00268547097677021
1.77630140625E-07, -0.00242527570161576
1.7763209375E-07, -0.00248163158800692
1.77634046875E-07, -0.00261822216070992


