File Format, WaveformXYValues
Format Version, 1
Instrument, N1045A,04F,LOJ
SwVersion, A.06.71.21
SerialNumber, MY56260108
Date, 11/29/2023 14:24:20 GMT+08:00

Source Name, Channel 1A

Points, 2048
Signal Type, Unspecified
Channel Bandwidth, 2E+10
Channel Noise, 6.66857143682292E-05
X Units, Second
Y Units, Volt
Data, 
1.73636E-07, -0.00137178467752177
1.73637953125E-07, -0.00115718718085828
1.7363990625E-07, -0.00136999311741767
1.73641859375E-07, -0.00145653386166733
1.736438125E-07, -0.00139235500036311
1.73645765625E-07, -0.00129287550627402
1.7364771875E-07, -0.00117964185165522
1.73649671875E-07, -0.00126331544255241
1.73651625E-07, -0.00151299245388847
1.73653578125E-07, -0.00127748230762458
1.7365553125E-07, -0.00132822106505812
1.73657484375E-07, -0.00150357838811094
1.736594375E-07, -0.00139235104737949
1.73661390625E-07, -0.00119531197539422
1.7366334375E-07, -0.00127199682540471
1.73665296875E-07, -0.0012491952067099
1.7366725E-07, -0.00128840814550363
1.73669203125E-07, -0.00122561028893018
1.7367115625E-07, -0.00100106448284157
1.73673109375E-07, -0.00144586321312155
1.736750625E-07, -0.00166615027713305
1.73677015625E-07, -0.00134632177174112
1.7367896875E-07, -0.00132285466479622
1.73680921875E-07, -0.00149003875198996
1.73682875E-07, -0.00144219853553267
1.73684828125E-07, -0.00174506376317577
1.7368678125E-07, -0.00153263516663915
1.73688734375E-07, -0.00138694704997516
1.736906875E-07, -0.00148520042900888
1.73692640625E-07, -0.00136528071165063
1.7369459375E-07, -0.00136117505828704
1.73696546875E-07, -0.00129555179042946
1.736985E-07, -0.00147327400365305
1.73700453125E-07, -0.00152049797974802
1.7370240625E-07, -0.00138848159636407
1.73704359375E-07, -0.00149352066516743
1.737063125E-07, -0.00169234869539865
1.73708265625E-07, -0.00145781490305808
1.7371021875E-07, -0.00183185460244371
1.73712171875E-07, -0.00160205986403255
1.73714125E-07, -0.00162892538146663
1.73716078125E-07, -0.00151363439252637
1.7371803125E-07, -0.00154526131852825
1.73719984375E-07, -0.00168287271297743
1.737219375E-07, -0.00188709286481767
1.73723890625E-07, -0.0019415383110947
1.7372584375E-07, -0.00168061243048572
1.73727796875E-07, -0.00166026277686516
1.7372975E-07, -0.00164390965241066
1.73731703125E-07, -0.00161590600655725
1.7373365625E-07, -0.00180783137210979
1.73735609375E-07, -0.00167874681456895
1.737375625E-07, -0.00163684496439694
1.73739515625E-07, -0.00173520048208833
1.7374146875E-07, -0.00169848683579684
1.73743421875E-07, -0.0016386999407462
1.73745375E-07, -0.00164961030940538
1.73747328125E-07, -0.00154770012759707
1.7374928125E-07, -0.00192133352697107
1.73751234375E-07, -0.00215952055084628
1.737531875E-07, -0.00191299185782472
1.73755140625E-07, -0.0014602942026573
1.7375709375E-07, -0.00195021225512545
1.73759046875E-07, -0.00163948143705481
1.73761E-07, -0.00183541212706684
1.73762953125E-07, -0.00237698534331303
1.7376490625E-07, -0.00167332521801515
1.73766859375E-07, -0.00169766305871727
1.737688125E-07, -0.00136737930094248
1.73770765625E-07, -0.00229129979205105
1.7377271875E-07, -0.00203529055574978
1.73774671875E-07, -0.00179461879487602
1.73776625E-07, -0.00215370086818087
1.73778578125E-07, -0.0017889315490007
1.7378053125E-07, -0.00181994205336762
1.73782484375E-07, -0.00227720570870456
1.737844375E-07, -0.00201699442210502
1.73786390625E-07, -0.00201356155468962
1.7378834375E-07, -0.00200384610059308
1.73790296875E-07, -0.00191102547952553
1.7379225E-07, -0.00194078841802535
1.73794203125E-07, -0.00180109282047346
1.7379615625E-07, -0.00208871638486532
1.73798109375E-07, -0.00195518520196564
1.738000625E-07, -0.00190920412977019
1.73802015625E-07, -0.002311412994239
1.7380396875E-07, -0.00214196768987381
1.73805921875E-07, -0.00213533518045085
1.73807875E-07, -0.00201455357512731
1.73809828125E-07, -0.00236270923715862
1.7381178125E-07, -0.00223894099737441
1.73813734375E-07, -0.00210261368280559
1.738156875E-07, -0.0021911773212781
1.73817640625E-07, -0.00286966129310593
1.7381959375E-07, -0.00258371385623188
1.73821546875E-07, -0.00273633468790157
1.738235E-07, -0.0024850939415785
1.73825453125E-07, -0.00280869601669096
1.7382740625E-07, -0.00291734829485829
1.73829359375E-07, -0.00261669030851388
1.738313125E-07, -0.00233417397804488
1.73833265625E-07, -0.00271759057795247
1.7383521875E-07, -0.00255038263040485
1.73837171875E-07, -0.00285655502038888
1.73839125E-07, -0.00278432102087284
1.73841078125E-07, -0.00240486197726712
1.7384303125E-07, -0.00285811468146069
1.73844984375E-07, -0.00290473982476691
1.738469375E-07, -0.00295367273517315
1.73848890625E-07, -0.00348992813239443
1.7385084375E-07, -0.00342869995506736
1.73852796875E-07, -0.00312470902278022
1.7385475E-07, -0.00302076273734336
1.73856703125E-07, -0.0030745071486915
1.7385865625E-07, -0.00320561287745762
1.73860609375E-07, -0.00333094728979186
1.738625625E-07, -0.00359526471923637
1.73864515625E-07, -0.00324292137580238
1.7386646875E-07, -0.00351711724632615
1.73868421875E-07, -0.00371575379898765
1.73870375E-07, -0.00367494815131077
1.73872328125E-07, -0.00370856005827883
1.7387428125E-07, -0.00377486373360081
1.73876234375E-07, -0.00378204773239061
1.738781875E-07, -0.00405556846009348
1.73880140625E-07, -0.00368157385787072
1.7388209375E-07, -0.00408737149028421
1.73884046875E-07, -0.00419933179516419
1.73886E-07, -0.00418309256006221
1.73887953125E-07, -0.00386312939738565
1.7388990625E-07, -0.0044521937935191
1.73891859375E-07, -0.00447805216116067
1.738938125E-07, -0.00420993795674142
1.73895765625E-07, -0.00442350765333015
1.7389771875E-07, -0.00465262453652883
1.73899671875E-07, -0.00453949987243754
1.73901625E-07, -0.00491800213936351
1.73903578125E-07, -0.00493575853015508
1.7390553125E-07, -0.00492332304334093
1.73907484375E-07, -0.0049220490782124
1.739094375E-07, -0.00486340738053316
1.73911390625E-07, -0.00526580037740371
1.7391334375E-07, -0.0049160116331677
1.73915296875E-07, -0.00490990706267933
1.7391725E-07, -0.00514800627753454
1.73919203125E-07, -0.00497917658246067
1.7392115625E-07, -0.00513285074222349
1.73923109375E-07, -0.00494079189712571
1.739250625E-07, -0.0041594342081239
1.73927015625E-07, -0.00524213425318289
1.7392896875E-07, -0.00579095180147473
1.73930921875E-07, -0.00520494898575332
1.73932875E-07, -0.00537925068854668
1.73934828125E-07, -0.00520769954644963
1.7393678125E-07, -0.00552818707076074
1.73938734375E-07, -0.0056703731198101
1.739406875E-07, -0.00576084209688696
1.73942640625E-07, -0.00542953017209581
1.7394459375E-07, -0.00558087382930974
1.73946546875E-07, -0.00592144725165474
1.739485E-07, -0.00537788996942287
1.73950453125E-07, -0.00547576572916337
1.7395240625E-07, -0.00530961581711078
1.73954359375E-07, -0.00552707611015511
1.739563125E-07, -0.00557262985151323
1.73958265625E-07, -0.00519327166787554
1.7396021875E-07, -0.00497231873871007
1.73962171875E-07, -0.00525280492215247
1.73964125E-07, -0.00499828140556626
1.73966078125E-07, -0.00548951521252149
1.7396803125E-07, -0.00529263423951726
1.73969984375E-07, -0.00508532652089823
1.739719375E-07, -0.00497206747421777
1.73973890625E-07, -0.00490963140476459
1.7397584375E-07, -0.00472927401409311
1.73977796875E-07, -0.00503844366775245
1.7397975E-07, -0.00431410486212469
1.73981703125E-07, -0.00480937753289198
1.7398365625E-07, -0.00515158302748888
1.73985609375E-07, -0.00459204411936353
1.739875625E-07, -0.00452623322608542
1.73989515625E-07, -0.00409031764456591
1.7399146875E-07, -0.00456104532608501
1.73993421875E-07, -0.00431006123349019
1.73995375E-07, -0.00461852645197778
1.73997328125E-07, -0.00352651496439214
1.7399928125E-07, -0.00288255753733225
1.74001234375E-07, -0.00370404436634542
1.740031875E-07, -0.00323533447459318
1.74005140625E-07, -0.00369844105143462
1.7400709375E-07, -0.00196402602510937
1.74009046875E-07, -0.00205808246975272
1.74011E-07, -0.00315020930161366
1.74012953125E-07, -0.0018733991272349
1.7401490625E-07, -0.00149788449768091
1.74016859375E-07, -0.00141695073947643
1.740188125E-07, -0.0013913270512833
1.74020765625E-07, -0.00100880607325771
1.7402271875E-07, -0.00141755508066933
1.74024671875E-07, 0.000228136322617324
1.74026625E-07, -0.00117523740676262
1.74028578125E-07, -0.000433793784801284
1.7403053125E-07, 6.73591608161219E-05
1.74032484375E-07, 0.000622736653549607
1.740344375E-07, 0.00113983891462585
1.74036390625E-07, 0.000234239601746464
1.7403834375E-07, 0.00080053878129088
1.74040296875E-07, 0.00110169043039541
1.7404225E-07, 0.00131122228640538
1.74044203125E-07, 0.00311393204833889
1.7404615625E-07, 0.00275880145365451
1.74048109375E-07, 0.00293414005385375
1.740500625E-07, 0.00320755116467463
1.74052015625E-07, 0.00426781777726746
1.7405396875E-07, 0.00484806705351198
1.74055921875E-07, 0.00442759159606813
1.74057875E-07, 0.00556709131505293
1.74059828125E-07, 0.00620234794468176
1.7406178125E-07, 0.00752808275418233
1.74063734375E-07, 0.00651889931725971
1.740656875E-07, 0.00532504859621179
1.74067640625E-07, 0.00648822946927838
1.7406959375E-07, 0.00672120125209351
1.74071546875E-07, 0.00809417701504032
1.740735E-07, 0.0105875439061502
1.74075453125E-07, 0.00911095855642003
1.7407740625E-07, 0.00839933194222496
1.74079359375E-07, 0.0110216801001882
1.740813125E-07, 0.00980949864360926
1.74083265625E-07, 0.00915169283999494
1.7408521875E-07, 0.00936396123201496
1.74087171875E-07, 0.0117786587987628
1.74089125E-07, 0.0127835787844654
1.74091078125E-07, 0.0119606028224441
1.7409303125E-07, 0.0147911842988309
1.74094984375E-07, 0.0139565762229277
1.740969375E-07, 0.0149520944132113
1.74098890625E-07, 0.0139490984818354
1.7410084375E-07, 0.0173480748921385
1.74102796875E-07, 0.016386948299456
1.7410475E-07, 0.0185885509283467
1.74106703125E-07, 0.0165694227663026
1.7410865625E-07, 0.0189620032260896
1.74110609375E-07, 0.0190742177408566
1.741125625E-07, 0.0190961015541795
1.74114515625E-07, 0.0204731858969046
1.7411646875E-07, 0.0199347379152941
1.74118421875E-07, 0.0206298135832943
1.74120375E-07, 0.0206426379134738
1.74122328125E-07, 0.0218961563700898
1.7412428125E-07, 0.0224771997099747
1.74126234375E-07, 0.0226132320576331
1.741281875E-07, 0.0231313574174987
1.74130140625E-07, 0.024403257916261
1.7413209375E-07, 0.0232109422387959
1.74134046875E-07, 0.0247120883659063
1.74136E-07, 0.025077011071693
1.74137953125E-07, 0.0279285167085352
1.7413990625E-07, 0.0272677263475274
1.74141859375E-07, 0.0278211779669737
1.741438125E-07, 0.0271589044019692
1.74145765625E-07, 0.0286065566653769
1.7414771875E-07, 0.0290398985729161
1.74149671875E-07, 0.0296452680213107
1.74151625E-07, 0.0298457632393605
1.74153578125E-07, 0.0297512629281023
1.7415553125E-07, 0.0291815826166905
1.74157484375E-07, 0.0316314610092464
1.741594375E-07, 0.0311521164419208
1.74161390625E-07, 0.0311945497801106
1.7416334375E-07, 0.0309510652116682
1.74165296875E-07, 0.0318544090759582
1.7416725E-07, 0.03092103966909
1.74169203125E-07, 0.0336879093094488
1.7417115625E-07, 0.0336035412533597
1.74173109375E-07, 0.0344779875186594
1.741750625E-07, 0.0341776215168581
1.74177015625E-07, 0.0331749782901768
1.7417896875E-07, 0.0321106961027266
1.74180921875E-07, 0.0342089363782955
1.74182875E-07, 0.034154377891113
1.74184828125E-07, 0.0340490991607055
1.7418678125E-07, 0.0338899454453207
1.74188734375E-07, 0.0347093990933354
1.741906875E-07, 0.0348437015264529
1.74192640625E-07, 0.0306390686042546
1.7419459375E-07, 0.0304603681214038
1.74196546875E-07, 0.0344713911438822
1.741985E-07, 0.0338945718279561
1.74200453125E-07, 0.0322883903444419
1.7420240625E-07, 0.0305452596074044
1.74204359375E-07, 0.0340585842918423
1.742063125E-07, 0.0328573995168699
1.74208265625E-07, 0.0332780829968795
1.7421021875E-07, 0.0327523948020941
1.74212171875E-07, 0.0320419996993945
1.74214125E-07, 0.0310232235701416
1.74216078125E-07, 0.0302142217374057
1.7421803125E-07, 0.0302488441500127
1.74219984375E-07, 0.0279994399085806
1.742219375E-07, 0.0277427195811417
1.74223890625E-07, 0.0288377871566886
1.7422584375E-07, 0.0288878229399528
1.74227796875E-07, 0.0269209965746792
1.7422975E-07, 0.0258572418872166
1.74231703125E-07, 0.0275330253291519
1.7423365625E-07, 0.0256735432576457
1.74235609375E-07, 0.0257607540307447
1.742375625E-07, 0.023170504890555
1.74239515625E-07, 0.0215039933028905
1.7424146875E-07, 0.0221426040075315
1.74243421875E-07, 0.0238955618294772
1.74245375E-07, 0.0196994943958174
1.74247328125E-07, 0.0188105728572847
1.7424928125E-07, 0.0166093743098606
1.74251234375E-07, 0.0134902815644584
1.742531875E-07, 0.0150468424830465
1.74255140625E-07, 0.0117871731304406
1.7425709375E-07, 0.00703910309098528
1.74259046875E-07, 0.0118448343969705
1.74261E-07, 0.0114317274077111
1.74262953125E-07, 0.00568215118168139
1.7426490625E-07, 0.00477507025408161
1.74266859375E-07, 0.00205584486517939
1.742688125E-07, 0.0102751189681128
1.74270765625E-07, -0.00127617496607914
1.7427271875E-07, 0.00258248240525795
1.74274671875E-07, -0.00273616509685848
1.74276625E-07, -0.00645828839165649
1.74278578125E-07, -0.00371733610972894
1.7428053125E-07, -0.00369898034520275
1.74282484375E-07, -0.0153664716228662
1.742844375E-07, -0.0149301914660513
1.74286390625E-07, -0.0115333582336375
1.7428834375E-07, -0.0146383914537226
1.74290296875E-07, -0.0169588461855995
1.7429225E-07, -0.0150110251451745
1.74294203125E-07, -0.0190950195911293
1.7429615625E-07, -0.0210808370548191
1.74298109375E-07, -0.0281192931725145
1.743000625E-07, -0.0233944024973799
1.74302015625E-07, -0.0307341764479318
1.7430396875E-07, -0.025958903916375
1.74305921875E-07, -0.0319357148446842
1.74307875E-07, -0.0399529059732111
1.74309828125E-07, -0.0409572391300761
1.7431178125E-07, -0.0447480995979559
1.74313734375E-07, -0.0461780884755922
1.743156875E-07, -0.0398976925659617
1.74317640625E-07, -0.046812833287292
1.7431959375E-07, -0.0519745079787559
1.74321546875E-07, -0.0568442673206545
1.743235E-07, -0.0492453187956454
1.74325453125E-07, -0.0552335258520213
1.7432740625E-07, -0.0620963950074663
1.74329359375E-07, -0.0584809858234147
1.743313125E-07, -0.0649281451832041
1.74333265625E-07, -0.0702540535752801
1.7433521875E-07, -0.0706082788861297
1.74337171875E-07, -0.0767149635079037
1.74339125E-07, -0.0700381939330934
1.74341078125E-07, -0.0701826602278552
1.7434303125E-07, -0.0808608519256023
1.74344984375E-07, -0.0874012340465483
1.743469375E-07, -0.081686332959518
1.74348890625E-07, -0.0859277736574849
1.7435084375E-07, -0.0853011653001576
1.74352796875E-07, -0.0869360704752821
1.7435475E-07, -0.0956337906169484
1.74356703125E-07, -0.0872124409626458
1.7435865625E-07, -0.0982960950937729
1.74360609375E-07, -0.0935129273464273
1.743625625E-07, -0.0996536795890823
1.74364515625E-07, -0.101272156021466
1.7436646875E-07, -0.102117803380003
1.74368421875E-07, -0.108539511049983
1.74370375E-07, -0.0949461792182992
1.74372328125E-07, -0.111099430031709
1.7437428125E-07, -0.109280738093225
1.74376234375E-07, -0.112395304644373
1.743781875E-07, -0.111472458235206
1.74380140625E-07, -0.117832678441979
1.7438209375E-07, -0.113715973241624
1.74384046875E-07, -0.115393719662173
1.74386E-07, -0.115021414985012
1.74387953125E-07, -0.120378154946843
1.7438990625E-07, -0.12093159096463
1.74391859375E-07, -0.121966287600506
1.743938125E-07, -0.116597987349952
1.74395765625E-07, -0.114904614077086
1.7439771875E-07, -0.116710995247874
1.74399671875E-07, -0.120719909413075
1.74401625E-07, -0.107411402787484
1.74403578125E-07, -0.11880689919494
1.7440553125E-07, -0.121955276269119
1.74407484375E-07, -0.119791833957632
1.744094375E-07, -0.119480249572055
1.74411390625E-07, -0.111282685851396
1.7441334375E-07, -0.119550335151639
1.74415296875E-07, -0.112243895316208
1.7441725E-07, -0.115304158514338
1.74419203125E-07, -0.110820723952286
1.7442115625E-07, -0.10887623987939
1.74423109375E-07, -0.11012903355781
1.744250625E-07, -0.105066808922301
1.74427015625E-07, -0.1068468820672
1.7442896875E-07, -0.110614803789902
1.74430921875E-07, -0.106878139250805
1.74432875E-07, -0.0998340384387992
1.74434828125E-07, -0.0975184191676773
1.7443678125E-07, -0.101130113133203
1.74438734375E-07, -0.0971291554216352
1.744406875E-07, -0.0912389163169354
1.74442640625E-07, -0.0976724241899933
1.7444459375E-07, -0.0719492095648043
1.74446546875E-07, -0.0787534615543725
1.744485E-07, -0.0683999366981139
1.74450453125E-07, -0.0765785083863689
1.7445240625E-07, -0.0645133556095457
1.74454359375E-07, -0.0683141330791232
1.744563125E-07, -0.059200845069336
1.74458265625E-07, -0.0511365139766337
1.7446021875E-07, -0.0603966573697074
1.74462171875E-07, -0.0589804805612058
1.74464125E-07, -0.05845273707697
1.74466078125E-07, -0.0434439298684944
1.7446803125E-07, -0.0375988230436108
1.74469984375E-07, -0.03134713712311
1.744719375E-07, -0.0320884699043057
1.74473890625E-07, -0.0315288529421405
1.7447584375E-07, -0.0392931098972447
1.74477796875E-07, -0.0146202458535046
1.7447975E-07, -0.00879691593622035
1.74481703125E-07, 0.00601216344369045
1.7448365625E-07, -0.0129183843599808
1.74485609375E-07, -0.0071034932110855
1.744875625E-07, 0.00216296388208995
1.74489515625E-07, 0.00698988200603847
1.7449146875E-07, 0.00157003555395776
1.74493421875E-07, 0.02245943221349
1.74495375E-07, 0.0226481182607929
1.74497328125E-07, 0.0232873359223651
1.7449928125E-07, 0.0256891405971489
1.74501234375E-07, 0.0375222513532447
1.745031875E-07, 0.0350459429972593
1.74505140625E-07, 0.041656787943161
1.7450709375E-07, 0.0506904157781483
1.74509046875E-07, 0.0412569748186201
1.74511E-07, 0.0467873692504869
1.74512953125E-07, 0.061774191822397
1.7451490625E-07, 0.0609672942101276
1.74516859375E-07, 0.0594347174978778
1.745188125E-07, 0.0535748427065118
1.74520765625E-07, 0.0686002428552177
1.7452271875E-07, 0.0772788450192342
1.74524671875E-07, 0.0739373743401946
1.74526625E-07, 0.0825590045613024
1.74528578125E-07, 0.080247973729205
1.7453053125E-07, 0.0866166800376452
1.74532484375E-07, 0.0801239491487869
1.745344375E-07, 0.0884802114691165
1.74536390625E-07, 0.0870233272298785
1.7453834375E-07, 0.0891075196876483
1.74540296875E-07, 0.094771591613251
1.7454225E-07, 0.0941121421954061
1.74544203125E-07, 0.0931286208575516
1.7454615625E-07, 0.0913375081473906
1.74548109375E-07, 0.098093316899298
1.745500625E-07, 0.0985206296630578
1.74552015625E-07, 0.0979333317101669
1.7455396875E-07, 0.0949250506615469
1.74555921875E-07, 0.0996902020205946
1.74557875E-07, 0.100615278848676
1.74559828125E-07, 0.0967179755204007
1.7456178125E-07, 0.100048025813589
1.74563734375E-07, 0.0980744933804094
1.745656875E-07, 0.100442582710482
1.74567640625E-07, 0.0963938023407592
1.7456959375E-07, 0.0960913772736449
1.74571546875E-07, 0.0977772095364729
1.745735E-07, 0.0964102429499971
1.74575453125E-07, 0.0960008926543593
1.7457740625E-07, 0.0935702828062937
1.74579359375E-07, 0.0936579479154711
1.745813125E-07, 0.0916906838475366
1.74583265625E-07, 0.090361054129893
1.7458521875E-07, 0.0894358478566047
1.74587171875E-07, 0.0881816365474504
1.74589125E-07, 0.0888305110623843
1.74591078125E-07, 0.0845456306148698
1.7459303125E-07, 0.0751287052711122
1.74594984375E-07, 0.0770543561615736
1.745969375E-07, 0.0767388586476437
1.74598890625E-07, 0.0739029638669454
1.7460084375E-07, 0.0712386843028648
1.74602796875E-07, 0.0681831601673895
1.7460475E-07, 0.0677537266504782
1.74606703125E-07, 0.0688045687299459
1.7460865625E-07, 0.0569287975580928
1.74610609375E-07, 0.0664640357545285
1.746125625E-07, 0.064762442343047
1.74614515625E-07, 0.0611387181417118
1.7461646875E-07, 0.0558456016635853
1.74618421875E-07, 0.0523614419265337
1.74620375E-07, 0.0517809863435163
1.74622328125E-07, 0.0504429370435189
1.7462428125E-07, 0.0538858523040663
1.74626234375E-07, 0.0586914920302688
1.746281875E-07, 0.0418766381714747
1.74630140625E-07, 0.043909767199646
1.7463209375E-07, 0.0417437660480077
1.74634046875E-07, 0.0423773820036189
1.74636E-07, 0.0406460173594288
1.74637953125E-07, 0.0374470561841189
1.7463990625E-07, 0.0351312092799427
1.74641859375E-07, 0.0350752969172874
1.746438125E-07, 0.0332502799480214
1.74645765625E-07, 0.0344158094493108
1.7464771875E-07, 0.0312158367747484
1.74649671875E-07, 0.0323494332763036
1.74651625E-07, 0.0284829529120616
1.74653578125E-07, 0.027804263874434
1.7465553125E-07, 0.0268521294072713
1.74657484375E-07, 0.0239355587887451
1.746594375E-07, 0.0272058077675573
1.74661390625E-07, 0.0242600010481207
1.7466334375E-07, 0.0246649922474316
1.74665296875E-07, 0.0232350565797976
1.7466725E-07, 0.0232071978728381
1.74669203125E-07, 0.0210748511120805
1.7467115625E-07, 0.0226559465771461
1.74673109375E-07, 0.0192522999479951
1.746750625E-07, 0.0191944691237371
1.74677015625E-07, 0.0197045828033649
1.7467896875E-07, 0.0198544264087699
1.74680921875E-07, 0.0200855227689212
1.74682875E-07, 0.0188683861093813
1.74684828125E-07, 0.0190975312229614
1.7468678125E-07, 0.0196129134354738
1.74688734375E-07, 0.0186769558571743
1.746906875E-07, 0.0213653981091266
1.74692640625E-07, 0.0198592901636852
1.7469459375E-07, 0.0192489811339099
1.74696546875E-07, 0.0191424148327183
1.746985E-07, 0.0189865602651834
1.74700453125E-07, 0.0204283826979603
1.7470240625E-07, 0.0198686544073818
1.74704359375E-07, 0.0202109750197977
1.747063125E-07, 0.019152681278545
1.74708265625E-07, 0.018791032375071
1.7471021875E-07, 0.0194852905737863
1.74712171875E-07, 0.0194810439613773
1.74714125E-07, 0.0194866979209308
1.74716078125E-07, 0.020627491985423
1.7471803125E-07, 0.0202022635392458
1.74719984375E-07, 0.0202088826998375
1.747219375E-07, 0.018768136775509
1.74723890625E-07, 0.0197121210287855
1.7472584375E-07, 0.0209427553495586
1.74727796875E-07, 0.019719009693722
1.7472975E-07, 0.0197123145299407
1.74731703125E-07, 0.0189341809217175
1.7473365625E-07, 0.0184231873747465
1.74735609375E-07, 0.0187113560365726
1.747375625E-07, 0.0219008800382144
1.74739515625E-07, 0.0175232904035461
1.7474146875E-07, 0.0175087317530011
1.74743421875E-07, 0.015623644746556
1.74745375E-07, 0.0178234521319163
1.74747328125E-07, 0.0178144428095655
1.7474928125E-07, 0.0173463570719408
1.74751234375E-07, 0.0175597096247326
1.747531875E-07, 0.015056302305073
1.74755140625E-07, 0.0142449149884207
1.7475709375E-07, 0.0150322057131652
1.74759046875E-07, 0.0156487228230697
1.74761E-07, 0.0134955442055831
1.74762953125E-07, 0.0131681454537044
1.7476490625E-07, 0.0128091308723845
1.74766859375E-07, 0.0116055674925391
1.747688125E-07, 0.0130697922926502
1.74770765625E-07, 0.0117064998656765
1.7477271875E-07, 0.0109777962958509
1.74774671875E-07, 0.010990469166892
1.74776625E-07, 0.00916654965637769
1.74778578125E-07, 0.00851880757827226
1.7478053125E-07, 0.00770666390387208
1.74782484375E-07, 0.00870637646289681
1.747844375E-07, 0.00830490397763941
1.74786390625E-07, 0.00827046080072196
1.7478834375E-07, 0.00430537463126828
1.74790296875E-07, 0.00570325881810362
1.7479225E-07, 0.00589781174290971
1.74794203125E-07, 0.00491072002678029
1.7479615625E-07, 0.00512056988383454
1.74798109375E-07, 0.00119719542661036
1.748000625E-07, 0.00121480571860529
1.74802015625E-07, 0.00170139779277724
1.7480396875E-07, 0.00128767155030278
1.74805921875E-07, 0.00107349444181349
1.74807875E-07, -0.00137430140758653
1.74809828125E-07, 0.00161396557625798
1.7481178125E-07, -0.00147129222467983
1.74813734375E-07, -0.00230786081804226
1.748156875E-07, -0.00281314661491647
1.74817640625E-07, -0.00362988346701959
1.7481959375E-07, -0.0024336845121268
1.74821546875E-07, -0.00369281758567433
1.748235E-07, -0.0046909437746234
1.74825453125E-07, -0.0058703172766045
1.7482740625E-07, -0.00499287964355899
1.74829359375E-07, -0.00484619146716342
1.748313125E-07, -0.00704158925904886
1.74833265625E-07, -0.00727163661370282
1.7483521875E-07, -0.00751864024536727
1.74837171875E-07, -0.00594932600710424
1.74839125E-07, -0.00644326948473399
1.74841078125E-07, -0.0074503782232784
1.7484303125E-07, -0.00558520175374549
1.74844984375E-07, -0.00778911079394955
1.748469375E-07, -0.00773838758728291
1.74848890625E-07, -0.00879648831346283
1.7485084375E-07, -0.00803432404267286
1.74852796875E-07, -0.00883988826496106
1.7485475E-07, -0.0084125555318172
1.74856703125E-07, -0.00804173100707305
1.7485865625E-07, -0.00872153504759483
1.74860609375E-07, -0.00714831807048855
1.748625625E-07, -0.00829717381088759
1.74864515625E-07, -0.00853466130142432
1.7486646875E-07, -0.00715504443379399
1.74868421875E-07, -0.00833696748396467
1.74870375E-07, -0.00792555565355958
1.74872328125E-07, -0.00689286493182921
1.7487428125E-07, -0.00735292201955329
1.74876234375E-07, -0.00817147369083221
1.748781875E-07, -0.00736443290051757
1.74880140625E-07, -0.00654904664191778
1.7488209375E-07, -0.00664931160971878
1.74884046875E-07, -0.00646031807301752
1.74886E-07, -0.00609318726409271
1.74887953125E-07, -0.00616167370718929
1.7488990625E-07, -0.00627772635313632
1.74891859375E-07, -0.00561705895696379
1.748938125E-07, -0.00469414047409139
1.74895765625E-07, -0.00480391135114477
1.7489771875E-07, -0.0048747396468033
1.74899671875E-07, -0.00497249596209962
1.74901625E-07, -0.00554111817484295
1.74903578125E-07, -0.00399954169753924
1.7490553125E-07, -0.00290770242912889
1.74907484375E-07, -0.00323632258589793
1.749094375E-07, -0.00319826088744831
1.74911390625E-07, -0.00329725962479841
1.7491334375E-07, -0.00218983943305764
1.74915296875E-07, -0.00223930216789159
1.7491725E-07, -0.00130831607517435
1.74919203125E-07, -0.00209546913512547
1.7492115625E-07, -0.00155085081943511
1.74923109375E-07, -0.000732346280034993
1.749250625E-07, -0.000915292882312761
1.74927015625E-07, -0.00102086110997665
1.7492896875E-07, -0.0014008061656541
1.74930921875E-07, -0.000187721039746571
1.74932875E-07, -0.000795731031461557
1.74934828125E-07, 0.000191279452126452
1.7493678125E-07, 0.000446093371212253
1.74938734375E-07, 0.000435220491416223
1.749406875E-07, 0.000884367409703647
1.74942640625E-07, 0.000491281582385944
1.7494459375E-07, 0.000338518392188494
1.74946546875E-07, 0.000924761365682344
1.749485E-07, 0.00116815853997377
1.74950453125E-07, 0.00164457847849739
1.7495240625E-07, 0.00139803371636198
1.74954359375E-07, 0.00143595652078612
1.749563125E-07, 0.0016276077614559
1.74958265625E-07, 0.000741067796524727
1.7496021875E-07, 0.00136802687787031
1.74962171875E-07, 0.00177406607175738
1.74964125E-07, 0.00199163711233583
1.74966078125E-07, 0.00153933402850696
1.7496803125E-07, 0.00181608449574473
1.74969984375E-07, 0.0015133923750772
1.749719375E-07, 0.00137300923285518
1.74973890625E-07, 0.000978858258451924
1.7497584375E-07, 0.00148259835102546
1.74977796875E-07, 0.00146996271936492
1.7497975E-07, 0.00146784040233396
1.74981703125E-07, 0.000762597817870747
1.7498365625E-07, 0.000916477600522446
1.74985609375E-07, 0.00049309267315912
1.749875625E-07, 0.000932470100114934
1.74989515625E-07, 0.00126428558601049
1.7499146875E-07, 0.000829139014691176
1.74993421875E-07, -6.86252659394295E-05
1.74995375E-07, 0.000174895288248849
1.74997328125E-07, 0.000396899215744312
1.7499928125E-07, 0.000241523432079542
1.75001234375E-07, -0.000296880182155302
1.750031875E-07, 3.35423993785014E-05
1.75005140625E-07, -0.00104909481613339
1.7500709375E-07, -0.0017662109840617
1.75009046875E-07, -0.000931034141033336
1.75011E-07, -0.00173093730415068
1.75012953125E-07, -0.00149434492079647
1.7501490625E-07, -0.00130994144340286
1.75016859375E-07, -0.00236475409358651
1.750188125E-07, -0.00206379535357388
1.75020765625E-07, -0.00336628021071051
1.7502271875E-07, -0.00241237970204694
1.75024671875E-07, -0.00426987434534044
1.75026625E-07, -0.00341240558461521
1.75028578125E-07, -0.00383520004894733
1.7503053125E-07, -0.0051523268129052
1.75032484375E-07, -0.0047263058087622
1.750344375E-07, -0.00473003941472528
1.75036390625E-07, -0.00466952876834911
1.7503834375E-07, -0.00514260229082408
1.75040296875E-07, -0.0068338322733383
1.7504225E-07, -0.00691355606518209
1.75044203125E-07, -0.00617894824659524
1.7504615625E-07, -0.00693272051732604
1.75048109375E-07, -0.00729457845021452
1.750500625E-07, -0.00774617922459463
1.75052015625E-07, -0.00863328850299764
1.7505396875E-07, -0.00850116855150203
1.75055921875E-07, -0.0107112643347673
1.75057875E-07, -0.00903091435583475
1.75059828125E-07, -0.00999600943318751
1.7506178125E-07, -0.0131564448911742
1.75063734375E-07, -0.0105983021488435
1.750656875E-07, -0.0114493928979407
1.75067640625E-07, -0.0111725331348746
1.7506959375E-07, -0.0116020546199934
1.75071546875E-07, -0.0134845581530579
1.750735E-07, -0.0135748647812381
1.75075453125E-07, -0.0161235495421341
1.7507740625E-07, -0.0157696523063614
1.75079359375E-07, -0.014998104694849
1.750813125E-07, -0.0165370252472057
1.75083265625E-07, -0.0167613713553032
1.7508521875E-07, -0.0183982538691397
1.75087171875E-07, -0.0164671326662163
1.75089125E-07, -0.0181087153229735
1.75091078125E-07, -0.018923405297545
1.7509303125E-07, -0.0179731579565336
1.75094984375E-07, -0.0205160320614805
1.750969375E-07, -0.0206817972900718
1.75098890625E-07, -0.0205542630268642
1.7510084375E-07, -0.020972546182944
1.75102796875E-07, -0.0224088225374261
1.7510475E-07, -0.0226398240279099
1.75106703125E-07, -0.0223386460281675
1.7510865625E-07, -0.0255862461603619
1.75110609375E-07, -0.0248016880220234
1.751125625E-07, -0.0234851788900015
1.75114515625E-07, -0.0244483694390448
1.7511646875E-07, -0.0245569231132187
1.75118421875E-07, -0.0258697107739087
1.75120375E-07, -0.0254718553023447
1.75122328125E-07, -0.0275037482687797
1.7512428125E-07, -0.0268341486483005
1.75126234375E-07, -0.0265615083387459
1.751281875E-07, -0.0282345653552094
1.75130140625E-07, -0.0298135745586002
1.7513209375E-07, -0.0285258232556121
1.75134046875E-07, -0.0290367945003109
1.75136E-07, -0.0305373415293229
1.75137953125E-07, -0.0301288095990634
1.7513990625E-07, -0.0306387587897179
1.75141859375E-07, -0.030297295075561
1.751438125E-07, -0.03136277949851
1.75145765625E-07, -0.0311707160991097
1.7514771875E-07, -0.0296732510197992
1.75149671875E-07, -0.0305959002094848
1.75151625E-07, -0.0309597115991801
1.75153578125E-07, -0.0319133937665737
1.7515553125E-07, -0.0324795894676632
1.75157484375E-07, -0.0321532996515728
1.751594375E-07, -0.0314149841709845
1.75161390625E-07, -0.032584559077494
1.7516334375E-07, -0.0325045670776963
1.75165296875E-07, -0.0316491929606524
1.7516725E-07, -0.0315486378283634
1.75169203125E-07, -0.0327415687139292
1.7517115625E-07, -0.0326359165124972
1.75173109375E-07, -0.0327030304818178
1.751750625E-07, -0.0327851520774102
1.75177015625E-07, -0.0326383588239711
1.7517896875E-07, -0.0314185762047807
1.75180921875E-07, -0.0326462270112497
1.75182875E-07, -0.0325363648908338
1.75184828125E-07, -0.0313309600062413
1.7518678125E-07, -0.0315129026556375
1.75188734375E-07, -0.0322334065561863
1.751906875E-07, -0.0310882657519184
1.75192640625E-07, -0.0319760475197601
1.7519459375E-07, -0.0311211131509775
1.75196546875E-07, -0.0318739412482232
1.751985E-07, -0.0309497866823683
1.75200453125E-07, -0.030014104809446
1.7520240625E-07, -0.030816083669612
1.75204359375E-07, -0.02984885718164
1.752063125E-07, -0.0304096078687048
1.75208265625E-07, -0.0300166919958738
1.7521021875E-07, -0.0295785452360339
1.75212171875E-07, -0.0275416548533635
1.75214125E-07, -0.0299043578555721
1.75216078125E-07, -0.0287185132373929
1.7521803125E-07, -0.0290074604409779
1.75219984375E-07, -0.0288826552051287
1.752219375E-07, -0.0278089654646642
1.75223890625E-07, -0.0285070953457406
1.7522584375E-07, -0.026822969353153
1.75227796875E-07, -0.027962460401092
1.7522975E-07, -0.027060813961738
1.75231703125E-07, -0.0266862630715735
1.7523365625E-07, -0.0268615785540683
1.75235609375E-07, -0.0258933514017516
1.752375625E-07, -0.0263249862071507
1.75239515625E-07, -0.0262284879580473
1.7524146875E-07, -0.0242361251309018
1.75243421875E-07, -0.023719631721657
1.75245375E-07, -0.023894487831105
1.75247328125E-07, -0.0248006876532099
1.7524928125E-07, -0.0238393446211768
1.75251234375E-07, -0.0226887868834107
1.752531875E-07, -0.022664555833508
1.75255140625E-07, -0.0230084325689533
1.7525709375E-07, -0.0217188255066889
1.75259046875E-07, -0.0219603401073085
1.75261E-07, -0.0214343789249783
1.75262953125E-07, -0.0209883056289051
1.7526490625E-07, -0.0215641843532661
1.75266859375E-07, -0.0205887040793384
1.752688125E-07, -0.0207108966000647
1.75270765625E-07, -0.0189997717817075
1.7527271875E-07, -0.0191305643999034
1.75274671875E-07, -0.0183290931299428
1.75276625E-07, -0.0180043541296383
1.75278578125E-07, -0.0176850796958719
1.7528053125E-07, -0.0174532081679429
1.75282484375E-07, -0.0182714632100535
1.752844375E-07, -0.0176428986991834
1.75286390625E-07, -0.0164576826073593
1.7528834375E-07, -0.0148356181845109
1.75290296875E-07, -0.0153589874557183
1.7529225E-07, -0.0156247167025243
1.75294203125E-07, -0.015210569301499
1.7529615625E-07, -0.0139951478206521
1.75298109375E-07, -0.014454427542943
1.753000625E-07, -0.0139365578194471
1.75302015625E-07, -0.0123430885997758
1.7530396875E-07, -0.0129468819113307
1.75305921875E-07, -0.0123483172857845
1.75307875E-07, -0.0143093566741043
1.75309828125E-07, -0.0116108983775387
1.7531178125E-07, -0.0117417250724517
1.75313734375E-07, -0.0103845783028175
1.753156875E-07, -0.00880012747342535
1.75317640625E-07, -0.0102059090178825
1.7531959375E-07, -0.011066397864264
1.75321546875E-07, -0.00891754548480352
1.753235E-07, -0.00839533231599729
1.75325453125E-07, -0.0071298756327485
1.7532740625E-07, -0.00807692243070306
1.75329359375E-07, -0.00618400005152667
1.753313125E-07, -0.00631259009937526
1.75333265625E-07, -0.00708909000411792
1.7533521875E-07, -0.00573401534869953
1.75337171875E-07, -0.00608629459525327
1.75339125E-07, -0.00543521087163064
1.75341078125E-07, -0.00543989632160447
1.7534303125E-07, -0.00493403963968138
1.75344984375E-07, -0.0054974278555161
1.753469375E-07, -0.00488393922604781
1.75348890625E-07, -0.00287719862052716
1.7535084375E-07, -0.00267148357034122
1.75352796875E-07, -0.00327671094284733
1.7535475E-07, -0.00282058940874156
1.75356703125E-07, -0.00217822518176565
1.7535865625E-07, -0.00180243878896965
1.75360609375E-07, -0.00161029564565219
1.753625625E-07, -0.00203768047894445
1.75364515625E-07, 1.28931043907709E-05
1.7536646875E-07, -0.00057831977429409
1.75368421875E-07, 0.000133553805553388
1.75370375E-07, -1.17100762188022E-05
1.75372328125E-07, 0.000454716070113689
1.7537428125E-07, 5.22950179024446E-05
1.75376234375E-07, 0.0004521551806843
1.753781875E-07, 0.00109572751351377
1.75380140625E-07, 0.000831560924840448
1.7538209375E-07, 0.00159294785866722
1.75384046875E-07, 0.00176888404989279
1.75386E-07, 0.00156932224651789
1.75387953125E-07, 0.000978287443367193
1.7538990625E-07, 0.00229774585905914
1.75391859375E-07, 0.0022699493893694
1.753938125E-07, 0.00260990195454404
1.75395765625E-07, 0.00206236300360909
1.7539771875E-07, 0.00216892000188164
1.75399671875E-07, 0.00348653929708409
1.75401625E-07, 0.00293165112089287
1.75403578125E-07, 0.00334422994887017
1.7540553125E-07, 0.00309561061604965
1.75407484375E-07, 0.00325898885826302
1.754094375E-07, 0.00402769310739837
1.75411390625E-07, 0.00370669344680331
1.7541334375E-07, 0.00463255536276031
1.75415296875E-07, 0.00377093771860055
1.7541725E-07, 0.00522489783671445
1.75419203125E-07, 0.00508672382446422
1.7542115625E-07, 0.00526081963779053
1.75423109375E-07, 0.00440503347940065
1.754250625E-07, 0.00429301643805155
1.75427015625E-07, 0.00546236000801099
1.7542896875E-07, 0.00580052443151743
1.75430921875E-07, 0.00564906439998585
1.75432875E-07, 0.00619007213360838
1.75434828125E-07, 0.00683692605008281
1.7543678125E-07, 0.00640343895736423
1.75438734375E-07, 0.00603788510729565
1.754406875E-07, 0.00626923252855231
1.75442640625E-07, 0.0066416154399758
1.7544459375E-07, 0.00616181889571406
1.75446546875E-07, 0.00722101503463826
1.754485E-07, 0.00672113304888849
1.75450453125E-07, 0.00795908718293894
1.7545240625E-07, 0.00689291582438109
1.75454359375E-07, 0.00843378762344755
1.754563125E-07, 0.00852412276748723
1.75458265625E-07, 0.00803262539256455
1.7546021875E-07, 0.00860781594468375
1.75462171875E-07, 0.00942525584485032
1.75464125E-07, 0.0101472329177317
1.75466078125E-07, 0.00987572484534331
1.7546803125E-07, 0.00966373324009364
1.75469984375E-07, 0.00895509988181317
1.754719375E-07, 0.00964213940304263
1.75473890625E-07, 0.00996450941139328
1.7547584375E-07, 0.0101707719270365
1.75477796875E-07, 0.0107952437471166
1.7547975E-07, 0.0108335855799381
1.75481703125E-07, 0.0111986558130502
1.7548365625E-07, 0.0118453954116858
1.75485609375E-07, 0.0112501845047987
1.754875625E-07, 0.0114609890418354
1.75489515625E-07, 0.0124822936544868
1.7549146875E-07, 0.01253450486494
1.75493421875E-07, 0.0123183266894414
1.75495375E-07, 0.0120894981165516
1.75497328125E-07, 0.0121616077485763
1.7549928125E-07, 0.0135905383852764
1.75501234375E-07, 0.0136592388368144
1.755031875E-07, 0.0130611503857979
1.75505140625E-07, 0.0129753716349633
1.7550709375E-07, 0.0134579459925939
1.75509046875E-07, 0.0142803224881771
1.75511E-07, 0.0139273649640349
1.75512953125E-07, 0.0133827590257808
1.7551490625E-07, 0.0131228575015527
1.75516859375E-07, 0.0143775018336636
1.755188125E-07, 0.0147731236887894
1.75520765625E-07, 0.014696594555479
1.7552271875E-07, 0.0141796381981511
1.75524671875E-07, 0.0149057155941061
1.75526625E-07, 0.0145461069489105
1.75528578125E-07, 0.0142243060055911
1.7553053125E-07, 0.0141150666083463
1.75532484375E-07, 0.0144249296191171
1.755344375E-07, 0.0147874432454621
1.75536390625E-07, 0.0143007241408444
1.7553834375E-07, 0.0144290821221817
1.75540296875E-07, 0.0140969315806993
1.7554225E-07, 0.0138598216047198
1.75544203125E-07, 0.0142798635113746
1.7554615625E-07, 0.0136649473927911
1.75548109375E-07, 0.013805111813433
1.755500625E-07, 0.0134344137573571
1.75552015625E-07, 0.0136242398996724
1.7555396875E-07, 0.0142991776316367
1.75555921875E-07, 0.0132950615048996
1.75557875E-07, 0.0127712701746264
1.75559828125E-07, 0.0134075225907359
1.7556178125E-07, 0.0126091967521284
1.75563734375E-07, 0.0127903703296349
1.755656875E-07, 0.0122930761234391
1.75567640625E-07, 0.0111726806445674
1.7556959375E-07, 0.0119311335195232
1.75571546875E-07, 0.0118014453845354
1.755735E-07, 0.0113437356867122
1.75575453125E-07, 0.0116834240663195
1.7557740625E-07, 0.011550034873859
1.75579359375E-07, 0.0101895981756557
1.755813125E-07, 0.0103603530872681
1.75583265625E-07, 0.0107793888740384
1.7558521875E-07, 0.00983204037732485
1.75587171875E-07, 0.00977158001992215
1.75589125E-07, 0.00934207540894289
1.75591078125E-07, 0.00938740533019468
1.7559303125E-07, 0.00944482269720515
1.75594984375E-07, 0.00793938154723205
1.755969375E-07, 0.00798018215924353
1.75598890625E-07, 0.00782309440794528
1.7560084375E-07, 0.00707245222785756
1.75602796875E-07, 0.00801696332343093
1.7560475E-07, 0.00680766136668267
1.75606703125E-07, 0.00624338350778693
1.7560865625E-07, 0.00627608493597043
1.75610609375E-07, 0.00686841395755699
1.756125625E-07, 0.00680716436443125
1.75614515625E-07, 0.00539960246747711
1.7561646875E-07, 0.00596119664903917
1.75618421875E-07, 0.00625546678821386
1.75620375E-07, 0.00554289621695936
1.75622328125E-07, 0.00504433175134703
1.7562428125E-07, 0.00493847556492844
1.75626234375E-07, 0.00562855560734115
1.756281875E-07, 0.00522628459305931
1.75630140625E-07, 0.00476699992971741
1.7563209375E-07, 0.00496344690096699
1.75634046875E-07, 0.00426399170533284
1.75636E-07, 0.00381833894181452
1.75637953125E-07, 0.00446761028194051
1.7563990625E-07, 0.00387885143009874
1.75641859375E-07, 0.00353992688961857
1.756438125E-07, 0.00380222638736236
1.75645765625E-07, 0.00327641545495899
1.7564771875E-07, 0.00360074108509685
1.75649671875E-07, 0.0035927459851889
1.75651625E-07, 0.003580986696798
1.75653578125E-07, 0.00384147105230409
1.7565553125E-07, 0.00340900528371571
1.75657484375E-07, 0.00332921969440053
1.756594375E-07, 0.00392743768774151
1.75661390625E-07, 0.00372781639670391
1.7566334375E-07, 0.00387552991977686
1.75665296875E-07, 0.00394804010895196
1.7566725E-07, 0.00361974789019184
1.75669203125E-07, 0.00398921840064603
1.7567115625E-07, 0.00353447785232225
1.75673109375E-07, 0.00407527863677251
1.756750625E-07, 0.00368859367497783
1.75677015625E-07, 0.00407548573168359
1.7567896875E-07, 0.00388492181965594
1.75680921875E-07, 0.00441833680736583
1.75682875E-07, 0.00453934585160086
1.75684828125E-07, 0.00461892784982536
1.7568678125E-07, 0.00562647164364074
1.75688734375E-07, 0.00497051697428917
1.756906875E-07, 0.00483898007450548
1.75692640625E-07, 0.00512728196864109
1.7569459375E-07, 0.00477156849153302
1.75696546875E-07, 0.00525572032093704
1.756985E-07, 0.00499420031115207
1.75700453125E-07, 0.00628230828765495
1.7570240625E-07, 0.00585739072876679
1.75704359375E-07, 0.00560461921688934
1.757063125E-07, 0.00642623450555054
1.75708265625E-07, 0.00608595153927329
1.7571021875E-07, 0.00604905649088574
1.75712171875E-07, 0.00604063023383976
1.75714125E-07, 0.00708887060771194
1.75716078125E-07, 0.00674511563116483
1.7571803125E-07, 0.00619599504486938
1.75719984375E-07, 0.00653610845648076
1.757219375E-07, 0.0073352838388818
1.75723890625E-07, 0.00706643938041302
1.7572584375E-07, 0.00771971593435287
1.75727796875E-07, 0.00728538425606332
1.7572975E-07, 0.0076617048791931
1.75731703125E-07, 0.00735739369478377
1.7573365625E-07, 0.00780517772323588
1.75735609375E-07, 0.00744719963056426
1.757375625E-07, 0.007819680102116
1.75739515625E-07, 0.00775204087931536
1.7574146875E-07, 0.00857611069904543
1.75743421875E-07, 0.0083902252587915
1.75745375E-07, 0.00876669721875017
1.75747328125E-07, 0.00856105652844759
1.7574928125E-07, 0.00858542330765221
1.75751234375E-07, 0.00867605080136625
1.757531875E-07, 0.00874130126178745
1.75755140625E-07, 0.00877467149794935
1.7575709375E-07, 0.0097932199004824
1.75759046875E-07, 0.00910739721603048
1.75761E-07, 0.00962648883062459
1.75762953125E-07, 0.00956998442736872
1.7576490625E-07, 0.0085597982978357
1.75766859375E-07, 0.00897264699107719
1.757688125E-07, 0.00933390038716462
1.75770765625E-07, 0.00953021060659264
1.7577271875E-07, 0.00978303057292158
1.75774671875E-07, 0.0100784025897507
1.75776625E-07, 0.0101227422521428
1.75778578125E-07, 0.00967189074512488
1.7578053125E-07, 0.0100337310714722
1.75782484375E-07, 0.00976409318899646
1.757844375E-07, 0.0102698368285073
1.75786390625E-07, 0.00963565636625822
1.7578834375E-07, 0.0101866167967191
1.75790296875E-07, 0.0100716354426154
1.7579225E-07, 0.0104926144717616
1.75794203125E-07, 0.0108057424812394
1.7579615625E-07, 0.0108125788120032
1.75798109375E-07, 0.0106885549889141
1.758000625E-07, 0.0109962534335383
1.75802015625E-07, 0.0108468091488887
1.7580396875E-07, 0.0106307608972436
1.75805921875E-07, 0.0102856653608478
1.75807875E-07, 0.0110098697760078
1.75809828125E-07, 0.0110371002993349
1.7581178125E-07, 0.0114708486645034
1.75813734375E-07, 0.0108463538447901
1.758156875E-07, 0.0115202213551108
1.75817640625E-07, 0.0114031432399755
1.7581959375E-07, 0.0114875957478377
1.75821546875E-07, 0.0113764649194256
1.758235E-07, 0.0114495949660618
1.75825453125E-07, 0.0116945553634197
1.7582740625E-07, 0.0116710097954335
1.75829359375E-07, 0.0119897167244431
1.758313125E-07, 0.011877232587405
1.75833265625E-07, 0.0120422833747686
1.7583521875E-07, 0.0115442798544275
1.75837171875E-07, 0.0122006688646891
1.75839125E-07, 0.0124221941323192
1.75841078125E-07, 0.012002430881149
1.7584303125E-07, 0.0119808145907136
1.75844984375E-07, 0.0122849312641694
1.758469375E-07, 0.0120686070151452
1.75848890625E-07, 0.0127278249234662
1.7585084375E-07, 0.0126895725659016
1.75852796875E-07, 0.0125474419002243
1.7585475E-07, 0.012695554672842
1.75856703125E-07, 0.0128041346384055
1.7585865625E-07, 0.0123355649095311
1.75860609375E-07, 0.0130165665492441
1.758625625E-07, 0.0125401986637889
1.75864515625E-07, 0.0133650600802305
1.7586646875E-07, 0.0124056629345483
1.75868421875E-07, 0.0128834879337662
1.75870375E-07, 0.0130425226356679
1.75872328125E-07, 0.0131039895058667
1.7587428125E-07, 0.013210530639858
1.75876234375E-07, 0.0124858753208791
1.758781875E-07, 0.0129273890329737
1.75880140625E-07, 0.0130823083073344
1.7588209375E-07, 0.0132973664481379
1.75884046875E-07, 0.0127119928694443
1.75886E-07, 0.0130324103280483
1.75887953125E-07, 0.0129712900690148
1.7588990625E-07, 0.0131181174376401
1.75891859375E-07, 0.0119974061019151
1.758938125E-07, 0.0131101051270576
1.75895765625E-07, 0.0130839168931588
1.7589771875E-07, 0.0129792061713633
1.75899671875E-07, 0.0130058010374397
1.75901625E-07, 0.0127126811415561
1.75903578125E-07, 0.0127307436387035
1.7590553125E-07, 0.0131059301150029
1.75907484375E-07, 0.0129170756350058
1.759094375E-07, 0.0122213048247632
1.75911390625E-07, 0.0122451050960097
1.7591334375E-07, 0.0119081694984744
1.75915296875E-07, 0.0114057203287841
1.7591725E-07, 0.0118357608509889
1.75919203125E-07, 0.0118984476916337
1.7592115625E-07, 0.0104988957686226
1.75923109375E-07, 0.0117180459719974
1.759250625E-07, 0.0113952351555507
1.75927015625E-07, 0.0116159964032347
1.7592896875E-07, 0.0117470331720902
1.75930921875E-07, 0.0118939602707871
1.75932875E-07, 0.0105928656565919
1.75934828125E-07, 0.0111003229258624
1.7593678125E-07, 0.01001950955641
1.75938734375E-07, 0.00993171309040675
1.759406875E-07, 0.00804032994561255
1.75942640625E-07, 0.00935280433687288
1.7594459375E-07, 0.00877109696138531
1.75946546875E-07, 0.00861971092282043
1.759485E-07, 0.008498517985611
1.75950453125E-07, 0.00771796242367096
1.7595240625E-07, 0.00809577150788498
1.75954359375E-07, 0.0081341374150842
1.759563125E-07, 0.00662856092217029
1.75958265625E-07, 0.005744899941803
1.7596021875E-07, 0.00848939115508641
1.75962171875E-07, 0.00651318171023117
1.75964125E-07, 0.0059416182493082
1.75966078125E-07, 0.00592765793596067
1.7596803125E-07, 0.00529434549351288
1.75969984375E-07, 0.00533664307723213
1.759719375E-07, 0.00454147402624935
1.75973890625E-07, 0.00488704790726665
1.7597584375E-07, 0.00426569587955788
1.75977796875E-07, 0.00405942150657145
1.7597975E-07, 0.00160625991551553
1.75981703125E-07, 0.00140170454688032
1.7598365625E-07, 0.00289591558894418
1.75985609375E-07, 0.00139235188053555
1.759875625E-07, 0.00196494077017557
1.75989515625E-07, 0.000413423199546065
1.7599146875E-07, 5.7512197794299E-05
1.75993421875E-07, 0.00132908644201111
1.75995375E-07, -0.00056429463539726
1.75997328125E-07, -0.00179118781214545
1.7599928125E-07, -0.00214752561422133
1.76001234375E-07, -0.00229461852437462
1.760031875E-07, -0.001889920283205
1.76005140625E-07, -0.00257856145390546
1.7600709375E-07, -0.0015609841423092
1.76009046875E-07, -0.00391343576085306
1.76011E-07, -0.00313866127641239
1.76012953125E-07, -0.00385861684981814
1.7601490625E-07, -0.0047400625156456
1.76016859375E-07, -0.00545124519862977
1.760188125E-07, -0.0065165476713468
1.76020765625E-07, -0.00631307158344589
1.7602271875E-07, -0.00741749311170174
1.76024671875E-07, -0.0058494325765644
1.76026625E-07, -0.00834134431075331
1.76028578125E-07, -0.00777707197529424
1.7603053125E-07, -0.006641166375542
1.76032484375E-07, -0.00979166231537064
1.760344375E-07, -0.00914854309474838
1.76036390625E-07, -0.0102155525297325
1.7603834375E-07, -0.0103795376842789
1.76040296875E-07, -0.0105423917692824
1.7604225E-07, -0.0104647963322636
1.76044203125E-07, -0.0105045415325357
1.7604615625E-07, -0.0128255941550118
1.76048109375E-07, -0.012476272308653
1.760500625E-07, -0.0117778443145644
1.76052015625E-07, -0.012212460360341
1.7605396875E-07, -0.0122625138575717
1.76055921875E-07, -0.0131324488360334
1.76057875E-07, -0.0139635742168846
1.76059828125E-07, -0.0136176768468774
1.7606178125E-07, -0.0132490103772303
1.76063734375E-07, -0.0141457731837291
1.760656875E-07, -0.013598320619683
1.76067640625E-07, -0.0154603083990163
1.7606959375E-07, -0.0151041016376998
1.76071546875E-07, -0.0154047087957358
1.760735E-07, -0.0151873549916044
1.76075453125E-07, -0.0155257164738527
1.7607740625E-07, -0.0162090577723304
1.76079359375E-07, -0.0155652762202579
1.760813125E-07, -0.0163893692817431
1.76083265625E-07, -0.015588289300159
1.7608521875E-07, -0.0149275739002777
1.76087171875E-07, -0.0161453777191234
1.76089125E-07, -0.0161372734691636
1.76091078125E-07, -0.015881813788061
1.7609303125E-07, -0.0153082448232464
1.76094984375E-07, -0.0161820522321143
1.760969375E-07, -0.0155823687142779
1.76098890625E-07, -0.0151378227867872
1.7610084375E-07, -0.0157274875289166
1.76102796875E-07, -0.0158199558368617
1.7610475E-07, -0.0155182831547087
1.76106703125E-07, -0.0153425945488134
1.7610865625E-07, -0.0156486228881057
1.76110609375E-07, -0.015618455018817
1.761125625E-07, -0.014441402674742
1.76114515625E-07, -0.0141491096106197
1.7611646875E-07, -0.014268606119452
1.76118421875E-07, -0.0137769718990327
1.76120375E-07, -0.0141588118618043
1.76122328125E-07, -0.0133481663054482
1.7612428125E-07, -0.0137302222416418
1.76126234375E-07, -0.0126989749455651
1.761281875E-07, -0.0129610898795272
1.76130140625E-07, -0.0133478798007955
1.7613209375E-07, -0.0127954879391535
1.76134046875E-07, -0.0124747738455981
1.76136E-07, -0.0111841858023951
1.76137953125E-07, -0.0119550448006866
1.7613990625E-07, -0.0111261001152328
1.76141859375E-07, -0.0108008452236975
1.761438125E-07, -0.0107106726917918
1.76145765625E-07, -0.0107414002918459
1.7614771875E-07, -0.0100810257397917
1.76149671875E-07, -0.00963341656045678
1.76151625E-07, -0.00982871588715893
1.76153578125E-07, -0.00951484330746727
1.7615553125E-07, -0.00848825124199669
1.76157484375E-07, -0.00910970497828784
1.761594375E-07, -0.00895519397877456
1.76161390625E-07, -0.00804369507347855
1.7616334375E-07, -0.00727777786783917
1.76165296875E-07, -0.0071585731168429
1.7616725E-07, -0.00814841747155351
1.76169203125E-07, -0.00691168122971474
1.7617115625E-07, -0.0066800235976967
1.76173109375E-07, -0.00651851879017823
1.761750625E-07, -0.00659577494842252
1.76177015625E-07, -0.0059193518753962
1.7617896875E-07, -0.00615732772119721
1.76180921875E-07, -0.00637616168033499
1.76182875E-07, -0.00585062106519068
1.76184828125E-07, -0.00577201301518241
1.7618678125E-07, -0.00510584163051575
1.76188734375E-07, -0.00600339361278397
1.761906875E-07, -0.00531599868807912
1.76192640625E-07, -0.00582700764264144
1.7619459375E-07, -0.00529649811630148
1.76196546875E-07, -0.00525935737816788
1.761985E-07, -0.00536876674568484
1.76200453125E-07, -0.00522240937703619
1.7620240625E-07, -0.00587762060434707
1.76204359375E-07, -0.00555960569836327
1.762063125E-07, -0.00581160741159207
1.76208265625E-07, -0.00557986762538698
1.7621021875E-07, -0.00612313080423279
1.76212171875E-07, -0.0056432282440194
1.76214125E-07, -0.00549133474613573
1.76216078125E-07, -0.0065864827543804
1.7621803125E-07, -0.00653274024301884
1.76219984375E-07, -0.00599730214419494
1.762219375E-07, -0.00633467071628342
1.76223890625E-07, -0.00661291686273044
1.7622584375E-07, -0.00669933480793185
1.76227796875E-07, -0.00732925944381212
1.7622975E-07, -0.00677323890942477
1.76231703125E-07, -0.00736382555445445
1.7623365625E-07, -0.00762800402377411
1.76235609375E-07, -0.00726050708673385
1.762375625E-07, -0.00763595196541699
1.76239515625E-07, -0.00800914642508411
1.7624146875E-07, -0.00798136172039002
1.76243421875E-07, -0.00772808844321452
1.76245375E-07, -0.00840654667910415
1.76247328125E-07, -0.00826989449938324
1.7624928125E-07, -0.00891590100170137
1.76251234375E-07, -0.00902697310953127
1.762531875E-07, -0.00872321295301746
1.76255140625E-07, -0.00920391513784436
1.7625709375E-07, -0.00911750925832913
1.76259046875E-07, -0.00965552800743705
1.76261E-07, -0.00926425364240161
1.76262953125E-07, -0.00967431292183143
1.7626490625E-07, -0.0100455930322475
1.76266859375E-07, -0.00994812705520245
1.762688125E-07, -0.00969252701037805
1.76270765625E-07, -0.0102865752768361
1.7627271875E-07, -0.0104481259782849
1.76274671875E-07, -0.0104360150308911
1.76276625E-07, -0.0102516738499445
1.76278578125E-07, -0.0107201262878746
1.7628053125E-07, -0.0105189779194427
1.76282484375E-07, -0.0107136236622484
1.762844375E-07, -0.0105437348207106
1.76286390625E-07, -0.0108303097665325
1.7628834375E-07, -0.0108355971543525
1.76290296875E-07, -0.0106840119649617
1.7629225E-07, -0.0105354871954859
1.76294203125E-07, -0.010016520519233
1.7629615625E-07, -0.0103584328131581
1.76298109375E-07, -0.0105490893806544
1.763000625E-07, -0.0102031082219684
1.76302015625E-07, -0.0103325658852539
1.7630396875E-07, -0.0103745642709178
1.76305921875E-07, -0.0104050168743202
1.76307875E-07, -0.00965387316506235
1.76309828125E-07, -0.010005286104396
1.7631178125E-07, -0.0101810820001394
1.76313734375E-07, -0.0104320238775568
1.763156875E-07, -0.0101577422685056
1.76317640625E-07, -0.00961410712663549
1.7631959375E-07, -0.00959454310312136
1.76321546875E-07, -0.00875776148199723
1.763235E-07, -0.00930578058476748
1.76325453125E-07, -0.00934090003987191
1.7632740625E-07, -0.00843920995466523
1.76329359375E-07, -0.00871362820106482
1.763313125E-07, -0.00855311605602004
1.76333265625E-07, -0.00871808150103597
1.7633521875E-07, -0.0080867450962638
1.76337171875E-07, -0.0082782562081399
1.76339125E-07, -0.00818429370930424
1.76341078125E-07, -0.00885672530914327
1.7634303125E-07, -0.00802026808240652
1.76344984375E-07, -0.00795996469030278
1.763469375E-07, -0.00772947046576347
1.76348890625E-07, -0.00770541637292421
1.7635084375E-07, -0.00698372663073362
1.76352796875E-07, -0.0069305219644225
1.7635475E-07, -0.00705036839939375
1.76356703125E-07, -0.00694652669133933
1.7635865625E-07, -0.00673345821811436
1.76360609375E-07, -0.0065473721912195
1.763625625E-07, -0.00645227600972732
1.76364515625E-07, -0.00656704300085655
1.7636646875E-07, -0.00633014980305788
1.76368421875E-07, -0.00574643844107098
1.76370375E-07, -0.00594129188487986
1.76372328125E-07, -0.00604378922915138
1.7637428125E-07, -0.00582546010228334
1.76376234375E-07, -0.0053014358889504
1.763781875E-07, -0.00542828592471357
1.76380140625E-07, -0.00604825103661535
1.7638209375E-07, -0.00586230914895398
1.76384046875E-07, -0.00583385010768749
1.76386E-07, -0.00521875306325039
1.76387953125E-07, -0.00466196533743326
1.7638990625E-07, -0.00519235610482885
1.76391859375E-07, -0.00475983283357076
1.763938125E-07, -0.00536263338576565
1.76395765625E-07, -0.00495006250873396
1.7639771875E-07, -0.00469691288269177
1.76399671875E-07, -0.0044761426535289
1.76401625E-07, -0.00450710577891956
1.76403578125E-07, -0.00450376691980817
1.7640553125E-07, -0.00457805670449648
1.76407484375E-07, -0.00485678518568459
1.764094375E-07, -0.00423738894652348
1.76411390625E-07, -0.00437756410295588
1.7641334375E-07, -0.00427903239784522
1.76415296875E-07, -0.00440708076066381
1.7641725E-07, -0.00500711039955249
1.76419203125E-07, -0.00447199006836751
1.7642115625E-07, -0.00432298533806944
1.76423109375E-07, -0.00415034116694186
1.764250625E-07, -0.00459782253002169
1.76427015625E-07, -0.00443914314152885
1.7642896875E-07, -0.00467914072886045
1.76430921875E-07, -0.00461943232409294
1.76432875E-07, -0.00426077991050978
1.76434828125E-07, -0.00489271919099634
1.7643678125E-07, -0.00489822366701693
1.76438734375E-07, -0.00399796505204599
1.764406875E-07, -0.00445617670473076
1.76442640625E-07, -0.00430903271462522
1.7644459375E-07, -0.00476924412202759
1.76446546875E-07, -0.00404589999361083
1.764485E-07, -0.00443430927197004
1.76450453125E-07, -0.00443457842828417
1.7645240625E-07, -0.00454845083187579
1.76454359375E-07, -0.00463706887427594
1.764563125E-07, -0.00454942275152233
1.76458265625E-07, -0.0040523084775851
1.7646021875E-07, -0.00431621747948861
1.76462171875E-07, -0.0044605486313771
1.76464125E-07, -0.00453931640957542
1.76466078125E-07, -0.00443036848629785
1.7646803125E-07, -0.00532869644017717
1.76469984375E-07, -0.00429458440053498
1.764719375E-07, -0.00404646091720129
1.76473890625E-07, -0.00427500175286086
1.7647584375E-07, -0.00422440679376754
1.76477796875E-07, -0.00423190580215055
1.7647975E-07, -0.00432396021392988
1.76481703125E-07, -0.00407551655653954
1.7648365625E-07, -0.00402843481805756
1.76485609375E-07, -0.00359966788070698
1.764875625E-07, -0.00416770946555737
1.76489515625E-07, -0.0041749157422806
1.7649146875E-07, -0.00418848757424847
1.76493421875E-07, -0.00408753967363036
1.76495375E-07, -0.00397538522855486
1.76497328125E-07, -0.00392517099159602
1.7649928125E-07, -0.0040301931154204
1.76501234375E-07, -0.00388222543742565
1.765031875E-07, -0.00374910753379852
1.76505140625E-07, -0.00409146795013726
1.7650709375E-07, -0.00422518635971666
1.76509046875E-07, -0.00387249557040618
1.76511E-07, -0.0036342221525164
1.76512953125E-07, -0.00365159669973072
1.7651490625E-07, -0.00365004612158211
1.76516859375E-07, -0.00412743204399471
1.765188125E-07, -0.00371020406226902
1.76520765625E-07, -0.0034580170780712
1.7652271875E-07, -0.00344954834104871
1.76524671875E-07, -0.00330810022627696
1.76526625E-07, -0.00322818100676644
1.76528578125E-07, -0.00353174145866747
1.7653053125E-07, -0.00352656008863663
1.76532484375E-07, -0.00328117946794246
1.765344375E-07, -0.00315780779515006
1.76536390625E-07, -0.00327585665898937
1.7653834375E-07, -0.00330139988293142
1.76540296875E-07, -0.00301077159092486
1.7654225E-07, -0.00294123257282402
1.76544203125E-07, -0.00293370994082387
1.7654615625E-07, -0.00319054070002838
1.76548109375E-07, -0.00310896759413781
1.765500625E-07, -0.00317081273588211
1.76552015625E-07, -0.00317866516380665
1.7655396875E-07, -0.00311577874712002
1.76555921875E-07, -0.00316717026866961
1.76557875E-07, -0.00296396192479297
1.76559828125E-07, -0.00295133025531833
1.7656178125E-07, -0.00303351257319849
1.76563734375E-07, -0.00297566011555115
1.765656875E-07, -0.00296254128662441
1.76567640625E-07, -0.00316741191822727
1.7656959375E-07, -0.00278655278512771
1.76571546875E-07, -0.00293567200658594
1.765735E-07, -0.00314868384473987
1.76575453125E-07, -0.00292786696041625
1.7657740625E-07, -0.00297398553198313
1.76579359375E-07, -0.00291621135487788
1.765813125E-07, -0.00293282045207093
1.76583265625E-07, -0.00292438486685836
1.7658521875E-07, -0.00301712899002868
1.76587171875E-07, -0.00292506691237052
1.76589125E-07, -0.00314968162067385
1.76591078125E-07, -0.00311932975944368
1.7659303125E-07, -0.00306502080232405
1.76594984375E-07, -0.0031775964688948
1.765969375E-07, -0.00315164739683775
1.76598890625E-07, -0.0031231848082998
1.7660084375E-07, -0.00318952444468156
1.76602796875E-07, -0.00292394341009982
1.7660475E-07, -0.00320016289688204
1.76606703125E-07, -0.00309243542068608
1.7660865625E-07, -0.00309300138475161
1.76610609375E-07, -0.0030456955625087
1.766125625E-07, -0.00378831885525025
1.76614515625E-07, -0.0036526880713231
1.7661646875E-07, -0.00368580641162597
1.76618421875E-07, -0.00294086310920172
1.76620375E-07, -0.00324475827623199
1.76622328125E-07, -0.0031102246192053
1.7662428125E-07, -0.00263733116994292
1.76626234375E-07, -0.00282458157373887
1.766281875E-07, -0.00319415478011538
1.76630140625E-07, -0.00303157152994773
1.7663209375E-07, -0.00291867004031889
1.76634046875E-07, -0.00297389991346625
1.76636E-07, -0.0026346419172895
1.76637953125E-07, -0.00330230511579609
1.7663990625E-07, -0.00287794865753787
1.76641859375E-07, -0.00279138856652552
1.766438125E-07, -0.00318570496053086
1.76645765625E-07, -0.00268510373885617
1.7664771875E-07, -0.00268597871508761
1.76649671875E-07, -0.00267304001873242
1.76651625E-07, -0.00253472690762082
1.76653578125E-07, -0.00268051576151157
1.7665553125E-07, -0.00228871580211931
1.76657484375E-07, -0.00264535425604864
1.766594375E-07, -0.00245761893310076
1.76661390625E-07, -0.00242905256008495
1.7666334375E-07, -0.00262342336380356
1.76665296875E-07, -0.00230189924321082
1.7666725E-07, -0.00238108263165518
1.76669203125E-07, -0.00252015311796522
1.7667115625E-07, -0.00191130141277961
1.76673109375E-07, -0.00233704094639322
1.766750625E-07, -0.00192026409679593
1.76677015625E-07, -0.00240141510053003
1.7667896875E-07, -0.00208925328398372
1.76680921875E-07, -0.00182439284545648
1.76682875E-07, -0.00212432513954162
1.76684828125E-07, -0.00182380431114102
1.7668678125E-07, -0.00200389352274187
1.76688734375E-07, -0.00210899224005431
1.766906875E-07, -0.00205713339919443
1.76692640625E-07, -0.00228934630265473
1.7669459375E-07, -0.00192835579473728
1.76696546875E-07, -0.00181421848244609
1.766985E-07, -0.00186359261255483
1.76700453125E-07, -0.00202417618585235
1.7670240625E-07, -0.00178899304843305
1.76704359375E-07, -0.00252855617576362
1.767063125E-07, -0.00198346659979436
1.76708265625E-07, -0.00234411750841299
1.7671021875E-07, -0.00186262417034588
1.76712171875E-07, -0.0023614302932546
1.76714125E-07, -0.00220043697379181
1.76716078125E-07, -0.00209244785870534
1.7671803125E-07, -0.00186073465155857
1.76719984375E-07, -0.0024601328878259
1.767219375E-07, -0.00237769048698672
1.76723890625E-07, -0.00209722476991231
1.7672584375E-07, -0.00199855060288645
1.76727796875E-07, -0.00220736084943072
1.7672975E-07, -0.00163037327610409
1.76731703125E-07, -0.00191756265197092
1.7673365625E-07, -0.00284789234690304
1.76735609375E-07, -0.00219931889267726
1.767375625E-07, -0.00261812075130792
1.76739515625E-07, -0.00279850973007145
1.7674146875E-07, -0.00167907186072815
1.76743421875E-07, -0.00239814045420541
1.76745375E-07, -0.00265729726495345
1.76747328125E-07, -0.00241016892656399
1.7674928125E-07, -0.00266393905666687
1.76751234375E-07, -0.00259465974570444
1.767531875E-07, -0.00245957232441825
1.76755140625E-07, -0.00285167963781162
1.7675709375E-07, -0.00236990178615476
1.76759046875E-07, -0.00211883386089792
1.76761E-07, -0.00259485180472032
1.76762953125E-07, -0.00249803889293942
1.7676490625E-07, -0.00284986577398651
1.76766859375E-07, -0.00260456552674355
1.767688125E-07, -0.00263771454405874
1.76770765625E-07, -0.00254437786864194
1.7677271875E-07, -0.00239776195050856
1.76774671875E-07, -0.00198211601021121
1.76776625E-07, -0.00207206333976961
1.76778578125E-07, -0.00185976037023704
1.7678053125E-07, -0.00203840933604946
1.76782484375E-07, -0.00184451012950155
1.767844375E-07, -0.00214989606099877
1.76786390625E-07, -0.0018310183150711
1.7678834375E-07, -0.0017560619012911
1.76790296875E-07, -0.00133621272350056
1.7679225E-07, -0.00181705736668929
1.76794203125E-07, -0.00135222223375433
1.7679615625E-07, -0.00136946262159485
1.76798109375E-07, -0.00113754840574722
1.768000625E-07, -0.00044032800318056
1.76802015625E-07, -0.000508515763146148
1.7680396875E-07, -0.000696841245155546
1.76805921875E-07, 0.000209093045851229
1.76807875E-07, 0.000230182426640378
1.76809828125E-07, 0.000373798514058612
1.7681178125E-07, 0.000822465958329637
1.76813734375E-07, 0.000632403359154647
1.768156875E-07, 0.00110267926266018
1.76817640625E-07, 0.000500796614357862
1.7681959375E-07, 0.00157735161745037
1.76821546875E-07, 0.00216773855030569
1.768235E-07, 0.00202187662709073
1.76825453125E-07, 0.00235314915618593
1.7682740625E-07, 0.00234649414639609
1.76829359375E-07, 0.0026903306685607
1.768313125E-07, 0.00373823431470434
1.76833265625E-07, 0.00369066206259731
1.7683521875E-07, 0.00417199316023177
1.76837171875E-07, 0.00421371401548049
1.76839125E-07, 0.00395446987955417
1.76841078125E-07, 0.00455866319836815
1.7684303125E-07, 0.00476432981364997
1.76844984375E-07, 0.00484986552997579
1.768469375E-07, 0.00513719376184709
1.76848890625E-07, 0.00479926379228949
1.7685084375E-07, 0.00513418261534557
1.76852796875E-07, 0.00571020716261538
1.7685475E-07, 0.00541845220778476
1.76856703125E-07, 0.00632364620843925
1.7685865625E-07, 0.00533753064552548
1.76860609375E-07, 0.00608435460119636
1.768625625E-07, 0.00661895362820934
1.76864515625E-07, 0.00577540416887025
1.7686646875E-07, 0.00671875910405224
1.76868421875E-07, 0.00571448423844737
1.76870375E-07, 0.00651563511798588
1.76872328125E-07, 0.00670437155862029
1.7687428125E-07, 0.00603563064432811
1.76876234375E-07, 0.00584812454613058
1.768781875E-07, 0.00682012621518183
1.76880140625E-07, 0.00643149064101819
1.7688209375E-07, 0.00570898723413016
1.76884046875E-07, 0.00602708953555657
1.76886E-07, 0.00606830611207205
1.76887953125E-07, 0.00576391985031917
1.7688990625E-07, 0.00608308138744983
1.76891859375E-07, 0.00599808421851699
1.768938125E-07, 0.00538530492410904
1.76895765625E-07, 0.0050574920887711
1.7689771875E-07, 0.00460751863592913
1.76899671875E-07, 0.00428602791243319
1.76901625E-07, 0.00459186948195016
1.76903578125E-07, 0.00432765177581154
1.7690553125E-07, 0.00352183540529237
1.76907484375E-07, 0.00462008047407994
1.769094375E-07, 0.00311201730991031
1.76911390625E-07, 0.00279066248800278
1.7691334375E-07, 0.00280912363367349
1.76915296875E-07, 0.00300204670878124
1.7691725E-07, 0.00328960296598074
1.76919203125E-07, 0.00294537707629668
1.7692115625E-07, 0.00223328167522733
1.76923109375E-07, 0.00166937103501641
1.769250625E-07, 0.00109214072529818
1.76927015625E-07, 0.00164527223394628
1.7692896875E-07, 0.00131434961760303
1.76930921875E-07, 0.000788757881678938
1.76932875E-07, 0.000343364919150306
1.76934828125E-07, 0.000734742228919285
1.7693678125E-07, 0.000520052932221637
1.76938734375E-07, 2.67522217539087E-05
1.769406875E-07, -0.000317589495323411
1.76942640625E-07, -9.49293769711651E-05
1.7694459375E-07, -0.000388111792237277
1.76946546875E-07, -0.0011025498565956
1.769485E-07, -6.36081916378665E-05
1.76950453125E-07, -0.00110915955833142
1.7695240625E-07, -0.00102639850582743
1.76954359375E-07, -0.00136869329204144
1.769563125E-07, -0.00101595415730284
1.76958265625E-07, -0.00111995596940518
1.7696021875E-07, -0.000723103982085519
1.76962171875E-07, -0.00109529743467146
1.76964125E-07, -0.00161275679800887
1.76966078125E-07, -0.000645393057589881
1.7696803125E-07, -0.00125939281326835
1.76969984375E-07, -0.0011451657758445
1.769719375E-07, -0.00152344081466843
1.76973890625E-07, -0.00132065201632739
1.7697584375E-07, -0.00139525236640153
1.76977796875E-07, -0.00080888455065838
1.7697975E-07, -0.000959205993260884
1.76981703125E-07, -0.00149649907717573
1.7698365625E-07, -0.00140500188602498
1.76985609375E-07, -0.000920654189573308
1.769875625E-07, -0.000792010655889309
1.76989515625E-07, -0.000857227765870161
1.7699146875E-07, -0.000982900300767302
1.76993421875E-07, -0.000679180940656058
1.76995375E-07, -0.00103566982654657
1.76997328125E-07, -0.000799645257580929
1.7699928125E-07, -0.0011553898007553
1.77001234375E-07, -0.000900773540697159
1.770031875E-07, -0.000541747023683699
1.77005140625E-07, -0.000399893780446082
1.7700709375E-07, -0.000256106683340303
1.77009046875E-07, -0.000520570142176662
1.77011E-07, -0.000134202911423017
1.77012953125E-07, -2.12050804210628E-05
1.7701490625E-07, -0.000457460705861338
1.77016859375E-07, -7.52070027186473E-05
1.770188125E-07, 9.47876998871248E-05
1.77020765625E-07, 0.000345428554089727
1.7702271875E-07, 0.000304320629868055
1.77024671875E-07, 0.000176523036429413
1.77026625E-07, 0.000577479681855268
1.77028578125E-07, 0.000669555146029843
1.7703053125E-07, 0.000736398050358663
1.77032484375E-07, 0.00119788310833993
1.770344375E-07, 0.000452290877630808
1.77036390625E-07, 0.00117348701391244
1.7703834375E-07, 0.00119826748549291
1.77040296875E-07, 0.000837541441331196
1.7704225E-07, 0.00123226850622569
1.77044203125E-07, 0.0014337716181956
1.7704615625E-07, 0.00151669988222929
1.77048109375E-07, 0.00161636775129359
1.770500625E-07, 0.0016572792096331
1.77052015625E-07, 0.00195052198233739
1.7705396875E-07, 0.00186377752205428
1.77055921875E-07, 0.00164649716543228
1.77057875E-07, 0.00235244824542939
1.77059828125E-07, 0.00185312227150085
1.7706178125E-07, 0.00196219034479523
1.77063734375E-07, 0.00200106542280654
1.770656875E-07, 0.00285369484402288
1.77067640625E-07, 0.00162055833009894
1.7706959375E-07, 0.00200620966969557
1.77071546875E-07, 0.00243290484789442
1.770735E-07, 0.00239535570637117
1.77075453125E-07, 0.00288242888697877
1.7707740625E-07, 0.00256183407251447
1.77079359375E-07, 0.00300313872679153
1.770813125E-07, 0.00276566348921995
1.77083265625E-07, 0.00286227214002461
1.7708521875E-07, 0.00326699245035311
1.77087171875E-07, 0.00330079105391895
1.77089125E-07, 0.0035526249972058
1.77091078125E-07, 0.00343041227908398
1.7709303125E-07, 0.0036741190405906
1.77094984375E-07, 0.00396443350844241
1.770969375E-07, 0.00403581330169954
1.77098890625E-07, 0.00420504401235394
1.7710084375E-07, 0.00426183670178447
1.77102796875E-07, 0.00466219244557622
1.7710475E-07, 0.00445587854332645
1.77106703125E-07, 0.00472811187411174
1.7710865625E-07, 0.00450865313732035
1.77110609375E-07, 0.00462489181502
1.771125625E-07, 0.004992869190474
1.77114515625E-07, 0.00505685811326145
1.7711646875E-07, 0.00539264594615011
1.77118421875E-07, 0.00498112266762166
1.77120375E-07, 0.00545726905813308
1.77122328125E-07, 0.00549600312316484
1.7712428125E-07, 0.00561558920494316
1.77126234375E-07, 0.00614445225575972
1.771281875E-07, 0.00623961647908371
1.77130140625E-07, 0.00659971232805471
1.7713209375E-07, 0.00626510968714174
1.77134046875E-07, 0.00586599833033478
1.77136E-07, 0.00680790042393457
1.77137953125E-07, 0.00655019299725041
1.7713990625E-07, 0.00719372838332732
1.77141859375E-07, 0.00681357121453971
1.771438125E-07, 0.00668779912796755
1.77145765625E-07, 0.00722930695062507
1.7714771875E-07, 0.0070045750463955
1.77149671875E-07, 0.00706461161072539
1.77151625E-07, 0.00759403877941874
1.77153578125E-07, 0.00710346656014834
1.7715553125E-07, 0.00659706457638312
1.77157484375E-07, 0.00786841621205714
1.771594375E-07, 0.00775471915705364
1.77161390625E-07, 0.00800173085067116
1.7716334375E-07, 0.00750988481384029
1.77165296875E-07, 0.00741576918564206
1.7716725E-07, 0.00760247995343112
1.77169203125E-07, 0.00825843211513826
1.7717115625E-07, 0.0077834967776775
1.77173109375E-07, 0.00792292861341466
1.771750625E-07, 0.00800039827784574
1.77177015625E-07, 0.00817286938657222
1.7717896875E-07, 0.00819871483985465
1.77180921875E-07, 0.00824988853103087
1.77182875E-07, 0.00693116278195367
1.77184828125E-07, 0.00833318035912199
1.7718678125E-07, 0.00751597347700281
1.77188734375E-07, 0.00822292657400351
1.771906875E-07, 0.00725626450578826
1.77192640625E-07, 0.00774493186537111
1.7719459375E-07, 0.00778513742170035
1.77196546875E-07, 0.00730044346616175
1.771985E-07, 0.00710727576096071
1.77200453125E-07, 0.00776227277569047
1.7720240625E-07, 0.0071508713370469
1.77204359375E-07, 0.00744050628921223
1.772063125E-07, 0.00698841910988561
1.77208265625E-07, 0.00696884448818963
1.7721021875E-07, 0.00719645100563467
1.77212171875E-07, 0.00650347355943738
1.77214125E-07, 0.00693372124700506
1.77216078125E-07, 0.00655903402767466
1.7721803125E-07, 0.00574666856819849
1.77219984375E-07, 0.00604529818613788
1.772219375E-07, 0.00569808710296573
1.77223890625E-07, 0.00603141826540221
1.7722584375E-07, 0.00591095988743236
1.77227796875E-07, 0.00528105244893257
1.7722975E-07, 0.00553523035450439
1.77231703125E-07, 0.00509768973065008
1.7723365625E-07, 0.00514738362115864
1.77235609375E-07, 0.00553355993141886
1.772375625E-07, 0.00403010450144349
1.77239515625E-07, 0.00476881458871444
1.7724146875E-07, 0.004797567144152
1.77243421875E-07, 0.00401675077545464
1.77245375E-07, 0.00443976391593588
1.77247328125E-07, 0.00473392826861023
1.7724928125E-07, 0.00376570251330273
1.77251234375E-07, 0.00365606619479326
1.772531875E-07, 0.00365910308504959
1.77255140625E-07, 0.00302624664418695
1.7725709375E-07, 0.00349568086236762
1.77259046875E-07, 0.0031221018279776
1.77261E-07, 0.00278852242129645
1.77262953125E-07, 0.00245584638467242
1.7726490625E-07, 0.00268386908722882
1.77266859375E-07, 0.00245356561457677
1.772688125E-07, 0.00295539997194446
1.77270765625E-07, 0.00284834363924959
1.7727271875E-07, 0.00228563202635075
1.77274671875E-07, 0.0019305488008812
1.77276625E-07, 0.00240429520740988
1.77278578125E-07, 0.00212003935382088
1.7728053125E-07, 0.00224239934335724
1.77282484375E-07, 0.00168183748439409
1.772844375E-07, 0.00154043793739868
1.77286390625E-07, 0.00160620802311201
1.7728834375E-07, 0.00154830922726402
1.77290296875E-07, 0.00144856445994902
1.7729225E-07, 0.00129124886780642
1.77294203125E-07, 0.00142835144943465
1.7729615625E-07, 0.000888273984854333
1.77298109375E-07, 0.000963743294217479
1.773000625E-07, 0.000826197939710571
1.77302015625E-07, 0.000980328337604427
1.7730396875E-07, 0.000850839439838211
1.77305921875E-07, 0.00102351925174636
1.77307875E-07, 0.000754793991379488
1.77309828125E-07, 0.000850865742979162
1.7731178125E-07, 0.000413406340769276
1.77313734375E-07, 0.00057865274996805
1.773156875E-07, 0.000522806510194048
1.77317640625E-07, 0.00059703146950806
1.7731959375E-07, 0.000355172609100182
1.77321546875E-07, 0.00037935625570704
1.773235E-07, 0.000387318601155239
1.77325453125E-07, 0.00064271498678795
1.7732740625E-07, 0.000292535903907729
1.77329359375E-07, 0.000600540515819496
1.773313125E-07, 0.000633771000680409
1.77333265625E-07, 0.000372898623025981
1.7733521875E-07, 0.000354616423299718
1.77337171875E-07, 0.000386344448776704
1.77339125E-07, 9.73628223854864E-05
1.77341078125E-07, 0.000372243259430782
1.7734303125E-07, 0.00013857207751488
1.77344984375E-07, 0.000332941577409954
1.773469375E-07, 0.000344353541238502
1.77348890625E-07, 0.000211372270086784
1.7735084375E-07, 4.89348989440411E-05
1.77352796875E-07, -1.95350492713686E-06
1.7735475E-07, 6.18319230783133E-05
1.77356703125E-07, 0.000191676580930473
1.7735865625E-07, 0.000422426991478049
1.77360609375E-07, -0.000261794618930891
1.773625625E-07, 0.000326349204909805
1.77364515625E-07, -0.00012818388152106
1.7736646875E-07, 0.000282228888936034
1.77368421875E-07, -6.53897012000688E-05
1.77370375E-07, -0.000155134990726732
1.77372328125E-07, 2.70284714512792E-05
1.7737428125E-07, 0.000386039996937008
1.77376234375E-07, -2.59795287823617E-05
1.773781875E-07, -0.000217937249893868
1.77380140625E-07, -0.000400441357811327
1.7738209375E-07, -4.67117905880838E-05
1.77384046875E-07, -5.98804058232809E-05
1.77386E-07, -0.000897389350588348
1.77387953125E-07, 6.97032097717962E-05
1.7738990625E-07, -0.000124758525464795
1.77391859375E-07, 0.000313038111373257
1.773938125E-07, -0.00021711878899504
1.77395765625E-07, 5.30967354132902E-05
1.7739771875E-07, -0.000362945534486052
1.77399671875E-07, -3.50187905061203E-05
1.77401625E-07, 5.59513017724553E-05
1.77403578125E-07, -0.000270232835358015
1.7740553125E-07, -0.000516716984131538
1.77407484375E-07, -0.000346158273352253
1.774094375E-07, -0.000495562639132704
1.77411390625E-07, -0.000571600417204018
1.7741334375E-07, -0.000276485854311036
1.77415296875E-07, -0.000890858379435803
1.7741725E-07, -0.000478570833687403
1.77419203125E-07, -0.000749471034876736
1.7742115625E-07, -0.000765898423558884
1.77423109375E-07, -0.000866943075149714
1.774250625E-07, -0.000844869876235927
1.77427015625E-07, -0.000956695376604999
1.7742896875E-07, -0.000769837072027304
1.77430921875E-07, -0.000691182594342656
1.77432875E-07, -0.000801278564736029
1.77434828125E-07, -0.00149847645334837
1.7743678125E-07, -0.00110213809630094
1.77438734375E-07, -0.00103869849123637
1.774406875E-07, -0.00121767362384812
1.77442640625E-07, -0.00135304100570269
1.7744459375E-07, -0.00119413470283809
1.77446546875E-07, -0.00147116544680911
1.774485E-07, -0.00151581808328745
1.77450453125E-07, -0.00178925251991369
1.7745240625E-07, -0.00210266495212638
1.77454359375E-07, -0.00157829559422572
1.774563125E-07, -0.00173763508274556
1.77458265625E-07, -0.00192810558056632
1.7746021875E-07, -0.00267135567407049
1.77462171875E-07, -0.00146216362693536
1.77464125E-07, -0.00175118091726453
1.77466078125E-07, -0.00241187245603743
1.7746803125E-07, -0.00190343169302485
1.77469984375E-07, -0.00275877573013713
1.774719375E-07, -0.00265127039669103
1.77473890625E-07, -0.00257505281884067
1.7747584375E-07, -0.002702574463283
1.77477796875E-07, -0.00271106386821257
1.7747975E-07, -0.00275493819486801
1.77481703125E-07, -0.00309797528984431
1.7748365625E-07, -0.00308132259592937
1.77485609375E-07, -0.00288066509430507
1.774875625E-07, -0.00300154894468239
1.77489515625E-07, -0.00314815143488099
1.7749146875E-07, -0.00319998201825327
1.77493421875E-07, -0.00375720330690174
1.77495375E-07, -0.00342514083224033
1.77497328125E-07, -0.00314339984386423
1.7749928125E-07, -0.00310119038576324
1.77501234375E-07, -0.00362717055209946
1.775031875E-07, -0.00355441624332801
1.77505140625E-07, -0.00370988693099036
1.7750709375E-07, -0.00354346879687286
1.77509046875E-07, -0.00341088896585673
1.77511E-07, -0.00347246691042476
1.77512953125E-07, -0.00375042301642549
1.7751490625E-07, -0.00379042807723591
1.77516859375E-07, -0.00337525267497161
1.775188125E-07, -0.00386886774925978
1.77520765625E-07, -0.00385361879587588
1.7752271875E-07, -0.00450401639283867
1.77524671875E-07, -0.00381382319540696
1.77526625E-07, -0.00394964894175125
1.77528578125E-07, -0.00424305196124642
1.7753053125E-07, -0.0037186883708575
1.77532484375E-07, -0.003996534084268
1.775344375E-07, -0.00390124636964605
1.77536390625E-07, -0.00369938406041677
1.7753834375E-07, -0.00394474419716142
1.77540296875E-07, -0.00369048776161903
1.7754225E-07, -0.00381345834550009
1.77544203125E-07, -0.00345560190369995
1.7754615625E-07, -0.00367728892948151
1.77548109375E-07, -0.00369824733947043
1.775500625E-07, -0.0035245293552735
1.77552015625E-07, -0.0037890859996052
1.7755396875E-07, -0.00336033655086072
1.77555921875E-07, -0.00361468528720405
1.77557875E-07, -0.00340048276697943
1.77559828125E-07, -0.00338153766126032
1.7756178125E-07, -0.00323540366264057
1.77563734375E-07, -0.00291491787585188
1.775656875E-07, -0.00340771217332638
1.77567640625E-07, -0.00342737600440177
1.7756959375E-07, -0.00324576772212633
1.77571546875E-07, -0.00336348184176891
1.775735E-07, -0.00304898866572722
1.77575453125E-07, -0.00308151668812822
1.7757740625E-07, -0.00325941736119473
1.77579359375E-07, -0.00306342234284241
1.775813125E-07, -0.0029143398144102
1.77583265625E-07, -0.0030021450418964
1.7758521875E-07, -0.00266940441143121
1.77587171875E-07, -0.00293707366303385
1.77589125E-07, -0.00300330063402053
1.77591078125E-07, -0.00283887677736934
1.7759303125E-07, -0.00294232870747249
1.77594984375E-07, -0.00292860834023188
1.775969375E-07, -0.00282025810358058
1.77598890625E-07, -0.00274039991992485
1.7760084375E-07, -0.00281999741970459
1.77602796875E-07, -0.00272333358802187
1.7760475E-07, -0.00290979885423847
1.77606703125E-07, -0.0024819221717806
1.7760865625E-07, -0.00269453614349902
1.77610609375E-07, -0.00294106613247781
1.776125625E-07, -0.00289223363640781
1.77614515625E-07, -0.00258795092666291
1.7761646875E-07, -0.00287913273425466
1.77618421875E-07, -0.00276065584146316
1.77620375E-07, -0.00276063631599797
1.77622328125E-07, -0.00295708098244358
1.7762428125E-07, -0.00271076528435211
1.77626234375E-07, -0.00265099723498974
1.776281875E-07, -0.00313197317636322
1.77630140625E-07, -0.00297596604607337
1.7763209375E-07, -0.00283118203343364
1.77634046875E-07, -0.00324108377137091


