File Format, WaveformXYValues
Format Version, 1
Instrument, N1045A,04F,LOJ
SwVersion, A.06.71.21
SerialNumber, MY56260108
Date, 11/29/2023 14:25:20 GMT+08:00

Source Name, Channel 1A

Points, 2048
Signal Type, Unspecified
Channel Bandwidth, 2E+10
Channel Noise, 6.66857143682292E-05
X Units, Second
Y Units, Volt
Data, 
1.73636E-07, -0.00134011307603254
1.73637953125E-07, -0.00151884727462265
1.7363990625E-07, -0.00185790960537122
1.73641859375E-07, -0.00119970362788974
1.736438125E-07, -0.00219243179938362
1.73645765625E-07, -0.00220307534146562
1.7364771875E-07, -0.0015854515940752
1.73649671875E-07, -0.00147751946818439
1.73651625E-07, -0.00133919152726469
1.73653578125E-07, -0.00177935969027665
1.7365553125E-07, -0.00158163364237574
1.73657484375E-07, -0.00102535406275446
1.736594375E-07, -0.00116783387552983
1.73661390625E-07, -0.001835970986421
1.7366334375E-07, -0.00111952509560917
1.73665296875E-07, -0.0023765469999107
1.7366725E-07, -0.00113535167650182
1.73669203125E-07, -0.00175865355887726
1.7367115625E-07, -0.0013885827522488
1.73673109375E-07, -0.00258788107740505
1.736750625E-07, -0.0021634839759143
1.73677015625E-07, -0.00151061129716547
1.7367896875E-07, -0.00120659720129272
1.73680921875E-07, -0.0018339089004462
1.73682875E-07, -0.00187418389083052
1.73684828125E-07, -0.00179087651399519
1.7368678125E-07, -0.00193645404548201
1.73688734375E-07, -0.00179101610361745
1.736906875E-07, -0.0015051824757886
1.73692640625E-07, -0.000810920504958646
1.7369459375E-07, -0.00143827248442693
1.73696546875E-07, -0.0013664424161427
1.736985E-07, -0.00136407164883509
1.73700453125E-07, -0.00114227217861946
1.7370240625E-07, -0.00142477118229485
1.73704359375E-07, -0.00100726945319562
1.737063125E-07, -0.00196738920360157
1.73708265625E-07, -0.00125313243767101
1.7371021875E-07, -0.00161528346383585
1.73712171875E-07, -0.00224020193761533
1.73714125E-07, -0.00114449215149539
1.73716078125E-07, -0.00136264532470413
1.7371803125E-07, -0.00232988955085621
1.73719984375E-07, -0.00175532608815731
1.737219375E-07, -0.000705955524343285
1.73723890625E-07, -0.000128406746994299
1.7372584375E-07, -0.00142882340131111
1.73727796875E-07, -0.00147258389665053
1.7372975E-07, -0.00215750355270316
1.73731703125E-07, -0.000989773501226189
1.7373365625E-07, -0.00128832851725174
1.73735609375E-07, -0.00174368965642821
1.737375625E-07, -0.00218116809396495
1.73739515625E-07, -0.00178560538441139
1.7374146875E-07, -0.00181638430594106
1.73743421875E-07, -0.00190345612743089
1.73745375E-07, -0.00221203502372161
1.73747328125E-07, -0.00181753264479666
1.7374928125E-07, -0.00161327304966884
1.73751234375E-07, -0.00191469238081915
1.737531875E-07, -0.00167697538363137
1.73755140625E-07, -0.00193898303127626
1.7375709375E-07, -0.00155611693152792
1.73759046875E-07, -0.00176483880618293
1.73761E-07, -0.00232808582107215
1.73762953125E-07, -0.00141052739886186
1.7376490625E-07, -0.00197382834324168
1.73766859375E-07, -0.00145271947705038
1.737688125E-07, -0.00193469857551738
1.73770765625E-07, -0.00185878327687319
1.7377271875E-07, -0.00195287781360389
1.73774671875E-07, -0.00164415357901038
1.73776625E-07, -0.00174719723951672
1.73778578125E-07, -0.00210927108600275
1.7378053125E-07, -0.00174863980645361
1.73782484375E-07, -0.00230800707116317
1.737844375E-07, -0.0019918408819767
1.73786390625E-07, -0.00182517118067305
1.7378834375E-07, -0.00209252900303544
1.73790296875E-07, -0.00162542435135811
1.7379225E-07, -0.00195326911925431
1.73794203125E-07, -0.00221846967533037
1.7379615625E-07, -0.00163002735030818
1.73798109375E-07, -0.00221835778030873
1.738000625E-07, -0.00211527432897708
1.73802015625E-07, -0.00185170953500159
1.7380396875E-07, -0.00216177441069047
1.73805921875E-07, -0.00245695248098781
1.73807875E-07, -0.00228444485867567
1.73809828125E-07, -0.00227717072365329
1.7381178125E-07, -0.00176099930539399
1.73813734375E-07, -0.00250337389262418
1.738156875E-07, -0.00233971505269053
1.73817640625E-07, -0.00240085969668049
1.7381959375E-07, -0.00249230652438828
1.73821546875E-07, -0.00251022604331686
1.738235E-07, -0.00291088278522164
1.73825453125E-07, -0.00317311302323466
1.7382740625E-07, -0.00280434559704042
1.73829359375E-07, -0.00303055770351664
1.738313125E-07, -0.00267060131171112
1.73833265625E-07, -0.00271753591090243
1.7383521875E-07, -0.00307247788740811
1.73837171875E-07, -0.00270449929002377
1.73839125E-07, -0.00220906098437721
1.73841078125E-07, -0.00263970376727503
1.7384303125E-07, -0.00324451282120581
1.73844984375E-07, -0.00341677102375808
1.738469375E-07, -0.00290438965969187
1.73848890625E-07, -0.0028936400167793
1.7385084375E-07, -0.0030222925227961
1.73852796875E-07, -0.00301590021243639
1.7385475E-07, -0.00385444276343253
1.73856703125E-07, -0.00346178694908566
1.7385865625E-07, -0.003543714330261
1.73860609375E-07, -0.00337782250601776
1.738625625E-07, -0.00345394319339413
1.73864515625E-07, -0.00378356717846187
1.7386646875E-07, -0.00393535828438911
1.73868421875E-07, -0.00374182482949502
1.73870375E-07, -0.00408274054233153
1.73872328125E-07, -0.00386177213428196
1.7387428125E-07, -0.00352867092404878
1.73876234375E-07, -0.0042948738153936
1.738781875E-07, -0.00407798197593891
1.73880140625E-07, -0.0043999891592882
1.7388209375E-07, -0.00471475149187218
1.73884046875E-07, -0.00421339915198056
1.73886E-07, -0.00455604575292514
1.73887953125E-07, -0.00416743237277158
1.7388990625E-07, -0.00462781262806991
1.73891859375E-07, -0.00504551047288296
1.738938125E-07, -0.0045658071871002
1.73895765625E-07, -0.00410871010036031
1.7389771875E-07, -0.00493046502439635
1.73899671875E-07, -0.00403635787452175
1.73901625E-07, -0.00521086432874814
1.73903578125E-07, -0.00485570026186728
1.7390553125E-07, -0.00534070872936967
1.73907484375E-07, -0.00427872910055191
1.739094375E-07, -0.00530663570549567
1.73911390625E-07, -0.0052222659749569
1.7391334375E-07, -0.00528697383596223
1.73915296875E-07, -0.00463420648038905
1.7391725E-07, -0.00555601446986921
1.73919203125E-07, -0.00488929771057323
1.7392115625E-07, -0.00576755282555913
1.73923109375E-07, -0.00499900979987907
1.739250625E-07, -0.00449383295680177
1.73927015625E-07, -0.00550474843832363
1.7392896875E-07, -0.0061408986330629
1.73930921875E-07, -0.00561144031464462
1.73932875E-07, -0.00563254710866315
1.73934828125E-07, -0.0049936289728474
1.7393678125E-07, -0.00479731077632118
1.73938734375E-07, -0.00496192411839708
1.739406875E-07, -0.00547232350157455
1.73942640625E-07, -0.00432476669173471
1.7394459375E-07, -0.00485460483801423
1.73946546875E-07, -0.00491662075022141
1.739485E-07, -0.00548943004501259
1.73950453125E-07, -0.00528506605507808
1.7395240625E-07, -0.00480803339330566
1.73954359375E-07, -0.0054673500604909
1.739563125E-07, -0.00542683719227504
1.73958265625E-07, -0.00448286863409605
1.7396021875E-07, -0.00496141362672665
1.73962171875E-07, -0.00533758561995849
1.73964125E-07, -0.00500292747431866
1.73966078125E-07, -0.00464257561455585
1.7396803125E-07, -0.00509237594625193
1.73969984375E-07, -0.00410332364136776
1.739719375E-07, -0.00566659200149039
1.73973890625E-07, -0.00493368035168706
1.7397584375E-07, -0.00444657235196182
1.73977796875E-07, -0.00381209572657079
1.7397975E-07, -0.00412525654951611
1.73981703125E-07, -0.00438784352228267
1.7398365625E-07, -0.00485168865621265
1.73985609375E-07, -0.00349765236354003
1.739875625E-07, -0.00436608232223878
1.73989515625E-07, -0.00385638234153408
1.7399146875E-07, -0.00335364580905849
1.73993421875E-07, -0.00215744686513295
1.73995375E-07, -0.00270413899247435
1.73997328125E-07, -0.002412882407044
1.7399928125E-07, -0.00201905820563504
1.74001234375E-07, -0.00250882838021455
1.740031875E-07, -0.00266673097721676
1.74005140625E-07, -0.00210544002528089
1.7400709375E-07, -0.0021229322300494
1.74009046875E-07, -0.00178363307228702
1.74011E-07, -0.00118790853879285
1.74012953125E-07, -0.00141416266155942
1.7401490625E-07, -0.000441101792997521
1.74016859375E-07, -0.000691269031992027
1.740188125E-07, -0.000301476974575663
1.74020765625E-07, 0.000352835709560898
1.7402271875E-07, 0.000808556931900609
1.74024671875E-07, 4.14688729606248E-05
1.74026625E-07, 0.000972538039866489
1.74028578125E-07, 0.000665230853242366
1.7403053125E-07, 0.00322661748395049
1.74032484375E-07, 0.00174484509936233
1.740344375E-07, 0.00206821502375987
1.74036390625E-07, 0.00368832648978387
1.7403834375E-07, 0.00258937161839517
1.74040296875E-07, 0.00310900812504599
1.7404225E-07, 0.00377136694186939
1.74044203125E-07, 0.00383704901119813
1.7404615625E-07, 0.00604235002241739
1.74048109375E-07, 0.00507243193794383
1.740500625E-07, 0.00559015593803685
1.74052015625E-07, 0.00455797862405918
1.7405396875E-07, 0.00457937722552937
1.74055921875E-07, 0.00755845466744516
1.74057875E-07, 0.00804705155840415
1.74059828125E-07, 0.00609550504968055
1.7406178125E-07, 0.00714290307551985
1.74063734375E-07, 0.00773174931997839
1.740656875E-07, 0.0101517419028824
1.74067640625E-07, 0.00938587062825164
1.7406959375E-07, 0.00879189345453995
1.74071546875E-07, 0.0102400050997154
1.740735E-07, 0.00989045537480939
1.74075453125E-07, 0.0128033760687081
1.7407740625E-07, 0.0128128945344598
1.74079359375E-07, 0.011280927449549
1.740813125E-07, 0.0141819681734457
1.74083265625E-07, 0.0119981875432634
1.7408521875E-07, 0.0150695727451802
1.74087171875E-07, 0.0135507910222375
1.74089125E-07, 0.0140566169991438
1.74091078125E-07, 0.0155964485773478
1.7409303125E-07, 0.0168753204781543
1.74094984375E-07, 0.0178131072098683
1.740969375E-07, 0.0157038314602342
1.74098890625E-07, 0.0184925851461867
1.7410084375E-07, 0.0192283397121831
1.74102796875E-07, 0.0193880628410178
1.7410475E-07, 0.0190249229221984
1.74106703125E-07, 0.0199446497669565
1.7410865625E-07, 0.0223111575849871
1.74110609375E-07, 0.0225495333968404
1.741125625E-07, 0.0222603120238818
1.74114515625E-07, 0.0210503709409888
1.7411646875E-07, 0.0224433128369256
1.74118421875E-07, 0.0234975813238021
1.74120375E-07, 0.0252556740055187
1.74122328125E-07, 0.0239955741941272
1.7412428125E-07, 0.0237667714937822
1.74126234375E-07, 0.0245296249996548
1.741281875E-07, 0.0232604023166036
1.74130140625E-07, 0.0270007738975719
1.7413209375E-07, 0.0267107572831988
1.74134046875E-07, 0.0269396181061824
1.74136E-07, 0.0291855284974881
1.74137953125E-07, 0.0283745731377726
1.7413990625E-07, 0.0288811449126565
1.74141859375E-07, 0.0284700818778658
1.741438125E-07, 0.0287439499374624
1.74145765625E-07, 0.0302926087630628
1.7414771875E-07, 0.030992699876766
1.74149671875E-07, 0.0265254225465202
1.74151625E-07, 0.0315333884206222
1.74153578125E-07, 0.0313422596533253
1.7415553125E-07, 0.0324785580485086
1.74157484375E-07, 0.0323269382511468
1.741594375E-07, 0.0330303039608979
1.74161390625E-07, 0.0328261526778194
1.7416334375E-07, 0.0335864611712346
1.74165296875E-07, 0.0343372188961745
1.7416725E-07, 0.0335387043756319
1.74169203125E-07, 0.0326623294726433
1.7417115625E-07, 0.034387230819341
1.74173109375E-07, 0.0330670340958415
1.741750625E-07, 0.0336132513494411
1.74177015625E-07, 0.0342916440912934
1.7417896875E-07, 0.0345050394805974
1.74180921875E-07, 0.0348071166553028
1.74182875E-07, 0.0336100613136475
1.74184828125E-07, 0.034228882296288
1.7418678125E-07, 0.0344742479558592
1.74188734375E-07, 0.0338990558331833
1.741906875E-07, 0.0335908090738765
1.74192640625E-07, 0.0334618780135251
1.7419459375E-07, 0.0339780150947858
1.74196546875E-07, 0.0326664008166972
1.741985E-07, 0.032198889015644
1.74200453125E-07, 0.0314765194157581
1.7420240625E-07, 0.033383264902059
1.74204359375E-07, 0.0324611267334772
1.742063125E-07, 0.0305335416297753
1.74208265625E-07, 0.03072051274331
1.7421021875E-07, 0.0262051526985965
1.74212171875E-07, 0.0294123954066945
1.74214125E-07, 0.0315586950756227
1.74216078125E-07, 0.0264203548589603
1.7421803125E-07, 0.0296242461514815
1.74219984375E-07, 0.0258933850512626
1.742219375E-07, 0.0121503656558126
1.74223890625E-07, 0.026076133938358
1.7422584375E-07, 0.0226936037694313
1.74227796875E-07, 0.0204762966934399
1.7422975E-07, 0.0166298834394998
1.74231703125E-07, 0.0177748858337559
1.7423365625E-07, 0.0190275279539329
1.74235609375E-07, 0.0163934323937196
1.742375625E-07, 0.0179461352645864
1.74239515625E-07, 0.0173943488172702
1.7424146875E-07, 0.0162614957447838
1.74243421875E-07, 0.0115503537142877
1.74245375E-07, 0.0090994674752778
1.74247328125E-07, 0.0103418776423306
1.7424928125E-07, 0.0102140354301016
1.74251234375E-07, 0.00679687685234716
1.742531875E-07, 0.00649240539775198
1.74255140625E-07, 0.00928653553108049
1.7425709375E-07, 0.00743673769840995
1.74259046875E-07, 0.00073255542131723
1.74261E-07, 0.00141605046968219
1.74262953125E-07, 0.00297991243692943
1.7426490625E-07, -0.00197673958535448
1.74266859375E-07, -0.00809473755706557
1.742688125E-07, -0.0115532769566478
1.74270765625E-07, -0.00546401255655756
1.7427271875E-07, -0.00907146588674685
1.74274671875E-07, -0.00877547759610851
1.74276625E-07, -0.0139267900646679
1.74278578125E-07, -0.0160944301814282
1.7428053125E-07, -0.0192101540112908
1.74282484375E-07, -0.0223240966079777
1.742844375E-07, -0.0147220521834727
1.74286390625E-07, -0.0241821649764383
1.7428834375E-07, -0.0260899852033458
1.74290296875E-07, -0.027900437422172
1.7429225E-07, -0.0274874881059819
1.74294203125E-07, -0.0313893212754317
1.7429615625E-07, -0.0372224735457084
1.74298109375E-07, -0.0404669403028944
1.743000625E-07, -0.0410160797777185
1.74302015625E-07, -0.0401436299754153
1.7430396875E-07, -0.0382884895245923
1.74305921875E-07, -0.0466677362041353
1.74307875E-07, -0.0459951102527091
1.74309828125E-07, -0.0528256296118438
1.7431178125E-07, -0.05276218827391
1.74313734375E-07, -0.0566140397119744
1.743156875E-07, -0.0647448455645401
1.74317640625E-07, -0.0561417431192428
1.7431959375E-07, -0.05847018990744
1.74321546875E-07, -0.065872258648218
1.743235E-07, -0.061994638480469
1.74325453125E-07, -0.0750182760391099
1.7432740625E-07, -0.0708875651871062
1.74329359375E-07, -0.0753350671589984
1.743313125E-07, -0.0819323627178208
1.74333265625E-07, -0.0747157875684555
1.7433521875E-07, -0.077511464592745
1.74337171875E-07, -0.0765682763253484
1.74339125E-07, -0.0896776909194422
1.74341078125E-07, -0.0942340124953653
1.7434303125E-07, -0.0782386630423552
1.74344984375E-07, -0.0957882854026201
1.743469375E-07, -0.0935377057001998
1.74348890625E-07, -0.0960299142030412
1.7435084375E-07, -0.1007065172051
1.74352796875E-07, -0.0929324456116158
1.7435475E-07, -0.0974702437058526
1.74356703125E-07, -0.104080178852009
1.7435865625E-07, -0.105654742634914
1.74360609375E-07, -0.112893227653234
1.743625625E-07, -0.106178610500946
1.74364515625E-07, -0.109701134474276
1.7436646875E-07, -0.113852727130339
1.74368421875E-07, -0.112615015407137
1.74370375E-07, -0.118409843520583
1.74372328125E-07, -0.11600782153547
1.7437428125E-07, -0.114748065326111
1.74376234375E-07, -0.117176863744054
1.743781875E-07, -0.119117247590336
1.74380140625E-07, -0.118943917102362
1.7438209375E-07, -0.120143207006464
1.74384046875E-07, -0.119978323642708
1.74386E-07, -0.122460089309555
1.74387953125E-07, -0.112998005836571
1.7438990625E-07, -0.118078754992024
1.74391859375E-07, -0.119995761188468
1.743938125E-07, -0.121107803733663
1.74395765625E-07, -0.113429596452109
1.7439771875E-07, -0.120266649704964
1.74399671875E-07, -0.121334762166767
1.74401625E-07, -0.116910508608241
1.74403578125E-07, -0.116019993886246
1.7440553125E-07, -0.116569020076157
1.74407484375E-07, -0.113805481763088
1.744094375E-07, -0.111235561621205
1.74411390625E-07, -0.109820569669284
1.7441334375E-07, -0.114542973382407
1.74415296875E-07, -0.10176730032969
1.7441725E-07, -0.10851304656386
1.74419203125E-07, -0.101033280592037
1.7442115625E-07, -0.0958342509812853
1.74423109375E-07, -0.093915190410173
1.744250625E-07, -0.0986514728017181
1.74427015625E-07, -0.100447295235735
1.7442896875E-07, -0.0965991395369261
1.74430921875E-07, -0.0908308754411727
1.74432875E-07, -0.0817119367641042
1.74434828125E-07, -0.0880945577061288
1.7443678125E-07, -0.0799945093165413
1.74438734375E-07, -0.0763741662830373
1.744406875E-07, -0.0698916873063572
1.74442640625E-07, -0.0763985941924271
1.7444459375E-07, -0.0628100800755094
1.74446546875E-07, -0.0608754067314333
1.744485E-07, -0.0611277169319439
1.74450453125E-07, -0.0592014718345173
1.7445240625E-07, -0.0563859280919339
1.74454359375E-07, -0.0553607850453163
1.744563125E-07, -0.0372948315887562
1.74458265625E-07, -0.0371245126110626
1.7446021875E-07, -0.0331696016337339
1.74462171875E-07, -0.0339933689347424
1.74464125E-07, -0.0299587766888016
1.74466078125E-07, -0.016968495469787
1.7446803125E-07, -0.0261257900367895
1.74469984375E-07, -0.0164405407527357
1.744719375E-07, -0.0106390741003821
1.74473890625E-07, -0.00503972773573946
1.7447584375E-07, 0.00438643021972095
1.74477796875E-07, -0.00950251016949377
1.7447975E-07, 0.0106930168880767
1.74481703125E-07, 0.00643061518779048
1.7448365625E-07, 0.0215431203792185
1.74485609375E-07, 0.0244598540173115
1.744875625E-07, 0.0138896737133567
1.74489515625E-07, 0.0324122859045843
1.7449146875E-07, 0.0456943342011786
1.74493421875E-07, 0.0330631148223029
1.74495375E-07, 0.0446114420524377
1.74497328125E-07, 0.0417124823427495
1.7449928125E-07, 0.0522413314487262
1.74501234375E-07, 0.0565778918537102
1.745031875E-07, 0.044970498214071
1.74505140625E-07, 0.0625048937045128
1.7450709375E-07, 0.0602538142103688
1.74509046875E-07, 0.0671756833469822
1.74511E-07, 0.0789151791951973
1.74512953125E-07, 0.0701206654280652
1.7451490625E-07, 0.0796237602433122
1.74516859375E-07, 0.0753680076502934
1.745188125E-07, 0.0775219189640607
1.74520765625E-07, 0.0900737341418359
1.7452271875E-07, 0.0812666074115769
1.74524671875E-07, 0.0891977392288788
1.74526625E-07, 0.088491435560783
1.74528578125E-07, 0.0952917030868368
1.7453053125E-07, 0.0949360715227537
1.74532484375E-07, 0.0932647006584071
1.745344375E-07, 0.0961725865867828
1.74536390625E-07, 0.0979707715040005
1.7453834375E-07, 0.0960703157530397
1.74540296875E-07, 0.0993256567472373
1.7454225E-07, 0.101121697754279
1.74544203125E-07, 0.0944921957909978
1.7454615625E-07, 0.097484789566355
1.74548109375E-07, 0.0922100288776085
1.745500625E-07, 0.0978766030062369
1.74552015625E-07, 0.084392720735201
1.7455396875E-07, 0.0978584410043989
1.74555921875E-07, 0.0962856549564224
1.74557875E-07, 0.0984822783617924
1.74559828125E-07, 0.0954873578236163
1.7456178125E-07, 0.0945894902675636
1.74563734375E-07, 0.0970214606448466
1.745656875E-07, 0.091173634306395
1.74567640625E-07, 0.0881641699589017
1.7456959375E-07, 0.0935291204773879
1.74571546875E-07, 0.0824640164214153
1.745735E-07, 0.0856186812260211
1.74575453125E-07, 0.0869034752232595
1.7457740625E-07, 0.0820673912211774
1.74579359375E-07, 0.0854919886746615
1.745813125E-07, 0.0810358213987486
1.74583265625E-07, 0.0824145911077693
1.7458521875E-07, 0.0843296174465891
1.74587171875E-07, 0.0748410426052635
1.74589125E-07, 0.0722948562551423
1.74591078125E-07, 0.0715341380812665
1.7459303125E-07, 0.0673863234233102
1.74594984375E-07, 0.0731589139467468
1.745969375E-07, 0.0678600819312325
1.74598890625E-07, 0.0634138713501395
1.7460084375E-07, 0.0586108427100112
1.74602796875E-07, 0.0631248425870645
1.7460475E-07, 0.0649849522559451
1.74606703125E-07, 0.0595059749424499
1.7460865625E-07, 0.0559039778672807
1.74610609375E-07, 0.0515253004804853
1.746125625E-07, 0.0494512857404961
1.74614515625E-07, 0.0541685324188409
1.7461646875E-07, 0.0475998139636557
1.74618421875E-07, 0.0454093819499419
1.74620375E-07, 0.0403004295070926
1.74622328125E-07, 0.0433009895275143
1.7462428125E-07, 0.0373246045769231
1.74626234375E-07, 0.0365437567420615
1.746281875E-07, 0.0394681536791564
1.74630140625E-07, 0.0404255352994187
1.7463209375E-07, 0.0339822905244539
1.74634046875E-07, 0.030230094815826
1.74636E-07, 0.0289735884596394
1.74637953125E-07, 0.0405755758232216
1.7463990625E-07, 0.0341672618092286
1.74641859375E-07, 0.0282692278266048
1.746438125E-07, 0.0305842518859909
1.74645765625E-07, 0.0297718712713331
1.7464771875E-07, 0.0261710023852314
1.74649671875E-07, 0.0280493138102948
1.74651625E-07, 0.0229936805739138
1.74653578125E-07, 0.0267428182627286
1.7465553125E-07, 0.0217911385411582
1.74657484375E-07, 0.0241028105209407
1.746594375E-07, 0.0228460747044397
1.74661390625E-07, 0.0199418328250251
1.7466334375E-07, 0.0216187755098001
1.74665296875E-07, 0.0225826315877934
1.7466725E-07, 0.0211184138246544
1.74669203125E-07, 0.0206217400196838
1.7467115625E-07, 0.020090929413084
1.74673109375E-07, 0.0201008934296487
1.746750625E-07, 0.0194872788414344
1.74677015625E-07, 0.0178637959368855
1.7467896875E-07, 0.0198935168629273
1.74680921875E-07, 0.0192199437132218
1.74682875E-07, 0.0194802619011408
1.74684828125E-07, 0.0196393017946481
1.7468678125E-07, 0.0187511750357922
1.74688734375E-07, 0.0194798504401492
1.746906875E-07, 0.0196814360531083
1.74692640625E-07, 0.019972976839252
1.7469459375E-07, 0.0196237847675803
1.74696546875E-07, 0.019542934336166
1.746985E-07, 0.0196092542512943
1.74700453125E-07, 0.0193057338872028
1.7470240625E-07, 0.0211824776211785
1.74704359375E-07, 0.0196696299142682
1.747063125E-07, 0.0198009604911111
1.74708265625E-07, 0.0209555988194456
1.7471021875E-07, 0.0200621763391294
1.74712171875E-07, 0.0200590698370733
1.74714125E-07, 0.0195813701851524
1.74716078125E-07, 0.0198968902344773
1.7471803125E-07, 0.019128966139579
1.74719984375E-07, 0.0183009130338936
1.747219375E-07, 0.017924646206903
1.74723890625E-07, 0.017171513667412
1.7472584375E-07, 0.018623005241705
1.74727796875E-07, 0.0188703299056743
1.7472975E-07, 0.0195668452285451
1.74731703125E-07, 0.0172475228389204
1.7473365625E-07, 0.0165057972428555
1.74735609375E-07, 0.0174317650082474
1.747375625E-07, 0.0180151516234121
1.74739515625E-07, 0.0184381043145996
1.7474146875E-07, 0.0167637741539747
1.74743421875E-07, 0.0158826534237608
1.74745375E-07, 0.015553963751958
1.74747328125E-07, 0.0136869715699285
1.7474928125E-07, 0.0146176014494439
1.74751234375E-07, 0.0139385873568044
1.747531875E-07, 0.0150421282811416
1.74755140625E-07, 0.015196626239921
1.7475709375E-07, 0.0138550508160796
1.74759046875E-07, 0.0112043682769683
1.74761E-07, 0.0112498191768587
1.74762953125E-07, 0.0120020340947895
1.7476490625E-07, 0.0116485301578606
1.74766859375E-07, 0.00905470600640148
1.747688125E-07, 0.00948124449708886
1.74770765625E-07, 0.00740079083480436
1.7477271875E-07, 0.00922531045498835
1.74774671875E-07, 0.00719583996701486
1.74776625E-07, 0.00682589269090298
1.74778578125E-07, 0.00493157716653142
1.7478053125E-07, 0.00380897023988692
1.74782484375E-07, 0.00389430772436039
1.747844375E-07, 0.00528838993095356
1.74786390625E-07, 0.00337533806484276
1.7478834375E-07, 0.00301109557765219
1.74790296875E-07, 0.000538575379543786
1.7479225E-07, 0.00106792194670525
1.74794203125E-07, 0.00147435114805885
1.7479615625E-07, -0.00210163228366908
1.74798109375E-07, 0.000846475847886486
1.748000625E-07, -0.000745742780042983
1.74802015625E-07, -0.000878454380021844
1.7480396875E-07, -0.00247366876643025
1.74805921875E-07, -0.00388620287658013
1.74807875E-07, -0.00140073440496728
1.74809828125E-07, -0.00426750354812614
1.7481178125E-07, -0.00310446597792767
1.74813734375E-07, -0.00368896998571133
1.748156875E-07, -0.00571612782338041
1.74817640625E-07, -0.00385086024087033
1.7481959375E-07, -0.0066613565114419
1.74821546875E-07, -0.0063154733656151
1.748235E-07, -0.00592809692781374
1.74825453125E-07, -0.00701667484400194
1.7482740625E-07, -0.00641941453389879
1.74829359375E-07, -0.00689502966857005
1.748313125E-07, -0.007636539433532
1.74833265625E-07, -0.00696571751560329
1.7483521875E-07, -0.00843140247457728
1.74837171875E-07, -0.00765091677593231
1.74839125E-07, -0.00638315047276125
1.74841078125E-07, -0.00812270317221146
1.7484303125E-07, -0.00809560594872649
1.74844984375E-07, -0.00860660147969622
1.748469375E-07, -0.00835881659400067
1.74848890625E-07, -0.00783978214616121
1.7485084375E-07, -0.0085190146892574
1.74852796875E-07, -0.0078786779914329
1.7485475E-07, -0.00772754246621687
1.74856703125E-07, -0.00821143277487384
1.7485865625E-07, -0.00728011657216985
1.74860609375E-07, -0.00620590355665725
1.748625625E-07, -0.00744664204788969
1.74864515625E-07, -0.00772639958403908
1.7486646875E-07, -0.00736694260906061
1.74868421875E-07, -0.00716063957076077
1.74870375E-07, -0.00704656430391515
1.74872328125E-07, -0.00622608438007972
1.7487428125E-07, -0.00561420154962853
1.74876234375E-07, -0.0066603087546461
1.748781875E-07, -0.00544202380673433
1.74880140625E-07, -0.0063835389497118
1.7488209375E-07, -0.00551375619082731
1.74884046875E-07, -0.00512661010428531
1.74886E-07, -0.00529992237388014
1.74887953125E-07, -0.00412293896217466
1.7488990625E-07, -0.0047796864088129
1.74891859375E-07, -0.00333874329970866
1.748938125E-07, -0.00386719878051226
1.74895765625E-07, -0.00356891537374511
1.7489771875E-07, -0.00298831454842936
1.74899671875E-07, -0.00390327083030618
1.74901625E-07, -0.0024429235570115
1.74903578125E-07, -0.002256370254545
1.7490553125E-07, -0.00123060444938772
1.74907484375E-07, -0.00203849672186533
1.749094375E-07, -0.00124557238985916
1.74911390625E-07, -0.000691524381070946
1.7491334375E-07, -0.00207174062519958
1.74915296875E-07, -0.00124901364928323
1.7491725E-07, -0.00134971826542837
1.74919203125E-07, -0.00101686589981859
1.7492115625E-07, -0.000838348937109041
1.74923109375E-07, 0.000173392295800704
1.749250625E-07, 0.000588417278749427
1.74927015625E-07, 0.000149047402837849
1.7492896875E-07, 0.000616228877627128
1.74930921875E-07, 0.000658287803992451
1.74932875E-07, 0.00144945699866137
1.74934828125E-07, 0.000225500293300793
1.7493678125E-07, 0.00104374789969099
1.74938734375E-07, 0.00162928283608484
1.749406875E-07, 0.000783581461175568
1.74942640625E-07, 8.66438486628258E-05
1.7494459375E-07, 0.00102909713690259
1.74946546875E-07, 0.00176274336000269
1.749485E-07, 0.00125588491018365
1.74950453125E-07, 0.00174788295873118
1.7495240625E-07, 0.00171788945122227
1.74954359375E-07, 0.00244734719735269
1.749563125E-07, 0.000923443228998916
1.74958265625E-07, 0.00163417633010188
1.7496021875E-07, 0.00147686325758715
1.74962171875E-07, 0.00216427510251799
1.74964125E-07, 0.000919015320404116
1.74966078125E-07, 0.00126043070247102
1.7496803125E-07, 0.00154002241834598
1.74969984375E-07, 0.00102399778257432
1.749719375E-07, 0.0019014336011754
1.74973890625E-07, 0.000497793128538384
1.7497584375E-07, 0.000861162198459554
1.74977796875E-07, 0.000735805843190708
1.7497975E-07, 0.000319404075029575
1.74981703125E-07, 0.000883206302413727
1.7498365625E-07, 0.00109607323088131
1.74985609375E-07, 0.000759084575524389
1.749875625E-07, -0.000337471631715682
1.74989515625E-07, 0.000446944097166711
1.7499146875E-07, -0.000463007543889728
1.74993421875E-07, -0.000250198644683484
1.74995375E-07, -0.000256531760957684
1.74997328125E-07, -0.000894407550769618
1.7499928125E-07, -0.000704735009152809
1.75001234375E-07, -0.000958327947299038
1.750031875E-07, -0.00162725306554735
1.75005140625E-07, -0.00281460490656397
1.7500709375E-07, -0.002177974509134
1.75009046875E-07, -0.00247754700676817
1.75011E-07, -0.00389858599626613
1.75012953125E-07, -0.00344691591159038
1.7501490625E-07, -0.00215952182157691
1.75016859375E-07, -0.00394093080204616
1.750188125E-07, -0.0029117005309287
1.75020765625E-07, -0.0036557091243937
1.7502271875E-07, -0.00477656502153603
1.75024671875E-07, -0.00489971294678003
1.75026625E-07, -0.00565024254077014
1.75028578125E-07, -0.00439814949611795
1.7503053125E-07, -0.00635930695362996
1.75032484375E-07, -0.00663922803790941
1.750344375E-07, -0.00593245203861122
1.75036390625E-07, -0.00810561822922503
1.7503834375E-07, -0.00653974142099479
1.75040296875E-07, -0.00711794517119657
1.7504225E-07, -0.00968454196798802
1.75044203125E-07, -0.00839043621452397
1.7504615625E-07, -0.00888496963864808
1.75048109375E-07, -0.00997589875143794
1.750500625E-07, -0.00851629090478057
1.75052015625E-07, -0.0122421826519072
1.7505396875E-07, -0.0118021721885635
1.75055921875E-07, -0.00994500537522428
1.75057875E-07, -0.0128804102321211
1.75059828125E-07, -0.00987742826135868
1.7506178125E-07, -0.0139959527913318
1.75063734375E-07, -0.0126685604177366
1.750656875E-07, -0.0129646718403666
1.75067640625E-07, -0.0149767895712122
1.7506959375E-07, -0.0143625439782134
1.75071546875E-07, -0.0159328033243494
1.750735E-07, -0.015972805961801
1.75075453125E-07, -0.0157983268541127
1.7507740625E-07, -0.0175755618127793
1.75079359375E-07, -0.0189051018992131
1.750813125E-07, -0.0169900015521879
1.75083265625E-07, -0.0188709609758176
1.7508521875E-07, -0.019329086390872
1.75087171875E-07, -0.0204444017682983
1.75089125E-07, -0.0220590188457362
1.75091078125E-07, -0.0204671868255231
1.7509303125E-07, -0.0204349704893622
1.75094984375E-07, -0.0232005563504935
1.750969375E-07, -0.0236866738309047
1.75098890625E-07, -0.0227084497471879
1.7510084375E-07, -0.0231984410555214
1.75102796875E-07, -0.0241510434263588
1.7510475E-07, -0.0248026871252759
1.75106703125E-07, -0.0260123278682248
1.7510865625E-07, -0.025942739010057
1.75110609375E-07, -0.0266263444409587
1.751125625E-07, -0.0266483051821461
1.75114515625E-07, -0.0273084418161745
1.7511646875E-07, -0.0279339010820499
1.75118421875E-07, -0.0257948681047981
1.75120375E-07, -0.0279349298409695
1.75122328125E-07, -0.0286613036014812
1.7512428125E-07, -0.0280964190340044
1.75126234375E-07, -0.0300851926137591
1.751281875E-07, -0.0299253889141265
1.75130140625E-07, -0.029352095626866
1.7513209375E-07, -0.0306309406515555
1.75134046875E-07, -0.0298684775956948
1.75136E-07, -0.0300667045875975
1.75137953125E-07, -0.0305068765964733
1.7513990625E-07, -0.0315115597770836
1.75141859375E-07, -0.0314162243200622
1.751438125E-07, -0.0319892659322856
1.75145765625E-07, -0.0315980653861886
1.7514771875E-07, -0.0323897184354996
1.75149671875E-07, -0.0317399880525807
1.75151625E-07, -0.0329259385573937
1.75153578125E-07, -0.0319407967507182
1.7515553125E-07, -0.0323981972314676
1.75157484375E-07, -0.0321433567631189
1.751594375E-07, -0.032199731413093
1.75161390625E-07, -0.032647848060169
1.7516334375E-07, -0.032730243812825
1.75165296875E-07, -0.0325045314775532
1.7516725E-07, -0.0317091927304547
1.75169203125E-07, -0.0326393590231896
1.7517115625E-07, -0.0320121427802557
1.75173109375E-07, -0.0325704806882155
1.751750625E-07, -0.031104073007738
1.75177015625E-07, -0.0317092404563061
1.7517896875E-07, -0.0320063571549939
1.75180921875E-07, -0.0318431375713753
1.75182875E-07, -0.0311936587913876
1.75184828125E-07, -0.032159048541806
1.7518678125E-07, -0.0312826366242416
1.75188734375E-07, -0.0308203261854046
1.751906875E-07, -0.0293605801513645
1.75192640625E-07, -0.030355179176604
1.7519459375E-07, -0.0302152305449021
1.75196546875E-07, -0.0293010146112426
1.751985E-07, -0.0296695739182417
1.75200453125E-07, -0.0286181150982361
1.7520240625E-07, -0.0289070190651249
1.75204359375E-07, -0.0285292662105433
1.752063125E-07, -0.0286980025035627
1.75208265625E-07, -0.0280386714346409
1.7521021875E-07, -0.0280086724629103
1.75212171875E-07, -0.0293972795981709
1.75214125E-07, -0.027309377394433
1.75216078125E-07, -0.0278009722357029
1.7521803125E-07, -0.0263350201015842
1.75219984375E-07, -0.0260615819124166
1.752219375E-07, -0.0256835325860615
1.75223890625E-07, -0.0272452918114997
1.7522584375E-07, -0.024599800357462
1.75227796875E-07, -0.0258977551809512
1.7522975E-07, -0.024712972619649
1.75231703125E-07, -0.0239438952734172
1.7523365625E-07, -0.0257701672873959
1.75235609375E-07, -0.024173443518827
1.752375625E-07, -0.0210450212036197
1.75239515625E-07, -0.0237344695044522
1.7524146875E-07, -0.0226858152563419
1.75243421875E-07, -0.0244365346793113
1.75245375E-07, -0.0244134089069303
1.75247328125E-07, -0.0210371119506227
1.7524928125E-07, -0.0210692737508174
1.75251234375E-07, -0.0215950833324672
1.752531875E-07, -0.0214601885979774
1.75255140625E-07, -0.0224155293895339
1.7525709375E-07, -0.0200155336884581
1.75259046875E-07, -0.0199803303462934
1.75261E-07, -0.0191785841558004
1.75262953125E-07, -0.0191609041278864
1.7526490625E-07, -0.0191043700715046
1.75266859375E-07, -0.0180042806079503
1.752688125E-07, -0.0176498544609058
1.75270765625E-07, -0.0181879840328089
1.7527271875E-07, -0.017136576650214
1.75274671875E-07, -0.0169826297411539
1.75276625E-07, -0.0165060596203199
1.75278578125E-07, -0.0164338814015957
1.7528053125E-07, -0.0154212999167876
1.75282484375E-07, -0.0150469224833654
1.752844375E-07, -0.0147303145932812
1.75286390625E-07, -0.0133316606828836
1.7528834375E-07, -0.0145023939962227
1.75290296875E-07, -0.014475843919016
1.7529225E-07, -0.0140076100833311
1.75294203125E-07, -0.0129464082934564
1.7529615625E-07, -0.01148976965651
1.75298109375E-07, -0.012277410413039
1.753000625E-07, -0.0117250981741358
1.75302015625E-07, -0.00892386481525859
1.7530396875E-07, -0.0107442067467095
1.75305921875E-07, -0.010208289428073
1.75307875E-07, -0.0103275684805843
1.75309828125E-07, -0.00959849334963569
1.7531178125E-07, -0.00959214140341315
1.75313734375E-07, -0.00872265706650623
1.753156875E-07, -0.00799360891276679
1.75317640625E-07, -0.00892856252446475
1.7531959375E-07, -0.00715361481099888
1.75321546875E-07, -0.00798202127224367
1.753235E-07, -0.00800569102324455
1.75325453125E-07, -0.0058076811899018
1.7532740625E-07, -0.00543259512835158
1.75329359375E-07, -0.00508120759916116
1.753313125E-07, -0.00310003551825014
1.75333265625E-07, -0.00607745594864481
1.7533521875E-07, -0.00376374549562477
1.75337171875E-07, -0.00292358241973475
1.75339125E-07, -0.00320024693105795
1.75341078125E-07, -0.00316854791443592
1.7534303125E-07, -0.00286614770764047
1.75344984375E-07, -0.00296385557950349
1.753469375E-07, -0.0016025350634228
1.75348890625E-07, -0.0034309555108756
1.7535084375E-07, -0.00078763045427083
1.75352796875E-07, -0.0012613903955251
1.7535475E-07, -0.000894611534331879
1.75356703125E-07, -0.00181503259570414
1.7535865625E-07, -0.000686315733863901
1.75360609375E-07, 0.000161133609865135
1.753625625E-07, 0.000662631446635227
1.75364515625E-07, -0.000583059448358084
1.7536646875E-07, 0.000977625310081054
1.75368421875E-07, 0.000489641365386426
1.75370375E-07, -0.000324407025189161
1.75372328125E-07, 0.00194221387118438
1.7537428125E-07, 0.00173855412166829
1.75376234375E-07, 0.000266170235818522
1.753781875E-07, 0.00117509087453587
1.75380140625E-07, 0.00254487503599181
1.7538209375E-07, 0.00244885934843069
1.75384046875E-07, 0.00090303748583535
1.75386E-07, 0.00274047585843146
1.75387953125E-07, 0.00272560551391234
1.7538990625E-07, 0.00346381683717751
1.75391859375E-07, 0.00307902911073657
1.753938125E-07, 0.00287607741988918
1.75395765625E-07, 0.00309350531300036
1.7539771875E-07, 0.00378390505108389
1.75399671875E-07, 0.00376432952790901
1.75401625E-07, 0.00398540962148914
1.75403578125E-07, 0.00451579764070092
1.7540553125E-07, 0.0041543609093351
1.75407484375E-07, 0.00501229424379451
1.754094375E-07, 0.00381201765685471
1.75411390625E-07, 0.00464046342178815
1.7541334375E-07, 0.00474802052260342
1.75415296875E-07, 0.00604521232415306
1.7541725E-07, 0.0050593420469096
1.75419203125E-07, 0.00592083045323414
1.7542115625E-07, 0.00541030833660289
1.75423109375E-07, 0.00563480150465544
1.754250625E-07, 0.00614112151577335
1.75427015625E-07, 0.00668124000304667
1.7542896875E-07, 0.00723736093196461
1.75430921875E-07, 0.00700715051011249
1.75432875E-07, 0.00687819389556391
1.75434828125E-07, 0.0062818907496301
1.7543678125E-07, 0.00710768329753943
1.75438734375E-07, 0.0077244122562029
1.754406875E-07, 0.00763998621862335
1.75442640625E-07, 0.0081065640601604
1.7544459375E-07, 0.00781109992222855
1.75446546875E-07, 0.00914405113155057
1.754485E-07, 0.00816176101124068
1.75450453125E-07, 0.00966452068637679
1.7545240625E-07, 0.00929395573091854
1.75454359375E-07, 0.00949438120354554
1.754563125E-07, 0.00951478581980076
1.75458265625E-07, 0.00961982466271167
1.7546021875E-07, 0.0104594344506229
1.75462171875E-07, 0.0100502671781321
1.75464125E-07, 0.0112610295403875
1.75466078125E-07, 0.0102812725170242
1.7546803125E-07, 0.0107630413746919
1.75469984375E-07, 0.0110828342150534
1.754719375E-07, 0.0112100567976081
1.75473890625E-07, 0.0106216730183466
1.7547584375E-07, 0.0112725144876218
1.75477796875E-07, 0.0119432206669131
1.7547975E-07, 0.0119954363483294
1.75481703125E-07, 0.0121779895888155
1.7548365625E-07, 0.0121107949151759
1.75485609375E-07, 0.0131181729162702
1.754875625E-07, 0.0133167746159529
1.75489515625E-07, 0.0127500172204232
1.7549146875E-07, 0.013451648596095
1.75493421875E-07, 0.0135110448689456
1.75495375E-07, 0.0134171676329541
1.75497328125E-07, 0.0143681872118427
1.7549928125E-07, 0.013776640779807
1.75501234375E-07, 0.0136100628948668
1.755031875E-07, 0.0147694764142606
1.75505140625E-07, 0.0146800606579755
1.7550709375E-07, 0.0143414976376463
1.75509046875E-07, 0.0144066637096898
1.75511E-07, 0.0151348592945819
1.75512953125E-07, 0.013687036665142
1.7551490625E-07, 0.0139890635045953
1.75516859375E-07, 0.0148826704443664
1.755188125E-07, 0.0139378933361117
1.75520765625E-07, 0.014303688356202
1.7552271875E-07, 0.0147226046677609
1.75524671875E-07, 0.0148451023351491
1.75526625E-07, 0.0146881888454389
1.75528578125E-07, 0.0135753758862793
1.7553053125E-07, 0.0149391412660145
1.75532484375E-07, 0.0141007831761018
1.755344375E-07, 0.013329791109262
1.75536390625E-07, 0.0142017583778729
1.7553834375E-07, 0.0136970050363999
1.75540296875E-07, 0.013809848569415
1.7554225E-07, 0.0130090326126759
1.75544203125E-07, 0.0135469814453096
1.7554615625E-07, 0.0137371260207299
1.75548109375E-07, 0.0131702966222401
1.755500625E-07, 0.013309927540512
1.75552015625E-07, 0.0125284491694525
1.7555396875E-07, 0.0128390171250983
1.75555921875E-07, 0.0125965524872248
1.75557875E-07, 0.0122118883347187
1.75559828125E-07, 0.0114096741767831
1.7556178125E-07, 0.011699195569632
1.75563734375E-07, 0.0109983376676917
1.755656875E-07, 0.0112407192404554
1.75567640625E-07, 0.0110280687153707
1.7556959375E-07, 0.011061269449911
1.75571546875E-07, 0.0109492911029604
1.755735E-07, 0.0102280012486777
1.75575453125E-07, 0.0101473907929544
1.7557740625E-07, 0.00930950879351227
1.75579359375E-07, 0.00938957308069753
1.755813125E-07, 0.00896026870610593
1.75583265625E-07, 0.0095946009140533
1.7558521875E-07, 0.00846660171394191
1.75587171875E-07, 0.0077271989384093
1.75589125E-07, 0.0085843899309448
1.75591078125E-07, 0.00736875179827055
1.7559303125E-07, 0.00654730423221632
1.75594984375E-07, 0.00686316705325507
1.755969375E-07, 0.00644415616478318
1.75598890625E-07, 0.00680583028867232
1.7560084375E-07, 0.00652890158382437
1.75602796875E-07, 0.00540212282559352
1.7560475E-07, 0.00615909397737251
1.75606703125E-07, 0.00536489467600833
1.7560865625E-07, 0.00494069651573559
1.75610609375E-07, 0.00672027790622002
1.756125625E-07, 0.0042360719748793
1.75614515625E-07, 0.00533590776591324
1.7561646875E-07, 0.00452127716740594
1.75618421875E-07, 0.00613902338199768
1.75620375E-07, 0.00448808040386485
1.75622328125E-07, 0.00437395401118797
1.7562428125E-07, 0.0038218201160469
1.75626234375E-07, 0.0037612884260223
1.756281875E-07, 0.00390643567872981
1.75630140625E-07, 0.00372357844623552
1.7563209375E-07, 0.0038565776755101
1.75634046875E-07, 0.0045158814973624
1.75636E-07, 0.00326266174594167
1.75637953125E-07, 0.00338407508707751
1.7563990625E-07, 0.00361460535449496
1.75641859375E-07, 0.00321406425331929
1.756438125E-07, 0.00403169986595475
1.75645765625E-07, 0.00351492093658185
1.7564771875E-07, 0.00369937977651384
1.75649671875E-07, 0.00317533058099135
1.75651625E-07, 0.00323268736999566
1.75653578125E-07, 0.00458561796613334
1.7565553125E-07, 0.00291728642982311
1.75657484375E-07, 0.00358201301396345
1.756594375E-07, 0.00323923860721742
1.75661390625E-07, 0.00402548020747558
1.7566334375E-07, 0.00334018461940508
1.75665296875E-07, 0.00393933919348909
1.7566725E-07, 0.00446045511527576
1.75669203125E-07, 0.00384923043558285
1.7567115625E-07, 0.00358492582578031
1.75673109375E-07, 0.00511046013292132
1.756750625E-07, 0.00335585167060942
1.75677015625E-07, 0.00471753653761222
1.7567896875E-07, 0.0050834576797392
1.75680921875E-07, 0.00462516673989749
1.75682875E-07, 0.00610174288293023
1.75684828125E-07, 0.0039499388435034
1.7568678125E-07, 0.00514018362311807
1.75688734375E-07, 0.00521009098719607
1.756906875E-07, 0.00507710828391895
1.75692640625E-07, 0.00538123647933316
1.7569459375E-07, 0.00557977851276161
1.75696546875E-07, 0.00613041968489995
1.756985E-07, 0.0057251293371483
1.75700453125E-07, 0.00568443889501252
1.7570240625E-07, 0.00686242257432469
1.75704359375E-07, 0.00589624439311619
1.757063125E-07, 0.00642347643877229
1.75708265625E-07, 0.00720285864624536
1.7571021875E-07, 0.00676887370311843
1.75712171875E-07, 0.00633660139918963
1.75714125E-07, 0.00758835958774125
1.75716078125E-07, 0.00735479401142581
1.7571803125E-07, 0.0082090394581019
1.75719984375E-07, 0.00720494523753385
1.757219375E-07, 0.00789772000423606
1.75723890625E-07, 0.00759859771161688
1.7572584375E-07, 0.00769555090907081
1.75727796875E-07, 0.00788144604528121
1.7572975E-07, 0.008185875530431
1.75731703125E-07, 0.00867705665071184
1.7573365625E-07, 0.00917376820063311
1.75735609375E-07, 0.00820114420082508
1.757375625E-07, 0.00857764280381601
1.75739515625E-07, 0.00842184866290184
1.7574146875E-07, 0.00847179787463148
1.75743421875E-07, 0.00813082206042163
1.75745375E-07, 0.00925955341278274
1.75747328125E-07, 0.00853163028079683
1.7574928125E-07, 0.00902158478040105
1.75751234375E-07, 0.0094524504646211
1.757531875E-07, 0.00942301792921304
1.75755140625E-07, 0.00941615114092372
1.7575709375E-07, 0.0103784894519813
1.75759046875E-07, 0.00943239642937806
1.75761E-07, 0.00952519589093368
1.75762953125E-07, 0.0101164939819587
1.7576490625E-07, 0.0101656254779187
1.75766859375E-07, 0.00994844502622062
1.757688125E-07, 0.0104623428566234
1.75770765625E-07, 0.010728618265384
1.7577271875E-07, 0.0101010713573674
1.75774671875E-07, 0.0104059538267392
1.75776625E-07, 0.00998711089109883
1.75778578125E-07, 0.011829760343898
1.7578053125E-07, 0.0116591156395496
1.75782484375E-07, 0.0110474713733186
1.757844375E-07, 0.0104502240936508
1.75786390625E-07, 0.010517232240045
1.7578834375E-07, 0.00971688321296122
1.75790296875E-07, 0.0103636707929548
1.7579225E-07, 0.0113513902106216
1.75794203125E-07, 0.0103635777260861
1.7579615625E-07, 0.0118221609406646
1.75798109375E-07, 0.0114470349526779
1.758000625E-07, 0.0114542367794469
1.75802015625E-07, 0.0114205756575318
1.7580396875E-07, 0.0110464035327064
1.75805921875E-07, 0.0116966373805076
1.75807875E-07, 0.0114181946670912
1.75809828125E-07, 0.0130903303872022
1.7581178125E-07, 0.0118271868204872
1.75813734375E-07, 0.0116770531222497
1.758156875E-07, 0.0114267104323388
1.75817640625E-07, 0.0121746971071492
1.7581959375E-07, 0.0106970142156652
1.75821546875E-07, 0.0121716909835786
1.758235E-07, 0.0122239502778893
1.75825453125E-07, 0.0124980541931068
1.7582740625E-07, 0.0126068445027398
1.75829359375E-07, 0.0128963609291574
1.758313125E-07, 0.0126334382493889
1.75833265625E-07, 0.0126780550612043
1.7583521875E-07, 0.0118282745096655
1.75837171875E-07, 0.0130622018869723
1.75839125E-07, 0.0124767432308528
1.75841078125E-07, 0.0135600255135874
1.7584303125E-07, 0.0130459849700204
1.75844984375E-07, 0.0123549969015586
1.758469375E-07, 0.0127008627316313
1.75848890625E-07, 0.0132204237704207
1.7585084375E-07, 0.0139444874622569
1.75852796875E-07, 0.0130674421374483
1.7585475E-07, 0.0128253336377864
1.75856703125E-07, 0.0129809708503186
1.7585865625E-07, 0.0138450043349509
1.75860609375E-07, 0.013272021865262
1.758625625E-07, 0.0131868238096423
1.75864515625E-07, 0.012578990286659
1.7586646875E-07, 0.0136338351409589
1.75868421875E-07, 0.0138561430684821
1.75870375E-07, 0.0143343936848064
1.75872328125E-07, 0.0134955352481101
1.7587428125E-07, 0.0136409057463148
1.75876234375E-07, 0.0133053054486494
1.758781875E-07, 0.0128472204380228
1.75880140625E-07, 0.0136578626571963
1.7588209375E-07, 0.0136142940092131
1.75884046875E-07, 0.0126312054620216
1.75886E-07, 0.0136781757290915
1.75887953125E-07, 0.0127544708957422
1.7588990625E-07, 0.012441104182424
1.75891859375E-07, 0.0128577005147701
1.758938125E-07, 0.0122943649069636
1.75895765625E-07, 0.0132143761290441
1.7589771875E-07, 0.0124604409205602
1.75899671875E-07, 0.0135016475708256
1.75901625E-07, 0.0125029503371113
1.75903578125E-07, 0.0126979526612544
1.7590553125E-07, 0.0125269165364983
1.75907484375E-07, 0.0122155818767694
1.759094375E-07, 0.0114631159939272
1.75911390625E-07, 0.0119801886305943
1.7591334375E-07, 0.0121133637609017
1.75915296875E-07, 0.0124408522293173
1.7591725E-07, 0.0115724459672852
1.75919203125E-07, 0.0108307909941816
1.7592115625E-07, 0.010939242115012
1.75923109375E-07, 0.011104457382944
1.759250625E-07, 0.0117187796317716
1.75927015625E-07, 0.0104974247077991
1.7592896875E-07, 0.0101296768692029
1.75930921875E-07, 0.0104569769811818
1.75932875E-07, 0.00946579395344176
1.75934828125E-07, 0.0100462032554493
1.7593678125E-07, 0.00977788114917508
1.75938734375E-07, 0.0100295611305551
1.759406875E-07, 0.00914429715343562
1.75942640625E-07, 0.00679559440093883
1.7594459375E-07, 0.00787915877840611
1.75946546875E-07, 0.00778381723112515
1.759485E-07, 0.00790171952976843
1.75950453125E-07, 0.00645212498249564
1.7595240625E-07, 0.00651479544368723
1.75954359375E-07, 0.00638762703227207
1.759563125E-07, 0.00617689931488901
1.75958265625E-07, 0.00458822762049336
1.7596021875E-07, 0.00550438192120102
1.75962171875E-07, 0.00511376215257655
1.75964125E-07, 0.00508308035785512
1.75966078125E-07, 0.00296574587594713
1.7596803125E-07, 0.00294552136781178
1.75969984375E-07, 0.00192281443005261
1.759719375E-07, 0.00304814989196921
1.75973890625E-07, 0.00379858437020073
1.7597584375E-07, 0.00185685860639345
1.75977796875E-07, -0.000232819856782337
1.7597975E-07, -0.000169442227821102
1.75981703125E-07, -0.000681815959867978
1.7598365625E-07, 0.000683632926176269
1.75985609375E-07, -0.00155785940802411
1.759875625E-07, -0.00204374571427213
1.75989515625E-07, -0.000566879859982387
1.7599146875E-07, -0.00195280232885782
1.75993421875E-07, -0.00336980772003499
1.75995375E-07, -0.00204832877116743
1.75997328125E-07, -0.00375492841807497
1.7599928125E-07, -0.0034303703114152
1.76001234375E-07, -0.00191307498277986
1.760031875E-07, -0.00437350445566926
1.76005140625E-07, -0.0027577019326575
1.7600709375E-07, -0.0047904521842188
1.76009046875E-07, -0.00454777136186852
1.76011E-07, -0.00482506163153943
1.76012953125E-07, -0.00828889977255765
1.7601490625E-07, -0.00594668745509987
1.76016859375E-07, -0.00705573083677466
1.760188125E-07, -0.00914357498065932
1.76020765625E-07, -0.00821552991686397
1.7602271875E-07, -0.00918142385357611
1.76024671875E-07, -0.00904668857256845
1.76026625E-07, -0.00923752634757642
1.76028578125E-07, -0.00995492887346699
1.7603053125E-07, -0.00740391935244683
1.76032484375E-07, -0.0115448918462521
1.760344375E-07, -0.0112008749947824
1.76036390625E-07, -0.0102784246490725
1.7603834375E-07, -0.0113512196486928
1.76040296875E-07, -0.0124663771785124
1.7604225E-07, -0.0119774905064015
1.76044203125E-07, -0.0126923989293622
1.7604615625E-07, -0.0139721932046955
1.76048109375E-07, -0.0142666048802319
1.760500625E-07, -0.0140279213414558
1.76052015625E-07, -0.0137684266406031
1.7605396875E-07, -0.0138636417624823
1.76055921875E-07, -0.0135588242089071
1.76057875E-07, -0.0143998109080328
1.76059828125E-07, -0.0158614637192602
1.7606178125E-07, -0.0148867159437531
1.76063734375E-07, -0.0134022198621794
1.760656875E-07, -0.0151202629022498
1.76067640625E-07, -0.0158834031731799
1.7606959375E-07, -0.0135157564062624
1.76071546875E-07, -0.0162641738832693
1.760735E-07, -0.0158275145311321
1.76075453125E-07, -0.0163498706678533
1.7607740625E-07, -0.0161216407426107
1.76079359375E-07, -0.0158408711056402
1.760813125E-07, -0.0157769587968971
1.76083265625E-07, -0.0158031957886533
1.7608521875E-07, -0.0154485258369324
1.76087171875E-07, -0.0160162444808178
1.76089125E-07, -0.0157409342707716
1.76091078125E-07, -0.0152681955181012
1.7609303125E-07, -0.0151124726760326
1.76094984375E-07, -0.0155722974712716
1.760969375E-07, -0.0154701163186704
1.76098890625E-07, -0.0152187862996194
1.7610084375E-07, -0.0149765984903256
1.76102796875E-07, -0.0146997180947543
1.7610475E-07, -0.0146169255062803
1.76106703125E-07, -0.0144771553503417
1.7610865625E-07, -0.0138201129015817
1.76110609375E-07, -0.0140280730824001
1.761125625E-07, -0.0132440311397499
1.76114515625E-07, -0.0133451199660493
1.7611646875E-07, -0.0133492871389186
1.76118421875E-07, -0.0117695767514206
1.76120375E-07, -0.0133266843837398
1.76122328125E-07, -0.0129972280880623
1.7612428125E-07, -0.0122935163264545
1.76126234375E-07, -0.0113642380965226
1.761281875E-07, -0.0104517562875843
1.76130140625E-07, -0.00994295458933045
1.7613209375E-07, -0.0104067676543496
1.76134046875E-07, -0.0111656158047773
1.76136E-07, -0.00974282502746886
1.76137953125E-07, -0.0095851091121383
1.7613990625E-07, -0.0100429244023672
1.76141859375E-07, -0.00906900329571036
1.761438125E-07, -0.00878190754165037
1.76145765625E-07, -0.00887562514982883
1.7614771875E-07, -0.00746006610934687
1.76149671875E-07, -0.00847732841344228
1.76151625E-07, -0.00761702697097021
1.76153578125E-07, -0.00705926669562847
1.7615553125E-07, -0.0077547678994955
1.76157484375E-07, -0.00670228031160542
1.761594375E-07, -0.00709929338819706
1.76161390625E-07, -0.00628145182921047
1.7616334375E-07, -0.00572740518320701
1.76165296875E-07, -0.00551597023455816
1.7616725E-07, -0.00553613005422433
1.76169203125E-07, -0.00586428655847704
1.7617115625E-07, -0.00569619456080873
1.76173109375E-07, -0.00550633883296682
1.761750625E-07, -0.00557979867340079
1.76177015625E-07, -0.00530604102050323
1.7617896875E-07, -0.00554959293112839
1.76180921875E-07, -0.00546989343310471
1.76182875E-07, -0.00539901372930592
1.76184828125E-07, -0.00509955843902752
1.7618678125E-07, -0.00540932821680318
1.76188734375E-07, -0.0055357158130725
1.761906875E-07, -0.00497497981101186
1.76192640625E-07, -0.00527958925312319
1.7619459375E-07, -0.00535761060536402
1.76196546875E-07, -0.00518028425249971
1.761985E-07, -0.00558648442459385
1.76200453125E-07, -0.00545672305855355
1.7620240625E-07, -0.00547186390074614
1.76204359375E-07, -0.00552944425949482
1.762063125E-07, -0.0054401211671796
1.76208265625E-07, -0.00663813334967945
1.7621021875E-07, -0.00614696872083554
1.76212171875E-07, -0.00614153589215556
1.76214125E-07, -0.00586789495112929
1.76216078125E-07, -0.00664298010622705
1.7621803125E-07, -0.0068028638750783
1.76219984375E-07, -0.00710360686595422
1.762219375E-07, -0.00730887265999196
1.76223890625E-07, -0.00727513463999334
1.7622584375E-07, -0.00692758474590897
1.76227796875E-07, -0.00738986466392052
1.7622975E-07, -0.00715474825737815
1.76231703125E-07, -0.00766686175566249
1.7623365625E-07, -0.00815163979444133
1.76235609375E-07, -0.00710904925957896
1.762375625E-07, -0.00782709904559219
1.76239515625E-07, -0.00898945657438924
1.7624146875E-07, -0.0078782589331898
1.76243421875E-07, -0.00932700731100316
1.76245375E-07, -0.0090388963424318
1.76247328125E-07, -0.00894299278428848
1.7624928125E-07, -0.00911526210323526
1.76251234375E-07, -0.0090869884993377
1.762531875E-07, -0.00989551923422774
1.76255140625E-07, -0.00963401619730348
1.7625709375E-07, -0.00941842842122596
1.76259046875E-07, -0.00966453195990724
1.76261E-07, -0.0098662966487923
1.76262953125E-07, -0.0097602986352473
1.7626490625E-07, -0.0101050420071205
1.76266859375E-07, -0.0100489213152962
1.762688125E-07, -0.0096374790226214
1.76270765625E-07, -0.00997136724339022
1.7627271875E-07, -0.00978423934422901
1.76274671875E-07, -0.00972033133089049
1.76276625E-07, -0.0103336885593546
1.76278578125E-07, -0.0100964059864199
1.7628053125E-07, -0.0103071709379686
1.76282484375E-07, -0.0103073477903244
1.762844375E-07, -0.0105496869657755
1.76286390625E-07, -0.00989405844231864
1.7628834375E-07, -0.0102084508674529
1.76290296875E-07, -0.00996874354420567
1.7629225E-07, -0.00994733181432968
1.76294203125E-07, -0.0104572132395121
1.7629615625E-07, -0.00966821336205565
1.76298109375E-07, -0.0097367147550679
1.763000625E-07, -0.00957680463281146
1.76302015625E-07, -0.00946642784627321
1.7630396875E-07, -0.00989384851518115
1.76305921875E-07, -0.00949307634631641
1.76307875E-07, -0.0098050769890498
1.76309828125E-07, -0.00916664682158615
1.7631178125E-07, -0.00826039042898341
1.76313734375E-07, -0.00843792395313695
1.763156875E-07, -0.00907160725589911
1.76317640625E-07, -0.00848464700254861
1.7631959375E-07, -0.00869877369410896
1.76321546875E-07, -0.00812063123571447
1.763235E-07, -0.00823920486219553
1.76325453125E-07, -0.00803955773064649
1.7632740625E-07, -0.00750635550199374
1.76329359375E-07, -0.00844156689782741
1.763313125E-07, -0.00792064951293846
1.76333265625E-07, -0.00707907232610617
1.7633521875E-07, -0.00761229791257423
1.76337171875E-07, -0.00691900816984279
1.76339125E-07, -0.00711721450552292
1.76341078125E-07, -0.0069308439102496
1.7634303125E-07, -0.00663973871207943
1.76344984375E-07, -0.00649723505551722
1.763469375E-07, -0.00668266351400251
1.76348890625E-07, -0.00675334198811747
1.7635084375E-07, -0.006097033804181
1.76352796875E-07, -0.00593162439098051
1.7635475E-07, -0.00620275229897382
1.76356703125E-07, -0.00602949769787492
1.7635865625E-07, -0.00567517264534676
1.76360609375E-07, -0.00575859149021396
1.763625625E-07, -0.00507265028334568
1.76364515625E-07, -0.00546416786345746
1.7636646875E-07, -0.00525620558566989
1.76368421875E-07, -0.00495744529253928
1.76370375E-07, -0.00516510843436714
1.76372328125E-07, -0.00499047300921853
1.7637428125E-07, -0.00483206023058031
1.76376234375E-07, -0.00496592463452071
1.763781875E-07, -0.00440970918152018
1.76380140625E-07, -0.00429354842500245
1.7638209375E-07, -0.00462468681382927
1.76384046875E-07, -0.00425946777860832
1.76386E-07, -0.00444289633802024
1.76387953125E-07, -0.00363587089853169
1.7638990625E-07, -0.00421547871922367
1.76391859375E-07, -0.00445592391186041
1.763938125E-07, -0.00426674973012182
1.76395765625E-07, -0.00409825624502576
1.7639771875E-07, -0.00463808832964362
1.76399671875E-07, -0.00367759543755756
1.76401625E-07, -0.00395364957069757
1.76403578125E-07, -0.00415704012008794
1.7640553125E-07, -0.00408712212197379
1.76407484375E-07, -0.00388352766372695
1.764094375E-07, -0.00364378428907016
1.76411390625E-07, -0.00401040681415515
1.7641334375E-07, -0.0040103597934341
1.76415296875E-07, -0.00407302424907531
1.7641725E-07, -0.00410691174962618
1.76419203125E-07, -0.00407791231553194
1.7642115625E-07, -0.00383847912168745
1.76423109375E-07, -0.00380386613668904
1.764250625E-07, -0.00410494686459393
1.76427015625E-07, -0.00401808168687477
1.7642896875E-07, -0.00425917166898955
1.76430921875E-07, -0.00434708135583013
1.76432875E-07, -0.00395971328882448
1.76434828125E-07, -0.00415100048874863
1.7643678125E-07, -0.00395251017877373
1.76438734375E-07, -0.00378954973093928
1.764406875E-07, -0.00377723914269274
1.76442640625E-07, -0.00413650437791177
1.7644459375E-07, -0.00451653820096182
1.76446546875E-07, -0.00365326482365605
1.764485E-07, -0.00380018032226729
1.76450453125E-07, -0.00362495429883609
1.7645240625E-07, -0.00429437115598976
1.76454359375E-07, -0.00384385877874118
1.764563125E-07, -0.00385073265587962
1.76458265625E-07, -0.00383377035750283
1.7646021875E-07, -0.00432589680373756
1.76462171875E-07, -0.00401606463601072
1.76464125E-07, -0.00449542170774695
1.76466078125E-07, -0.00371170027957848
1.7646803125E-07, -0.00404537440051886
1.76469984375E-07, -0.00372425193887443
1.764719375E-07, -0.00376448204438302
1.76473890625E-07, -0.00353086998603097
1.7647584375E-07, -0.00312036144288755
1.76477796875E-07, -0.00377432465418799
1.7647975E-07, -0.00361826902777522
1.76481703125E-07, -0.00396052298242706
1.7648365625E-07, -0.0036461222176998
1.76485609375E-07, -0.00362980945372886
1.764875625E-07, -0.00377979500450836
1.76489515625E-07, -0.0032888283096367
1.7649146875E-07, -0.00366261736658855
1.76493421875E-07, -0.00398292843988743
1.76495375E-07, -0.00379587736658548
1.76497328125E-07, -0.00324558087530105
1.7649928125E-07, -0.00374924511017114
1.76501234375E-07, -0.00328978461020783
1.765031875E-07, -0.00321486305566234
1.76505140625E-07, -0.00351911717951275
1.7650709375E-07, -0.00332959113726154
1.76509046875E-07, -0.00317066814233618
1.76511E-07, -0.00333889661977073
1.76512953125E-07, -0.00294630402784348
1.7651490625E-07, -0.00330959890917427
1.76516859375E-07, -0.00291952886614845
1.765188125E-07, -0.00281464774001477
1.76520765625E-07, -0.00290085649493522
1.7652271875E-07, -0.00346064473851325
1.76524671875E-07, -0.00273610439970083
1.76526625E-07, -0.0033942237146723
1.76528578125E-07, -0.00297798517386417
1.7653053125E-07, -0.00275715496173764
1.76532484375E-07, -0.0031176959930809
1.765344375E-07, -0.00337684319461787
1.76536390625E-07, -0.00266377359981571
1.7653834375E-07, -0.00254142756846356
1.76540296875E-07, -0.00275276425138123
1.7654225E-07, -0.00300089909464818
1.76544203125E-07, -0.00251013063351973
1.7654615625E-07, -0.0031754050937541
1.76548109375E-07, -0.00293604216322949
1.765500625E-07, -0.00290976699483707
1.76552015625E-07, -0.00234317948166985
1.7655396875E-07, -0.00271614111961665
1.76555921875E-07, -0.00277155131902112
1.76557875E-07, -0.00261716651339033
1.76559828125E-07, -0.00288267176717424
1.7656178125E-07, -0.00257214221587703
1.76563734375E-07, -0.00308796531159049
1.765656875E-07, -0.00275390350483822
1.76567640625E-07, -0.00288746698384755
1.7656959375E-07, -0.00274650110852251
1.76571546875E-07, -0.00294293467493492
1.765735E-07, -0.00280505337511551
1.76575453125E-07, -0.00281764298604441
1.7657740625E-07, -0.00273937413304918
1.76579359375E-07, -0.00280355617691633
1.765813125E-07, -0.00335549864817023
1.76583265625E-07, -0.00288860240619896
1.7658521875E-07, -0.00284948914381234
1.76587171875E-07, -0.00296716331852441
1.76589125E-07, -0.00266208456228336
1.76591078125E-07, -0.00295822157000788
1.7659303125E-07, -0.00302941523216379
1.76594984375E-07, -0.00295073321457652
1.765969375E-07, -0.0029511881749775
1.76598890625E-07, -0.00300906555057649
1.7660084375E-07, -0.0030245796513377
1.76602796875E-07, -0.00292717534592658
1.7660475E-07, -0.00256498944685212
1.76606703125E-07, -0.00304921686151446
1.7660865625E-07, -0.00291316028742065
1.76610609375E-07, -0.00319396761439635
1.766125625E-07, -0.00311235903287774
1.76614515625E-07, -0.00282909968733417
1.7661646875E-07, -0.00300924666214134
1.76618421875E-07, -0.00288260716637851
1.76620375E-07, -0.00298538054405895
1.76622328125E-07, -0.00290687094836679
1.7662428125E-07, -0.00277341446686605
1.76626234375E-07, -0.00294402755162328
1.766281875E-07, -0.00271865834920482
1.76630140625E-07, -0.00258792770513814
1.7663209375E-07, -0.0023365102125778
1.76634046875E-07, -0.00264284982400968
1.76636E-07, -0.002379720811385
1.76637953125E-07, -0.0023362420962836
1.7663990625E-07, -0.00211783515854126
1.76641859375E-07, -0.0023671089906817
1.766438125E-07, -0.00218273701488258
1.76645765625E-07, -0.00229300072754056
1.7664771875E-07, -0.00207595738574678
1.76649671875E-07, -0.00227406396978556
1.76651625E-07, -0.00229262454956543
1.76653578125E-07, -0.00215312468031804
1.7665553125E-07, -0.00225964441464265
1.76657484375E-07, -0.00191421323973047
1.766594375E-07, -0.00206565495082178
1.76661390625E-07, -0.00200596565827992
1.7666334375E-07, -0.00204143838694217
1.76665296875E-07, -0.00193598508032155
1.7666725E-07, -0.00199984187018085
1.76669203125E-07, -0.00181185562372308
1.7667115625E-07, -0.00165874444369715
1.76673109375E-07, -0.00178768610359379
1.766750625E-07, -0.00203765271408899
1.76677015625E-07, -0.00170703212063451
1.7667896875E-07, -0.00162939604326772
1.76680921875E-07, -0.00192432794007627
1.76682875E-07, -0.00155686414890542
1.76684828125E-07, -0.00114870966713076
1.7668678125E-07, -0.00152639220924353
1.76688734375E-07, -0.00184338810696109
1.766906875E-07, -0.00152934534801777
1.76692640625E-07, -0.000994153368595725
1.7669459375E-07, -0.00153078920760891
1.76696546875E-07, -0.00171191001758326
1.766985E-07, -0.00187390479046789
1.76700453125E-07, -0.00182738355267883
1.7670240625E-07, -0.00142885097671898
1.76704359375E-07, -0.00192882432085104
1.767063125E-07, -0.00190353922966461
1.76708265625E-07, -0.00201710897150124
1.7671021875E-07, -0.0021693668687446
1.76712171875E-07, -0.00173488080260034
1.76714125E-07, -0.00198588382776431
1.76716078125E-07, -0.00184830378504385
1.7671803125E-07, -0.00161256007361609
1.76719984375E-07, -0.00118949543375359
1.767219375E-07, -0.00207823188191525
1.76723890625E-07, -0.001887136353787
1.7672584375E-07, -0.00231507665215807
1.76727796875E-07, -0.00227333137418542
1.7672975E-07, -0.00186614932287995
1.76731703125E-07, -0.00181940168347322
1.7673365625E-07, -0.00200187265052393
1.76735609375E-07, -0.00212990340517965
1.767375625E-07, -0.00201649710192841
1.76739515625E-07, -0.00267204353916493
1.7674146875E-07, -0.00221331518947424
1.76743421875E-07, -0.00239869891261404
1.76745375E-07, -0.00203532600410612
1.76747328125E-07, -0.00203431272328534
1.7674928125E-07, -0.00190092405332505
1.76751234375E-07, -0.00228794959499956
1.767531875E-07, -0.00151387915670285
1.76755140625E-07, -0.00213496818118662
1.7675709375E-07, -0.00211103520292899
1.76759046875E-07, -0.0025321107842017
1.76761E-07, -0.00140594670076565
1.76762953125E-07, -0.00185102281086161
1.7676490625E-07, -0.00140004540820859
1.76766859375E-07, -0.000976343527610258
1.767688125E-07, -0.00210769733577013
1.76770765625E-07, -0.000829514440803267
1.7677271875E-07, -0.000946660229151628
1.76774671875E-07, -0.00122215366349531
1.76776625E-07, -0.000330608037284296
1.76778578125E-07, -0.000838572693506599
1.7678053125E-07, 8.41588029632758E-05
1.76782484375E-07, -0.00048711390836583
1.767844375E-07, -0.000345016946889848
1.76786390625E-07, 0.000877175493427554
1.7678834375E-07, 0.001027731469945
1.76790296875E-07, 0.000598333257081992
1.7679225E-07, 0.000974463391094412
1.76794203125E-07, 0.000979713805652906
1.7679615625E-07, 0.000929994316295907
1.76798109375E-07, 0.00199816350545833
1.768000625E-07, 0.00200238343203072
1.76802015625E-07, 0.00240923693601102
1.7680396875E-07, 0.00315728737562425
1.76805921875E-07, 0.0013453221127413
1.76807875E-07, 0.00309853414958147
1.76809828125E-07, 0.0033566336972548
1.7681178125E-07, 0.00412130086637628
1.76813734375E-07, 0.00473355029495746
1.768156875E-07, 0.00378624006887933
1.76817640625E-07, 0.0040262667400237
1.7681959375E-07, 0.00501732698004514
1.76821546875E-07, 0.00517446130393651
1.768235E-07, 0.00478999064575423
1.76825453125E-07, 0.00499002569221162
1.7682740625E-07, 0.00600538103994386
1.76829359375E-07, 0.00611186802016997
1.768313125E-07, 0.005614800335497
1.76833265625E-07, 0.0064212538120165
1.7683521875E-07, 0.00616785218480096
1.76837171875E-07, 0.00684762098086783
1.76839125E-07, 0.00700619556893683
1.76841078125E-07, 0.00600931216246126
1.7684303125E-07, 0.00677743271565744
1.76844984375E-07, 0.0068609301096561
1.768469375E-07, 0.00767348188181498
1.76848890625E-07, 0.0075650533298447
1.7685084375E-07, 0.00640088135755053
1.76852796875E-07, 0.00651545638098311
1.7685475E-07, 0.00772111739316709
1.76856703125E-07, 0.00726464263559152
1.7685865625E-07, 0.0071775112161569
1.76860609375E-07, 0.00663975219818819
1.768625625E-07, 0.00710593932037005
1.76864515625E-07, 0.00721061962773706
1.7686646875E-07, 0.00736858226651453
1.76868421875E-07, 0.0066624813615243
1.76870375E-07, 0.00685217978017336
1.76872328125E-07, 0.007165722074418
1.7687428125E-07, 0.00611920926885293
1.76876234375E-07, 0.00658402133397065
1.768781875E-07, 0.00691786933778764
1.76880140625E-07, 0.00637488837281885
1.7688209375E-07, 0.00648760820081638
1.76884046875E-07, 0.00478644292104439
1.76886E-07, 0.00551588275680797
1.76887953125E-07, 0.00555644148367912
1.7688990625E-07, 0.00493481033846564
1.76891859375E-07, 0.00537340157425702
1.768938125E-07, 0.00443135556731692
1.76895765625E-07, 0.00406425475308093
1.7689771875E-07, 0.00418349172678579
1.76899671875E-07, 0.00412069526223299
1.76901625E-07, 0.00386727934542812
1.76903578125E-07, 0.00279825587993249
1.7690553125E-07, 0.00392019210700064
1.76907484375E-07, 0.0031067322844259
1.769094375E-07, 0.00316165634604582
1.76911390625E-07, 0.00223757744460915
1.7691334375E-07, 0.00215122008777053
1.76915296875E-07, 0.00267037990340407
1.7691725E-07, 0.00151803087702471
1.76919203125E-07, 0.00106752126045077
1.7692115625E-07, 0.00108578979566311
1.76923109375E-07, 0.00119503481206857
1.769250625E-07, 0.000624678578159271
1.76927015625E-07, 0.000638833359839091
1.7692896875E-07, 0.000277046047748173
1.76930921875E-07, 0.000783290563929892
1.76932875E-07, 0.0001287432648992
1.76934828125E-07, 0.000198692917159813
1.7693678125E-07, -0.000147057461248296
1.76938734375E-07, -0.00072496361192994
1.769406875E-07, -0.000403594195316126
1.76942640625E-07, -0.000365341321633321
1.7694459375E-07, -0.000614106975348452
1.76946546875E-07, -0.000837428769738436
1.769485E-07, -0.000883858951047377
1.76950453125E-07, -0.000410039035764377
1.7695240625E-07, -0.000575921393516763
1.76954359375E-07, -0.000732808408743908
1.769563125E-07, -0.000727144429306618
1.76958265625E-07, -0.00107242741134441
1.7696021875E-07, -0.000598487811032616
1.76962171875E-07, -0.000991469535886451
1.76964125E-07, -0.00114987345548672
1.76966078125E-07, -0.00100174295478486
1.7696803125E-07, -0.00100338016012597
1.76969984375E-07, -0.000923236869188331
1.769719375E-07, -0.000915021573936843
1.76973890625E-07, -0.000828178504750032
1.7697584375E-07, -0.00070668196508304
1.76977796875E-07, -0.000827387808224665
1.7697975E-07, -0.000360817153100295
1.76981703125E-07, -0.000625517198685637
1.7698365625E-07, -0.000593745677977189
1.76985609375E-07, -0.000561414503856245
1.769875625E-07, -0.000606503185451134
1.76989515625E-07, -0.000527491791002826
1.7699146875E-07, -0.000366166550686164
1.76993421875E-07, -0.000494016615287342
1.76995375E-07, -0.000298613905849558
1.76997328125E-07, -0.000298744865159473
1.7699928125E-07, -3.39397403349332E-06
1.77001234375E-07, -0.000195301772890055
1.770031875E-07, -9.21820746674009E-05
1.77005140625E-07, 0.000632671167548386
1.7700709375E-07, 0.000480133973308005
1.77009046875E-07, 0.000311077732449707
1.77011E-07, 0.000485171200861051
1.77012953125E-07, 0.000379449608476319
1.7701490625E-07, 0.000476769232247534
1.77016859375E-07, 0.000563375209295463
1.770188125E-07, 0.00115081368873233
1.77020765625E-07, 0.000574299310040989
1.7702271875E-07, 0.000884609204833515
1.77024671875E-07, 0.00103724926200025
1.77026625E-07, 0.000460390625247094
1.77028578125E-07, 0.0011198421960398
1.7703053125E-07, 0.00115226332676818
1.77032484375E-07, 0.00113585278338864
1.770344375E-07, 0.000763687030079112
1.77036390625E-07, 0.0013176089402253
1.7703834375E-07, 0.00118106602840798
1.77040296875E-07, 0.00130322822915062
1.7704225E-07, 0.00125466195016415
1.77044203125E-07, 0.000485468972500614
1.7704615625E-07, 0.00165685658673795
1.77048109375E-07, 0.00141012470591839
1.770500625E-07, 0.00138754083305534
1.77052015625E-07, 0.00190080000296561
1.7705396875E-07, 0.0018860958700729
1.77055921875E-07, 0.00168019425557881
1.77057875E-07, 0.00194254043780559
1.77059828125E-07, 0.00210656583910633
1.7706178125E-07, 0.00190055827315132
1.77063734375E-07, 0.0025621505224649
1.770656875E-07, 0.00201306185464765
1.77067640625E-07, 0.0026421407378264
1.7706959375E-07, 0.00240700978893429
1.77071546875E-07, 0.00269235183548845
1.770735E-07, 0.00317229816391755
1.77075453125E-07, 0.00316065233247083
1.7707740625E-07, 0.00348774430620012
1.77079359375E-07, 0.00416500860416906
1.770813125E-07, 0.00395046403445296
1.77083265625E-07, 0.00431196229367133
1.7708521875E-07, 0.00435332757295925
1.77087171875E-07, 0.00515068005467893
1.77089125E-07, 0.00511317648485334
1.77091078125E-07, 0.00549758683222964
1.7709303125E-07, 0.00507688835948127
1.77094984375E-07, 0.00543689052472603
1.770969375E-07, 0.00518196121753329
1.77098890625E-07, 0.00588190281522799
1.7710084375E-07, 0.00625974459081058
1.77102796875E-07, 0.00588555137681107
1.7710475E-07, 0.0066500317097235
1.77106703125E-07, 0.00662779070746177
1.7710865625E-07, 0.00743301906334155
1.77110609375E-07, 0.00699315072771507
1.771125625E-07, 0.00755402199225382
1.77114515625E-07, 0.00843586722876488
1.7711646875E-07, 0.00790560497943737
1.77118421875E-07, 0.00848611208515107
1.77120375E-07, 0.00762603162375598
1.77122328125E-07, 0.00897511263672489
1.7712428125E-07, 0.00893771543159259
1.77126234375E-07, 0.00843899502218028
1.771281875E-07, 0.0090476395010859
1.77130140625E-07, 0.00812871377637375
1.7713209375E-07, 0.00960948843635595
1.77134046875E-07, 0.0100892005533804
1.77136E-07, 0.0097766962916156
1.77137953125E-07, 0.0103004247632045
1.7713990625E-07, 0.00958482473970005
1.77141859375E-07, 0.010390590975613
1.771438125E-07, 0.0104668931328839
1.77145765625E-07, 0.0104573877305765
1.7714771875E-07, 0.0103288196037206
1.77149671875E-07, 0.0106495856370845
1.77151625E-07, 0.010705355099166
1.77153578125E-07, 0.0106707580843565
1.7715553125E-07, 0.0110067478551971
1.77157484375E-07, 0.010359743195933
1.771594375E-07, 0.00985915826197832
1.77161390625E-07, 0.0110078079506948
1.7716334375E-07, 0.0106170885844313
1.77165296875E-07, 0.0108668550323259
1.7716725E-07, 0.010995611232612
1.77169203125E-07, 0.010861216573375
1.7717115625E-07, 0.0111186059218083
1.77173109375E-07, 0.0108315774510139
1.771750625E-07, 0.0108914967475574
1.77177015625E-07, 0.010612078749978
1.7717896875E-07, 0.00965378027808648
1.77180921875E-07, 0.00992835613491803
1.77182875E-07, 0.0101125625058335
1.77184828125E-07, 0.00963532718485851
1.7718678125E-07, 0.00995540720189084
1.77188734375E-07, 0.0080634376183774
1.771906875E-07, 0.00960987067007416
1.77192640625E-07, 0.00983507575990439
1.7719459375E-07, 0.00860302573639158
1.77196546875E-07, 0.00935983064849964
1.771985E-07, 0.00814327738135739
1.77200453125E-07, 0.00807714303221276
1.7720240625E-07, 0.00801997987920804
1.77204359375E-07, 0.00709735486010838
1.772063125E-07, 0.00756348535666904
1.77208265625E-07, 0.00758192869110795
1.7721021875E-07, 0.00653427172262002
1.77212171875E-07, 0.00751340740525931
1.77214125E-07, 0.00624057499468079
1.77216078125E-07, 0.00611613602213007
1.7721803125E-07, 0.00590868587584241
1.77219984375E-07, 0.00486929753572164
1.772219375E-07, 0.00479688610416708
1.77223890625E-07, 0.0038805284164918
1.7722584375E-07, 0.00542506756250938
1.77227796875E-07, 0.00398987116852378
1.7722975E-07, 0.00329857777086213
1.77231703125E-07, 0.00339987442622381
1.7723365625E-07, 0.00279960314947387
1.77235609375E-07, 0.00307628488568678
1.772375625E-07, 0.00376205615218573
1.77239515625E-07, 0.00173327426230616
1.7724146875E-07, 0.00317836032829778
1.77243421875E-07, 0.00173901348153619
1.77245375E-07, 0.00196128005314206
1.77247328125E-07, 0.0012364983495499
1.7724928125E-07, 0.000778927060689922
1.77251234375E-07, 0.000875457049509151
1.772531875E-07, 0.00141094571309211
1.77255140625E-07, -2.49299032904652E-05
1.7725709375E-07, 0.000694214577168162
1.77259046875E-07, -0.000444442898220298
1.77261E-07, -0.000241427837139009
1.77262953125E-07, -4.03383846760403E-05
1.7726490625E-07, -0.000753155599162992
1.77266859375E-07, 0.000269927169454079
1.772688125E-07, -0.00136722652276801
1.77270765625E-07, -0.00117322721664453
1.7727271875E-07, -0.0017252663342008
1.77274671875E-07, -0.0015987416113068
1.77276625E-07, -0.00093555619967717
1.77278578125E-07, -0.00158418275825158
1.7728053125E-07, -0.00193067626372537
1.77282484375E-07, -0.00220049138094125
1.772844375E-07, -0.00195386454630692
1.77286390625E-07, -0.00182109622298479
1.7728834375E-07, -0.00226345727153855
1.77290296875E-07, -0.00237971574078082
1.7729225E-07, -0.002035750814339
1.77294203125E-07, -0.00290912002187915
1.7729615625E-07, -0.00120849499066289
1.77298109375E-07, -0.0026939011974507
1.773000625E-07, -0.0014495684039984
1.77302015625E-07, -0.00258401544384227
1.7730396875E-07, -0.0026420632039665
1.77305921875E-07, -0.00177871505061089
1.77307875E-07, -0.00330271414698041
1.77309828125E-07, -0.0029746835714753
1.7731178125E-07, -0.00290088562580024
1.77313734375E-07, -0.00374358961311607
1.773156875E-07, -0.00320658955699203
1.77317640625E-07, -0.00288483844721587
1.7731959375E-07, -0.00295005614158974
1.77321546875E-07, -0.00284652254579217
1.773235E-07, -0.00295602366561841
1.77325453125E-07, -0.00296325272093657
1.7732740625E-07, -0.00300605916502931
1.77329359375E-07, -0.00282804893415371
1.773313125E-07, -0.00304275515504268
1.77333265625E-07, -0.00232927507564064
1.7733521875E-07, -0.00356169967639375
1.77337171875E-07, -0.00241340651980624
1.77339125E-07, -0.00306430555192322
1.77341078125E-07, -0.00222671414482875
1.7734303125E-07, -0.00290035598360889
1.77344984375E-07, -0.00247178277714617
1.773469375E-07, -0.00252601475882048
1.77348890625E-07, -0.0023757044336492
1.7735084375E-07, -0.00217392794025353
1.77352796875E-07, -0.00261612820622056
1.7735475E-07, -0.00138904960263536
1.77356703125E-07, -0.00109305678335121
1.7735865625E-07, -0.0017749329257344
1.77360609375E-07, -0.00225549947493814
1.773625625E-07, -0.00242249520804093
1.77364515625E-07, -0.00220550123061569
1.7736646875E-07, -0.00136070856439632
1.77368421875E-07, -0.00138751862166982
1.77370375E-07, -0.00148573853743734
1.77372328125E-07, -0.000874853827792433
1.7737428125E-07, -0.00148374532132122
1.77376234375E-07, -0.00105714568814298
1.773781875E-07, -0.00149442771114755
1.77380140625E-07, -0.00140802042257755
1.7738209375E-07, -0.000934892680627468
1.77384046875E-07, -6.60794998863989E-05
1.77386E-07, -0.000752836242664351
1.77387953125E-07, -0.000885881826553053
1.7738990625E-07, -0.00125752115765402
1.77391859375E-07, -0.000113772077660853
1.773938125E-07, -0.00174005675719292
1.77395765625E-07, -0.000902482982980437
1.7739771875E-07, -0.000796368106562392
1.77399671875E-07, -0.000823292120308043
1.77401625E-07, -0.000500678065834442
1.77403578125E-07, -0.000241370371597955
1.7740553125E-07, -0.000395387319737325
1.77407484375E-07, -0.000556987649968977
1.774094375E-07, -0.000404936486482484
1.77411390625E-07, -0.000755791495177121
1.7741334375E-07, -0.000827389325240828
1.77415296875E-07, -0.000703698271536955
1.7741725E-07, -0.000881018246141534
1.77419203125E-07, -0.000771734113687261
1.7742115625E-07, -0.000836784604093231
1.77423109375E-07, -0.000883839119115258
1.774250625E-07, -0.00112073626965164
1.77427015625E-07, -0.00105048633767415
1.7742896875E-07, -0.00149959358882129
1.77430921875E-07, -0.00141542059376207
1.77432875E-07, -0.00101161080060768
1.77434828125E-07, -0.00150991376594938
1.7743678125E-07, -0.00193294226629878
1.77438734375E-07, -0.00113306291126436
1.774406875E-07, -0.00143296022661127
1.77442640625E-07, -0.00193946540125956
1.7744459375E-07, -0.00183564973636894
1.77446546875E-07, -0.00158923464314233
1.774485E-07, -0.00213722662126425
1.77450453125E-07, -0.00202877670918078
1.7745240625E-07, -0.00211426875389009
1.77454359375E-07, -0.0022047855800824
1.774563125E-07, -0.00222402014826612
1.77458265625E-07, -0.00243176955657037
1.7746021875E-07, -0.00246543356152721
1.77462171875E-07, -0.00266006493927372
1.77464125E-07, -0.00276178004678832
1.77466078125E-07, -0.00259656974526202
1.7746803125E-07, -0.00298558447428241
1.77469984375E-07, -0.00289691414007427
1.774719375E-07, -0.00271331921250915
1.77473890625E-07, -0.00316204008036127
1.7747584375E-07, -0.0026379762262364
1.77477796875E-07, -0.00336917419087372
1.7747975E-07, -0.00315548946554361
1.77481703125E-07, -0.00269443127506125
1.7748365625E-07, -0.00309762286574726
1.77485609375E-07, -0.00371154075086533
1.774875625E-07, -0.00321021411682324
1.77489515625E-07, -0.00308338959509656
1.7749146875E-07, -0.00306554913904054
1.77493421875E-07, -0.00315411725377488
1.77495375E-07, -0.00312994465025224
1.77497328125E-07, -0.00335969736402849
1.7749928125E-07, -0.00288975566829582
1.77501234375E-07, -0.00295522485300568
1.775031875E-07, -0.00313352348219292
1.77505140625E-07, -0.003195090782387
1.7750709375E-07, -0.00289145547110235
1.77509046875E-07, -0.00304200736932869
1.77511E-07, -0.00311497913617723
1.77512953125E-07, -0.0027971111766632
1.7751490625E-07, -0.00290954580738811
1.77516859375E-07, -0.00251740377140515
1.775188125E-07, -0.00236606117959728
1.77520765625E-07, -0.00234809006912072
1.7752271875E-07, -0.00237435915554765
1.77524671875E-07, -0.00256019173993974
1.77526625E-07, -0.00253147495124329
1.77528578125E-07, -0.00226615535469532
1.7753053125E-07, -0.00177564371226379
1.77532484375E-07, -0.00291219772005466
1.775344375E-07, -0.00240787904337918
1.77536390625E-07, -0.00139739955562483
1.7753834375E-07, -0.00300816917555891
1.77540296875E-07, -0.00222881551292023
1.7754225E-07, -0.00216944001254178
1.77544203125E-07, -0.00205466803261514
1.7754615625E-07, -0.00105127566106996
1.77548109375E-07, -0.00145676537381978
1.775500625E-07, -0.00237572678762312
1.77552015625E-07, -0.00205588852537317
1.7755396875E-07, -0.00190048710815695
1.77555921875E-07, -0.0014740172586399
1.77557875E-07, -0.00255879138077349
1.77559828125E-07, -0.00233371662426064
1.7756178125E-07, -0.00105951716425643
1.77563734375E-07, -0.00191104992904799
1.775656875E-07, -0.00145562888588854
1.77567640625E-07, -0.00200013431667666
1.7756959375E-07, -0.000666639375941136
1.77571546875E-07, -0.00186837406178306
1.775735E-07, -0.00164876474444099
1.77575453125E-07, -0.00155146701108758
1.7757740625E-07, -0.00176467040677274
1.77579359375E-07, -0.0016625333161601
1.775813125E-07, -0.00151663336970126
1.77583265625E-07, -0.00175382307974782
1.7758521875E-07, -0.00104688534726079
1.77587171875E-07, -0.00198624173140678
1.77589125E-07, -0.00200530998197397
1.77591078125E-07, -0.00178087613596354
1.7759303125E-07, -0.00171409638607633
1.77594984375E-07, -0.00207280667738973
1.775969375E-07, -0.00216580246681217
1.77598890625E-07, -0.00185908203139134
1.7760084375E-07, -0.00179084158235997
1.77602796875E-07, -0.00190903975983796
1.7760475E-07, -0.00178323249772463
1.77606703125E-07, -0.00167345282449678
1.7760865625E-07, -0.00126349845410092
1.77610609375E-07, -0.00110221869042668
1.776125625E-07, -0.00149951940236449
1.77614515625E-07, -0.00144531401704409
1.7761646875E-07, -0.00148360409779772
1.77618421875E-07, -0.00150126869210318
1.77620375E-07, -0.00244840179203753
1.77622328125E-07, -0.00153678089369488
1.7762428125E-07, -0.00179960268038326
1.77626234375E-07, -0.00140639240408944
1.776281875E-07, -0.00137779861270251
1.77630140625E-07, -0.0020052013779334
1.7763209375E-07, -0.00155036428820498
1.77634046875E-07, -0.001895780563658


