File Format, WaveformXYValues
Format Version, 1
Instrument, N1045A,04F,LOJ
SwVersion, A.06.71.21
SerialNumber, MY56260108
Date, 11/29/2023 14:26:43 GMT+08:00

Source Name, Channel 1A

Points, 2048
Signal Type, Unspecified
Channel Bandwidth, 2E+10
Channel Noise, 6.66857143682292E-05
X Units, Second
Y Units, Volt
Data, 
1.73636E-07, -0.0017131565208613
1.73637953125E-07, -0.00154117775778863
1.7363990625E-07, -0.00141001837003866
1.73641859375E-07, -0.0014736313626288
1.736438125E-07, -0.00161846116574479
1.73645765625E-07, -0.00180105387907324
1.7364771875E-07, -0.00176398341520227
1.73649671875E-07, -0.00150122690539298
1.73651625E-07, -0.00164183808492078
1.73653578125E-07, -0.0016322318830293
1.7365553125E-07, -0.00117264141003617
1.73657484375E-07, -0.00182225361580881
1.736594375E-07, -0.00174355262573572
1.73661390625E-07, -0.00111864849384896
1.7366334375E-07, -0.00184727885822427
1.73665296875E-07, -0.0014460592075097
1.7366725E-07, -0.00166194136497152
1.73669203125E-07, -0.00167547040240498
1.7367115625E-07, -0.00216086109242741
1.73673109375E-07, -0.00165334614930743
1.736750625E-07, -0.00118674268479287
1.73677015625E-07, -0.0016220919962736
1.7367896875E-07, -0.00144024794886449
1.73680921875E-07, -0.00137574779419078
1.73682875E-07, -0.00169522444235507
1.73684828125E-07, -0.00176873404473029
1.7368678125E-07, -0.00193593434374161
1.73688734375E-07, -0.00182518001595687
1.736906875E-07, -0.00138904450181198
1.73692640625E-07, -0.00249437996274659
1.7369459375E-07, -0.00169143819999701
1.73696546875E-07, -0.00202312982629187
1.736985E-07, -0.00207366911878238
1.73700453125E-07, -0.00142649672707961
1.7370240625E-07, -0.00177191219302809
1.73704359375E-07, -0.00164211282322666
1.737063125E-07, -0.00127374463881109
1.73708265625E-07, -0.00158642001109984
1.7371021875E-07, -0.00189859392914162
1.73712171875E-07, -0.00221657581430009
1.73714125E-07, -0.0017315935412014
1.73716078125E-07, -0.00205392270538781
1.7371803125E-07, -0.00172807374784386
1.73719984375E-07, -0.00189252584351827
1.737219375E-07, -0.00197695926041537
1.73723890625E-07, -0.00200658194714897
1.7372584375E-07, -0.0021141586272188
1.73727796875E-07, -0.00198970822878105
1.7372975E-07, -0.00197357978147522
1.73731703125E-07, -0.00225020251465155
1.7373365625E-07, -0.00201149202370956
1.73735609375E-07, -0.00184976427461367
1.737375625E-07, -0.0022321312630602
1.73739515625E-07, -0.00188710118733012
1.7374146875E-07, -0.00177961529289691
1.73743421875E-07, -0.00171920779382479
1.73745375E-07, -0.00212844876180469
1.73747328125E-07, -0.00199121305901569
1.7374928125E-07, -0.00170261583745236
1.73751234375E-07, -0.00205347578482828
1.737531875E-07, -0.00200987931249469
1.73755140625E-07, -0.00173467511867686
1.7375709375E-07, -0.00226377858622052
1.73759046875E-07, -0.00193952645369943
1.73761E-07, -0.00164453830017911
1.73762953125E-07, -0.00205471552877865
1.7376490625E-07, -0.00237647207391125
1.73766859375E-07, -0.00209455396002138
1.737688125E-07, -0.00204330589159114
1.73770765625E-07, -0.00187292941129607
1.7377271875E-07, -0.00196761229423694
1.73774671875E-07, -0.00226859526597399
1.73776625E-07, -0.00214791042641501
1.73778578125E-07, -0.00184234129156469
1.7378053125E-07, -0.00219588523257701
1.73782484375E-07, -0.00210243372757209
1.737844375E-07, -0.00235623307766721
1.73786390625E-07, -0.00188833270415725
1.7378834375E-07, -0.00203149682657057
1.73790296875E-07, -0.00205500372672792
1.7379225E-07, -0.00217612818178708
1.73794203125E-07, -0.00232883522706216
1.7379615625E-07, -0.00204782011333127
1.73798109375E-07, -0.00202612163713657
1.738000625E-07, -0.0021179049257958
1.73802015625E-07, -0.0026090206613817
1.7380396875E-07, -0.00214439393994272
1.73805921875E-07, -0.00220259605790755
1.73807875E-07, -0.00205603258802385
1.73809828125E-07, -0.00232674082219862
1.7381178125E-07, -0.00219080203248629
1.73813734375E-07, -0.00225702012395699
1.738156875E-07, -0.00219762956037878
1.73817640625E-07, -0.00233340822746143
1.7381959375E-07, -0.00213060350536685
1.73821546875E-07, -0.00243990701336218
1.738235E-07, -0.00231074163513912
1.73825453125E-07, -0.00237593278856206
1.7382740625E-07, -0.00233610238865719
1.73829359375E-07, -0.00256366728148547
1.738313125E-07, -0.00243693590843783
1.73833265625E-07, -0.00261992623473733
1.7383521875E-07, -0.00225525778423807
1.73837171875E-07, -0.00263004406312294
1.73839125E-07, -0.00272536491797769
1.73841078125E-07, -0.00285150599824801
1.7384303125E-07, -0.00264015106535188
1.73844984375E-07, -0.00259285151481387
1.738469375E-07, -0.00299317758067504
1.73848890625E-07, -0.00333215949689633
1.7385084375E-07, -0.00309392218893008
1.73852796875E-07, -0.00300985771638879
1.7385475E-07, -0.00310415137073134
1.73856703125E-07, -0.0027843429921108
1.7385865625E-07, -0.00326784604780963
1.73860609375E-07, -0.0026924547738532
1.738625625E-07, -0.00324128530633953
1.73864515625E-07, -0.00341370967369338
1.7386646875E-07, -0.00291647312962527
1.73868421875E-07, -0.00313083219512486
1.73870375E-07, -0.0032584634535769
1.73872328125E-07, -0.0035519715405047
1.7387428125E-07, -0.00295349352191829
1.73876234375E-07, -0.00327508520086565
1.738781875E-07, -0.00342605534893337
1.73880140625E-07, -0.0033795683434741
1.7388209375E-07, -0.00362502335889069
1.73884046875E-07, -0.00376255721730614
1.73886E-07, -0.0036898127693403
1.73887953125E-07, -0.00379997383570737
1.7388990625E-07, -0.00354898032774986
1.73891859375E-07, -0.00394776230404161
1.738938125E-07, -0.00331599424088327
1.73895765625E-07, -0.00437898604788038
1.7389771875E-07, -0.00385514311251085
1.73899671875E-07, -0.00470400855092176
1.73901625E-07, -0.00392328080890287
1.73903578125E-07, -0.0042080935094612
1.7390553125E-07, -0.00449471217439698
1.73907484375E-07, -0.00441934941375336
1.739094375E-07, -0.00447893919554728
1.73911390625E-07, -0.00461377534133688
1.7391334375E-07, -0.00476608778774597
1.73915296875E-07, -0.00498235013678926
1.7391725E-07, -0.0043434992056048
1.73919203125E-07, -0.00459506557418626
1.7392115625E-07, -0.00492968510796901
1.73923109375E-07, -0.00413984116775439
1.739250625E-07, -0.00487230280981221
1.73927015625E-07, -0.00509709224094107
1.7392896875E-07, -0.00515010546336493
1.73930921875E-07, -0.00511659169111809
1.73932875E-07, -0.00487186431350991
1.73934828125E-07, -0.0050709466308086
1.7393678125E-07, -0.00499805873148917
1.73938734375E-07, -0.00527508530824652
1.739406875E-07, -0.00554426279287006
1.73942640625E-07, -0.00571074787870921
1.7394459375E-07, -0.005809432339457
1.73946546875E-07, -0.00566847533107123
1.739485E-07, -0.00554839894311811
1.73950453125E-07, -0.00582533369499301
1.7395240625E-07, -0.00567926026195459
1.73954359375E-07, -0.00493043955912051
1.739563125E-07, -0.00541220708615804
1.73958265625E-07, -0.00584748241933788
1.7396021875E-07, -0.00562529186763095
1.73962171875E-07, -0.00599781465486975
1.73964125E-07, -0.00571923530776435
1.73966078125E-07, -0.00584674948462711
1.7396803125E-07, -0.00561469035424568
1.73969984375E-07, -0.00549837327805622
1.739719375E-07, -0.00586959799040324
1.73973890625E-07, -0.0055659549973069
1.7397584375E-07, -0.00566345739289545
1.73977796875E-07, -0.00528582198292741
1.7397975E-07, -0.00529398248437669
1.73981703125E-07, -0.00572021554545428
1.7398365625E-07, -0.00579980606047233
1.73985609375E-07, -0.00543952786829799
1.739875625E-07, -0.00532780976976825
1.73989515625E-07, -0.0051485872039049
1.7399146875E-07, -0.00550021126295186
1.73993421875E-07, -0.0053140510024218
1.73995375E-07, -0.00529207996604699
1.73997328125E-07, -0.00488668335333056
1.7399928125E-07, -0.00444303936151004
1.74001234375E-07, -0.00475070429726593
1.740031875E-07, -0.00527543389469914
1.74005140625E-07, -0.00434725459393146
1.7400709375E-07, -0.00487641238268958
1.74009046875E-07, -0.00458129364580471
1.74011E-07, -0.00406186168721042
1.74012953125E-07, -0.00410908891551991
1.7401490625E-07, -0.00425697648804535
1.74016859375E-07, -0.00368396032140636
1.740188125E-07, -0.00390117222110812
1.74020765625E-07, -0.00327481252746821
1.7402271875E-07, -0.00297758419426251
1.74024671875E-07, -0.0028430976466378
1.74026625E-07, -0.0023523651200393
1.74028578125E-07, -0.00250716833218394
1.7403053125E-07, -0.0015751842094044
1.74032484375E-07, -0.00265167151730166
1.740344375E-07, -0.00172735648002035
1.74036390625E-07, -0.00117382330686121
1.7403834375E-07, -0.001362290517381
1.74040296875E-07, -0.00141395320577966
1.7404225E-07, -0.00136945598393174
1.74044203125E-07, -0.000606850028478796
1.7404615625E-07, -0.000382082993656392
1.74048109375E-07, -0.000173084065573264
1.740500625E-07, 7.48293188625154E-05
1.74052015625E-07, -0.00050758956771666
1.7405396875E-07, 0.00210911576833715
1.74055921875E-07, 0.000519099703802903
1.74057875E-07, 0.00345313320427612
1.74059828125E-07, 0.00156008091314857
1.7406178125E-07, 0.00148508126014243
1.74063734375E-07, 0.0021787134344247
1.740656875E-07, 0.00293557860713119
1.74067640625E-07, 0.00279790204612882
1.7406959375E-07, 0.0037594368435259
1.74071546875E-07, 0.00482505461600237
1.740735E-07, 0.00530919545934531
1.74075453125E-07, 0.00409273130944289
1.7407740625E-07, 0.00511040769309787
1.74079359375E-07, 0.00558451455676886
1.740813125E-07, 0.00652331179474804
1.74083265625E-07, 0.00622151979063335
1.7408521875E-07, 0.00663557007655621
1.74087171875E-07, 0.00704751921660925
1.74089125E-07, 0.00755827415792219
1.74091078125E-07, 0.00869944218925273
1.7409303125E-07, 0.00886835148758371
1.74094984375E-07, 0.0105158607516687
1.740969375E-07, 0.00941989040791517
1.74098890625E-07, 0.0107204975487588
1.7410084375E-07, 0.0100748415721126
1.74102796875E-07, 0.0111395693388778
1.7410475E-07, 0.0121090190560296
1.74106703125E-07, 0.0121416169836937
1.7410865625E-07, 0.0130919418925509
1.74110609375E-07, 0.0141955685808992
1.741125625E-07, 0.0131032888589629
1.74114515625E-07, 0.016674580427486
1.7411646875E-07, 0.0140046410066527
1.74118421875E-07, 0.0156965857332129
1.74120375E-07, 0.0163509072533419
1.74122328125E-07, 0.012039999736679
1.7412428125E-07, 0.0185288748836902
1.74126234375E-07, 0.0188155013922547
1.741281875E-07, 0.0187494057216197
1.74130140625E-07, 0.0196343540772554
1.7413209375E-07, 0.0185584894048196
1.74134046875E-07, 0.0214981354846345
1.74136E-07, 0.0213012249695612
1.74137953125E-07, 0.0200621766488114
1.7413990625E-07, 0.0218991028450747
1.74141859375E-07, 0.0213255889335332
1.741438125E-07, 0.0228072913418038
1.74145765625E-07, 0.0242219342454222
1.7414771875E-07, 0.0247267939424616
1.74149671875E-07, 0.0246371273061349
1.74151625E-07, 0.0237510923573315
1.74153578125E-07, 0.0264357994242619
1.7415553125E-07, 0.0253444331616087
1.74157484375E-07, 0.0241910307131356
1.741594375E-07, 0.0275067220684979
1.74161390625E-07, 0.0279863838144418
1.7416334375E-07, 0.0287913959750889
1.74165296875E-07, 0.0292057235410586
1.7416725E-07, 0.0288805057261038
1.74169203125E-07, 0.0291851609460778
1.7417115625E-07, 0.0301474746812218
1.74173109375E-07, 0.030953152120237
1.741750625E-07, 0.0314012796723352
1.74177015625E-07, 0.0312933555910343
1.7417896875E-07, 0.0305629842238465
1.74180921875E-07, 0.0317921555124478
1.74182875E-07, 0.0313421880582632
1.74184828125E-07, 0.033006945373034
1.7418678125E-07, 0.0336618195573731
1.74188734375E-07, 0.0299935978921842
1.741906875E-07, 0.033577825622824
1.74192640625E-07, 0.0314728489182562
1.7419459375E-07, 0.0340978278584022
1.74196546875E-07, 0.0334870401179925
1.741985E-07, 0.0314551571678969
1.74200453125E-07, 0.0342425615246867
1.7420240625E-07, 0.0342561123613045
1.74204359375E-07, 0.0343004276247293
1.742063125E-07, 0.033306064472923
1.74208265625E-07, 0.0343668447958545
1.7421021875E-07, 0.0300433895798215
1.74212171875E-07, 0.0343400972734649
1.74214125E-07, 0.0323839752616975
1.74216078125E-07, 0.0329454420061136
1.7421803125E-07, 0.0335148838659004
1.74219984375E-07, 0.0323818390536552
1.742219375E-07, 0.0329804842838759
1.74223890625E-07, 0.0320951378273881
1.7422584375E-07, 0.0316742050066701
1.74227796875E-07, 0.0324114879842244
1.7422975E-07, 0.0320233290241605
1.74231703125E-07, 0.0297559113448319
1.7423365625E-07, 0.025154360749607
1.74235609375E-07, 0.0298837832237886
1.742375625E-07, 0.0294564795041818
1.74239515625E-07, 0.0284233069577129
1.7424146875E-07, 0.0279314402121455
1.74243421875E-07, 0.0282664674301536
1.74245375E-07, 0.0264528267071337
1.74247328125E-07, 0.0286014118890874
1.7424928125E-07, 0.0209759603780835
1.74251234375E-07, 0.0244362343689755
1.742531875E-07, 0.0235426414230099
1.74255140625E-07, 0.019553314133584
1.7425709375E-07, 0.0215174488804244
1.74259046875E-07, 0.0223323129245257
1.74261E-07, 0.0203958246495041
1.74262953125E-07, 0.0192574140156692
1.7426490625E-07, 0.0181051472685308
1.74266859375E-07, 0.0167250985161794
1.742688125E-07, 0.0167778011268209
1.74270765625E-07, 0.0113085756293113
1.7427271875E-07, 0.0106554641341276
1.74274671875E-07, 0.0128467766416447
1.74276625E-07, 0.00764633661263515
1.74278578125E-07, 0.00575111222224552
1.7428053125E-07, 0.00458898407254558
1.74282484375E-07, -0.000203148374258594
1.742844375E-07, 0.00322315046221442
1.74286390625E-07, 0.00263358053017191
1.7428834375E-07, -0.000669523716005057
1.74290296875E-07, -0.0029477315445323
1.7429225E-07, 0.000935544961856374
1.74294203125E-07, -0.00223823605157326
1.7429615625E-07, -0.0114847980445901
1.74298109375E-07, -0.0113327289918748
1.743000625E-07, -0.0110168111575758
1.74302015625E-07, -0.00912664430048038
1.7430396875E-07, -0.0197785482788112
1.74305921875E-07, -0.0121998211900942
1.74307875E-07, -0.0204612134408156
1.74309828125E-07, -0.0193098852137577
1.7431178125E-07, -0.022889577593311
1.74313734375E-07, -0.0235991169788882
1.743156875E-07, -0.0251727447132965
1.74317640625E-07, -0.0290128400009852
1.7431959375E-07, -0.0364073693212563
1.74321546875E-07, -0.0417782306127483
1.743235E-07, -0.0399058832514562
1.74325453125E-07, -0.038969421325526
1.7432740625E-07, -0.0362799965703479
1.74329359375E-07, -0.0410299096526078
1.743313125E-07, -0.0487434122398761
1.74333265625E-07, -0.0493800272518725
1.7433521875E-07, -0.0560682192286634
1.74337171875E-07, -0.0513660371575446
1.74339125E-07, -0.052331275804985
1.74341078125E-07, -0.059445857298875
1.7434303125E-07, -0.0571856524642546
1.74344984375E-07, -0.059285326446606
1.743469375E-07, -0.0680465882980797
1.74348890625E-07, -0.0670378637558845
1.7435084375E-07, -0.0632423617299637
1.74352796875E-07, -0.0718405479295988
1.7435475E-07, -0.0806538658501461
1.74356703125E-07, -0.0763355400948371
1.7435865625E-07, -0.0761665988061712
1.74360609375E-07, -0.0818596153033145
1.743625625E-07, -0.0832103515195389
1.74364515625E-07, -0.0873671950892459
1.7436646875E-07, -0.0883486168694306
1.74368421875E-07, -0.0922628107574767
1.74370375E-07, -0.0939326373611821
1.74372328125E-07, -0.0907698269868429
1.7437428125E-07, -0.0981429721690335
1.74376234375E-07, -0.10056507862636
1.743781875E-07, -0.0971099449126009
1.74380140625E-07, -0.103443779776567
1.7438209375E-07, -0.100776984987989
1.74384046875E-07, -0.111036017318916
1.74386E-07, -0.108933270613258
1.74387953125E-07, -0.112026875975708
1.7438990625E-07, -0.111460566045298
1.74391859375E-07, -0.116336347221418
1.743938125E-07, -0.115436022148317
1.74395765625E-07, -0.11695689516904
1.7439771875E-07, -0.111832089879116
1.74399671875E-07, -0.119090821636314
1.74401625E-07, -0.120819504789024
1.74403578125E-07, -0.121333227324597
1.7440553125E-07, -0.119722257789979
1.74407484375E-07, -0.12204214736321
1.744094375E-07, -0.121210738882214
1.74411390625E-07, -0.119495409584391
1.7441334375E-07, -0.120999609593975
1.74415296875E-07, -0.116640542505764
1.7441725E-07, -0.121779365703926
1.74419203125E-07, -0.12054861262653
1.7442115625E-07, -0.124246783467796
1.74423109375E-07, -0.123549587826922
1.744250625E-07, -0.123975001223406
1.74427015625E-07, -0.122390822122643
1.7442896875E-07, -0.1232665922139
1.74430921875E-07, -0.118364504673855
1.74432875E-07, -0.119413165452251
1.74434828125E-07, -0.112458214312986
1.7443678125E-07, -0.114366445471976
1.74438734375E-07, -0.11577898340935
1.744406875E-07, -0.102551049288481
1.74442640625E-07, -0.105237387268442
1.7444459375E-07, -0.10811653110554
1.74446546875E-07, -0.105084625707291
1.744485E-07, -0.0989914457029756
1.74450453125E-07, -0.101170763584576
1.7445240625E-07, -0.104939801585786
1.74454359375E-07, -0.093693641331427
1.744563125E-07, -0.0899342090234451
1.74458265625E-07, -0.0918912100078196
1.7446021875E-07, -0.0806497843896991
1.74462171875E-07, -0.0855819359833034
1.74464125E-07, -0.0797636064074414
1.74466078125E-07, -0.0842001092528969
1.7446803125E-07, -0.0701834907344943
1.74469984375E-07, -0.0662392937696785
1.744719375E-07, -0.0652711217515298
1.74473890625E-07, -0.0523951510111103
1.7447584375E-07, -0.0576306132219138
1.74477796875E-07, -0.054428851815403
1.7447975E-07, -0.0377306139842589
1.74481703125E-07, -0.032592548598567
1.7448365625E-07, -0.0436369456872918
1.74485609375E-07, -0.0357443001844134
1.744875625E-07, -0.0349644549932513
1.74489515625E-07, -0.0278442841521964
1.7449146875E-07, -0.0242611132186757
1.74493421875E-07, -0.0148508203203093
1.74495375E-07, -0.012157864989316
1.74497328125E-07, -0.0149484577803311
1.7449928125E-07, -0.00431637098582968
1.74501234375E-07, 0.00463345262012913
1.745031875E-07, 0.0056087020653183
1.74505140625E-07, 0.0115412212904511
1.7450709375E-07, 0.0123663044820243
1.74509046875E-07, 0.0174719969653172
1.74511E-07, 0.0179598783053073
1.74512953125E-07, 0.0237209069998666
1.7451490625E-07, 0.0354395546169819
1.74516859375E-07, 0.0350326217423469
1.745188125E-07, 0.0411488528649099
1.74520765625E-07, 0.0438497741593837
1.7452271875E-07, 0.0301492907713758
1.74524671875E-07, 0.0417322136024176
1.74526625E-07, 0.0552968309448796
1.74528578125E-07, 0.0609721467066797
1.7453053125E-07, 0.06463106898556
1.74532484375E-07, 0.0544050672959347
1.745344375E-07, 0.0650709157122203
1.74536390625E-07, 0.0740867443942379
1.7453834375E-07, 0.0730564304572976
1.74540296875E-07, 0.0743538257124771
1.7454225E-07, 0.0691446663566282
1.74544203125E-07, 0.0834196111565985
1.7454615625E-07, 0.088391819377449
1.74548109375E-07, 0.0838307407232606
1.745500625E-07, 0.0817989428688054
1.74552015625E-07, 0.0915854966134748
1.7455396875E-07, 0.0921478899044785
1.74555921875E-07, 0.0951404030746912
1.74557875E-07, 0.0895057060996816
1.74559828125E-07, 0.0919482313402261
1.7456178125E-07, 0.0947634271159935
1.74563734375E-07, 0.0994160660137488
1.745656875E-07, 0.100610388590354
1.74567640625E-07, 0.100238756595538
1.7456959375E-07, 0.0978999484984266
1.74571546875E-07, 0.0987111220391344
1.745735E-07, 0.0938034658192431
1.74575453125E-07, 0.0951716895759545
1.7457740625E-07, 0.0993555587274641
1.74579359375E-07, 0.0935884663356702
1.745813125E-07, 0.100057915666506
1.74583265625E-07, 0.101345469356517
1.7458521875E-07, 0.0993081532739877
1.74587171875E-07, 0.0981341473055396
1.74589125E-07, 0.093139606287603
1.74591078125E-07, 0.0967755456199067
1.7459303125E-07, 0.0906449209810512
1.74594984375E-07, 0.0918094003926384
1.745969375E-07, 0.0902172778865423
1.74598890625E-07, 0.0904798444374174
1.7460084375E-07, 0.0903340311722622
1.74602796875E-07, 0.0893598683759458
1.7460475E-07, 0.0830600194818346
1.74606703125E-07, 0.086035526224333
1.7460865625E-07, 0.081602875896329
1.74610609375E-07, 0.0798788436215292
1.746125625E-07, 0.0814802818982578
1.74614515625E-07, 0.0730957542694046
1.7461646875E-07, 0.0732499255492035
1.74618421875E-07, 0.0711064916031685
1.74620375E-07, 0.0667669668883958
1.74622328125E-07, 0.0693314467607157
1.7462428125E-07, 0.0661467599729755
1.74626234375E-07, 0.0608339698338547
1.746281875E-07, 0.0611924350419556
1.74630140625E-07, 0.0577809956149101
1.7463209375E-07, 0.0553433667844915
1.74634046875E-07, 0.0567079337182561
1.74636E-07, 0.0521819315996749
1.74637953125E-07, 0.0551251864720981
1.7463990625E-07, 0.049364886104948
1.74641859375E-07, 0.0502163413977055
1.746438125E-07, 0.0442416573623221
1.74645765625E-07, 0.0429227086039846
1.7464771875E-07, 0.0421315285117174
1.74649671875E-07, 0.0410089446764626
1.74651625E-07, 0.0408416348717702
1.74653578125E-07, 0.0380038423742621
1.7465553125E-07, 0.0353167130515285
1.74657484375E-07, 0.0362064083744328
1.746594375E-07, 0.0331732299564822
1.74661390625E-07, 0.0293522943064525
1.7466334375E-07, 0.0300080215784334
1.74665296875E-07, 0.0275188807321172
1.7466725E-07, 0.0268754227329753
1.74669203125E-07, 0.0306521452235239
1.7467115625E-07, 0.0244794131839895
1.74673109375E-07, 0.0243817464424162
1.746750625E-07, 0.0255457943446057
1.74677015625E-07, 0.0219824630974305
1.7467896875E-07, 0.0220253720595886
1.74680921875E-07, 0.0216697414072518
1.74682875E-07, 0.0293223723915935
1.74684828125E-07, 0.0216963828800597
1.7468678125E-07, 0.0224060034518178
1.74688734375E-07, 0.0200430073885844
1.746906875E-07, 0.019262433789678
1.74692640625E-07, 0.019551581730366
1.7469459375E-07, 0.0186808907063039
1.74696546875E-07, 0.0194616412013539
1.746985E-07, 0.0183179282425001
1.74700453125E-07, 0.0193025925096528
1.7470240625E-07, 0.0188789223457793
1.74704359375E-07, 0.0186172762676105
1.747063125E-07, 0.0203322785635253
1.74708265625E-07, 0.0190025805714187
1.7471021875E-07, 0.0181192866520864
1.74712171875E-07, 0.0188885105643524
1.74714125E-07, 0.0212113943131265
1.74716078125E-07, 0.0186424467626897
1.7471803125E-07, 0.0190408273769715
1.74719984375E-07, 0.0195581229329707
1.747219375E-07, 0.020548043984541
1.74723890625E-07, 0.0193005962742873
1.7472584375E-07, 0.0187912316282591
1.74727796875E-07, 0.0190821521657801
1.7472975E-07, 0.0186573324254172
1.74731703125E-07, 0.0194302057159522
1.7473365625E-07, 0.0195243695173234
1.74735609375E-07, 0.0190357096735005
1.747375625E-07, 0.0188813746250407
1.74739515625E-07, 0.0190546823333426
1.7474146875E-07, 0.0193162453892154
1.74743421875E-07, 0.0190472591122115
1.74745375E-07, 0.0192871897700437
1.74747328125E-07, 0.0188289951810889
1.7474928125E-07, 0.0186453517900708
1.74751234375E-07, 0.0192559197458307
1.747531875E-07, 0.0192460545802675
1.74755140625E-07, 0.0189366693277976
1.7475709375E-07, 0.0182729285676148
1.74759046875E-07, 0.0184386262310956
1.74761E-07, 0.0180743163107341
1.74762953125E-07, 0.0178503907987553
1.7476490625E-07, 0.0170116731653309
1.74766859375E-07, 0.0166258929934948
1.747688125E-07, 0.0164718952958041
1.74770765625E-07, 0.0162872396313692
1.7477271875E-07, 0.0165372902359956
1.74774671875E-07, 0.0152257352286118
1.74776625E-07, 0.0140129649789505
1.74778578125E-07, 0.0139867859352862
1.7478053125E-07, 0.0123480613313726
1.74782484375E-07, 0.0133344727962701
1.747844375E-07, 0.0122797177151236
1.74786390625E-07, 0.0117310967232955
1.7478834375E-07, 0.011312652309395
1.74790296875E-07, 0.0106435837577266
1.7479225E-07, 0.00946091974062545
1.74794203125E-07, 0.00881322356217887
1.7479615625E-07, 0.00908661257579972
1.74798109375E-07, 0.00868781909814188
1.748000625E-07, 0.00615425696660842
1.74802015625E-07, 0.0065765808594178
1.7480396875E-07, 0.00515852005283041
1.74805921875E-07, 0.00412877009771238
1.74807875E-07, 0.0061873922970768
1.74809828125E-07, 0.00213865080307091
1.7481178125E-07, 0.00363611965091407
1.74813734375E-07, 0.00271865776847941
1.748156875E-07, 0.00202218633932818
1.74817640625E-07, 0.00137591646491211
1.7481959375E-07, 1.8431904258438E-05
1.74821546875E-07, 2.61553264874717E-05
1.748235E-07, -0.000470675316466089
1.74825453125E-07, -0.00167052486304375
1.7482740625E-07, -0.00174862816451299
1.74829359375E-07, -0.00249562044617373
1.748313125E-07, -0.003700156208003
1.74833265625E-07, -0.00310084597798489
1.7483521875E-07, -0.00401435837968679
1.74837171875E-07, -0.00515319382158894
1.74839125E-07, -0.0044918582906871
1.74841078125E-07, -0.00508949468700079
1.7484303125E-07, -0.00497546237711789
1.74844984375E-07, -0.00695564763243498
1.748469375E-07, -0.00699590739431507
1.74848890625E-07, -0.00602040077684498
1.7485084375E-07, -0.00611790914856946
1.74852796875E-07, -0.00625050857418622
1.7485475E-07, -0.00721592628962219
1.74856703125E-07, -0.00708328380502869
1.7485865625E-07, -0.0069467826671644
1.74860609375E-07, -0.00811639671138245
1.748625625E-07, -0.00844227674970695
1.74864515625E-07, -0.00834965795133694
1.7486646875E-07, -0.00825826615117802
1.74868421875E-07, -0.00769401180931275
1.74870375E-07, -0.00842990467957336
1.74872328125E-07, -0.00852887596768815
1.7487428125E-07, -0.00867420459870565
1.74876234375E-07, -0.00817594380519854
1.748781875E-07, -0.00854267476344418
1.74880140625E-07, -0.00853124420394977
1.7488209375E-07, -0.00809513397209476
1.74884046875E-07, -0.00786140415578525
1.74886E-07, -0.00816973757646588
1.74887953125E-07, -0.00745358527197965
1.7488990625E-07, -0.00744578387231187
1.74891859375E-07, -0.00707265024518801
1.748938125E-07, -0.00727788102041349
1.74895765625E-07, -0.00758444443086351
1.7489771875E-07, -0.00659231692506782
1.74899671875E-07, -0.00711518041308814
1.74901625E-07, -0.00640686943294993
1.74903578125E-07, -0.00605568097309627
1.7490553125E-07, -0.00513497140566558
1.74907484375E-07, -0.00501455424982268
1.749094375E-07, -0.00543078965504357
1.74911390625E-07, -0.00456150305569666
1.7491334375E-07, -0.00505419411788193
1.74915296875E-07, -0.00362249846607996
1.7491725E-07, -0.0040406349104649
1.74919203125E-07, -0.00352280479557281
1.7492115625E-07, -0.0027143933341653
1.74923109375E-07, -0.00338930754219114
1.749250625E-07, -0.00319527748260074
1.74927015625E-07, -0.00196421629598036
1.7492896875E-07, -0.00212196975051187
1.74930921875E-07, -0.00150759441790749
1.74932875E-07, -0.00137596171707987
1.74934828125E-07, -0.00199398295359525
1.7493678125E-07, -0.000636220680932772
1.74938734375E-07, -0.00122794665854394
1.749406875E-07, -0.000153080555234398
1.74942640625E-07, -0.00127911593179818
1.7494459375E-07, -0.000632752704930379
1.74946546875E-07, 0.000319075730747094
1.749485E-07, 0.000461316436373091
1.74950453125E-07, 0.00060884670755768
1.7495240625E-07, 0.000885938981050707
1.74954359375E-07, 0.00111507860638041
1.749563125E-07, 0.00105758620803658
1.74958265625E-07, 0.000924473038868045
1.7496021875E-07, 0.00141978474207289
1.74962171875E-07, 0.00190880397993369
1.74964125E-07, 0.00220498981709973
1.74966078125E-07, 0.00110897108645239
1.7496803125E-07, 0.00173634197097218
1.74969984375E-07, 0.00166524083608754
1.749719375E-07, 0.00225098936653768
1.74973890625E-07, 0.0020860415860703
1.7497584375E-07, 0.00222606194420635
1.74977796875E-07, 0.00172043432594266
1.7497975E-07, 0.00197753426987158
1.74981703125E-07, 0.00207758672537972
1.7498365625E-07, 0.00187330596485681
1.74985609375E-07, 0.00151249929658504
1.749875625E-07, 0.00177013884559819
1.74989515625E-07, 0.00156194285836486
1.7499146875E-07, 0.00211898975944081
1.74993421875E-07, 0.00156079262600314
1.74995375E-07, 0.00108542872553253
1.74997328125E-07, 0.00194733577971215
1.7499928125E-07, 0.00164872917793483
1.75001234375E-07, 0.00161170741914432
1.750031875E-07, 0.00210251578755167
1.75005140625E-07, 0.00125717662982915
1.7500709375E-07, 0.00149407414513986
1.75009046875E-07, 0.000969749534621144
1.75011E-07, 0.00142583766934555
1.75012953125E-07, 0.000848601061439184
1.7501490625E-07, 0.00128428641252672
1.75016859375E-07, -0.000406836795511593
1.750188125E-07, -4.36591332293891E-05
1.75020765625E-07, -3.67878583597847E-05
1.7502271875E-07, 0.000417910566597511
1.75024671875E-07, -0.000925405359310581
1.75026625E-07, -0.00145793683754896
1.75028578125E-07, -0.000856327465836439
1.7503053125E-07, -0.00143223988785658
1.75032484375E-07, -0.00135279944123435
1.750344375E-07, -0.00159552749056599
1.75036390625E-07, -0.00228687607985819
1.7503834375E-07, -0.00163381622189395
1.75040296875E-07, -0.00216985384221204
1.7504225E-07, -0.00257574762344839
1.75044203125E-07, -0.00414199918941873
1.7504615625E-07, -0.00348046690514117
1.75048109375E-07, -0.00385814845041692
1.750500625E-07, -0.00459124419253806
1.75052015625E-07, -0.00503373128835737
1.7505396875E-07, -0.00394134843263241
1.75055921875E-07, -0.00586447794759869
1.75057875E-07, -0.00616663351744299
1.75059828125E-07, -0.00596950320740401
1.7506178125E-07, -0.00642661125774802
1.75063734375E-07, -0.00677110012277889
1.750656875E-07, -0.007949523714382
1.75067640625E-07, -0.00760383556366483
1.7506959375E-07, -0.00835616157842049
1.75071546875E-07, -0.00862397993304723
1.750735E-07, -0.00849247379597096
1.75075453125E-07, -0.00960918153460264
1.7507740625E-07, -0.0101830366991809
1.75079359375E-07, -0.0114462862763321
1.750813125E-07, -0.0122658217553414
1.75083265625E-07, -0.0108774424181464
1.7508521875E-07, -0.0126427905297646
1.75087171875E-07, -0.0123154575454016
1.75089125E-07, -0.013130563208427
1.75091078125E-07, -0.0143594258591592
1.7509303125E-07, -0.0153908113333593
1.75094984375E-07, -0.0148591989654718
1.750969375E-07, -0.0158314498186623
1.75098890625E-07, -0.0162205995874035
1.7510084375E-07, -0.0181551429133688
1.75102796875E-07, -0.0165906302808094
1.7510475E-07, -0.0182045494646913
1.75106703125E-07, -0.0187969946611304
1.7510865625E-07, -0.0188696885419729
1.75110609375E-07, -0.0196940496736871
1.751125625E-07, -0.02029964878111
1.75114515625E-07, -0.0220180264538532
1.7511646875E-07, -0.0211185346890974
1.75118421875E-07, -0.0209740609604582
1.75120375E-07, -0.0220872379647049
1.75122328125E-07, -0.0231347656922203
1.7512428125E-07, -0.0237675927647827
1.75126234375E-07, -0.0235909593894306
1.751281875E-07, -0.0227823585193178
1.75130140625E-07, -0.0249466487734477
1.7513209375E-07, -0.0260835851171023
1.75134046875E-07, -0.025296698187367
1.75136E-07, -0.0265877694742007
1.75137953125E-07, -0.0262229412172342
1.7513990625E-07, -0.0283223254398366
1.75141859375E-07, -0.0280140167798769
1.751438125E-07, -0.0278659466599151
1.75145765625E-07, -0.0293888226997397
1.7514771875E-07, -0.0294104539472348
1.75149671875E-07, -0.0283725286382432
1.75151625E-07, -0.029650183333731
1.75153578125E-07, -0.0297020527255375
1.7515553125E-07, -0.0306871251317156
1.75157484375E-07, -0.0311007085073116
1.751594375E-07, -0.0309783967221031
1.75161390625E-07, -0.0313495471686981
1.7516334375E-07, -0.0305183655253674
1.75165296875E-07, -0.0319941249518203
1.7516725E-07, -0.0317551130473846
1.75169203125E-07, -0.0324262349742758
1.7517115625E-07, -0.0323506375607712
1.75173109375E-07, -0.0313605650579512
1.751750625E-07, -0.0325670536615847
1.75177015625E-07, -0.0325892189115039
1.7517896875E-07, -0.0326497106603112
1.75180921875E-07, -0.0331128499762111
1.75182875E-07, -0.0329588871207559
1.75184828125E-07, -0.0331959327695812
1.7518678125E-07, -0.032618958783144
1.75188734375E-07, -0.0326436579099403
1.751906875E-07, -0.0324391699393042
1.75192640625E-07, -0.0324565970633499
1.7519459375E-07, -0.0326266044078052
1.75196546875E-07, -0.0328246438846688
1.751985E-07, -0.0331007173894569
1.75200453125E-07, -0.0322237566443514
1.7520240625E-07, -0.0307151592788968
1.75204359375E-07, -0.0325588100740924
1.752063125E-07, -0.032059523279183
1.75208265625E-07, -0.0310182477730032
1.7521021875E-07, -0.0319920201888944
1.75212171875E-07, -0.0294048744594818
1.75214125E-07, -0.0313050002167632
1.75216078125E-07, -0.0302765528698775
1.7521803125E-07, -0.0298903127771648
1.75219984375E-07, -0.0312459932325296
1.752219375E-07, -0.0300852237937137
1.75223890625E-07, -0.029866219756023
1.7522584375E-07, -0.0289529703258354
1.75227796875E-07, -0.0295336442932271
1.7522975E-07, -0.0281430777497005
1.75231703125E-07, -0.0297189260065512
1.7523365625E-07, -0.0285956315830124
1.75235609375E-07, -0.029260713099048
1.752375625E-07, -0.0279380755139864
1.75239515625E-07, -0.0277755711114406
1.7524146875E-07, -0.0274199497393457
1.75243421875E-07, -0.0274437345142739
1.75245375E-07, -0.0265179524108624
1.75247328125E-07, -0.0266553279373078
1.7524928125E-07, -0.0269103275307698
1.75251234375E-07, -0.0260662115529376
1.752531875E-07, -0.0259341727182776
1.75255140625E-07, -0.0244346502263031
1.7525709375E-07, -0.024987212608158
1.75259046875E-07, -0.0242841761517902
1.75261E-07, -0.0243306887783291
1.75262953125E-07, -0.0231147032793299
1.7526490625E-07, -0.0224368383347647
1.75266859375E-07, -0.0233814221085514
1.752688125E-07, -0.0239037065119656
1.75270765625E-07, -0.021758175968539
1.7527271875E-07, -0.0234995368416941
1.75274671875E-07, -0.0220927103142064
1.75276625E-07, -0.0206399752104382
1.75278578125E-07, -0.0222656949535916
1.7528053125E-07, -0.0204600166850256
1.75282484375E-07, -0.0208365693565338
1.752844375E-07, -0.019949359706317
1.75286390625E-07, -0.0202891792268788
1.7528834375E-07, -0.0199724244389097
1.75290296875E-07, -0.0188417967552446
1.7529225E-07, -0.0179340141173417
1.75294203125E-07, -0.0180935207498241
1.7529615625E-07, -0.0176935076493644
1.75298109375E-07, -0.0183871095010672
1.753000625E-07, -0.0163929769662519
1.75302015625E-07, -0.0152863486690878
1.7530396875E-07, -0.015730787895807
1.75305921875E-07, -0.0155791985009304
1.75307875E-07, -0.0145397975368691
1.75309828125E-07, -0.0145310968372718
1.7531178125E-07, -0.0141398622203216
1.75313734375E-07, -0.0149200106204369
1.753156875E-07, -0.0133337352359228
1.75317640625E-07, -0.0131670230359948
1.7531959375E-07, -0.0126514342756867
1.75321546875E-07, -0.0117187831894188
1.753235E-07, -0.0137035119907964
1.75325453125E-07, -0.0110769201981366
1.7532740625E-07, -0.0109712484242718
1.75329359375E-07, -0.0105443559880112
1.753313125E-07, -0.0101307807460058
1.75333265625E-07, -0.0101503739092551
1.7533521875E-07, -0.00940407319874429
1.75337171875E-07, -0.00872136129896499
1.75339125E-07, -0.0082828307735513
1.75341078125E-07, -0.00742094233168071
1.7534303125E-07, -0.00799228840940678
1.75344984375E-07, -0.00640574004609379
1.753469375E-07, -0.00729118266991891
1.75348890625E-07, -0.00635356578565959
1.7535084375E-07, -0.0065198766557779
1.75352796875E-07, -0.00474669884708982
1.7535475E-07, -0.00528302416230055
1.75356703125E-07, -0.0052851956771836
1.7535865625E-07, -0.00498711673250532
1.75360609375E-07, -0.00471814146837035
1.753625625E-07, -0.00390137470649093
1.75364515625E-07, -0.00371251933778823
1.7536646875E-07, -0.00343622481446431
1.75368421875E-07, -0.0031630168191618
1.75370375E-07, -0.00183006680762938
1.75372328125E-07, -0.00207483836798889
1.7537428125E-07, -0.00325152877299824
1.75376234375E-07, -0.0013927482523924
1.753781875E-07, -0.00138824672822724
1.75380140625E-07, -0.00101690881933943
1.7538209375E-07, -0.00114605967019405
1.75384046875E-07, -0.000463624303100988
1.75386E-07, -6.26041593686009E-05
1.75387953125E-07, 0.000136247410939974
1.7538990625E-07, -0.00029247199509583
1.75391859375E-07, -0.000743051440814493
1.753938125E-07, 0.000636577202244124
1.75395765625E-07, 0.00118395060472108
1.7539771875E-07, 0.00154695592931699
1.75399671875E-07, 0.00154054080691089
1.75401625E-07, 0.00153642462537018
1.75403578125E-07, 0.002042178345501
1.7540553125E-07, 0.00217990673161585
1.75407484375E-07, 0.00223692203799585
1.754094375E-07, 0.00216700524787986
1.75411390625E-07, 0.00356836677827541
1.7541334375E-07, 0.00179154404961025
1.75415296875E-07, 0.00264558167986304
1.7541725E-07, 0.0021214027426449
1.75419203125E-07, 0.00315183013974438
1.7542115625E-07, 0.00363662666284598
1.75423109375E-07, 0.00379302476812714
1.754250625E-07, 0.00368135873872139
1.75427015625E-07, 0.00377550100639172
1.7542896875E-07, 0.00350445194409543
1.75430921875E-07, 0.00484461890673842
1.75432875E-07, 0.00393905837378335
1.75434828125E-07, 0.00486784603672664
1.7543678125E-07, 0.00459638928673075
1.75438734375E-07, 0.00452607454603424
1.754406875E-07, 0.00483501073418869
1.75442640625E-07, 0.00437818447133582
1.7544459375E-07, 0.00516709752712515
1.75446546875E-07, 0.00520661463172761
1.754485E-07, 0.00525815347675591
1.75450453125E-07, 0.00560036075726832
1.7545240625E-07, 0.00673770672103983
1.75454359375E-07, 0.00667804766806958
1.754563125E-07, 0.00660360496353238
1.75458265625E-07, 0.00658683385955704
1.7546021875E-07, 0.00686356159080784
1.75462171875E-07, 0.00720968178575088
1.75464125E-07, 0.00738177266181408
1.75466078125E-07, 0.00759477515304599
1.7546803125E-07, 0.00812677051830001
1.75469984375E-07, 0.00832703569141757
1.754719375E-07, 0.00868744735946282
1.75473890625E-07, 0.00787383388818402
1.7547584375E-07, 0.00874224793004011
1.75477796875E-07, 0.009117192914812
1.7547975E-07, 0.00900740702278869
1.75481703125E-07, 0.00974519440860333
1.7548365625E-07, 0.0089244640822613
1.75485609375E-07, 0.010546876521618
1.754875625E-07, 0.0105553582938883
1.75489515625E-07, 0.0100783403869042
1.7549146875E-07, 0.0108766674076636
1.75493421875E-07, 0.0105887135343962
1.75495375E-07, 0.011187374893475
1.75497328125E-07, 0.0119008084536265
1.7549928125E-07, 0.0114932328840213
1.75501234375E-07, 0.0114769587847148
1.755031875E-07, 0.0117992606006343
1.75505140625E-07, 0.0133834819814149
1.7550709375E-07, 0.0127445871699738
1.75509046875E-07, 0.0125952508708787
1.75511E-07, 0.0124406847033713
1.75512953125E-07, 0.0131104137486866
1.7551490625E-07, 0.0138333775251427
1.75516859375E-07, 0.0133414044807736
1.755188125E-07, 0.0131171273112136
1.75520765625E-07, 0.0143687232795121
1.7552271875E-07, 0.0137471707345024
1.75524671875E-07, 0.0144726147435528
1.75526625E-07, 0.0147749088904444
1.75528578125E-07, 0.0147814244255623
1.7553053125E-07, 0.014547055031952
1.75532484375E-07, 0.0149238767526006
1.755344375E-07, 0.014999646728257
1.75536390625E-07, 0.0138676726930771
1.7553834375E-07, 0.0149775519628188
1.75540296875E-07, 0.0147459653433242
1.7554225E-07, 0.0146237506644603
1.75544203125E-07, 0.0141465408777248
1.7554615625E-07, 0.0150198233074814
1.75548109375E-07, 0.0152417841735042
1.755500625E-07, 0.0148185673973508
1.75552015625E-07, 0.015313723573568
1.7555396875E-07, 0.0152316702985911
1.75555921875E-07, 0.0147932888505697
1.75557875E-07, 0.0140152018567783
1.75559828125E-07, 0.0148086549069005
1.7556178125E-07, 0.014290802415903
1.75563734375E-07, 0.0139765570920821
1.755656875E-07, 0.0148724171821648
1.75567640625E-07, 0.0143208020993641
1.7556959375E-07, 0.0141657300184289
1.75571546875E-07, 0.013807314383978
1.755735E-07, 0.0138622692709549
1.75575453125E-07, 0.0138421079190941
1.7557740625E-07, 0.013514321219638
1.75579359375E-07, 0.0133275519945819
1.755813125E-07, 0.0129570572832716
1.75583265625E-07, 0.0128254208232281
1.7558521875E-07, 0.0120710537445759
1.75587171875E-07, 0.0120023762888845
1.75589125E-07, 0.0119228714071591
1.75591078125E-07, 0.0118098296313632
1.7559303125E-07, 0.0114684721348657
1.75594984375E-07, 0.0110062212457415
1.755969375E-07, 0.0108498529652314
1.75598890625E-07, 0.0113615231584513
1.7560084375E-07, 0.010018031032603
1.75602796875E-07, 0.0100033632878174
1.7560475E-07, 0.0105336998770924
1.75606703125E-07, 0.00899925847709136
1.7560865625E-07, 0.00953889535545178
1.75610609375E-07, 0.00896066008411716
1.756125625E-07, 0.00883574900667798
1.75614515625E-07, 0.00816703711493632
1.7561646875E-07, 0.00815540613887527
1.75618421875E-07, 0.00784569814073844
1.75620375E-07, 0.00773186723734728
1.75622328125E-07, 0.00738584540968662
1.7562428125E-07, 0.00711421361114186
1.75626234375E-07, 0.00715636900537626
1.756281875E-07, 0.00646515317077536
1.75630140625E-07, 0.00651068638493495
1.7563209375E-07, 0.00619676568796109
1.75634046875E-07, 0.00649945785655324
1.75636E-07, 0.00593355560938408
1.75637953125E-07, 0.00570791834923972
1.7563990625E-07, 0.00512294804459246
1.75641859375E-07, 0.00527235960947711
1.756438125E-07, 0.00479848744986085
1.75645765625E-07, 0.00486397171376013
1.7564771875E-07, 0.00483083884222882
1.75649671875E-07, 0.00511592633559122
1.75651625E-07, 0.00446480645672308
1.75653578125E-07, 0.00502348883529335
1.7565553125E-07, 0.00431125950802274
1.75657484375E-07, 0.00447247399499096
1.756594375E-07, 0.00420422824972537
1.75661390625E-07, 0.00382447423750385
1.7566334375E-07, 0.00453501450300827
1.75665296875E-07, 0.0038324485541091
1.7566725E-07, 0.00489315589101032
1.75669203125E-07, 0.0036912708460357
1.7567115625E-07, 0.00447784722714985
1.75673109375E-07, 0.00336855748352262
1.756750625E-07, 0.0045047940098732
1.75677015625E-07, 0.00429281090582335
1.7567896875E-07, 0.00418357105059386
1.75680921875E-07, 0.00469469045805481
1.75682875E-07, 0.00370325570217913
1.75684828125E-07, 0.00434541193145431
1.7568678125E-07, 0.00393142253210798
1.75688734375E-07, 0.00395980835069219
1.756906875E-07, 0.00436100494099765
1.75692640625E-07, 0.00447389707619887
1.7569459375E-07, 0.00512236522903137
1.75696546875E-07, 0.00472488140009605
1.756985E-07, 0.00456544517638977
1.75700453125E-07, 0.00513251328856421
1.7570240625E-07, 0.00514868157825566
1.75704359375E-07, 0.00485715258874589
1.757063125E-07, 0.00550850686217999
1.75708265625E-07, 0.00546548804553262
1.7571021875E-07, 0.0054051639215345
1.75712171875E-07, 0.00579183623322719
1.75714125E-07, 0.00564375772059247
1.75716078125E-07, 0.00574653314232579
1.7571803125E-07, 0.00665078930017229
1.75719984375E-07, 0.00659787519322871
1.757219375E-07, 0.00648873944290486
1.75723890625E-07, 0.00668480327989497
1.7572584375E-07, 0.0064430221730672
1.75727796875E-07, 0.00675569916237686
1.7572975E-07, 0.00669670037718117
1.75731703125E-07, 0.0074024904041511
1.7573365625E-07, 0.00734891189693894
1.75735609375E-07, 0.00783052758340203
1.757375625E-07, 0.00771144813071724
1.75739515625E-07, 0.00779195560805221
1.7574146875E-07, 0.00761317343571075
1.75743421875E-07, 0.00708722665861991
1.75745375E-07, 0.00756060673698615
1.75747328125E-07, 0.0082173470036615
1.7574928125E-07, 0.00808070981361487
1.75751234375E-07, 0.00851377453879391
1.757531875E-07, 0.00893969413224271
1.75755140625E-07, 0.00838049130133569
1.7575709375E-07, 0.00829502315832187
1.75759046875E-07, 0.00859417689931942
1.75761E-07, 0.00870288591829968
1.75762953125E-07, 0.0089570855905212
1.7576490625E-07, 0.00854354729586134
1.75766859375E-07, 0.00961823352343732
1.757688125E-07, 0.00914226782396982
1.75770765625E-07, 0.00942694107343344
1.7577271875E-07, 0.00904836153082028
1.75774671875E-07, 0.00969074742648492
1.75776625E-07, 0.00911971173765571
1.75778578125E-07, 0.0100867387267797
1.7578053125E-07, 0.00997243358074659
1.75782484375E-07, 0.0102099875379278
1.757844375E-07, 0.0100920417313567
1.75786390625E-07, 0.0103636431321057
1.7578834375E-07, 0.00999220888798662
1.75790296875E-07, 0.0104518742421544
1.7579225E-07, 0.00980509802816041
1.75794203125E-07, 0.0106111774819873
1.7579615625E-07, 0.00967142801551725
1.75798109375E-07, 0.0107939360256142
1.758000625E-07, 0.0102462563494933
1.75802015625E-07, 0.00995400425314801
1.7580396875E-07, 0.0104087364395436
1.75805921875E-07, 0.0108445808964055
1.75807875E-07, 0.010965162574754
1.75809828125E-07, 0.0110196616579601
1.7581178125E-07, 0.0109664417080847
1.75813734375E-07, 0.0108739938216329
1.758156875E-07, 0.011071581545753
1.75817640625E-07, 0.0104120176011178
1.7581959375E-07, 0.0109872091483124
1.75821546875E-07, 0.011502503340058
1.758235E-07, 0.0111496353506274
1.75825453125E-07, 0.0113025342610371
1.7582740625E-07, 0.0114000809612984
1.75829359375E-07, 0.0113289900817531
1.758313125E-07, 0.0117760292039631
1.75833265625E-07, 0.0117292218116407
1.7583521875E-07, 0.0115789088103864
1.75837171875E-07, 0.0119553538448869
1.75839125E-07, 0.0117599960097495
1.75841078125E-07, 0.01212688902677
1.7584303125E-07, 0.0121315274323058
1.75844984375E-07, 0.0119568043998409
1.758469375E-07, 0.0121680049196783
1.75848890625E-07, 0.0122714494737666
1.7585084375E-07, 0.0123185313800104
1.75852796875E-07, 0.0121535657113263
1.7585475E-07, 0.0126261627331968
1.75856703125E-07, 0.0124625061056358
1.7585865625E-07, 0.0125331383912098
1.75860609375E-07, 0.0123594551870244
1.758625625E-07, 0.0122919434617356
1.75864515625E-07, 0.0122318381884775
1.7586646875E-07, 0.0126241366882521
1.75868421875E-07, 0.0126521086632019
1.75870375E-07, 0.0129446770343395
1.75872328125E-07, 0.012819144264406
1.7587428125E-07, 0.0129560991974115
1.75876234375E-07, 0.0127865638507402
1.758781875E-07, 0.012835931866895
1.75880140625E-07, 0.0129280012427828
1.7588209375E-07, 0.0127481605038893
1.75884046875E-07, 0.0129238284628654
1.75886E-07, 0.0131527738514575
1.75887953125E-07, 0.0128102455447862
1.7588990625E-07, 0.0129406671633278
1.75891859375E-07, 0.0126824157961085
1.758938125E-07, 0.0130499108936732
1.75895765625E-07, 0.0131799593988565
1.7589771875E-07, 0.0128226086913484
1.75899671875E-07, 0.0129354566411191
1.75901625E-07, 0.0129257650685402
1.75903578125E-07, 0.0128255948916181
1.7590553125E-07, 0.0126216882373074
1.75907484375E-07, 0.0130450525724515
1.759094375E-07, 0.012727367163321
1.75911390625E-07, 0.0126819322391842
1.7591334375E-07, 0.0119582486114029
1.75915296875E-07, 0.0130434993815926
1.7591725E-07, 0.0128719419065853
1.75919203125E-07, 0.0123118657276496
1.7592115625E-07, 0.012460574564457
1.75923109375E-07, 0.012212199434672
1.759250625E-07, 0.0116282023955397
1.75927015625E-07, 0.0120459276466841
1.7592896875E-07, 0.0122136589340075
1.75930921875E-07, 0.0115444158724231
1.75932875E-07, 0.0112559414685959
1.75934828125E-07, 0.0111588564962915
1.7593678125E-07, 0.010992369297946
1.75938734375E-07, 0.0104327977064938
1.759406875E-07, 0.011053313643745
1.75942640625E-07, 0.0108080914949668
1.7594459375E-07, 0.010275086061247
1.75946546875E-07, 0.0103625082800449
1.759485E-07, 0.010480259253204
1.75950453125E-07, 0.0102727708593065
1.7595240625E-07, 0.00982017255149901
1.75954359375E-07, 0.00991814896261492
1.759563125E-07, 0.00763738215543764
1.75958265625E-07, 0.00912146141907071
1.7596021875E-07, 0.00894650047175775
1.75962171875E-07, 0.0081590231447325
1.75964125E-07, 0.00904842275752263
1.75966078125E-07, 0.00776230995908867
1.7596803125E-07, 0.00780925276953507
1.75969984375E-07, 0.00747246502312775
1.759719375E-07, 0.00682828848635404
1.75973890625E-07, 0.00701979749501308
1.7597584375E-07, 0.00725535039255049
1.75977796875E-07, 0.00598216828361013
1.7597975E-07, 0.00606206769976209
1.75981703125E-07, 0.00495399686114521
1.7598365625E-07, 0.00518884457765181
1.75985609375E-07, 0.00381443686683245
1.759875625E-07, 0.00341255002570411
1.75989515625E-07, 0.00389668945251495
1.7599146875E-07, 0.002885183347498
1.75993421875E-07, 0.00255154437665147
1.75995375E-07, 0.00145706386343997
1.75997328125E-07, 0.000428157203782947
1.7599928125E-07, 0.00153036379321186
1.76001234375E-07, 0.00228341148202425
1.760031875E-07, -0.000306308036023873
1.76005140625E-07, 0.000669919035737193
1.7600709375E-07, -0.000251848245522147
1.76009046875E-07, 0.000396754089020086
1.76011E-07, -0.000775706382260937
1.76012953125E-07, -0.000745442886665352
1.7601490625E-07, -0.000952397857119879
1.76016859375E-07, -0.00172467480486826
1.760188125E-07, -0.00166973025350205
1.76020765625E-07, -0.00381614059515451
1.7602271875E-07, -0.00352014157956947
1.76024671875E-07, -0.00445823844454756
1.76026625E-07, -0.00415840744866299
1.76028578125E-07, -0.00512153771626548
1.7603053125E-07, -0.00686985322494407
1.76032484375E-07, -0.00433040052446922
1.760344375E-07, -0.00737081513811695
1.76036390625E-07, -0.00670032637180793
1.7603834375E-07, -0.00815338527560415
1.76040296875E-07, -0.00861030022055508
1.7604225E-07, -0.00875780386159661
1.76044203125E-07, -0.00903531127910019
1.7604615625E-07, -0.00984444868801266
1.76048109375E-07, -0.0101891238129266
1.760500625E-07, -0.00951907920888995
1.76052015625E-07, -0.0111122769489141
1.7605396875E-07, -0.010546980211287
1.76055921875E-07, -0.012572749062857
1.76057875E-07, -0.0133216930320695
1.76059828125E-07, -0.0128825996975818
1.7606178125E-07, -0.0135223523073916
1.76063734375E-07, -0.0132132974023568
1.760656875E-07, -0.0148126883784007
1.76067640625E-07, -0.0143577227772302
1.7606959375E-07, -0.0146725773046095
1.76071546875E-07, -0.0143856732201801
1.760735E-07, -0.0151815428348441
1.76075453125E-07, -0.0168016968316016
1.7607740625E-07, -0.0157167642806009
1.76079359375E-07, -0.0157134730158616
1.760813125E-07, -0.0168324202966883
1.76083265625E-07, -0.0174320431306268
1.7608521875E-07, -0.0168672314431984
1.76087171875E-07, -0.0169496923643387
1.76089125E-07, -0.0171853733753067
1.76091078125E-07, -0.0175293885778647
1.7609303125E-07, -0.0179339021773185
1.76094984375E-07, -0.0179129320321268
1.760969375E-07, -0.0175406734566569
1.76098890625E-07, -0.0179555554295244
1.7610084375E-07, -0.0183024448358135
1.76102796875E-07, -0.0180974561823763
1.7610475E-07, -0.0171091502494811
1.76106703125E-07, -0.0176160974936882
1.7610865625E-07, -0.0174434990310147
1.76110609375E-07, -0.0180615683794082
1.761125625E-07, -0.017106755903888
1.76114515625E-07, -0.017436187763287
1.7611646875E-07, -0.0175903900375742
1.76118421875E-07, -0.0171823771663051
1.76120375E-07, -0.0172510835064367
1.76122328125E-07, -0.0165413443922758
1.7612428125E-07, -0.0168347992025954
1.76126234375E-07, -0.0162074638742625
1.761281875E-07, -0.0158452516414951
1.76130140625E-07, -0.0165565139165968
1.7613209375E-07, -0.0162206308934463
1.76134046875E-07, -0.0152924145453486
1.76136E-07, -0.0160042089304063
1.76137953125E-07, -0.0149793792152733
1.7613990625E-07, -0.015562498265157
1.76141859375E-07, -0.0146483267235579
1.761438125E-07, -0.014585082533189
1.76145765625E-07, -0.0133484059136023
1.7614771875E-07, -0.0140548131021157
1.76149671875E-07, -0.0132976518470884
1.76151625E-07, -0.0134678207244866
1.76153578125E-07, -0.01272449679807
1.7615553125E-07, -0.0123162314529184
1.76157484375E-07, -0.0106218589648542
1.761594375E-07, -0.0116752313755976
1.76161390625E-07, -0.0111704877054835
1.7616334375E-07, -0.010972823859837
1.76165296875E-07, -0.0105356745654504
1.7616725E-07, -0.00995921679727743
1.76169203125E-07, -0.00969764314456579
1.7617115625E-07, -0.00956135679592561
1.76173109375E-07, -0.00887184630755741
1.761750625E-07, -0.00840566740102873
1.76177015625E-07, -0.00769248541268437
1.7617896875E-07, -0.0090675113660336
1.76180921875E-07, -0.00734228203902252
1.76182875E-07, -0.00824421687699274
1.76184828125E-07, -0.0073179316094816
1.7618678125E-07, -0.00679141750116183
1.76188734375E-07, -0.00685584393386747
1.761906875E-07, -0.0068383979813446
1.76192640625E-07, -0.00643832514968411
1.7619459375E-07, -0.0064058523694939
1.76196546875E-07, -0.0062356766846719
1.761985E-07, -0.00593427701682767
1.76200453125E-07, -0.00588770177665094
1.7620240625E-07, -0.00568911867577558
1.76204359375E-07, -0.00619100695761542
1.762063125E-07, -0.00579068786898633
1.76208265625E-07, -0.00538648262244
1.7621021875E-07, -0.00572768418785641
1.76212171875E-07, -0.00501811540770387
1.76214125E-07, -0.00571216106338301
1.76216078125E-07, -0.00560641043367242
1.7621803125E-07, -0.00587339216678615
1.76219984375E-07, -0.00598196546354794
1.762219375E-07, -0.00612510756624421
1.76223890625E-07, -0.00543143421923578
1.7622584375E-07, -0.00589590207373688
1.76227796875E-07, -0.00605978091654847
1.7622975E-07, -0.00623665721419278
1.76231703125E-07, -0.00595940839015528
1.7623365625E-07, -0.00601769503001797
1.76235609375E-07, -0.00639524546820858
1.762375625E-07, -0.00644528502054522
1.76239515625E-07, -0.00698571464632669
1.7624146875E-07, -0.00642742901416631
1.76243421875E-07, -0.00670017188092328
1.76245375E-07, -0.0074944662499845
1.76247328125E-07, -0.00795615156367157
1.7624928125E-07, -0.00729018099778198
1.76251234375E-07, -0.00828677146202121
1.762531875E-07, -0.0081269122441372
1.76255140625E-07, -0.00827091268159218
1.7625709375E-07, -0.00850305668409866
1.76259046875E-07, -0.00790696585019819
1.76261E-07, -0.00813210931136902
1.76262953125E-07, -0.00911477821232967
1.7626490625E-07, -0.0083332613822939
1.76266859375E-07, -0.00948370637603361
1.762688125E-07, -0.00914788221781023
1.76270765625E-07, -0.00912822195170879
1.7627271875E-07, -0.00973949688727628
1.76274671875E-07, -0.00925572413772328
1.76276625E-07, -0.00959447614702255
1.76278578125E-07, -0.00998096736399282
1.7628053125E-07, -0.0100621715943875
1.76282484375E-07, -0.00981275139653019
1.762844375E-07, -0.0098846611087961
1.76286390625E-07, -0.00974356056953525
1.7628834375E-07, -0.00993061313038084
1.76290296875E-07, -0.0104268126347116
1.7629225E-07, -0.0106727348041479
1.76294203125E-07, -0.0107609869403314
1.7629615625E-07, -0.0103594104561209
1.76298109375E-07, -0.0104013017637721
1.763000625E-07, -0.0107347277488515
1.76302015625E-07, -0.0104245413490362
1.7630396875E-07, -0.0102750440765996
1.76305921875E-07, -0.010305083034342
1.76307875E-07, -0.0106067528064913
1.76309828125E-07, -0.0103170028036391
1.7631178125E-07, -0.010568385387293
1.76313734375E-07, -0.0106487780626636
1.763156875E-07, -0.00974317507969791
1.76317640625E-07, -0.00981906055679015
1.7631959375E-07, -0.0100124713803182
1.76321546875E-07, -0.0100824954287896
1.763235E-07, -0.0103821905175041
1.76325453125E-07, -0.00932719296041874
1.7632740625E-07, -0.00980547264999852
1.76329359375E-07, -0.0100243229410617
1.763313125E-07, -0.00969898785757467
1.76333265625E-07, -0.00910084583818427
1.7633521875E-07, -0.00972875867122058
1.76337171875E-07, -0.0087297195571524
1.76339125E-07, -0.00860318286125308
1.76341078125E-07, -0.00932991728390911
1.7634303125E-07, -0.00881423955438061
1.76344984375E-07, -0.00840604927776878
1.763469375E-07, -0.0082665553666378
1.76348890625E-07, -0.00845456184720934
1.7635084375E-07, -0.00781241469482539
1.76352796875E-07, -0.00835607743783038
1.7635475E-07, -0.00825564894133907
1.76356703125E-07, -0.00754821014334797
1.7635865625E-07, -0.00776185416247769
1.76360609375E-07, -0.00763800187240787
1.763625625E-07, -0.00672757741573719
1.76364515625E-07, -0.0064790644515891
1.7636646875E-07, -0.006475389062117
1.76368421875E-07, -0.00669711826595931
1.76370375E-07, -0.00650380774366672
1.76372328125E-07, -0.00589255285537061
1.7637428125E-07, -0.00637473631121114
1.76376234375E-07, -0.005195874625173
1.763781875E-07, -0.00560143426792181
1.76380140625E-07, -0.0056713435986727
1.7638209375E-07, -0.00422115809516551
1.76384046875E-07, -0.00598933711483431
1.76386E-07, -0.00494243274106371
1.76387953125E-07, -0.00470887018316954
1.7638990625E-07, -0.00467396523908991
1.76391859375E-07, -0.00478425099980053
1.763938125E-07, -0.00504739044138524
1.76395765625E-07, -0.00368719964670761
1.7639771875E-07, -0.004232049238605
1.76399671875E-07, -0.00426683615607356
1.76401625E-07, -0.00453446124318628
1.76403578125E-07, -0.00330381080236562
1.7640553125E-07, -0.00408157210131442
1.76407484375E-07, -0.00359811818713907
1.764094375E-07, -0.00383162821032833
1.76411390625E-07, -0.00397424919828686
1.7641334375E-07, -0.00400270863337227
1.76415296875E-07, -0.00341910873225335
1.7641725E-07, -0.00347392531550862
1.76419203125E-07, -0.00372839322272635
1.7642115625E-07, -0.00338352105925262
1.76423109375E-07, -0.00359933272557405
1.764250625E-07, -0.00342916654783028
1.76427015625E-07, -0.00347182826273728
1.7642896875E-07, -0.00286811572167993
1.76430921875E-07, -0.00297850389969789
1.76432875E-07, -0.00350460841682821
1.76434828125E-07, -0.00324016274526051
1.7643678125E-07, -0.00351044852136991
1.76438734375E-07, -0.00284357068615735
1.764406875E-07, -0.0034134661378913
1.76442640625E-07, -0.00285655014336455
1.7644459375E-07, -0.00325311011089856
1.76446546875E-07, -0.00288672104178147
1.764485E-07, -0.00348740860698682
1.76450453125E-07, -0.00300853030429479
1.7645240625E-07, -0.00328665843813701
1.76454359375E-07, -0.00335296261916282
1.764563125E-07, -0.0032301108139799
1.76458265625E-07, -0.00308488545224049
1.7646021875E-07, -0.00315479100173577
1.76462171875E-07, -0.00292915005431286
1.76464125E-07, -0.00337004174736802
1.76466078125E-07, -0.00337838471465739
1.7646803125E-07, -0.00358216305915498
1.76469984375E-07, -0.00290787400273219
1.764719375E-07, -0.00314444994164273
1.76473890625E-07, -0.00350180457424666
1.7647584375E-07, -0.00326309214906002
1.76477796875E-07, -0.00320955200218324
1.7647975E-07, -0.00280386580819288
1.76481703125E-07, -0.00317876323869403
1.7648365625E-07, -0.00282755993465502
1.76485609375E-07, -0.00290588413628086
1.764875625E-07, -0.00259770434916698
1.76489515625E-07, -0.00274931858768469
1.7649146875E-07, -0.0033299295063911
1.76493421875E-07, -0.00276111870378416
1.76495375E-07, -0.00334709350528316
1.76497328125E-07, -0.00319521180590502
1.7649928125E-07, -0.00271643114780409
1.76501234375E-07, -0.00283089789032932
1.765031875E-07, -0.00296242275702909
1.76505140625E-07, -0.00299967271731942
1.7650709375E-07, -0.00320547444960189
1.76509046875E-07, -0.002360323749699
1.76511E-07, -0.00264597566657144
1.76512953125E-07, -0.00259255957524499
1.7651490625E-07, -0.00334773191676337
1.76516859375E-07, -0.00249539743470357
1.765188125E-07, -0.00305965511242835
1.76520765625E-07, -0.00299245216848934
1.7652271875E-07, -0.00277969951974618
1.76524671875E-07, -0.00301638153223322
1.76526625E-07, -0.00263122393722797
1.76528578125E-07, -0.00261323894837067
1.7653053125E-07, -0.0031364693736158
1.76532484375E-07, -0.00240393097727342
1.765344375E-07, -0.00286858020286162
1.76536390625E-07, -0.00248899195066814
1.7653834375E-07, -0.00334363354431758
1.76540296875E-07, -0.00298053401250974
1.7654225E-07, -0.0024669210525866
1.76544203125E-07, -0.00303773277590637
1.7654615625E-07, -0.00299569367173591
1.76548109375E-07, -0.00293730635735321
1.765500625E-07, -0.00251244595527234
1.76552015625E-07, -0.00266517718753489
1.7655396875E-07, -0.00263958302234705
1.76555921875E-07, -0.00274804127927462
1.76557875E-07, -0.00283060897029227
1.76559828125E-07, -0.0025797023382072
1.7656178125E-07, -0.00283053427107468
1.76563734375E-07, -0.00255914909319418
1.765656875E-07, -0.00258551973543107
1.76567640625E-07, -0.00313598906708493
1.7656959375E-07, -0.00273897077765375
1.76571546875E-07, -0.00243971984515889
1.765735E-07, -0.00262813406386006
1.76575453125E-07, -0.00292694072475046
1.7657740625E-07, -0.00291194209997723
1.76579359375E-07, -0.00242624336976638
1.765813125E-07, -0.00312394491238234
1.76583265625E-07, -0.0024612993984031
1.7658521875E-07, -0.00180843625541804
1.76587171875E-07, -0.0034234430599553
1.76589125E-07, -0.00304492727070297
1.76591078125E-07, -0.00252931283368724
1.7659303125E-07, -0.00294473570818024
1.76594984375E-07, -0.00324985307228973
1.765969375E-07, -0.00310038269485447
1.76598890625E-07, -0.00281923431072579
1.7660084375E-07, -0.00233642550402859
1.76602796875E-07, -0.0024719430617379
1.7660475E-07, -0.00298184557369859
1.76606703125E-07, -0.00313414966637282
1.7660865625E-07, -0.0033591330851549
1.76610609375E-07, -0.00296638920556692
1.766125625E-07, -0.00284997967080286
1.76614515625E-07, -0.00308653946442092
1.7661646875E-07, -0.00247831101670012
1.76618421875E-07, -0.00269383053285181
1.76620375E-07, -0.00322796370533557
1.76622328125E-07, -0.00337312760772785
1.7662428125E-07, -0.00325680886444101
1.76626234375E-07, -0.00304061297720642
1.766281875E-07, -0.00294417804128566
1.76630140625E-07, -0.00317305359045313
1.7663209375E-07, -0.00305284625675086
1.76634046875E-07, -0.00308192931487917
1.76636E-07, -0.00334643186600831
1.76637953125E-07, -0.00312409446184892
1.7663990625E-07, -0.0031175797017619
1.76641859375E-07, -0.00321886248954456
1.766438125E-07, -0.00321190120632624
1.76645765625E-07, -0.00319505876488104
1.7664771875E-07, -0.00293411460381268
1.76649671875E-07, -0.00307880152486998
1.76651625E-07, -0.00283740678214288
1.76653578125E-07, -0.00294791658822948
1.7665553125E-07, -0.00301336589163733
1.76657484375E-07, -0.00321711180261402
1.766594375E-07, -0.00290701179171129
1.76661390625E-07, -0.00267664779343789
1.7666334375E-07, -0.00280480749145125
1.76665296875E-07, -0.00296513466513037
1.7666725E-07, -0.00308115061463996
1.76669203125E-07, -0.00299315855809963
1.7667115625E-07, -0.00257458266566333
1.76673109375E-07, -0.00281716176876162
1.766750625E-07, -0.00273888572826795
1.76677015625E-07, -0.00310351362416728
1.7667896875E-07, -0.00280358723018184
1.76680921875E-07, -0.00280157276038429
1.76682875E-07, -0.00291156535547995
1.76684828125E-07, -0.00280970964940501
1.7668678125E-07, -0.00280322091212503
1.76688734375E-07, -0.00259205689963327
1.766906875E-07, -0.00260731346405046
1.76692640625E-07, -0.0028522889394201
1.7669459375E-07, -0.00286223208288982
1.76696546875E-07, -0.00209408168524232
1.766985E-07, -0.00280457489961563
1.76700453125E-07, -0.00283747743905604
1.7670240625E-07, -0.00277798462578524
1.76704359375E-07, -0.00262753832541656
1.767063125E-07, -0.00270547611583664
1.76708265625E-07, -0.00286877268887469
1.7671021875E-07, -0.00245280833492348
1.76712171875E-07, -0.00242637418337552
1.76714125E-07, -0.00302040621900086
1.76716078125E-07, -0.0023179919079011
1.7671803125E-07, -0.00245703218891279
1.76719984375E-07, -0.00262577332208981
1.767219375E-07, -0.00251612167568089
1.76723890625E-07, -0.00290962899936024
1.7672584375E-07, -0.00292958081653561
1.76727796875E-07, -0.00212619070853962
1.7672975E-07, -0.00351788661301534
1.76731703125E-07, -0.00308040637865673
1.7673365625E-07, -0.00313414312546055
1.76735609375E-07, -0.00343357669780197
1.767375625E-07, -0.00239813840480766
1.76739515625E-07, -0.00303750896774535
1.7674146875E-07, -0.00269588959539663
1.76743421875E-07, -0.00273387969599555
1.76745375E-07, -0.00305248457887887
1.76747328125E-07, -0.00330314931816896
1.7674928125E-07, -0.00375760224666605
1.76751234375E-07, -0.00325245093160969
1.767531875E-07, -0.00312383872083481
1.76755140625E-07, -0.00293509345697571
1.7675709375E-07, -0.00337159004918446
1.76759046875E-07, -0.00417079438342528
1.76761E-07, -0.00312398446247234
1.76762953125E-07, -0.00338032889220123
1.7676490625E-07, -0.00331553077398485
1.76766859375E-07, -0.00315137705226455
1.767688125E-07, -0.00375933900790778
1.76770765625E-07, -0.00341893289820695
1.7677271875E-07, -0.00386248301484858
1.76774671875E-07, -0.00379972883046959
1.76776625E-07, -0.00332914145172843
1.76778578125E-07, -0.00363906446875427
1.7678053125E-07, -0.0040989239949027
1.76782484375E-07, -0.00405228011426715
1.767844375E-07, -0.00474624238321215
1.76786390625E-07, -0.00374909066203937
1.7678834375E-07, -0.00401832722421029
1.76790296875E-07, -0.00401119193270387
1.7679225E-07, -0.00381523069213408
1.76794203125E-07, -0.00418137933327544
1.7679615625E-07, -0.00405787102890694
1.76798109375E-07, -0.00383105220530144
1.768000625E-07, -0.003847158961886
1.76802015625E-07, -0.00467173132944478
1.7680396875E-07, -0.0042135113839445
1.76805921875E-07, -0.00385810015153927
1.76807875E-07, -0.00409478449165399
1.76809828125E-07, -0.00378198398878726
1.7681178125E-07, -0.00343128205923847
1.76813734375E-07, -0.00418282429864194
1.768156875E-07, -0.00319436841883183
1.76817640625E-07, -0.00364435204277837
1.7681959375E-07, -0.00354780148838621
1.76821546875E-07, -0.00340417115228591
1.768235E-07, -0.00273410755333888
1.76825453125E-07, -0.00324657429266662
1.7682740625E-07, -0.00229840982547387
1.76829359375E-07, -0.00260858904485544
1.768313125E-07, -0.00197365816245472
1.76833265625E-07, -0.00201211376055455
1.7683521875E-07, -0.00216859284095873
1.76837171875E-07, -0.00144975186201314
1.76839125E-07, -0.000834584126455451
1.76841078125E-07, -0.00152107835554403
1.7684303125E-07, -0.000791636798864429
1.76844984375E-07, -0.00107079275656664
1.768469375E-07, -0.00109106637207922
1.76848890625E-07, 0.000354975900811238
1.7685084375E-07, -0.000463695749670283
1.76852796875E-07, 0.000341460224978717
1.7685475E-07, 0.00058660845599163
1.76856703125E-07, 0.00136734892682238
1.7685865625E-07, 0.00170841598209566
1.76860609375E-07, 0.00157840484115278
1.768625625E-07, 0.00180603695409222
1.76864515625E-07, 0.00241248476809166
1.7686646875E-07, 0.00213969947461044
1.76868421875E-07, 0.00353196522408997
1.76870375E-07, 0.00356528878137358
1.76872328125E-07, 0.00316599649130614
1.7687428125E-07, 0.00413782016639564
1.76876234375E-07, 0.00351156016368296
1.768781875E-07, 0.0040920785714033
1.76880140625E-07, 0.00369488189678301
1.7688209375E-07, 0.00497782230502579
1.76884046875E-07, 0.00534721310394968
1.76886E-07, 0.00550125749806238
1.76887953125E-07, 0.00512549331406296
1.7688990625E-07, 0.00523328316225064
1.76891859375E-07, 0.00602052856963768
1.768938125E-07, 0.00582553417617195
1.76895765625E-07, 0.00604868245176309
1.7689771875E-07, 0.00573540059197186
1.76899671875E-07, 0.00602565977564879
1.76901625E-07, 0.0062152344189276
1.76903578125E-07, 0.00625668965958937
1.7690553125E-07, 0.00616702434231905
1.76907484375E-07, 0.00612761998361929
1.769094375E-07, 0.00673898306979962
1.76911390625E-07, 0.00633400401866466
1.7691334375E-07, 0.00569128490119931
1.76915296875E-07, 0.00640440952611072
1.7691725E-07, 0.0066474389642881
1.76919203125E-07, 0.00571713773212332
1.7692115625E-07, 0.00614095954293978
1.76923109375E-07, 0.00616914662588733
1.769250625E-07, 0.00579748882711256
1.76927015625E-07, 0.00597809502120066
1.7692896875E-07, 0.00506225055147815
1.76930921875E-07, 0.0055298033309702
1.76932875E-07, 0.00493863882852064
1.76934828125E-07, 0.00559326307359406
1.7693678125E-07, 0.00479329859834057
1.76938734375E-07, 0.00428483192157223
1.769406875E-07, 0.00439347409192089
1.76942640625E-07, 0.00428674344483628
1.7694459375E-07, 0.00333539378327074
1.76946546875E-07, 0.0031778928284414
1.769485E-07, 0.00356270503669131
1.76950453125E-07, 0.00342584638495412
1.7695240625E-07, 0.0030631030467838
1.76954359375E-07, 0.00258173287332065
1.769563125E-07, 0.00270691059984219
1.76958265625E-07, 0.00199077976170063
1.7696021875E-07, 0.00227085314049097
1.76962171875E-07, 0.00189827563027982
1.76964125E-07, 0.00143924425865233
1.76966078125E-07, 0.00157690991831259
1.7696803125E-07, 0.000718832616800064
1.76969984375E-07, 0.000207697883383491
1.769719375E-07, 0.000323478990317126
1.76973890625E-07, 7.00728981741026E-05
1.7697584375E-07, -6.86697890732036E-05
1.76977796875E-07, -0.000769650150072668
1.7697975E-07, -0.000145240576800814
1.76981703125E-07, -0.00105497327885301
1.7698365625E-07, -5.81214749919201E-05
1.76985609375E-07, -0.00164632875536204
1.769875625E-07, -0.00199183175673211
1.76989515625E-07, -0.00132217419574379
1.7699146875E-07, -0.00171685662424466
1.76993421875E-07, -0.0014517214718639
1.76995375E-07, -0.00180696533215889
1.76997328125E-07, -0.00207514786735297
1.7699928125E-07, -0.00223817069644904
1.77001234375E-07, -0.00203816191412148
1.770031875E-07, -0.00132097710216868
1.77005140625E-07, -0.00226045760030663
1.7700709375E-07, -0.00215619205464716
1.77009046875E-07, -0.002173255500224
1.77011E-07, -0.00244073742380483
1.77012953125E-07, -0.0027183100241722
1.7701490625E-07, -0.00263856103550754
1.77016859375E-07, -0.00274894666737
1.770188125E-07, -0.00298742955735918
1.77020765625E-07, -0.00208645125818888
1.7702271875E-07, -0.00186665297909537
1.77024671875E-07, -0.00218529894573156
1.77026625E-07, -0.00252932621823188
1.77028578125E-07, -0.00146680304223602
1.7703053125E-07, -0.00225740790515965
1.77032484375E-07, -0.00247602675968077
1.770344375E-07, -0.00234227189635959
1.77036390625E-07, -0.00264566993904865
1.7703834375E-07, -0.00176130363619467
1.77040296875E-07, -0.00220459835240615
1.7704225E-07, -0.00229639216306637
1.77044203125E-07, -0.00220794476043037
1.7704615625E-07, -0.00165471667966132
1.77048109375E-07, -0.00160125251713569
1.770500625E-07, -0.00101353437022953
1.77052015625E-07, -0.00166674106250796
1.7705396875E-07, -0.00166514342254591
1.77055921875E-07, -0.0016237640450027
1.77057875E-07, -0.00119829160866491
1.77059828125E-07, -0.000925406004671957
1.7706178125E-07, -0.0014605564313149
1.77063734375E-07, -0.00114291479827684
1.770656875E-07, -0.000312210315427962
1.77067640625E-07, -0.000813288111236948
1.7706959375E-07, -0.000601519702956555
1.77071546875E-07, -0.000655880722075997
1.770735E-07, -0.00132565962989877
1.77075453125E-07, -0.000752425453435741
1.7707740625E-07, -0.000578881687199549
1.77079359375E-07, -0.000583729587482094
1.770813125E-07, -0.000798494916898637
1.77083265625E-07, -6.80612780002052E-05
1.7708521875E-07, -3.39794902238596E-05
1.77087171875E-07, -0.000282240122526686
1.77089125E-07, -0.000440688966963412
1.77091078125E-07, -0.000451112789664578
1.7709303125E-07, 0.000130672836661754
1.77094984375E-07, 0.000430172624242841
1.770969375E-07, 0.000764123235554745
1.77098890625E-07, 0.000508268627272993
1.7710084375E-07, 0.000780084156366974
1.77102796875E-07, 0.000537629956151322
1.7710475E-07, 0.000780914885746436
1.77106703125E-07, 0.000372418936614021
1.7710865625E-07, 0.00140313712987285
1.77110609375E-07, 0.000915731836436173
1.771125625E-07, 0.00144743417255308
1.77114515625E-07, 0.0011286093889175
1.7711646875E-07, 0.0010548783343139
1.77118421875E-07, 0.00119181199158377
1.77120375E-07, 0.00133374526247738
1.77122328125E-07, 0.00159819857133245
1.7712428125E-07, 0.0022427143920331
1.77126234375E-07, 0.00232327484044738
1.771281875E-07, 0.00177720027757311
1.77130140625E-07, 0.0020969433902367
1.7713209375E-07, 0.0021767401742459
1.77134046875E-07, 0.00247178706473888
1.77136E-07, 0.00233348913282342
1.77137953125E-07, 0.00290301221825991
1.7713990625E-07, 0.00293411526713353
1.77141859375E-07, 0.00242187531361245
1.771438125E-07, 0.00299659352178748
1.77145765625E-07, 0.00333484134312425
1.7714771875E-07, 0.00300415250201861
1.77149671875E-07, 0.00366715282169583
1.77151625E-07, 0.0037261436812669
1.77153578125E-07, 0.0034840539720769
1.7715553125E-07, 0.00368005545651838
1.77157484375E-07, 0.00422938798671044
1.771594375E-07, 0.00434340156433107
1.77161390625E-07, 0.00415675887701239
1.7716334375E-07, 0.00476857388215464
1.77165296875E-07, 0.00468877902875904
1.7716725E-07, 0.00503398704446143
1.77169203125E-07, 0.00550571776892554
1.7717115625E-07, 0.00508112170535139
1.77173109375E-07, 0.00495445875993891
1.771750625E-07, 0.00548051598621282
1.77177015625E-07, 0.00574784633822569
1.7717896875E-07, 0.00549714160933876
1.77180921875E-07, 0.00600330443250123
1.77182875E-07, 0.00602926369351046
1.77184828125E-07, 0.00606922601010188
1.7718678125E-07, 0.00598543781768522
1.77188734375E-07, 0.0064743353785683
1.771906875E-07, 0.00651240802228501
1.77192640625E-07, 0.00665263411550885
1.7719459375E-07, 0.00600357485742558
1.77196546875E-07, 0.00696318281681925
1.771985E-07, 0.00697125287255339
1.77200453125E-07, 0.00664049854713655
1.7720240625E-07, 0.0070345176365946
1.77204359375E-07, 0.00715611705882324
1.772063125E-07, 0.00700096792133772
1.77208265625E-07, 0.00703114621400973
1.7721021875E-07, 0.00706799777705669
1.77212171875E-07, 0.00737777086463394
1.77214125E-07, 0.00784332127593278
1.77216078125E-07, 0.0075158261837884
1.7721803125E-07, 0.00749423924831739
1.77219984375E-07, 0.00770796015868303
1.772219375E-07, 0.00734283684796459
1.77223890625E-07, 0.00756474688013657
1.7722584375E-07, 0.00746655382684703
1.77227796875E-07, 0.0075466856332825
1.7722975E-07, 0.00813393834028641
1.77231703125E-07, 0.00744279679206702
1.7723365625E-07, 0.00759331652658056
1.77235609375E-07, 0.00808840968804467
1.772375625E-07, 0.00766581897203447
1.77239515625E-07, 0.00743067895209046
1.7724146875E-07, 0.00764995996589401
1.77243421875E-07, 0.00770707333022981
1.77245375E-07, 0.00700584392718139
1.77247328125E-07, 0.00722863453402868
1.7724928125E-07, 0.00751564686386877
1.77251234375E-07, 0.00746510978268312
1.772531875E-07, 0.00747502948405135
1.77255140625E-07, 0.00696916117736806
1.7725709375E-07, 0.00697055687514338
1.77259046875E-07, 0.00678207324280454
1.77261E-07, 0.0064249435853876
1.77262953125E-07, 0.00654598097083048
1.7726490625E-07, 0.00660088742965556
1.77266859375E-07, 0.00623254300878001
1.772688125E-07, 0.00629734186672752
1.77270765625E-07, 0.00629325626223382
1.7727271875E-07, 0.00614525075385776
1.77274671875E-07, 0.00553212784674151
1.77276625E-07, 0.00597188527163903
1.77278578125E-07, 0.0051498793846718
1.7728053125E-07, 0.00608195558217245
1.77282484375E-07, 0.00559181191152247
1.772844375E-07, 0.00525475767141808
1.77286390625E-07, 0.00488691552210834
1.7728834375E-07, 0.00432328512401133
1.77290296875E-07, 0.0047833790083997
1.7729225E-07, 0.00417700946314821
1.77294203125E-07, 0.00490287223539118
1.7729615625E-07, 0.00446823949739006
1.77298109375E-07, 0.00459794640789033
1.773000625E-07, 0.00426931460529559
1.77302015625E-07, 0.00350843109279488
1.7730396875E-07, 0.00396239835909366
1.77305921875E-07, 0.00370373819023233
1.77307875E-07, 0.00313399824353886
1.77309828125E-07, 0.00309365668624572
1.7731178125E-07, 0.00298419981062485
1.77313734375E-07, 0.00274971403994784
1.773156875E-07, 0.00276825324665874
1.77317640625E-07, 0.00225507869547548
1.7731959375E-07, 0.00221481982605938
1.77321546875E-07, 0.00267940632973211
1.773235E-07, 0.0027287720984736
1.77325453125E-07, 0.00192197142308662
1.7732740625E-07, 0.00245175506326889
1.77329359375E-07, 0.00158469411890025
1.773313125E-07, 0.0020253997031058
1.77333265625E-07, 0.00236918401951789
1.7733521875E-07, 0.00229465985421189
1.77337171875E-07, 0.00118694356706065
1.77339125E-07, 0.000924640021863437
1.77341078125E-07, 0.00137928075988389
1.7734303125E-07, 0.0015238572992985
1.77344984375E-07, 0.00164968156039403
1.773469375E-07, 0.00112181459073637
1.77348890625E-07, 0.00143772895777934
1.7735084375E-07, 0.00116241078582518
1.77352796875E-07, 0.00126218313215426
1.7735475E-07, 0.00128563466944077
1.77356703125E-07, 0.00139562203784026
1.7735865625E-07, 0.00148342627209118
1.77360609375E-07, 0.00126681755581611
1.773625625E-07, 0.00177813896531556
1.77364515625E-07, 0.00175848731048746
1.7736646875E-07, 0.00172006869532455
1.77368421875E-07, 0.00202695150430906
1.77370375E-07, 0.00192036955316912
1.77372328125E-07, 0.00223289003708774
1.7737428125E-07, 0.00214997893213492
1.77376234375E-07, 0.00220328438710113
1.773781875E-07, 0.00211899563741546
1.77380140625E-07, 0.00217970862996089
1.7738209375E-07, 0.00295623761141379
1.77384046875E-07, 0.00294049856970805
1.77386E-07, 0.00238523703933942
1.77387953125E-07, 0.00291461523668598
1.7738990625E-07, 0.00263357616891899
1.77391859375E-07, 0.00333694280344307
1.773938125E-07, 0.00284329073155045
1.77395765625E-07, 0.00295280508871565
1.7739771875E-07, 0.00307564569779288
1.77399671875E-07, 0.00393055534241319
1.77401625E-07, 0.00343598443156195
1.77403578125E-07, 0.00360569782049872
1.7740553125E-07, 0.00368654412904189
1.77407484375E-07, 0.0040722120264764
1.774094375E-07, 0.0043314248550313
1.77411390625E-07, 0.00436165349322525
1.7741334375E-07, 0.00456181780715464
1.77415296875E-07, 0.00406498822153298
1.7741725E-07, 0.00436008533774147
1.77419203125E-07, 0.0045385852896125
1.7742115625E-07, 0.00490392670838122
1.77423109375E-07, 0.00436782480355372
1.774250625E-07, 0.00444380926469947
1.77427015625E-07, 0.00504070398054523
1.7742896875E-07, 0.00476520212656468
1.77430921875E-07, 0.00482445531132654
1.77432875E-07, 0.00533408089618836
1.77434828125E-07, 0.00464955148073981
1.7743678125E-07, 0.00496847954915959
1.77438734375E-07, 0.00487013613652963
1.774406875E-07, 0.00488674983067659
1.77442640625E-07, 0.00483976462092245
1.7744459375E-07, 0.00454720179222896
1.77446546875E-07, 0.00457407586890534
1.774485E-07, 0.00435956797682666
1.77450453125E-07, 0.00398448088558223
1.7745240625E-07, 0.00419020377280394
1.77454359375E-07, 0.0042470250771237
1.774563125E-07, 0.00418964167951937
1.77458265625E-07, 0.00392503465588875
1.7746021875E-07, 0.0036078824791757
1.77462171875E-07, 0.00313688526732053
1.77464125E-07, 0.00386448677197063
1.77466078125E-07, 0.00355980053714871
1.7746803125E-07, 0.00310291319564899
1.77469984375E-07, 0.00292151845911387
1.774719375E-07, 0.00218091513373353
1.77473890625E-07, 0.00227136625900051
1.7747584375E-07, 0.00273216157801208
1.77477796875E-07, 0.00205089031960443
1.7747975E-07, 0.00184956975734238
1.77481703125E-07, 0.0020094887770856
1.7748365625E-07, 0.00183493089450932
1.77485609375E-07, 0.00218991565794509
1.774875625E-07, 0.00104180654701521
1.77489515625E-07, 0.00125304844678271
1.7749146875E-07, 0.00084884226455973
1.77493421875E-07, 0.000603275275202861
1.77495375E-07, -0.000127699555724005
1.77497328125E-07, -0.000911301192791569
1.7749928125E-07, -0.000769506601379637
1.77501234375E-07, -0.000665367072639908
1.775031875E-07, -0.000669581150257991
1.77505140625E-07, -0.00146268480487107
1.7750709375E-07, -0.00178246649645668
1.77509046875E-07, -0.00218889537154245
1.77511E-07, -0.00169180940005331
1.77512953125E-07, -0.00186456492764643
1.7751490625E-07, -0.00316535614776578
1.77516859375E-07, -0.00195652035661972
1.775188125E-07, -0.00326909847152897
1.77520765625E-07, -0.00237088147349449
1.7752271875E-07, -0.00343114836711719
1.77524671875E-07, -0.00367792969024146
1.77526625E-07, -0.00355936298600408
1.77528578125E-07, -0.00423112668713013
1.7753053125E-07, -0.00434005720302444
1.77532484375E-07, -0.00440909016101148
1.775344375E-07, -0.00437420276417918
1.77536390625E-07, -0.00428534290836872
1.7753834375E-07, -0.00444502188611867
1.77540296875E-07, -0.00483976762024162
1.7754225E-07, -0.0052197065057589
1.77544203125E-07, -0.00478306002116735
1.7754615625E-07, -0.00580249379885532
1.77548109375E-07, -0.00556668108372707
1.775500625E-07, -0.0052956463872732
1.77552015625E-07, -0.00573233174026567
1.7755396875E-07, -0.00559040790336207
1.77555921875E-07, -0.00538204011759584
1.77557875E-07, -0.00626859740136687
1.77559828125E-07, -0.00602517157545674
1.7756178125E-07, -0.00624547828024745
1.77563734375E-07, -0.00621332022163542
1.775656875E-07, -0.00614509866076779
1.77567640625E-07, -0.00654709310108283
1.7756959375E-07, -0.00628107729088345
1.77571546875E-07, -0.00684634645090062
1.775735E-07, -0.006516122595955
1.77575453125E-07, -0.00658060591554796
1.7757740625E-07, -0.00699490398697504
1.77579359375E-07, -0.00662225505547834
1.775813125E-07, -0.00652626669899503
1.77583265625E-07, -0.00657600376297256
1.7758521875E-07, -0.00684554110736286
1.77587171875E-07, -0.00695085439864838
1.77589125E-07, -0.0068901129675372
1.77591078125E-07, -0.00690288193987507
1.7759303125E-07, -0.00702997720438413
1.77594984375E-07, -0.00693258428775831
1.775969375E-07, -0.00695916458128757
1.77598890625E-07, -0.00693392119356352
1.7760084375E-07, -0.00657777661388157
1.77602796875E-07, -0.00690933181398693
1.7760475E-07, -0.00669444610192622
1.77606703125E-07, -0.0067777301708129
1.7760865625E-07, -0.00711829474726624
1.77610609375E-07, -0.00720987859361972
1.776125625E-07, -0.00678700119809271
1.77614515625E-07, -0.00699586852565026
1.7761646875E-07, -0.00665528274986807
1.77618421875E-07, -0.0070678421692203
1.77620375E-07, -0.00690445407340525
1.77622328125E-07, -0.00703238946711571
1.7762428125E-07, -0.00692123989608912
1.77626234375E-07, -0.0068505286920148
1.776281875E-07, -0.00698122432763133
1.77630140625E-07, -0.00714943207236884
1.7763209375E-07, -0.00676395911934715
1.77634046875E-07, -0.00693674006475582


