File Format, WaveformXYValues
Format Version, 1
Instrument, N1045A,04F,LOJ
SwVersion, A.06.71.21
SerialNumber, MY56260108
Date, 11/29/2023 14:27:28 GMT+08:00

Source Name, Channel 1A

Points, 2048
Signal Type, Unspecified
Channel Bandwidth, 2E+10
Channel Noise, 6.66857143682292E-05
X Units, Second
Y Units, Volt
Data, 
1.73636E-07, -0.00162259094862425
1.73637953125E-07, -0.0015014315925051
1.7363990625E-07, -0.00152440201419345
1.73641859375E-07, -0.00179318017829806
1.736438125E-07, -0.00190687383257216
1.73645765625E-07, -0.00181178479207409
1.7364771875E-07, -0.00144680272943013
1.73649671875E-07, -0.00172584212679778
1.73651625E-07, -0.00135853799292204
1.73653578125E-07, -0.00157384198209703
1.7365553125E-07, -0.00164984220054221
1.73657484375E-07, -0.00179641807646555
1.736594375E-07, -0.00230392304255263
1.73661390625E-07, -0.00139553802793629
1.7366334375E-07, -0.0013568743592811
1.73665296875E-07, -0.00130310534299437
1.7366725E-07, -0.0016695285611852
1.73669203125E-07, -0.00206010087528156
1.7367115625E-07, -0.00189799577796245
1.73673109375E-07, -0.00182197992741574
1.736750625E-07, -0.00157278233666928
1.73677015625E-07, -0.00183041289185432
1.7367896875E-07, -0.0015438941330527
1.73680921875E-07, -0.00161296090515266
1.73682875E-07, -0.00192107757116966
1.73684828125E-07, -0.00215077601036579
1.7368678125E-07, -0.00191544569558708
1.73688734375E-07, -0.00169345516602045
1.736906875E-07, -0.00197744791262934
1.73692640625E-07, -0.00191105675496996
1.7369459375E-07, -0.00165158700162246
1.73696546875E-07, -0.00151797347407938
1.736985E-07, -0.00173541903908631
1.73700453125E-07, -0.00179665551601053
1.7370240625E-07, -0.00227091024685953
1.73704359375E-07, -0.00189900548922764
1.737063125E-07, -0.00212697777551587
1.73708265625E-07, -0.0016671522845438
1.7371021875E-07, -0.00178879233968882
1.73712171875E-07, -0.00171286977643023
1.73714125E-07, -0.00180121932739608
1.73716078125E-07, -0.00182459593474516
1.7371803125E-07, -0.00255977843173829
1.73719984375E-07, -0.00222433773327859
1.737219375E-07, -0.00194392124873381
1.73723890625E-07, -0.00216135068047148
1.7372584375E-07, -0.00208920235064438
1.73727796875E-07, -0.00244181493479099
1.7372975E-07, -0.00178102151358077
1.73731703125E-07, -0.00197360692770286
1.7373365625E-07, -0.00188855291289568
1.73735609375E-07, -0.00165196773810574
1.737375625E-07, -0.00249883342368097
1.73739515625E-07, -0.00191607896002653
1.7374146875E-07, -0.00228367126385125
1.73743421875E-07, -0.0022750854711124
1.73745375E-07, -0.00183824570561694
1.73747328125E-07, -0.00177389733575925
1.7374928125E-07, -0.00244804936940729
1.73751234375E-07, -0.00191266799547635
1.737531875E-07, -0.00204236657790732
1.73755140625E-07, -0.00166283789407533
1.7375709375E-07, -0.00197788453168313
1.73759046875E-07, -0.00208626791386439
1.73761E-07, -0.00251075865771093
1.73762953125E-07, -0.00216060898644459
1.7376490625E-07, -0.00215550570388007
1.73766859375E-07, -0.00241540365246407
1.737688125E-07, -0.00242901007768788
1.73770765625E-07, -0.00218614163465143
1.7377271875E-07, -0.00284882884903729
1.73774671875E-07, -0.00210343569994664
1.73776625E-07, -0.00217408637707999
1.73778578125E-07, -0.00232223975825261
1.7378053125E-07, -0.00230118145793383
1.73782484375E-07, -0.00226174743900672
1.737844375E-07, -0.00237339483310467
1.73786390625E-07, -0.00212603569265796
1.7378834375E-07, -0.00229044672329698
1.73790296875E-07, -0.0022482045579917
1.7379225E-07, -0.00259535845731791
1.73794203125E-07, -0.00213086538395195
1.7379615625E-07, -0.00212649123350048
1.73798109375E-07, -0.00236906939518745
1.738000625E-07, -0.00260135726815397
1.73802015625E-07, -0.00219731571266886
1.7380396875E-07, -0.00233107572968697
1.73805921875E-07, -0.00270606353183656
1.73807875E-07, -0.00242120753137033
1.73809828125E-07, -0.00265756632861549
1.7381178125E-07, -0.00261193634828601
1.73813734375E-07, -0.00254234787490673
1.738156875E-07, -0.00294470508881353
1.73817640625E-07, -0.00270008942927718
1.7381959375E-07, -0.00247900352625856
1.73821546875E-07, -0.00242407753423053
1.738235E-07, -0.00231313133748609
1.73825453125E-07, -0.00271428330129969
1.7382740625E-07, -0.00309369109374382
1.73829359375E-07, -0.00297360092275176
1.738313125E-07, -0.00267111698438306
1.73833265625E-07, -0.00272160565148602
1.7383521875E-07, -0.00287996971039978
1.73837171875E-07, -0.00267610897783245
1.73839125E-07, -0.00302803346871184
1.73841078125E-07, -0.0031238143759103
1.7384303125E-07, -0.0027824969870988
1.73844984375E-07, -0.00302139710863599
1.738469375E-07, -0.00291826796470163
1.73848890625E-07, -0.00306747665877599
1.7385084375E-07, -0.00308753494975638
1.73852796875E-07, -0.00328675909409997
1.7385475E-07, -0.00383969724090459
1.73856703125E-07, -0.00335163295342681
1.7385865625E-07, -0.00326297717702229
1.73860609375E-07, -0.00307894925381275
1.738625625E-07, -0.00358615167805373
1.73864515625E-07, -0.00320263856545164
1.7386646875E-07, -0.00345294057464145
1.73868421875E-07, -0.00336534362504026
1.73870375E-07, -0.00354937095543559
1.73872328125E-07, -0.00393984276570423
1.7387428125E-07, -0.00371124948378222
1.73876234375E-07, -0.00437550773093186
1.738781875E-07, -0.00364509432207895
1.73880140625E-07, -0.004200167942142
1.7388209375E-07, -0.00362278568320088
1.73884046875E-07, -0.00360632035527419
1.73886E-07, -0.0041969614739479
1.73887953125E-07, -0.00388474583756139
1.7388990625E-07, -0.00417751435486356
1.73891859375E-07, -0.00402848280296527
1.738938125E-07, -0.00414218938695383
1.73895765625E-07, -0.00391765380127612
1.7389771875E-07, -0.00447905950141715
1.73899671875E-07, -0.00434925108633082
1.73901625E-07, -0.00460373907443421
1.73903578125E-07, -0.0043946468209547
1.7390553125E-07, -0.00503035792661314
1.73907484375E-07, -0.00457562071912271
1.739094375E-07, -0.00460144886079106
1.73911390625E-07, -0.00505631368253619
1.7391334375E-07, -0.00534160580936925
1.73915296875E-07, -0.00501283736352662
1.7391725E-07, -0.00514948450407671
1.73919203125E-07, -0.0047134729491312
1.7392115625E-07, -0.00570621033548674
1.73923109375E-07, -0.00549557537169571
1.739250625E-07, -0.00526767258033152
1.73927015625E-07, -0.00542191547454712
1.7392896875E-07, -0.00491819150099834
1.73930921875E-07, -0.00564107004722075
1.73932875E-07, -0.00517947990097048
1.73934828125E-07, -0.00508644500763605
1.7393678125E-07, -0.00606247360256524
1.73938734375E-07, -0.00570610392227389
1.739406875E-07, -0.00562356703699198
1.73942640625E-07, -0.00548410908390725
1.7394459375E-07, -0.00363196472171893
1.73946546875E-07, -0.00568569238363479
1.739485E-07, -0.00571706894858733
1.73950453125E-07, -0.00578060462590854
1.7395240625E-07, -0.00584111259789244
1.73954359375E-07, -0.00597405650793628
1.739563125E-07, -0.00587931997660425
1.73958265625E-07, -0.00586163959954015
1.7396021875E-07, -0.00546310922582588
1.73962171875E-07, -0.00588612685694525
1.73964125E-07, -0.00524645040790974
1.73966078125E-07, -0.00562661301508666
1.7396803125E-07, -0.00586802678370438
1.73969984375E-07, -0.00582534517996319
1.739719375E-07, -0.00608060950922475
1.73973890625E-07, -0.00548245458223274
1.7397584375E-07, -0.0049498022753928
1.73977796875E-07, -0.0056683650070533
1.7397975E-07, -0.00592179563469774
1.73981703125E-07, -0.00519525568547436
1.7398365625E-07, -0.00533390498091311
1.73985609375E-07, -0.00558481593115032
1.739875625E-07, -0.00458000793404153
1.73989515625E-07, -0.00522219447073389
1.7399146875E-07, -0.00490936423439087
1.73993421875E-07, -0.00523023518366243
1.73995375E-07, -0.00498050749511387
1.73997328125E-07, -0.00477017426606525
1.7399928125E-07, -0.00262918270873831
1.74001234375E-07, -0.00427112852993323
1.740031875E-07, -0.00400359052918052
1.74005140625E-07, -0.0039886598985914
1.7400709375E-07, -0.0037627383959839
1.74009046875E-07, -0.00407920819888991
1.74011E-07, -0.00359153625849908
1.74012953125E-07, -0.0036728025338824
1.7401490625E-07, -0.00322211069932355
1.74016859375E-07, -0.00363230529865705
1.740188125E-07, -0.00280399210664514
1.74020765625E-07, -0.00267846134545891
1.7402271875E-07, -0.00306650859765397
1.74024671875E-07, -0.0022409980862706
1.74026625E-07, -0.00226904777336049
1.74028578125E-07, -0.00155668966035325
1.7403053125E-07, -0.000249060480089791
1.74032484375E-07, 7.07083359169115E-05
1.740344375E-07, -0.000901876895697002
1.74036390625E-07, -0.000427670765258754
1.7403834375E-07, -0.000705225399001924
1.74040296875E-07, -0.000870543937647873
1.7404225E-07, -0.000455407441945016
1.74044203125E-07, -0.000174705465119275
1.7404615625E-07, 5.10462705796973E-05
1.74048109375E-07, 0.00228001789798425
1.740500625E-07, 0.00103842669740837
1.74052015625E-07, 0.00189280647428975
1.7405396875E-07, 0.000939038056343082
1.74055921875E-07, 0.0010647003661411
1.74057875E-07, 0.00462789410587577
1.74059828125E-07, 0.00232100319376278
1.7406178125E-07, 0.00375749431761332
1.74063734375E-07, 0.00351891981225718
1.740656875E-07, 0.00344917487265305
1.74067640625E-07, 0.00522890631016095
1.7406959375E-07, 0.0049037983090638
1.74071546875E-07, 0.00536323558716743
1.740735E-07, 0.00457807196298516
1.74075453125E-07, 0.00575395536913582
1.7407740625E-07, 0.00485430259916461
1.74079359375E-07, 0.0068036908699955
1.740813125E-07, 0.00675006762302956
1.74083265625E-07, 0.00800095146471386
1.7408521875E-07, 0.00734547008777501
1.74087171875E-07, 0.00852961928213221
1.74089125E-07, 0.00844050441806082
1.74091078125E-07, 0.00965525204859487
1.7409303125E-07, 0.00971028622017614
1.74094984375E-07, 0.0103386694147266
1.740969375E-07, 0.0112444839439439
1.74098890625E-07, 0.0114655271295384
1.7410084375E-07, 0.0102848067501402
1.74102796875E-07, 0.0128460856395923
1.7410475E-07, 0.0138884097597436
1.74106703125E-07, 0.0125416784075289
1.7410865625E-07, 0.0145399518203876
1.74110609375E-07, 0.0147799072817769
1.741125625E-07, 0.0145990764133397
1.74114515625E-07, 0.0146983416824267
1.7411646875E-07, 0.0172458735966193
1.74118421875E-07, 0.0182075466514712
1.74120375E-07, 0.0170867023489605
1.74122328125E-07, 0.0181141543230918
1.7412428125E-07, 0.0185295347589742
1.74126234375E-07, 0.0185112865964011
1.741281875E-07, 0.0214877399700717
1.74130140625E-07, 0.0193025511802321
1.7413209375E-07, 0.0192148502120374
1.74134046875E-07, 0.0209148180312467
1.74136E-07, 0.0221780668301535
1.74137953125E-07, 0.0240301950195806
1.7413990625E-07, 0.0240860697226688
1.74141859375E-07, 0.0240688745436655
1.741438125E-07, 0.0239359261621376
1.74145765625E-07, 0.0244514027264479
1.7414771875E-07, 0.0253781498551925
1.74149671875E-07, 0.0253217954130629
1.74151625E-07, 0.0278871362021453
1.74153578125E-07, 0.0274704985713435
1.7415553125E-07, 0.0258471716511159
1.74157484375E-07, 0.0274049929562426
1.741594375E-07, 0.0287370974554038
1.74161390625E-07, 0.0286161612138394
1.7416334375E-07, 0.0292388193640695
1.74165296875E-07, 0.0308166220394713
1.7416725E-07, 0.0296022543687435
1.74169203125E-07, 0.0295975900920231
1.7417115625E-07, 0.0322508658870261
1.74173109375E-07, 0.031844584943588
1.741750625E-07, 0.029750305969075
1.74177015625E-07, 0.0324338103353629
1.7417896875E-07, 0.0323683343251676
1.74180921875E-07, 0.0326900594779178
1.74182875E-07, 0.0338991690899549
1.74184828125E-07, 0.0337733780849077
1.7418678125E-07, 0.0301929611897821
1.74188734375E-07, 0.0341924851609256
1.741906875E-07, 0.0339180102760206
1.74192640625E-07, 0.0330079812307328
1.7419459375E-07, 0.0347027480389976
1.74196546875E-07, 0.0347505617846206
1.741985E-07, 0.0343916795553
1.74200453125E-07, 0.0351948703930036
1.7420240625E-07, 0.0347376537379344
1.74204359375E-07, 0.0324260208674113
1.742063125E-07, 0.034565043029309
1.74208265625E-07, 0.0340719403618553
1.7421021875E-07, 0.0348190523622522
1.74212171875E-07, 0.035118938851104
1.74214125E-07, 0.0337185832662718
1.74216078125E-07, 0.0344662026276774
1.7421803125E-07, 0.0278756149097655
1.74219984375E-07, 0.0326694034681871
1.742219375E-07, 0.0333220950815522
1.74223890625E-07, 0.032533196323472
1.7422584375E-07, 0.0321345366527453
1.74227796875E-07, 0.0274945427089507
1.7422975E-07, 0.0320384395420956
1.74231703125E-07, 0.0309603987154161
1.7423365625E-07, 0.0309678057325258
1.74235609375E-07, 0.0298271490042555
1.742375625E-07, 0.0282151128990577
1.74239515625E-07, 0.0289295178303901
1.7424146875E-07, 0.0246159219861251
1.74243421875E-07, 0.0263889022113119
1.74245375E-07, 0.0203435267388345
1.74247328125E-07, 0.0240205833325243
1.7424928125E-07, 0.0239389403074129
1.74251234375E-07, 0.020901725545287
1.742531875E-07, 0.0184788306179895
1.74255140625E-07, 0.0189025679071324
1.7425709375E-07, 0.0212887015469445
1.74259046875E-07, 0.0184210828047511
1.74261E-07, 0.0182111141185024
1.74262953125E-07, 0.0190517474738877
1.7426490625E-07, 0.012943910516447
1.74266859375E-07, 0.0114862613874612
1.742688125E-07, 0.0142949259248962
1.74270765625E-07, 0.0130978601578248
1.7427271875E-07, 0.0102060933842119
1.74274671875E-07, 0.00764232119014657
1.74276625E-07, 0.00558886073897786
1.74278578125E-07, 0.00155385170883154
1.7428053125E-07, 0.00433515506435882
1.74282484375E-07, 0.00433638873308745
1.742844375E-07, -0.000459351649163224
1.74286390625E-07, -0.0066252443227679
1.7428834375E-07, -0.00670796343873982
1.74290296875E-07, -0.00328920157015722
1.7429225E-07, -0.00421025869572166
1.74294203125E-07, -0.00873011533448717
1.7429615625E-07, -0.00890742113121877
1.74298109375E-07, -0.0155227175795761
1.743000625E-07, -0.0140833069305269
1.74302015625E-07, -0.0159022265708206
1.7430396875E-07, -0.0248743382455585
1.74305921875E-07, -0.0174523316782603
1.74307875E-07, -0.0250429999650654
1.74309828125E-07, -0.0242171530449295
1.7431178125E-07, -0.0267032300254253
1.74313734375E-07, -0.026237983144568
1.743156875E-07, -0.0315067606536504
1.74317640625E-07, -0.0332278042453982
1.7431959375E-07, -0.0381101237801585
1.74321546875E-07, -0.0443278130583169
1.743235E-07, -0.0401374965704031
1.74325453125E-07, -0.0462576691105404
1.7432740625E-07, -0.0444799267091122
1.74329359375E-07, -0.0463490828228418
1.743313125E-07, -0.0506039871599452
1.74333265625E-07, -0.0449477836759247
1.7433521875E-07, -0.0545773095938298
1.74337171875E-07, -0.0586226813043343
1.74339125E-07, -0.0587758023354581
1.74341078125E-07, -0.0622720916598754
1.7434303125E-07, -0.0600301510415688
1.74344984375E-07, -0.0702123620666363
1.743469375E-07, -0.0728164401619948
1.74348890625E-07, -0.0736259092104184
1.7435084375E-07, -0.0725885299936756
1.74352796875E-07, -0.0738681480955607
1.7435475E-07, -0.0788862254303416
1.74356703125E-07, -0.0844337426286186
1.7435865625E-07, -0.0846181761886499
1.74360609375E-07, -0.0840546342367411
1.743625625E-07, -0.0892184275382225
1.74364515625E-07, -0.0953263214134323
1.7436646875E-07, -0.0912141118931134
1.74368421875E-07, -0.099454652128374
1.74370375E-07, -0.0910640121750455
1.74372328125E-07, -0.102282052285744
1.7437428125E-07, -0.102281241271511
1.74376234375E-07, -0.100499543101785
1.743781875E-07, -0.107511430321973
1.74380140625E-07, -0.103235404563115
1.7438209375E-07, -0.107175360521852
1.74384046875E-07, -0.109833297293297
1.74386E-07, -0.109593312751331
1.74387953125E-07, -0.115200164339191
1.7438990625E-07, -0.11590431679451
1.74391859375E-07, -0.115776497301628
1.743938125E-07, -0.108883542909715
1.74395765625E-07, -0.115130256360942
1.7439771875E-07, -0.118711627302735
1.74399671875E-07, -0.118171442239688
1.74401625E-07, -0.115181431796381
1.74403578125E-07, -0.118626497793983
1.7440553125E-07, -0.118776952313348
1.74407484375E-07, -0.125213436719843
1.744094375E-07, -0.115331472961112
1.74411390625E-07, -0.120958857286081
1.7441334375E-07, -0.123638408853661
1.74415296875E-07, -0.123134349963858
1.7441725E-07, -0.124271387921021
1.74419203125E-07, -0.120846247201405
1.7442115625E-07, -0.119804827572952
1.74423109375E-07, -0.119785274927216
1.744250625E-07, -0.120858246345384
1.74427015625E-07, -0.115974838710405
1.7442896875E-07, -0.116944499551483
1.74430921875E-07, -0.115649022945661
1.74432875E-07, -0.115953392925512
1.74434828125E-07, -0.111570502653023
1.7443678125E-07, -0.111341890098204
1.74438734375E-07, -0.110975200269459
1.744406875E-07, -0.110225228183139
1.74442640625E-07, -0.104593851432151
1.7444459375E-07, -0.101034863134175
1.74446546875E-07, -0.102068519198857
1.744485E-07, -0.0929912162608277
1.74450453125E-07, -0.0992161857624702
1.7445240625E-07, -0.0916588347205635
1.74454359375E-07, -0.0917038743226532
1.744563125E-07, -0.0908959204590478
1.74458265625E-07, -0.0908223563065353
1.7446021875E-07, -0.0792768702702393
1.74462171875E-07, -0.0776298267648709
1.74464125E-07, -0.0659669083637688
1.74466078125E-07, -0.0783481234407655
1.7446803125E-07, -0.0542663462548331
1.74469984375E-07, -0.0614340055559069
1.744719375E-07, -0.0563755345149492
1.74473890625E-07, -0.0445595517115521
1.7447584375E-07, -0.046533662658203
1.74477796875E-07, -0.0573024774770611
1.7447975E-07, -0.0367855331002355
1.74481703125E-07, -0.0369016460494008
1.7448365625E-07, -0.0337500105966522
1.74485609375E-07, -0.0287971541848173
1.744875625E-07, -0.0308080076478991
1.74489515625E-07, -0.0161412587119147
1.7449146875E-07, -0.0068264056912622
1.74493421875E-07, -0.00799305297558497
1.74495375E-07, -0.0130164730576437
1.74497328125E-07, -0.00281203891000366
1.7449928125E-07, 0.00221471391432327
1.74501234375E-07, 0.00823960572220716
1.745031875E-07, 0.0116886424335308
1.74505140625E-07, 0.019611271709535
1.7450709375E-07, 0.0240588976376552
1.74509046875E-07, 0.021991395396048
1.74511E-07, 0.0319786810691392
1.74512953125E-07, 0.036184195193425
1.7451490625E-07, 0.0421435118178598
1.74516859375E-07, 0.0390599333724938
1.745188125E-07, 0.0416130561951236
1.74520765625E-07, 0.0535098039259472
1.7452271875E-07, 0.051501724924368
1.74524671875E-07, 0.0590274100481381
1.74526625E-07, 0.0605691382880895
1.74528578125E-07, 0.0682851165131437
1.7453053125E-07, 0.0706445838644603
1.74532484375E-07, 0.0713778043543765
1.745344375E-07, 0.0736617018063095
1.74536390625E-07, 0.0752639159818856
1.7453834375E-07, 0.0758728591335227
1.74540296875E-07, 0.0832517502021187
1.7454225E-07, 0.0854699727450957
1.74544203125E-07, 0.0880977808005432
1.7454615625E-07, 0.0860929607486093
1.74548109375E-07, 0.090165760857437
1.745500625E-07, 0.0880624309250512
1.74552015625E-07, 0.0949673148312828
1.7455396875E-07, 0.0872412185433809
1.74555921875E-07, 0.0957342063972837
1.74557875E-07, 0.094960927566017
1.74559828125E-07, 0.0991295470242218
1.7456178125E-07, 0.0969212368757986
1.74563734375E-07, 0.0935276249052399
1.745656875E-07, 0.0985573270030113
1.74567640625E-07, 0.102184774079507
1.7456959375E-07, 0.0977280550828992
1.74571546875E-07, 0.101694053871029
1.745735E-07, 0.101647820341744
1.74575453125E-07, 0.0963307210088646
1.7457740625E-07, 0.102945902564535
1.74579359375E-07, 0.0998152222732301
1.745813125E-07, 0.100689508140035
1.74583265625E-07, 0.0942379706565254
1.7458521875E-07, 0.0963953599224529
1.74587171875E-07, 0.0911449191584166
1.74589125E-07, 0.0940499648746247
1.74591078125E-07, 0.0947408047933243
1.7459303125E-07, 0.0945473682417608
1.74594984375E-07, 0.0889916974994549
1.745969375E-07, 0.0913727849108734
1.74598890625E-07, 0.0869228661503034
1.7460084375E-07, 0.0844955461514064
1.74602796875E-07, 0.0868209035528855
1.7460475E-07, 0.0779937334362201
1.74606703125E-07, 0.0819056969717734
1.7460865625E-07, 0.0737766627033219
1.74610609375E-07, 0.0775341789590292
1.746125625E-07, 0.074494829601437
1.74614515625E-07, 0.0757103775280575
1.7461646875E-07, 0.0745938706157464
1.74618421875E-07, 0.0632678454986167
1.74620375E-07, 0.0636620525965451
1.74622328125E-07, 0.0644198514776358
1.7462428125E-07, 0.0632701580437015
1.74626234375E-07, 0.0656958839813827
1.746281875E-07, 0.0553269890418226
1.74630140625E-07, 0.0503767981987001
1.7463209375E-07, 0.0523374026710323
1.74634046875E-07, 0.0537706239038949
1.74636E-07, 0.0546147040423056
1.74637953125E-07, 0.0504054944423506
1.7463990625E-07, 0.0441953467035135
1.74641859375E-07, 0.0420382075405193
1.746438125E-07, 0.0431168743369292
1.74645765625E-07, 0.0400296745857446
1.7464771875E-07, 0.0417417523583898
1.74649671875E-07, 0.0374868821972457
1.74651625E-07, 0.0374252194173505
1.74653578125E-07, 0.032147281461977
1.7465553125E-07, 0.0343963914329246
1.74657484375E-07, 0.0302567830402403
1.746594375E-07, 0.0313636008003049
1.74661390625E-07, 0.0350648333434153
1.7466334375E-07, 0.0300542048555341
1.74665296875E-07, 0.0271649662287661
1.7466725E-07, 0.0252640357320365
1.74669203125E-07, 0.0272214998249703
1.7467115625E-07, 0.0279565499319574
1.74673109375E-07, 0.0236359554814756
1.746750625E-07, 0.0250941150702081
1.74677015625E-07, 0.0245688601908776
1.7467896875E-07, 0.0240715423091128
1.74680921875E-07, 0.0203281464993689
1.74682875E-07, 0.0216381670005697
1.74684828125E-07, 0.0195841819252764
1.7468678125E-07, 0.0197699191576379
1.74688734375E-07, 0.0191306876741347
1.746906875E-07, 0.0218075892893877
1.74692640625E-07, 0.0204199803247967
1.7469459375E-07, 0.0186997291644283
1.74696546875E-07, 0.0189437829352204
1.746985E-07, 0.0182818106600183
1.74700453125E-07, 0.0185465491132444
1.7470240625E-07, 0.0204698438273209
1.74704359375E-07, 0.0188393255465884
1.747063125E-07, 0.0193168958736115
1.74708265625E-07, 0.0189543472321497
1.7471021875E-07, 0.0181371861732729
1.74712171875E-07, 0.018267183867191
1.74714125E-07, 0.0193502193006674
1.74716078125E-07, 0.0189327502532839
1.7471803125E-07, 0.020710509777524
1.74719984375E-07, 0.0196253392718593
1.747219375E-07, 0.0226223973974851
1.74723890625E-07, 0.0192774818204584
1.7472584375E-07, 0.0188435180120513
1.74727796875E-07, 0.0197286629056091
1.7472975E-07, 0.0195765678885113
1.74731703125E-07, 0.0196118100200957
1.7473365625E-07, 0.0196848249020102
1.74735609375E-07, 0.0196868329410827
1.747375625E-07, 0.0207505273197027
1.74739515625E-07, 0.0195176300287289
1.7474146875E-07, 0.021418858315267
1.74743421875E-07, 0.0178230851612025
1.74745375E-07, 0.0189459465124665
1.74747328125E-07, 0.0202616918586969
1.7474928125E-07, 0.0170356132780736
1.74751234375E-07, 0.0182469982800194
1.747531875E-07, 0.0186472961793148
1.74755140625E-07, 0.0169981920880462
1.7475709375E-07, 0.0178103171636957
1.74759046875E-07, 0.0173949949833105
1.74761E-07, 0.0172878627178735
1.74762953125E-07, 0.0170849831654628
1.7476490625E-07, 0.0167049554997738
1.74766859375E-07, 0.0170379011983719
1.747688125E-07, 0.0155789889077066
1.74770765625E-07, 0.0151298481115385
1.7477271875E-07, 0.0139624695701738
1.74774671875E-07, 0.0132253440318711
1.74776625E-07, 0.0136434210136914
1.74778578125E-07, 0.0125628264710281
1.7478053125E-07, 0.0128536040919546
1.74782484375E-07, 0.0114371790402503
1.747844375E-07, 0.0104016166791614
1.74786390625E-07, 0.0099773230770111
1.7478834375E-07, 0.00981391793259538
1.74790296875E-07, 0.0123433603147323
1.7479225E-07, 0.00804060590491595
1.74794203125E-07, 0.00752916442059123
1.7479615625E-07, 0.00788522576346548
1.74798109375E-07, 0.00628267334625867
1.748000625E-07, 0.00645137833273868
1.74802015625E-07, 0.00411037995216445
1.7480396875E-07, 0.00424631058076605
1.74805921875E-07, 0.00387521325869942
1.74807875E-07, 0.00439992726015203
1.74809828125E-07, 0.00203083905778701
1.7481178125E-07, 0.000972429077930056
1.74813734375E-07, 0.00102006153011831
1.748156875E-07, 0.000849430322045127
1.74817640625E-07, -0.000391311213132773
1.7481959375E-07, -4.44657429841262E-05
1.74821546875E-07, -0.000524818646917892
1.748235E-07, -0.00103145514072093
1.74825453125E-07, -0.00196986504279403
1.7482740625E-07, -0.00378905026154755
1.74829359375E-07, -0.0030819777322745
1.748313125E-07, -0.00438869620354986
1.74833265625E-07, -0.00475142042497792
1.7483521875E-07, -0.00569680412033102
1.74837171875E-07, -0.00604815915058381
1.74839125E-07, -0.00529861197117318
1.74841078125E-07, -0.00632031414603007
1.7484303125E-07, -0.00661951950024892
1.74844984375E-07, -0.00710043251186098
1.748469375E-07, -0.00689771359256617
1.74848890625E-07, -0.00629545049514553
1.7485084375E-07, -0.00736596832121115
1.74852796875E-07, -0.00651693585329273
1.7485475E-07, -0.00803425822484723
1.74856703125E-07, -0.00819927557156442
1.7485865625E-07, -0.00748513145000507
1.74860609375E-07, -0.00809769369111677
1.748625625E-07, -0.00871197225167043
1.74864515625E-07, -0.00858471470152305
1.7486646875E-07, -0.00853295186334978
1.74868421875E-07, -0.00834022595385523
1.74870375E-07, -0.00882650073079318
1.74872328125E-07, -0.00878526716817636
1.7487428125E-07, -0.00902457685428041
1.74876234375E-07, -0.00852968837350447
1.748781875E-07, -0.00802319612344903
1.74880140625E-07, -0.00824150009984309
1.7488209375E-07, -0.00778065653866926
1.74884046875E-07, -0.00822578722824025
1.74886E-07, -0.00751056012421638
1.74887953125E-07, -0.00776964683701605
1.7488990625E-07, -0.00735830561192023
1.74891859375E-07, -0.00704864472966012
1.748938125E-07, -0.00724088448758915
1.74895765625E-07, -0.00675436927696249
1.7489771875E-07, -0.0068708513294755
1.74899671875E-07, -0.00563926128494253
1.74901625E-07, -0.0070245285391211
1.74903578125E-07, -0.00549943457751609
1.7490553125E-07, -0.0052818371869902
1.74907484375E-07, -0.00420992060149753
1.749094375E-07, -0.00434916442133806
1.74911390625E-07, -0.00501122227946946
1.7491334375E-07, -0.00378895629279055
1.74915296875E-07, -0.00417070992330482
1.7491725E-07, -0.00395862109103239
1.74919203125E-07, -0.00337636873729777
1.7492115625E-07, -0.00270117885297424
1.74923109375E-07, -0.00291506275814698
1.749250625E-07, -0.0028087932387172
1.74927015625E-07, -0.00298154959352256
1.7492896875E-07, -0.00198927532857004
1.74930921875E-07, -0.00200282508406969
1.74932875E-07, -0.00197792541922775
1.74934828125E-07, -0.00139254850373662
1.7493678125E-07, -0.00124358878555414
1.74938734375E-07, -0.0004485499789909
1.749406875E-07, -0.000137734770142628
1.74942640625E-07, -0.000644872210958984
1.7494459375E-07, -0.000140328591681129
1.74946546875E-07, 0.000359297874566825
1.749485E-07, 0.000149135042509997
1.74950453125E-07, 0.000248284506181216
1.7495240625E-07, 0.000322154513153368
1.74954359375E-07, 0.000929838528549657
1.749563125E-07, 0.000918611496619482
1.74958265625E-07, 0.0012907048483252
1.7496021875E-07, 0.00142877915519837
1.74962171875E-07, 0.00136184214044821
1.74964125E-07, 0.00143740497857633
1.74966078125E-07, 0.00149935670691003
1.7496803125E-07, 0.00159084219041654
1.74969984375E-07, 0.00188204127505554
1.749719375E-07, 0.00174299190554797
1.74973890625E-07, 0.00208564357358621
1.7497584375E-07, 0.00206667625589963
1.74977796875E-07, 0.00157884045445468
1.7497975E-07, 0.00204578557878642
1.74981703125E-07, 0.00185734993320099
1.7498365625E-07, 0.00212441994061807
1.74985609375E-07, 0.00166609723427282
1.749875625E-07, 0.00180319911781212
1.74989515625E-07, 0.00182529040285206
1.7499146875E-07, 0.00170618224449705
1.74993421875E-07, 0.00165856599940837
1.74995375E-07, 0.00140663517358729
1.74997328125E-07, 0.00143170055933761
1.7499928125E-07, 0.00133933213014888
1.75001234375E-07, 0.000966752791136145
1.750031875E-07, 0.00140002650334149
1.75005140625E-07, 0.000757912713565005
1.7500709375E-07, -4.18699995005442E-05
1.75009046875E-07, 7.1058247724623E-06
1.75011E-07, -2.21748181298962E-05
1.75012953125E-07, 0.000516500950549333
1.7501490625E-07, -0.000120038612867846
1.75016859375E-07, -0.000136957201392256
1.750188125E-07, -0.000869904521045136
1.75020765625E-07, -0.00138921915783681
1.7502271875E-07, -0.000966753945282692
1.75024671875E-07, -0.00197484469009976
1.75026625E-07, -0.000887870509847666
1.75028578125E-07, -0.00191374826781586
1.7503053125E-07, -0.00234094240619596
1.75032484375E-07, -0.00203591708121721
1.750344375E-07, -0.00250337424740723
1.75036390625E-07, -0.00249631194153185
1.7503834375E-07, -0.00431849212910929
1.75040296875E-07, -0.00297885066766044
1.7504225E-07, -0.00378180843741017
1.75044203125E-07, -0.00444944982539578
1.7504615625E-07, -0.00338938259202269
1.75048109375E-07, -0.00499845314245013
1.750500625E-07, -0.00449821370772761
1.75052015625E-07, -0.00565353292660352
1.7505396875E-07, -0.00562351641551854
1.75055921875E-07, -0.00577748890550758
1.75057875E-07, -0.00684520996377509
1.75059828125E-07, -0.0070886296847008
1.7506178125E-07, -0.00816025544612079
1.75063734375E-07, -0.00818221387674244
1.750656875E-07, -0.00786881910071647
1.75067640625E-07, -0.0089002585341272
1.7506959375E-07, -0.00980382501812491
1.75071546875E-07, -0.0103230203140741
1.750735E-07, -0.0107495524006204
1.75075453125E-07, -0.00957213395546085
1.7507740625E-07, -0.0111185692672552
1.75079359375E-07, -0.0118329675907435
1.750813125E-07, -0.0124626840090128
1.75083265625E-07, -0.0139490463012419
1.7508521875E-07, -0.0145938891550757
1.75087171875E-07, -0.0150805121376056
1.75089125E-07, -0.0151450678030185
1.75091078125E-07, -0.0137760667007742
1.7509303125E-07, -0.0159582743858109
1.75094984375E-07, -0.0164180130726523
1.750969375E-07, -0.0163249241626995
1.75098890625E-07, -0.0183149503073362
1.7510084375E-07, -0.0180987834908609
1.75102796875E-07, -0.0189575477805934
1.7510475E-07, -0.0185026770774687
1.75106703125E-07, -0.0199842570902236
1.7510865625E-07, -0.021307840625461
1.75110609375E-07, -0.020040944487925
1.751125625E-07, -0.021702482061225
1.75114515625E-07, -0.0223071686267545
1.7511646875E-07, -0.023315834431896
1.75118421875E-07, -0.0223538177236953
1.75120375E-07, -0.0231694729598625
1.75122328125E-07, -0.0243906220840429
1.7512428125E-07, -0.0240032634188665
1.75126234375E-07, -0.0233313150612189
1.751281875E-07, -0.025263374854424
1.75130140625E-07, -0.0264525797144612
1.7513209375E-07, -0.0269877788521885
1.75134046875E-07, -0.0272945053285922
1.75136E-07, -0.0274544097628723
1.75137953125E-07, -0.0263028498174853
1.7513990625E-07, -0.0261025156095152
1.75141859375E-07, -0.028289890818687
1.751438125E-07, -0.0294879513876874
1.75145765625E-07, -0.029361322124364
1.7514771875E-07, -0.0300018872726321
1.75149671875E-07, -0.030273170348254
1.75151625E-07, -0.0300890927494535
1.75153578125E-07, -0.0310779942606289
1.7515553125E-07, -0.029632303109087
1.75157484375E-07, -0.0305365615536796
1.751594375E-07, -0.0307493993554276
1.75161390625E-07, -0.0314866812980516
1.7516334375E-07, -0.0315263259266122
1.75165296875E-07, -0.032130044342838
1.7516725E-07, -0.0316327361378576
1.75169203125E-07, -0.032589128958035
1.7517115625E-07, -0.0315978977210893
1.75173109375E-07, -0.0328401510457697
1.751750625E-07, -0.0326749454187327
1.75177015625E-07, -0.0324177963604943
1.7517896875E-07, -0.0322153498538498
1.75180921875E-07, -0.0320853335252042
1.75182875E-07, -0.0326773211493171
1.75184828125E-07, -0.0324606804652299
1.7518678125E-07, -0.0328986348704421
1.75188734375E-07, -0.0324081432003763
1.751906875E-07, -0.0312081837937374
1.75192640625E-07, -0.0321126524198197
1.7519459375E-07, -0.0322767078383638
1.75196546875E-07, -0.0319488346235179
1.751985E-07, -0.0311424873680425
1.75200453125E-07, -0.0317200357989355
1.7520240625E-07, -0.031458546109169
1.75204359375E-07, -0.031207302361343
1.752063125E-07, -0.0310257152160094
1.75208265625E-07, -0.0314454044660937
1.7521021875E-07, -0.0311352285698676
1.75212171875E-07, -0.0311496882827598
1.75214125E-07, -0.0306619571309967
1.75216078125E-07, -0.0302820714972797
1.7521803125E-07, -0.030276499154117
1.75219984375E-07, -0.0297957624213793
1.752219375E-07, -0.0297193238743612
1.75223890625E-07, -0.0296279613393693
1.7522584375E-07, -0.0286391419911176
1.75227796875E-07, -0.0276661043687277
1.7522975E-07, -0.0287004813866938
1.75231703125E-07, -0.0279817443796892
1.7523365625E-07, -0.0280798785440607
1.75235609375E-07, -0.0271571090876559
1.752375625E-07, -0.027394337826313
1.75239515625E-07, -0.0264315709902737
1.7524146875E-07, -0.0267820566157467
1.75243421875E-07, -0.0266654285713651
1.75245375E-07, -0.025596614391365
1.75247328125E-07, -0.0252637181713998
1.7524928125E-07, -0.024867658486383
1.75251234375E-07, -0.0255809598699939
1.752531875E-07, -0.0254066821760364
1.75255140625E-07, -0.0240842316221099
1.7525709375E-07, -0.0244559036880526
1.75259046875E-07, -0.0225781812412891
1.75261E-07, -0.0235786634326512
1.75262953125E-07, -0.022906317217382
1.7526490625E-07, -0.0233165465121293
1.75266859375E-07, -0.0215747144103251
1.752688125E-07, -0.0218941411057193
1.75270765625E-07, -0.0215050227870736
1.7527271875E-07, -0.0210797838918459
1.75274671875E-07, -0.0198602132242306
1.75276625E-07, -0.0207875248199466
1.75278578125E-07, -0.0193306616175751
1.7528053125E-07, -0.0197036083064183
1.75282484375E-07, -0.0193108142025529
1.752844375E-07, -0.0179925645691326
1.75286390625E-07, -0.0187745202518906
1.7528834375E-07, -0.0188702423576841
1.75290296875E-07, -0.017924207996566
1.7529225E-07, -0.0173152264031834
1.75294203125E-07, -0.0165226704415007
1.7529615625E-07, -0.0162869785582291
1.75298109375E-07, -0.0155373626635295
1.753000625E-07, -0.0161462213712305
1.75302015625E-07, -0.0141677762134861
1.7530396875E-07, -0.0148904296049309
1.75305921875E-07, -0.0144164191841652
1.75307875E-07, -0.0138758634715907
1.75309828125E-07, -0.0118577484459174
1.7531178125E-07, -0.0135681671959195
1.75313734375E-07, -0.0121763784340473
1.753156875E-07, -0.0114638592559345
1.75317640625E-07, -0.0116441940935244
1.7531959375E-07, -0.012111759508201
1.75321546875E-07, -0.0096540828313006
1.753235E-07, -0.0111380921071249
1.75325453125E-07, -0.010055707880937
1.7532740625E-07, -0.00999991025691957
1.75329359375E-07, -0.00836766301044638
1.753313125E-07, -0.00893613862788485
1.75333265625E-07, -0.00893231836151164
1.7533521875E-07, -0.00794757044869353
1.75337171875E-07, -0.00751977247758103
1.75339125E-07, -0.00742873921741027
1.75341078125E-07, -0.00622577072530263
1.7534303125E-07, -0.00693355532187212
1.75344984375E-07, -0.00621767875605742
1.753469375E-07, -0.00554874525725504
1.75348890625E-07, -0.00485282306966913
1.7535084375E-07, -0.0047659031877807
1.75352796875E-07, -0.00375182288657152
1.7535475E-07, -0.00394420809203679
1.75356703125E-07, -0.00425666021252994
1.7535865625E-07, -0.00331834489865453
1.75360609375E-07, -0.00259666153384224
1.753625625E-07, -0.00189632449209141
1.75364515625E-07, -0.0030130207794809
1.7536646875E-07, -0.00243553854835181
1.75368421875E-07, -0.00198347449669719
1.75370375E-07, -0.00190372915697783
1.75372328125E-07, -0.00126156533811227
1.7537428125E-07, -0.0013025756049272
1.75376234375E-07, -0.000886600266251794
1.753781875E-07, -5.98425096471677E-05
1.75380140625E-07, -0.00136922236524926
1.7538209375E-07, 8.16391024607559E-05
1.75384046875E-07, 0.000605220142126425
1.75386E-07, 0.000766961669353449
1.75387953125E-07, -0.000161891399770307
1.7538990625E-07, 0.00109386741173444
1.75391859375E-07, 0.000875463667092567
1.753938125E-07, 0.00116053292638574
1.75395765625E-07, 0.00133127244067042
1.7539771875E-07, 0.00229411718462457
1.75399671875E-07, 0.00272339928977511
1.75401625E-07, 0.00227692478016046
1.75403578125E-07, 0.00223156940116111
1.7540553125E-07, 0.00308742279168449
1.75407484375E-07, 0.00267992537303745
1.754094375E-07, 0.00264351658519575
1.75411390625E-07, 0.00293954321379247
1.7541334375E-07, 0.00348741050414367
1.75415296875E-07, 0.00346453574125555
1.7541725E-07, 0.00349175221412272
1.75419203125E-07, 0.00381846410457861
1.7542115625E-07, 0.0039604823936579
1.75423109375E-07, 0.0041969056913115
1.754250625E-07, 0.00424067205465265
1.75427015625E-07, 0.00468745551119263
1.7542896875E-07, 0.00413978407190718
1.75430921875E-07, 0.00446103809424537
1.75432875E-07, 0.0047804743947553
1.75434828125E-07, 0.00554289409980133
1.7543678125E-07, 0.00473693388310066
1.75438734375E-07, 0.00496698453123751
1.754406875E-07, 0.00575738517050938
1.75442640625E-07, 0.00654770523143904
1.7544459375E-07, 0.00568059037730642
1.75446546875E-07, 0.00635080681505788
1.754485E-07, 0.00622640011096524
1.75450453125E-07, 0.00615327376165037
1.7545240625E-07, 0.00633371759235418
1.75454359375E-07, 0.00753758481840975
1.754563125E-07, 0.00684038528918272
1.75458265625E-07, 0.00728484116819058
1.7546021875E-07, 0.00695745523135433
1.75462171875E-07, 0.00758675204224754
1.75464125E-07, 0.00790545321142037
1.75466078125E-07, 0.0084875149496487
1.7546803125E-07, 0.0080628948676905
1.75469984375E-07, 0.00831109534190914
1.754719375E-07, 0.008635837017557
1.75473890625E-07, 0.00845043513818515
1.7547584375E-07, 0.00935749657593821
1.75477796875E-07, 0.00943217184136124
1.7547975E-07, 0.00890492028828056
1.75481703125E-07, 0.00951133299123161
1.7548365625E-07, 0.00971725099812733
1.75485609375E-07, 0.00983443717467251
1.754875625E-07, 0.0103455804135688
1.75489515625E-07, 0.0109674080874324
1.7549146875E-07, 0.0109036116009777
1.75493421875E-07, 0.0104875191787003
1.75495375E-07, 0.0110524367153528
1.75497328125E-07, 0.0116313722269945
1.7549928125E-07, 0.0118420203130213
1.75501234375E-07, 0.0118114477942668
1.755031875E-07, 0.0127808034064317
1.75505140625E-07, 0.0119389879177348
1.7550709375E-07, 0.0122847351216152
1.75509046875E-07, 0.0127341664951326
1.75511E-07, 0.0127492086438981
1.75512953125E-07, 0.0129658618064922
1.7551490625E-07, 0.0130615992921747
1.75516859375E-07, 0.0131168054866357
1.755188125E-07, 0.0133786444958262
1.75520765625E-07, 0.0138303980330095
1.7552271875E-07, 0.0133048367490687
1.75524671875E-07, 0.0136352062031227
1.75526625E-07, 0.0139213068635756
1.75528578125E-07, 0.0134049764389871
1.7553053125E-07, 0.0143247838929372
1.75532484375E-07, 0.0145002291562682
1.755344375E-07, 0.0145773841465403
1.75536390625E-07, 0.0148804824212387
1.7553834375E-07, 0.0143562735781488
1.75540296875E-07, 0.0150213489090486
1.7554225E-07, 0.014508238959942
1.75544203125E-07, 0.0147232963066698
1.7554615625E-07, 0.0141692162701355
1.75548109375E-07, 0.014151629237593
1.755500625E-07, 0.014110594315871
1.75552015625E-07, 0.0146074411310322
1.7555396875E-07, 0.0139341183348785
1.75555921875E-07, 0.0145559872378465
1.75557875E-07, 0.0143636765766703
1.75559828125E-07, 0.0141663548525696
1.7556178125E-07, 0.0139216000654961
1.75563734375E-07, 0.0136195837016922
1.755656875E-07, 0.0135203090634202
1.75567640625E-07, 0.0133526036689857
1.7556959375E-07, 0.0139711173212139
1.75571546875E-07, 0.0127495761419334
1.755735E-07, 0.0129949970969034
1.75575453125E-07, 0.0120474135503682
1.7557740625E-07, 0.0131500605220775
1.75579359375E-07, 0.0112802265545803
1.755813125E-07, 0.0121427702692035
1.75583265625E-07, 0.0120975342079405
1.7558521875E-07, 0.0115594761487024
1.75587171875E-07, 0.0123270729112331
1.75589125E-07, 0.0108368696237837
1.75591078125E-07, 0.0108394463100093
1.7559303125E-07, 0.00959262584493896
1.75594984375E-07, 0.00983947576388835
1.755969375E-07, 0.0102923893084763
1.75598890625E-07, 0.00969903909397079
1.7560084375E-07, 0.00919172145715386
1.75602796875E-07, 0.00907527790321997
1.7560475E-07, 0.00823629008941308
1.75606703125E-07, 0.00863668760481406
1.7560865625E-07, 0.00808318094414247
1.75610609375E-07, 0.00846457058275066
1.756125625E-07, 0.00808680596729535
1.75614515625E-07, 0.00702217893302816
1.7561646875E-07, 0.00715025627468998
1.75618421875E-07, 0.00688474249697027
1.75620375E-07, 0.00696707319315568
1.75622328125E-07, 0.00643880847997543
1.7562428125E-07, 0.00658146042481554
1.75626234375E-07, 0.00637617655993472
1.756281875E-07, 0.00573959046518092
1.75630140625E-07, 0.00563281441024978
1.7563209375E-07, 0.00613624436274068
1.75634046875E-07, 0.00460746297292572
1.75636E-07, 0.00457591973357954
1.75637953125E-07, 0.00474992951228604
1.7563990625E-07, 0.0042018847239908
1.75641859375E-07, 0.0049616918444029
1.756438125E-07, 0.00382410872533415
1.75645765625E-07, 0.00460445403726477
1.7564771875E-07, 0.00408711227811701
1.75649671875E-07, 0.00368693591642896
1.75651625E-07, 0.003843118452392
1.75653578125E-07, 0.00460945345507503
1.7565553125E-07, 0.00358845256122076
1.75657484375E-07, 0.00410412385149631
1.756594375E-07, 0.00392210400688612
1.75661390625E-07, 0.00361268707759721
1.7566334375E-07, 0.00389224906680478
1.75665296875E-07, 0.00387341057565061
1.7566725E-07, 0.00366065943060741
1.75669203125E-07, 0.00346737504158818
1.7567115625E-07, 0.00363723674811999
1.75673109375E-07, 0.00360440377684521
1.756750625E-07, 0.00394315469088467
1.75677015625E-07, 0.00420611308100724
1.7567896875E-07, 0.00393567086121952
1.75680921875E-07, 0.00403144457351216
1.75682875E-07, 0.00432042625481953
1.75684828125E-07, 0.0041722027742259
1.7568678125E-07, 0.00414475551980347
1.75688734375E-07, 0.00439613505328121
1.756906875E-07, 0.00476258605070035
1.75692640625E-07, 0.0047311331529504
1.7569459375E-07, 0.00445779616411368
1.75696546875E-07, 0.00543843905701165
1.756985E-07, 0.0054035172798298
1.75700453125E-07, 0.00491992180586883
1.7570240625E-07, 0.00513133891315124
1.75704359375E-07, 0.00551152600033983
1.757063125E-07, 0.00577409210985071
1.75708265625E-07, 0.00576953339573748
1.7571021875E-07, 0.00575778787169691
1.75712171875E-07, 0.00607170971775001
1.75714125E-07, 0.00583670770191511
1.75716078125E-07, 0.00612979643690827
1.7571803125E-07, 0.0064924018235001
1.75719984375E-07, 0.00635701575923575
1.757219375E-07, 0.00668933406300176
1.75723890625E-07, 0.00675354985358245
1.7572584375E-07, 0.00704127070186059
1.75727796875E-07, 0.00705316863236461
1.7572975E-07, 0.00698097125585488
1.75731703125E-07, 0.00705934419985136
1.7573365625E-07, 0.00742516152254502
1.75735609375E-07, 0.00791039479067563
1.757375625E-07, 0.00763834664384523
1.75739515625E-07, 0.0075829445151781
1.7574146875E-07, 0.00739978580138374
1.75743421875E-07, 0.0080693939930648
1.75745375E-07, 0.0085266218318026
1.75747328125E-07, 0.00838322273973208
1.7574928125E-07, 0.0078960689435847
1.75751234375E-07, 0.00844536439541316
1.757531875E-07, 0.00853429727437546
1.75755140625E-07, 0.00881910307500011
1.7575709375E-07, 0.00894023280773475
1.75759046875E-07, 0.00922772462104269
1.75761E-07, 0.009099145160899
1.75762953125E-07, 0.00886166638401652
1.7576490625E-07, 0.00912181543153316
1.75766859375E-07, 0.00937519094905933
1.757688125E-07, 0.00977067893658594
1.75770765625E-07, 0.00918221310816713
1.7577271875E-07, 0.00962360431800479
1.75774671875E-07, 0.00964699587501816
1.75776625E-07, 0.00935197539008343
1.75778578125E-07, 0.00968671068718366
1.7578053125E-07, 0.00994328480254104
1.75782484375E-07, 0.0101388662031226
1.757844375E-07, 0.0102550232980487
1.75786390625E-07, 0.0105637252805703
1.7578834375E-07, 0.0104053406084953
1.75790296875E-07, 0.0102149086464642
1.7579225E-07, 0.010083628232192
1.75794203125E-07, 0.0106684842527631
1.7579615625E-07, 0.0104223584137087
1.75798109375E-07, 0.0104758871760332
1.758000625E-07, 0.0109131189748913
1.75802015625E-07, 0.0103709039320557
1.7580396875E-07, 0.0102910667766791
1.75805921875E-07, 0.0108233084623195
1.75807875E-07, 0.0109096839153247
1.75809828125E-07, 0.0111041158464293
1.7581178125E-07, 0.011088134078604
1.75813734375E-07, 0.0111841469310525
1.758156875E-07, 0.0110995630912867
1.75817640625E-07, 0.0110662129353435
1.7581959375E-07, 0.0117829113717733
1.75821546875E-07, 0.0113635009383171
1.758235E-07, 0.0114713132959204
1.75825453125E-07, 0.0116205997662512
1.7582740625E-07, 0.0110769091279645
1.75829359375E-07, 0.011815067529405
1.758313125E-07, 0.0117158705755313
1.75833265625E-07, 0.0114357480085107
1.7583521875E-07, 0.0123159949783536
1.75837171875E-07, 0.0116837056531443
1.75839125E-07, 0.0119458507452301
1.75841078125E-07, 0.0121739209868633
1.7584303125E-07, 0.0118293426384356
1.75844984375E-07, 0.0118535457999998
1.758469375E-07, 0.0117404048518851
1.75848890625E-07, 0.0122481647662242
1.7585084375E-07, 0.0124763943513436
1.75852796875E-07, 0.0126443994670132
1.7585475E-07, 0.0129757547192251
1.75856703125E-07, 0.0128259270340662
1.7585865625E-07, 0.0127081840542127
1.75860609375E-07, 0.0125715274081797
1.758625625E-07, 0.0126791607449336
1.75864515625E-07, 0.0124973398219675
1.7586646875E-07, 0.0122248226168239
1.75868421875E-07, 0.0125324432693897
1.75870375E-07, 0.012753154820805
1.75872328125E-07, 0.0126246555978847
1.7587428125E-07, 0.0126680675954724
1.75876234375E-07, 0.0124286487411805
1.758781875E-07, 0.0126809466989593
1.75880140625E-07, 0.0129204386224356
1.7588209375E-07, 0.0131273616666728
1.75884046875E-07, 0.0123160555094015
1.75886E-07, 0.0131375194615881
1.75887953125E-07, 0.013013665618828
1.7588990625E-07, 0.0128000974715588
1.75891859375E-07, 0.0129636139890237
1.758938125E-07, 0.0126679723627529
1.75895765625E-07, 0.0129393779668643
1.7589771875E-07, 0.0126943741482519
1.75899671875E-07, 0.012578668309836
1.75901625E-07, 0.0128004500458336
1.75903578125E-07, 0.0125294763815691
1.7590553125E-07, 0.0126855770241087
1.75907484375E-07, 0.0127692523001368
1.759094375E-07, 0.0127030494283826
1.75911390625E-07, 0.0123090238304742
1.7591334375E-07, 0.0122673876090117
1.75915296875E-07, 0.0126289006838457
1.7591725E-07, 0.0126295914820242
1.75919203125E-07, 0.0120467880641934
1.7592115625E-07, 0.0116377490146426
1.75923109375E-07, 0.0115079912917221
1.759250625E-07, 0.0122194926607744
1.75927015625E-07, 0.0115025312557427
1.7592896875E-07, 0.0118926266092079
1.75930921875E-07, 0.0114489730524379
1.75932875E-07, 0.0112735963735869
1.75934828125E-07, 0.0111645745201215
1.7593678125E-07, 0.0100881590049842
1.75938734375E-07, 0.0105546661630962
1.759406875E-07, 0.0107997633034603
1.75942640625E-07, 0.0105279125502797
1.7594459375E-07, 0.01030096913403
1.75946546875E-07, 0.00925602361008251
1.759485E-07, 0.00989712132220743
1.75950453125E-07, 0.00928433011367562
1.7595240625E-07, 0.00926619470839488
1.75954359375E-07, 0.00909435968269231
1.759563125E-07, 0.0089390393066574
1.75958265625E-07, 0.00863506207787031
1.7596021875E-07, 0.00838006364977002
1.75962171875E-07, 0.00852385590813397
1.75964125E-07, 0.0075433379341282
1.75966078125E-07, 0.00763235453458962
1.7596803125E-07, 0.00731218094320278
1.75969984375E-07, 0.00659530180070028
1.759719375E-07, 0.00668199001137039
1.75973890625E-07, 0.00393179861250962
1.7597584375E-07, 0.00577319209816449
1.75977796875E-07, 0.00481445764162353
1.7597975E-07, 0.0040642698385729
1.75981703125E-07, 0.0044353886468848
1.7598365625E-07, 0.00332085203920741
1.75985609375E-07, 0.00371914916176871
1.759875625E-07, 0.00340643456070944
1.75989515625E-07, 0.00191509976668748
1.7599146875E-07, 0.00229496002932595
1.75993421875E-07, 0.00183152319720878
1.75995375E-07, 0.000989131981261314
1.75997328125E-07, 0.000406784296935826
1.7599928125E-07, -0.000326531972235708
1.76001234375E-07, 0.000890858592604316
1.760031875E-07, 0.00134234458566305
1.76005140625E-07, -0.000103963574010726
1.7600709375E-07, -0.000591572289032028
1.76009046875E-07, -0.000788122981354882
1.76011E-07, -0.00205465155214529
1.76012953125E-07, -0.00132187814675283
1.7601490625E-07, -0.00207805571988908
1.76016859375E-07, -0.00365918366708722
1.760188125E-07, -0.00419227565483008
1.76020765625E-07, -0.00248359546198055
1.7602271875E-07, -0.00475972013352809
1.76024671875E-07, -0.00453521712440927
1.76026625E-07, -0.00642266734135147
1.76028578125E-07, -0.00670025128875875
1.7603053125E-07, -0.00666757547118869
1.76032484375E-07, -0.00703294006843583
1.760344375E-07, -0.00680560913289748
1.76036390625E-07, -0.00883004113032258
1.7603834375E-07, -0.00868951796801654
1.76040296875E-07, -0.00886531532416011
1.7604225E-07, -0.00976564993734027
1.76044203125E-07, -0.00903903571096974
1.7604615625E-07, -0.0117549248837916
1.76048109375E-07, -0.00964541523568693
1.760500625E-07, -0.0118826744437222
1.76052015625E-07, -0.0106237927103329
1.7605396875E-07, -0.011832077853777
1.76055921875E-07, -0.013129174577237
1.76057875E-07, -0.0118908434336329
1.76059828125E-07, -0.0143287329030546
1.7606178125E-07, -0.0144191855277281
1.76063734375E-07, -0.0143975151629064
1.760656875E-07, -0.0156507513118871
1.76067640625E-07, -0.0155013812913282
1.7606959375E-07, -0.0153558139906355
1.76071546875E-07, -0.0152348065133286
1.760735E-07, -0.0164406653520769
1.76075453125E-07, -0.0162290293820687
1.7607740625E-07, -0.015141920181849
1.76079359375E-07, -0.0166470132766665
1.760813125E-07, -0.016313196541386
1.76083265625E-07, -0.0167738285627645
1.7608521875E-07, -0.0169400766285869
1.76087171875E-07, -0.0164143371817251
1.76089125E-07, -0.0167725052858951
1.76091078125E-07, -0.0171223404401528
1.7609303125E-07, -0.0177703913261848
1.76094984375E-07, -0.0177814781039262
1.760969375E-07, -0.0172825360590485
1.76098890625E-07, -0.0182091611901761
1.7610084375E-07, -0.0177497533205594
1.76102796875E-07, -0.0154245409845567
1.7610475E-07, -0.0174923073835917
1.76106703125E-07, -0.0172492934579299
1.7610865625E-07, -0.016664163435096
1.76110609375E-07, -0.0168581326219032
1.761125625E-07, -0.0162393145828106
1.76114515625E-07, -0.017495194685228
1.7611646875E-07, -0.0163986762478028
1.76118421875E-07, -0.0165395252116861
1.76120375E-07, -0.0164565402148428
1.76122328125E-07, -0.0164113771797161
1.7612428125E-07, -0.0154430173130148
1.76126234375E-07, -0.0157775830209754
1.761281875E-07, -0.0157701436272502
1.76130140625E-07, -0.0152821662602796
1.7613209375E-07, -0.015386271325726
1.76134046875E-07, -0.0145021981716199
1.76136E-07, -0.0141951957807709
1.76137953125E-07, -0.0140557658569497
1.7613990625E-07, -0.0138839319369485
1.76141859375E-07, -0.0135508456951901
1.761438125E-07, -0.0122526421015153
1.76145765625E-07, -0.0129208756846092
1.7614771875E-07, -0.0127795265602791
1.76149671875E-07, -0.0127032551383943
1.76151625E-07, -0.0110633345416702
1.76153578125E-07, -0.011111000660979
1.7615553125E-07, -0.0115307280750134
1.76157484375E-07, -0.0114091086862062
1.761594375E-07, -0.0100549836964042
1.76161390625E-07, -0.0107512426003246
1.7616334375E-07, -0.00973485184010745
1.76165296875E-07, -0.00969393003310951
1.7616725E-07, -0.0094641005496498
1.76169203125E-07, -0.00939333603601636
1.7617115625E-07, -0.00830227483287314
1.76173109375E-07, -0.00932449710337234
1.761750625E-07, -0.00793079549512302
1.76177015625E-07, -0.00848220430425847
1.7617896875E-07, -0.0078894432446294
1.76180921875E-07, -0.00705693593641479
1.76182875E-07, -0.00716115666470016
1.76184828125E-07, -0.00781509222701638
1.7618678125E-07, -0.00712427613242356
1.76188734375E-07, -0.00636242808275781
1.761906875E-07, -0.0072980712698981
1.76192640625E-07, -0.00631341394216251
1.7619459375E-07, -0.00646659441737871
1.76196546875E-07, -0.00620487505666763
1.761985E-07, -0.00601621217412753
1.76200453125E-07, -0.00586467655061201
1.7620240625E-07, -0.0058658218318885
1.76204359375E-07, -0.0060526441090795
1.762063125E-07, -0.00563715195364268
1.76208265625E-07, -0.00536371269810627
1.7621021875E-07, -0.00604984348288247
1.76212171875E-07, -0.00548395993192928
1.76214125E-07, -0.00577778557610375
1.76216078125E-07, -0.00554351814044068
1.7621803125E-07, -0.00582488530206838
1.76219984375E-07, -0.00564752928470562
1.762219375E-07, -0.00606151768364892
1.76223890625E-07, -0.00578722728809702
1.7622584375E-07, -0.00647277188584873
1.76227796875E-07, -0.00601385303375161
1.7622975E-07, -0.00648859902929423
1.76231703125E-07, -0.0061904417513027
1.7623365625E-07, -0.00647515747691264
1.76235609375E-07, -0.00683978166309559
1.762375625E-07, -0.00659670793031933
1.76239515625E-07, -0.00692118482293539
1.7624146875E-07, -0.00732773697799682
1.76243421875E-07, -0.00745280591035797
1.76245375E-07, -0.0074835301437065
1.76247328125E-07, -0.00759721600210171
1.7624928125E-07, -0.00793603370787776
1.76251234375E-07, -0.00795542853312057
1.762531875E-07, -0.00817010579173087
1.76255140625E-07, -0.00827005666923784
1.7625709375E-07, -0.00864983600438205
1.76259046875E-07, -0.00901988553357595
1.76261E-07, -0.00872188398849126
1.76262953125E-07, -0.0090135213370536
1.7626490625E-07, -0.00918963304240531
1.76266859375E-07, -0.0092101968520369
1.762688125E-07, -0.00962731091967726
1.76270765625E-07, -0.0094974243349322
1.7627271875E-07, -0.0101565968005274
1.76274671875E-07, -0.00988419152998343
1.76276625E-07, -0.0098392577602506
1.76278578125E-07, -0.00958902508521592
1.7628053125E-07, -0.00985199021785806
1.76282484375E-07, -0.0103049344950735
1.762844375E-07, -0.0102782418677806
1.76286390625E-07, -0.0100689784627574
1.7628834375E-07, -0.0100339606322232
1.76290296875E-07, -0.0105105069969476
1.7629225E-07, -0.0105976430905368
1.76294203125E-07, -0.0105846380406699
1.7629615625E-07, -0.0106069291796666
1.76298109375E-07, -0.0108628312300992
1.763000625E-07, -0.0105175961278625
1.76302015625E-07, -0.0101065622496191
1.7630396875E-07, -0.0105960343954582
1.76305921875E-07, -0.0103659711789573
1.76307875E-07, -0.0102450235547394
1.76309828125E-07, -0.0102450022118032
1.7631178125E-07, -0.0104216961579451
1.76313734375E-07, -0.0101140045908993
1.763156875E-07, -0.0103007128480454
1.76317640625E-07, -0.0101655654791046
1.7631959375E-07, -0.0104100962216788
1.76321546875E-07, -0.00979399452727023
1.763235E-07, -0.0100761398750131
1.76325453125E-07, -0.0100164287096611
1.7632740625E-07, -0.00893702409095645
1.76329359375E-07, -0.009074730830705
1.763313125E-07, -0.00914047142919581
1.76333265625E-07, -0.00920593765441951
1.7633521875E-07, -0.00933501450615682
1.76337171875E-07, -0.00897587665895319
1.76339125E-07, -0.00865739637071187
1.76341078125E-07, -0.00877682826615183
1.7634303125E-07, -0.00871795746572399
1.76344984375E-07, -0.00854304200036271
1.763469375E-07, -0.00765573379155543
1.76348890625E-07, -0.00779408552331287
1.7635084375E-07, -0.00723451703678365
1.76352796875E-07, -0.00734934369843309
1.7635475E-07, -0.0075240057207692
1.76356703125E-07, -0.00715214651274158
1.7635865625E-07, -0.00671806003706025
1.76360609375E-07, -0.00635336554496228
1.763625625E-07, -0.00666129276121669
1.76364515625E-07, -0.00632571448204162
1.7636646875E-07, -0.00616147453353889
1.76368421875E-07, -0.006021451897873
1.76370375E-07, -0.00598468442733436
1.76372328125E-07, -0.00593425826411544
1.7637428125E-07, -0.00615168092762705
1.76376234375E-07, -0.00575676313306701
1.763781875E-07, -0.00542232718158605
1.76380140625E-07, -0.00509849951368873
1.7638209375E-07, -0.00515443646998571
1.76384046875E-07, -0.00514940498217514
1.76386E-07, -0.00459668345347299
1.76387953125E-07, -0.00450380348016493
1.7638990625E-07, -0.00445047880698936
1.76391859375E-07, -0.0047050797356833
1.763938125E-07, -0.00445634851306154
1.76395765625E-07, -0.0043223265463203
1.7639771875E-07, -0.00396533164174393
1.76399671875E-07, -0.00412780924912891
1.76401625E-07, -0.00413087666852259
1.76403578125E-07, -0.00413792801078623
1.7640553125E-07, -0.0035624708898565
1.76407484375E-07, -0.00373645753074604
1.764094375E-07, -0.00387165153228396
1.76411390625E-07, -0.0038160336611782
1.7641334375E-07, -0.00361032258919159
1.76415296875E-07, -0.00355637428920618
1.7641725E-07, -0.00354907734596551
1.76419203125E-07, -0.00384761698855884
1.7642115625E-07, -0.00332882899218814
1.76423109375E-07, -0.00325650541229907
1.764250625E-07, -0.00330574425852255
1.76427015625E-07, -0.00339120114398103
1.7642896875E-07, -0.00336823823987854
1.76430921875E-07, -0.00374844460701312
1.76432875E-07, -0.00329489546885153
1.76434828125E-07, -0.00331456981431744
1.7643678125E-07, -0.00330174419930377
1.76438734375E-07, -0.00304823378732786
1.764406875E-07, -0.00295439364253612
1.76442640625E-07, -0.0035140212458647
1.7644459375E-07, -0.00331828048429215
1.76446546875E-07, -0.00314100658696705
1.764485E-07, -0.00326761835726085
1.76450453125E-07, -0.0028193523307472
1.7645240625E-07, -0.00320531696632815
1.76454359375E-07, -0.00301445198656311
1.764563125E-07, -0.00310476334440897
1.76458265625E-07, -0.00316217736810831
1.7646021875E-07, -0.00305160191800145
1.76462171875E-07, -0.00305249371307026
1.76464125E-07, -0.0028484749031141
1.76466078125E-07, -0.00289381862314835
1.7646803125E-07, -0.00295855614365296
1.76469984375E-07, -0.00277236386991924
1.764719375E-07, -0.00308663932147608
1.76473890625E-07, -0.00311290181473156
1.7647584375E-07, -0.00281194634058712
1.76477796875E-07, -0.00348516418602975
1.7647975E-07, -0.00294503934171542
1.76481703125E-07, -0.00302984842139739
1.7648365625E-07, -0.00278859436053579
1.76485609375E-07, -0.00287893127277359
1.764875625E-07, -0.00278448988742083
1.76489515625E-07, -0.00274023845618781
1.7649146875E-07, -0.00283086142271555
1.76493421875E-07, -0.00301924793033275
1.76495375E-07, -0.00288572464700604
1.76497328125E-07, -0.00292023653102866
1.7649928125E-07, -0.00287432130637259
1.76501234375E-07, -0.00324473509471376
1.765031875E-07, -0.00293087143533286
1.76505140625E-07, -0.00258223015315547
1.7650709375E-07, -0.00297469665366939
1.76509046875E-07, -0.00267365325483942
1.76511E-07, -0.00280115314075243
1.76512953125E-07, -0.00272615319238738
1.7651490625E-07, -0.00264127683420366
1.76516859375E-07, -0.00255736556739533
1.765188125E-07, -0.00314110110283384
1.76520765625E-07, -0.00271404401535939
1.7652271875E-07, -0.00303467372054178
1.76524671875E-07, -0.00293770026358625
1.76526625E-07, -0.00302269239212165
1.76528578125E-07, -0.00287270745265704
1.7653053125E-07, -0.00290705331865639
1.76532484375E-07, -0.0029565304644603
1.765344375E-07, -0.00291723455383872
1.76536390625E-07, -0.00293644462482731
1.7653834375E-07, -0.00302079435346439
1.76540296875E-07, -0.00304771640861363
1.7654225E-07, -0.00288663273748826
1.76544203125E-07, -0.00297247845010766
1.7654615625E-07, -0.00289496861182568
1.76548109375E-07, -0.00307812745937253
1.765500625E-07, -0.00305783611117981
1.76552015625E-07, -0.0034487910093698
1.7655396875E-07, -0.00305403500714215
1.76555921875E-07, -0.00311296073919961
1.76557875E-07, -0.00340427319820042
1.76559828125E-07, -0.00320959591511613
1.7656178125E-07, -0.00306088362837691
1.76563734375E-07, -0.00281852540837655
1.765656875E-07, -0.00319671036349058
1.76567640625E-07, -0.00336832605608905
1.7656959375E-07, -0.00332105028227003
1.76571546875E-07, -0.00295060563680987
1.765735E-07, -0.00389207459025858
1.76575453125E-07, -0.00351799007144317
1.7657740625E-07, -0.00316952323270065
1.76579359375E-07, -0.00331815880810707
1.765813125E-07, -0.00311058759692356
1.76583265625E-07, -0.00339530798419517
1.7658521875E-07, -0.00361435042587939
1.76587171875E-07, -0.0031527982402994
1.76589125E-07, -0.00364269760837407
1.76591078125E-07, -0.00338143534660215
1.7659303125E-07, -0.00332311617630418
1.76594984375E-07, -0.0033152628636832
1.765969375E-07, -0.00363422810194869
1.76598890625E-07, -0.00309787277836201
1.7660084375E-07, -0.00363818246077814
1.76602796875E-07, -0.00346631270801718
1.7660475E-07, -0.00397543633036623
1.76606703125E-07, -0.00336909104231832
1.7660865625E-07, -0.00400546759700639
1.76610609375E-07, -0.00315296622503196
1.766125625E-07, -0.00378234823623148
1.76614515625E-07, -0.00335457426402148
1.7661646875E-07, -0.00374775816127981
1.76618421875E-07, -0.00364977851215523
1.76620375E-07, -0.00394337586377176
1.76622328125E-07, -0.00358229699324792
1.7662428125E-07, -0.00339421682984024
1.76626234375E-07, -0.00326025658781323
1.766281875E-07, -0.00339882386744624
1.76630140625E-07, -0.00323170867345438
1.7663209375E-07, -0.003270490431601
1.76634046875E-07, -0.00350353138248904
1.76636E-07, -0.00358805937023102
1.76637953125E-07, -0.00324412947410977
1.7663990625E-07, -0.00265275440078464
1.76641859375E-07, -0.00359810379033839
1.766438125E-07, -0.00317092710952824
1.76645765625E-07, -0.00289853750401726
1.7664771875E-07, -0.00290904745709759
1.76649671875E-07, -0.00299458438230248
1.76651625E-07, -0.00314226471700915
1.76653578125E-07, -0.00298555592819259
1.7665553125E-07, -0.00282678865743775
1.76657484375E-07, -0.00332189891290396
1.766594375E-07, -0.00263308937602075
1.76661390625E-07, -0.00269603698440133
1.7666334375E-07, -0.00270226606786501
1.76665296875E-07, -0.00259699280878997
1.7666725E-07, -0.0026245362149905
1.76669203125E-07, -0.00251327857169744
1.7667115625E-07, -0.00298754799568704
1.76673109375E-07, -0.00255187961083222
1.766750625E-07, -0.00289771094902871
1.76677015625E-07, -0.00266619260917909
1.7667896875E-07, -0.00279397875991615
1.76680921875E-07, -0.00250359026592508
1.76682875E-07, -0.00241401734840042
1.76684828125E-07, -0.00251399758687644
1.7668678125E-07, -0.00221058111381328
1.76688734375E-07, -0.00239968899282376
1.766906875E-07, -0.00278445500617469
1.76692640625E-07, -0.00242870739895281
1.7669459375E-07, -0.00271868093061261
1.76696546875E-07, -0.00230307370035353
1.766985E-07, -0.0031080730492105
1.76700453125E-07, -0.00267181413142416
1.7670240625E-07, -0.00271313678295041
1.76704359375E-07, -0.00262079357771425
1.767063125E-07, -0.00282868011449959
1.76708265625E-07, -0.00282578268357526
1.7671021875E-07, -0.00279830322511889
1.76712171875E-07, -0.00266834662863076
1.76714125E-07, -0.00282120427057707
1.76716078125E-07, -0.00286273653284121
1.7671803125E-07, -0.00252612224941663
1.76719984375E-07, -0.00286061227826965
1.767219375E-07, -0.00310545580319715
1.76723890625E-07, -0.00290473754913476
1.7672584375E-07, -0.00314308135581947
1.76727796875E-07, -0.00256820962265837
1.7672975E-07, -0.00327276280382222
1.76731703125E-07, -0.00300975103360924
1.7673365625E-07, -0.00302509708586527
1.76735609375E-07, -0.00302287168929948
1.767375625E-07, -0.00331336984167536
1.76739515625E-07, -0.00341265026434183
1.7674146875E-07, -0.00339384526128031
1.76743421875E-07, -0.00358815661959064
1.76745375E-07, -0.0033784636647817
1.76747328125E-07, -0.00365013465812279
1.7674928125E-07, -0.00335613519772577
1.76751234375E-07, -0.00376421488872389
1.767531875E-07, -0.00348110008528333
1.76755140625E-07, -0.00370582003634644
1.7675709375E-07, -0.00357086427635891
1.76759046875E-07, -0.00396366846179976
1.76761E-07, -0.00371201637572177
1.76762953125E-07, -0.0037373280250342
1.7676490625E-07, -0.00402858983720747
1.76766859375E-07, -0.00436384050911221
1.767688125E-07, -0.00426711969253345
1.76770765625E-07, -0.0040179091430312
1.7677271875E-07, -0.0042260589344775
1.76774671875E-07, -0.00440490782674295
1.76776625E-07, -0.00419003201894182
1.76778578125E-07, -0.00433570946595951
1.7678053125E-07, -0.00431428304368236
1.76782484375E-07, -0.00418469552318575
1.767844375E-07, -0.004619462988565
1.76786390625E-07, -0.00457417410620797
1.7678834375E-07, -0.00453609118606011
1.76790296875E-07, -0.00474990657885754
1.7679225E-07, -0.00465040937181905
1.76794203125E-07, -0.00462025939338813
1.7679615625E-07, -0.00447822249633924
1.76798109375E-07, -0.00465876075890132
1.768000625E-07, -0.00432143272365674
1.76802015625E-07, -0.00419833523227644
1.7680396875E-07, -0.00454326010269615
1.76805921875E-07, -0.00443094262915939
1.76807875E-07, -0.00409389648975456
1.76809828125E-07, -0.00383983373553859
1.7681178125E-07, -0.00398646094760921
1.76813734375E-07, -0.00366274680721201
1.768156875E-07, -0.00376227320789566
1.76817640625E-07, -0.00340779653155943
1.7681959375E-07, -0.00362894909839632
1.76821546875E-07, -0.00286914764477448
1.768235E-07, -0.00315494607095266
1.76825453125E-07, -0.00327554860923325
1.7682740625E-07, -0.00255688812944719
1.76829359375E-07, -0.00241174034268486
1.768313125E-07, -0.00178987495901263
1.76833265625E-07, -0.00219310833897871
1.7683521875E-07, -0.00147932659658532
1.76837171875E-07, -0.000923538155816181
1.76839125E-07, -0.000464143749357882
1.76841078125E-07, -0.00151405750599763
1.7684303125E-07, -0.000308776266105521
1.76844984375E-07, -7.19453583561694E-05
1.768469375E-07, -0.000579386835766465
1.76848890625E-07, -0.000391682188826391
1.7685084375E-07, -0.000460361077985278
1.76852796875E-07, 0.000901402141087167
1.7685475E-07, 0.00112247266097978
1.76856703125E-07, 0.00100860428919128
1.7685865625E-07, 0.00112437924877318
1.76860609375E-07, 0.00178114726045433
1.768625625E-07, 0.00236940767423759
1.76864515625E-07, 0.00244964241102604
1.7686646875E-07, 0.00311291219410642
1.76868421875E-07, 0.00256427251289676
1.76870375E-07, 0.00209264656860475
1.76872328125E-07, 0.00336844977504166
1.7687428125E-07, 0.00349187269139793
1.76876234375E-07, 0.00393222540977583
1.768781875E-07, 0.00370391722554153
1.76880140625E-07, 0.00410344390783884
1.7688209375E-07, 0.00456132417580854
1.76884046875E-07, 0.00352765526388426
1.76886E-07, 0.00435715356472053
1.76887953125E-07, 0.00467875211988566
1.7688990625E-07, 0.0049764053907247
1.76891859375E-07, 0.00511355300442066
1.768938125E-07, 0.00481439366117125
1.76895765625E-07, 0.00524496037226182
1.7689771875E-07, 0.00442365124285373
1.76899671875E-07, 0.00590113456950457
1.76901625E-07, 0.00467177743106975
1.76903578125E-07, 0.00493297881586673
1.7690553125E-07, 0.00509972732002396
1.76907484375E-07, 0.0048855334353103
1.769094375E-07, 0.00509072170870764
1.76911390625E-07, 0.00498276582627619
1.7691334375E-07, 0.00438579493214276
1.76915296875E-07, 0.00485952183447064
1.7691725E-07, 0.00448202347405084
1.76919203125E-07, 0.00396250723241338
1.7692115625E-07, 0.00441248219960744
1.76923109375E-07, 0.00372006065291919
1.769250625E-07, 0.00385738190567556
1.76927015625E-07, 0.00386546764206085
1.7692896875E-07, 0.00422936221556006
1.76930921875E-07, 0.00310359525795632
1.76932875E-07, 0.0029521980627756
1.76934828125E-07, 0.00268295518958574
1.7693678125E-07, 0.00245928549814364
1.76938734375E-07, 0.00262809343949878
1.769406875E-07, 0.00266521014877621
1.76942640625E-07, 0.00190113500322417
1.7694459375E-07, 0.0021734017388113
1.76946546875E-07, 0.00148384339184086
1.769485E-07, 0.00168878000985872
1.76950453125E-07, 0.000510016463205779
1.7695240625E-07, 0.00143396967638361
1.76954359375E-07, 0.000296902761479461
1.769563125E-07, 4.9158679814741E-06
1.76958265625E-07, 0.000130697289779143
1.7696021875E-07, -0.00105528511473554
1.76962171875E-07, -0.000969040757668884
1.76964125E-07, -0.00112574927177662
1.76966078125E-07, -0.000996557343684208
1.7696803125E-07, -0.00128699742707521
1.76969984375E-07, -0.00204536354403366
1.769719375E-07, -0.00121510491333424
1.76973890625E-07, -0.0017204063680735
1.7697584375E-07, -0.00202359790723611
1.76977796875E-07, -0.00221523567545089
1.7697975E-07, -0.00282190464343927
1.76981703125E-07, -0.00280782532498054
1.7698365625E-07, -0.00252682040588872
1.76985609375E-07, -0.00232845074133983
1.769875625E-07, -0.00276040363363935
1.76989515625E-07, -0.00264940233644623
1.7699146875E-07, -0.0027494617352276
1.76993421875E-07, -0.00285821596624586
1.76995375E-07, -0.00291427127061094
1.76997328125E-07, -0.00236377495072341
1.7699928125E-07, -0.00315505666002778
1.77001234375E-07, -0.0028662126875021
1.770031875E-07, -0.00344905752809452
1.77005140625E-07, -0.00317398772430289
1.7700709375E-07, -0.00337088721036254
1.77009046875E-07, -0.00294481209956668
1.77011E-07, -0.0029170744185735
1.77012953125E-07, -0.00298495114834568
1.7701490625E-07, -0.00248753553265564
1.77016859375E-07, -0.00300880615365252
1.770188125E-07, -0.00256746537908322
1.77020765625E-07, -0.00249285596220742
1.7702271875E-07, -0.00220915158347158
1.77024671875E-07, -0.00197981294320258
1.77026625E-07, -0.0020914415264585
1.77028578125E-07, -0.00202268597645855
1.7703053125E-07, -0.00176071337000582
1.77032484375E-07, -0.00172944912725682
1.770344375E-07, -0.00164489966510774
1.77036390625E-07, -0.00113686747085068
1.7703834375E-07, -0.00117481400966227
1.77040296875E-07, -0.00101728892626587
1.7704225E-07, -0.000372802281496041
1.77044203125E-07, -0.000593223793114116
1.7704615625E-07, 0.000157359936557917
1.77048109375E-07, -0.000470272967846822
1.770500625E-07, -0.000312380168614503
1.77052015625E-07, 0.000328262388992416
1.7705396875E-07, -0.000506865242212024
1.77055921875E-07, 0.00043121493061769
1.77057875E-07, 0.000828506979436943
1.77059828125E-07, 0.00109216081320173
1.7706178125E-07, 0.000825006301921864
1.77063734375E-07, 0.00152988338122337
1.770656875E-07, 0.00168863972465633
1.77067640625E-07, 0.00167076105358791
1.7706959375E-07, 0.00212977616947941
1.77071546875E-07, 0.00226387726230673
1.770735E-07, 0.00193646102707937
1.77075453125E-07, 0.00244579784125024
1.7707740625E-07, 0.00265011083962307
1.77079359375E-07, 0.00254716267886304
1.770813125E-07, 0.00280236410524385
1.77083265625E-07, 0.00311266432837727
1.7708521875E-07, 0.00315630426658023
1.77087171875E-07, 0.00292329171564676
1.77089125E-07, 0.00373550221105591
1.77091078125E-07, 0.00343066436542478
1.7709303125E-07, 0.00430520959312911
1.77094984375E-07, 0.00365286113612439
1.770969375E-07, 0.00418870209197422
1.77098890625E-07, 0.00338053730521092
1.7710084375E-07, 0.00411849544737183
1.77102796875E-07, 0.00500010825319925
1.7710475E-07, 0.00502239886672443
1.77106703125E-07, 0.00434053842737623
1.7710865625E-07, 0.00451677518463159
1.77110609375E-07, 0.0048784555221888
1.771125625E-07, 0.00488454627062701
1.77114515625E-07, 0.00463630120159756
1.7711646875E-07, 0.00562452450545128
1.77118421875E-07, 0.00523552545046617
1.77120375E-07, 0.00599112341233388
1.77122328125E-07, 0.00512701026624361
1.7712428125E-07, 0.00548144746728527
1.77126234375E-07, 0.00609770526101047
1.771281875E-07, 0.00591203584007576
1.77130140625E-07, 0.00561936429310628
1.7713209375E-07, 0.00619655139727546
1.77134046875E-07, 0.00590351624316237
1.77136E-07, 0.00613012287070177
1.77137953125E-07, 0.00619340395641711
1.7713990625E-07, 0.00727730906020734
1.77141859375E-07, 0.00622594162836992
1.771438125E-07, 0.00646981928560184
1.77145765625E-07, 0.00639885140917283
1.7714771875E-07, 0.00678340789340532
1.77149671875E-07, 0.00687214259049482
1.77151625E-07, 0.00675770557172583
1.77153578125E-07, 0.00717540455307187
1.7715553125E-07, 0.00732902341960578
1.77157484375E-07, 0.00671046687260591
1.771594375E-07, 0.00684759472668845
1.77161390625E-07, 0.00773465727386174
1.7716334375E-07, 0.00742886958599333
1.77165296875E-07, 0.00727091432432314
1.7716725E-07, 0.00768329031637026
1.77169203125E-07, 0.00741395301101559
1.7717115625E-07, 0.00790571015117378
1.77173109375E-07, 0.00784545679272837
1.771750625E-07, 0.00847752685427142
1.77177015625E-07, 0.00784578942669439
1.7717896875E-07, 0.00797546020342917
1.77180921875E-07, 0.00813434698504218
1.77182875E-07, 0.0082646054186099
1.77184828125E-07, 0.00797679043186805
1.7718678125E-07, 0.00838545114342998
1.77188734375E-07, 0.00811824436020564
1.771906875E-07, 0.00813556789932056
1.77192640625E-07, 0.00775726095748943
1.7719459375E-07, 0.00826264722961757
1.77196546875E-07, 0.00818758770838827
1.771985E-07, 0.00827756373007477
1.77200453125E-07, 0.00841715904013791
1.7720240625E-07, 0.00833573553410295
1.77204359375E-07, 0.00816351687031263
1.772063125E-07, 0.00806625331969084
1.77208265625E-07, 0.00847579803141827
1.7721021875E-07, 0.00729163777128347
1.77212171875E-07, 0.0083281254969155
1.77214125E-07, 0.00816438588823511
1.77216078125E-07, 0.00863076129322151
1.7721803125E-07, 0.00810041710984291
1.77219984375E-07, 0.00812911975282761
1.772219375E-07, 0.00824347780803209
1.77223890625E-07, 0.00792094243478974
1.7722584375E-07, 0.00813668885412105
1.77227796875E-07, 0.00799774899811358
1.7722975E-07, 0.00788593805184077
1.77231703125E-07, 0.0075894063797561
1.7723365625E-07, 0.00760041286163747
1.77235609375E-07, 0.0077445109993447
1.772375625E-07, 0.00757102369455596
1.77239515625E-07, 0.00767251438590518
1.7724146875E-07, 0.00754976899904466
1.77243421875E-07, 0.00776835866551857
1.77245375E-07, 0.00723070817701872
1.77247328125E-07, 0.00738373958271414
1.7724928125E-07, 0.00732420481777126
1.77251234375E-07, 0.00716801040207908
1.772531875E-07, 0.00704137531349462
1.77255140625E-07, 0.00671795506432549
1.7725709375E-07, 0.00687759801285853
1.77259046875E-07, 0.00646620238326048
1.77261E-07, 0.00670190858775961
1.77262953125E-07, 0.00625212330802625
1.7726490625E-07, 0.00634471060092405
1.77266859375E-07, 0.00645970605836101
1.772688125E-07, 0.00648569302250721
1.77270765625E-07, 0.00635524336213971
1.7727271875E-07, 0.00617916625873689
1.77274671875E-07, 0.00613636150803493
1.77276625E-07, 0.00597998729166199
1.77278578125E-07, 0.00556259556559693
1.7728053125E-07, 0.00557584029440395
1.77282484375E-07, 0.00553473234741679
1.772844375E-07, 0.00564072432952297
1.77286390625E-07, 0.00539202800746616
1.7728834375E-07, 0.00528121788598619
1.77290296875E-07, 0.00482410720529179
1.7729225E-07, 0.00516363385105959
1.77294203125E-07, 0.00516491665523759
1.7729615625E-07, 0.00482440925786363
1.77298109375E-07, 0.0050429085487303
1.773000625E-07, 0.00477842432880227
1.77302015625E-07, 0.00481134601054191
1.7730396875E-07, 0.00467847114799953
1.77305921875E-07, 0.00472411726668366
1.77307875E-07, 0.00452324809560304
1.77309828125E-07, 0.00407254164198789
1.7731178125E-07, 0.00418867410711958
1.77313734375E-07, 0.00452950997916869
1.773156875E-07, 0.00430917999313117
1.77317640625E-07, 0.00422031570700108
1.7731959375E-07, 0.00404264290117167
1.77321546875E-07, 0.00405523578121792
1.773235E-07, 0.00381408502090329
1.77325453125E-07, 0.0038492502829016
1.7732740625E-07, 0.00371009222800198
1.77329359375E-07, 0.00378674941055001
1.773313125E-07, 0.00379011809607159
1.77333265625E-07, 0.00334225211191226
1.7733521875E-07, 0.00351072432677105
1.77337171875E-07, 0.00290077370184145
1.77339125E-07, 0.00391839671387863
1.77341078125E-07, 0.00350940642273055
1.7734303125E-07, 0.00313287079018359
1.77344984375E-07, 0.00293793147876837
1.773469375E-07, 0.00292824636616903
1.77348890625E-07, 0.00312521812803981
1.7735084375E-07, 0.00329893294838415
1.77352796875E-07, 0.00233502538739271
1.7735475E-07, 0.00292659096706119
1.77356703125E-07, 0.00279574486131427
1.7735865625E-07, 0.00315038961345569
1.77360609375E-07, 0.00275629671567055
1.773625625E-07, 0.00250884562129802
1.77364515625E-07, 0.00289096189964717
1.7736646875E-07, 0.00232940227395664
1.77368421875E-07, 0.00295524380353951
1.77370375E-07, 0.00262088334800354
1.77372328125E-07, 0.00237750496838613
1.7737428125E-07, 0.0028189336055971
1.77376234375E-07, 0.00252130620298281
1.773781875E-07, 0.00302511540538001
1.77380140625E-07, 0.0019012676583448
1.7738209375E-07, 0.00206797925236098
1.77384046875E-07, 0.0023620310236733
1.77386E-07, 0.00265182047479078
1.77387953125E-07, 0.0024001287375498
1.7738990625E-07, 0.0022206552425097
1.77391859375E-07, 0.00185560868738632
1.773938125E-07, 0.00232345076522763
1.77395765625E-07, 0.00179472100125297
1.7739771875E-07, 0.00202035130843061
1.77399671875E-07, 0.00174638443834679
1.77401625E-07, 0.00212021109052056
1.77403578125E-07, 0.00157382810267241
1.7740553125E-07, 0.00149322220644708
1.77407484375E-07, 0.00192616922018076
1.774094375E-07, 0.0015228837470159
1.77411390625E-07, 0.00136748524795362
1.7741334375E-07, 0.00157600131390898
1.77415296875E-07, 0.00150962394244355
1.7741725E-07, 0.00122762136313854
1.77419203125E-07, 0.00166148110009021
1.7742115625E-07, 0.000637399140758133
1.77423109375E-07, 0.00105921532791297
1.774250625E-07, 0.000787258434870042
1.77427015625E-07, 0.000987433026474074
1.7742896875E-07, 0.00104690583836194
1.77430921875E-07, 0.00109759739914656
1.77432875E-07, 0.00059479877106416
1.77434828125E-07, -2.78856749034059E-05
1.7743678125E-07, 0.000562767750061966
1.77438734375E-07, 9.04569075703768E-05
1.774406875E-07, 0.000502653609733907
1.77442640625E-07, -0.000183189543861137
1.7744459375E-07, -0.000591985064471006
1.77446546875E-07, 1.5388638156896E-06
1.774485E-07, -0.00072446836524577
1.77450453125E-07, -0.000805619507362731
1.7745240625E-07, -0.000670052798873539
1.77454359375E-07, -0.00121656145189348
1.774563125E-07, -0.000619871977537053
1.77458265625E-07, -0.00138509267874945
1.7746021875E-07, -0.00206437171559337
1.77462171875E-07, -0.00158709724312334
1.77464125E-07, -0.0015284218020973
1.77466078125E-07, -0.00194944375833861
1.7746803125E-07, -0.00237581571395992
1.77469984375E-07, -0.00242298317101418
1.774719375E-07, -0.00251382972795609
1.77473890625E-07, -0.00274693983571343
1.7747584375E-07, -0.0021938503398459
1.77477796875E-07, -0.00284946415829101
1.7747975E-07, -0.00270381046834091
1.77481703125E-07, -0.002961095785819
1.7748365625E-07, -0.00309451482136821
1.77485609375E-07, -0.00320502959095213
1.774875625E-07, -0.00344953544590404
1.77489515625E-07, -0.00336467193276583
1.7749146875E-07, -0.00375681474103418
1.77493421875E-07, -0.00402734812192045
1.77495375E-07, -0.00406960408378694
1.77497328125E-07, -0.00451670793662222
1.7749928125E-07, -0.00436361800540191
1.77501234375E-07, -0.00435749543695504
1.775031875E-07, -0.00453903405033547
1.77505140625E-07, -0.0046289891263968
1.7750709375E-07, -0.00439675541294097
1.77509046875E-07, -0.00435711610579522
1.77511E-07, -0.00508774582222459
1.77512953125E-07, -0.00485454277269007
1.7751490625E-07, -0.0050012556847834
1.77516859375E-07, -0.00535606472131322
1.775188125E-07, -0.00520614060857296
1.77520765625E-07, -0.00514411111344993
1.7752271875E-07, -0.00494679899298111
1.77524671875E-07, -0.00541831057063927
1.77526625E-07, -0.00539739257691661
1.77528578125E-07, -0.00525710118598303
1.7753053125E-07, -0.00569487833707279
1.77532484375E-07, -0.00563125089009126
1.775344375E-07, -0.00580615452396359
1.77536390625E-07, -0.00524308404687611
1.7753834375E-07, -0.00541103204810213
1.77540296875E-07, -0.0051229180363831
1.7754225E-07, -0.00545331217048657
1.77544203125E-07, -0.005702717938119
1.7754615625E-07, -0.00536802993360545
1.77548109375E-07, -0.00530594624343335
1.775500625E-07, -0.00537500077924943
1.77552015625E-07, -0.00543688407780496
1.7755396875E-07, -0.00534655080233948
1.77555921875E-07, -0.00506372819911797
1.77557875E-07, -0.00536075555211578
1.77559828125E-07, -0.00514086220000208
1.7756178125E-07, -0.00529966858154097
1.77563734375E-07, -0.00503631334520178
1.775656875E-07, -0.00515696757711582
1.77567640625E-07, -0.0048438009327922
1.7756959375E-07, -0.00493200888721334
1.77571546875E-07, -0.00502462702562147
1.775735E-07, -0.00468817867342011
1.77575453125E-07, -0.0047336573893261
1.7757740625E-07, -0.00469499767050591
1.77579359375E-07, -0.00484010163523232
1.775813125E-07, -0.0047344826422721
1.77583265625E-07, -0.00450103006030671
1.7758521875E-07, -0.00434288835976406
1.77587171875E-07, -0.00466270139874451
1.77589125E-07, -0.00459452037723542
1.77591078125E-07, -0.00412804510222253
1.7759303125E-07, -0.00440548987083864
1.77594984375E-07, -0.00453625153003369
1.775969375E-07, -0.00441863664072811
1.77598890625E-07, -0.00450907292924426
1.7760084375E-07, -0.00450948816459586
1.77602796875E-07, -0.00410047731152849
1.7760475E-07, -0.00447523080882585
1.77606703125E-07, -0.00449458821808589
1.7760865625E-07, -0.00405641307333846
1.77610609375E-07, -0.00403113773346177
1.776125625E-07, -0.00400456906604464
1.77614515625E-07, -0.00413514804944914
1.7761646875E-07, -0.00372248687518203
1.77618421875E-07, -0.00419085270623511
1.77620375E-07, -0.00405434339354866
1.77622328125E-07, -0.00430251070656338
1.7762428125E-07, -0.00397147995618883
1.77626234375E-07, -0.00395332543850934
1.776281875E-07, -0.00429119026339871
1.77630140625E-07, -0.00335826640053
1.7763209375E-07, -0.00414948903508781
1.77634046875E-07, -0.00372740571534372


