File Format, WaveformXYValues
Format Version, 1
Instrument, N1045A,04F,LOJ
SwVersion, A.06.71.21
SerialNumber, MY56260108
Date, 11/29/2023 14:28:28 GMT+08:00

Source Name, Channel 1A

Points, 2048
Signal Type, Unspecified
Channel Bandwidth, 2E+10
Channel Noise, 6.66857143682292E-05
X Units, Second
Y Units, Volt
Data, 
1.73636E-07, -0.00123047940271474
1.73637953125E-07, -0.00112336885668198
1.7363990625E-07, -0.00136000679209036
1.73641859375E-07, -0.00143474978992086
1.736438125E-07, -0.0010862105604966
1.73645765625E-07, -0.00132988945803683
1.7364771875E-07, -0.0013796207374483
1.73649671875E-07, -0.0014053572919019
1.73651625E-07, -0.00149305636169088
1.73653578125E-07, -0.00131248952241722
1.7365553125E-07, -0.00123274062563095
1.73657484375E-07, -0.00139380675989261
1.736594375E-07, -0.00171630697837323
1.73661390625E-07, -0.00145951380797366
1.7366334375E-07, -0.00148677597330954
1.73665296875E-07, -0.00113514974708825
1.7366725E-07, -0.00126905692678419
1.73669203125E-07, -0.0011709800121282
1.7367115625E-07, -0.00142660604430375
1.73673109375E-07, -0.00131360591573022
1.736750625E-07, -0.00140596399660135
1.73677015625E-07, -0.00145956174519043
1.7367896875E-07, -0.00140574067195961
1.73680921875E-07, -0.0014406782996239
1.73682875E-07, -0.00148721528581279
1.73684828125E-07, -0.00132214076271044
1.7368678125E-07, -0.00158385994882344
1.73688734375E-07, -0.00162150911219242
1.736906875E-07, -0.00148731364030222
1.73692640625E-07, -0.00141168937854277
1.7369459375E-07, -0.00155371627183307
1.73696546875E-07, -0.0014662276512617
1.736985E-07, -0.00193993361215058
1.73700453125E-07, -0.00147521302402296
1.7370240625E-07, -0.00166606574368589
1.73704359375E-07, -0.00169312682407639
1.737063125E-07, -0.00159150994422697
1.73708265625E-07, -0.00136861329552407
1.7371021875E-07, -0.00175024807379902
1.73712171875E-07, -0.00172600564116612
1.73714125E-07, -0.00157432170191507
1.73716078125E-07, -0.00153755498473081
1.7371803125E-07, -0.00167345459831137
1.73719984375E-07, -0.00166484801074277
1.737219375E-07, -0.00146115484235621
1.73723890625E-07, -0.0015605944625447
1.7372584375E-07, -0.00179653471452079
1.73727796875E-07, -0.00166160820482324
1.7372975E-07, -0.00225932901706685
1.73731703125E-07, -0.00154914371318957
1.7373365625E-07, -0.00183561830441079
1.73735609375E-07, -0.00160407542053539
1.737375625E-07, -0.00163259599463184
1.73739515625E-07, -0.00173834794838462
1.7374146875E-07, -0.00177826070444875
1.73743421875E-07, -0.00160254560580639
1.73745375E-07, -0.00157764715373023
1.73747328125E-07, -0.00182853689143268
1.7374928125E-07, -0.0019073102731448
1.73751234375E-07, -0.0017704554513453
1.737531875E-07, -0.00200238440667161
1.73755140625E-07, -0.0018951557803562
1.7375709375E-07, -0.00177173898510255
1.73759046875E-07, -0.00166940307580827
1.73761E-07, -0.0017001228025579
1.73762953125E-07, -0.00151346937928231
1.7376490625E-07, -0.0021417740999868
1.73766859375E-07, -0.00202925082331209
1.737688125E-07, -0.00198828336680888
1.73770765625E-07, -0.00230405994436476
1.7377271875E-07, -0.00149181656327205
1.73774671875E-07, -0.00188990138469115
1.73776625E-07, -0.00198321166637212
1.73778578125E-07, -0.00172348714426625
1.7378053125E-07, -0.00143540087062636
1.73782484375E-07, -0.00166944618939207
1.737844375E-07, -0.00212465018357329
1.73786390625E-07, -0.00218477080258589
1.7378834375E-07, -0.00214283985440444
1.73790296875E-07, -0.00231122477398117
1.7379225E-07, -0.00266161445250686
1.73794203125E-07, -0.00184349251469251
1.7379615625E-07, -0.00201855567520532
1.73798109375E-07, -0.00177166529808762
1.738000625E-07, -0.00248419168991029
1.73802015625E-07, -0.00164653802743282
1.7380396875E-07, -0.00229342999769557
1.73805921875E-07, -0.00221471227421164
1.73807875E-07, -0.00230259888444507
1.73809828125E-07, -0.00208150868380457
1.7381178125E-07, -0.00224370351212422
1.73813734375E-07, -0.00263042039169151
1.738156875E-07, -0.00204846300945085
1.73817640625E-07, -0.00249646197848345
1.7381959375E-07, -0.0030323093647863
1.73821546875E-07, -0.00277313519625504
1.738235E-07, -0.00182870091343067
1.73825453125E-07, -0.00259934562266419
1.7382740625E-07, -0.00229432259626906
1.73829359375E-07, -0.00263903054007458
1.738313125E-07, -0.00286773090056625
1.73833265625E-07, -0.00268612827325121
1.7383521875E-07, -0.00261627025281148
1.73837171875E-07, -0.00263517920761246
1.73839125E-07, -0.00270203483065537
1.73841078125E-07, -0.00234430614705653
1.7384303125E-07, -0.00265576177343373
1.73844984375E-07, -0.00300248033257921
1.738469375E-07, -0.00297046249485787
1.73848890625E-07, -0.00260757213712231
1.7385084375E-07, -0.00322945232010308
1.73852796875E-07, -0.00322730930614609
1.7385475E-07, -0.00291200697118728
1.73856703125E-07, -0.00317568112534913
1.7385865625E-07, -0.00363289614660071
1.73860609375E-07, -0.00328072876850041
1.738625625E-07, -0.00343350671126848
1.73864515625E-07, -0.00356765469349681
1.7386646875E-07, -0.00377994818536424
1.73868421875E-07, -0.00376631677442508
1.73870375E-07, -0.00381462108761109
1.73872328125E-07, -0.00352325118901539
1.7387428125E-07, -0.00345602327984284
1.73876234375E-07, -0.00391431428176359
1.738781875E-07, -0.00426238854340684
1.73880140625E-07, -0.00404835913283048
1.7388209375E-07, -0.0042019381251724
1.73884046875E-07, -0.00407946737674297
1.73886E-07, -0.0042476167131302
1.73887953125E-07, -0.00392485275984104
1.7388990625E-07, -0.00437018640786046
1.73891859375E-07, -0.00409993958410988
1.738938125E-07, -0.00452190737394859
1.73895765625E-07, -0.00441444650886715
1.7389771875E-07, -0.00476839540855534
1.73899671875E-07, -0.00483745241688375
1.73901625E-07, -0.0048011895416815
1.73903578125E-07, -0.00483557897688937
1.7390553125E-07, -0.00486406482757819
1.73907484375E-07, -0.00480295685888616
1.739094375E-07, -0.00496548678968164
1.73911390625E-07, -0.00513162497029281
1.7391334375E-07, -0.00528222352716985
1.73915296875E-07, -0.0050877525893864
1.7391725E-07, -0.00499639760919261
1.73919203125E-07, -0.00517078964143438
1.7392115625E-07, -0.00552081872585975
1.73923109375E-07, -0.00540647949826534
1.739250625E-07, -0.0054509608218813
1.73927015625E-07, -0.00536918909512837
1.7392896875E-07, -0.00564059652276213
1.73930921875E-07, -0.00556805408018366
1.73932875E-07, -0.0057457822153861
1.73934828125E-07, -0.00531828756951459
1.7393678125E-07, -0.00576179877073107
1.73938734375E-07, -0.00415314026760717
1.739406875E-07, -0.00577742773133668
1.73942640625E-07, -0.00579182861690809
1.7394459375E-07, -0.00550505853408978
1.73946546875E-07, -0.00568467751491144
1.739485E-07, -0.00603085297802587
1.73950453125E-07, -0.0058198502311379
1.7395240625E-07, -0.0056549673382356
1.73954359375E-07, -0.00579685735035565
1.739563125E-07, -0.00534377103452312
1.73958265625E-07, -0.0054395478672127
1.7396021875E-07, -0.00578252678959966
1.73962171875E-07, -0.00588389718666951
1.73964125E-07, -0.00595016044801298
1.73966078125E-07, -0.00572594441162609
1.7396803125E-07, -0.00546253102552037
1.73969984375E-07, -0.00569101946558242
1.739719375E-07, -0.00596109305047716
1.73973890625E-07, -0.00567576218133878
1.7397584375E-07, -0.00553740020982613
1.73977796875E-07, -0.00566026016266907
1.7397975E-07, -0.00547804968029789
1.73981703125E-07, -0.00499726794625861
1.7398365625E-07, -0.00521663225091146
1.73985609375E-07, -0.00474051238817483
1.739875625E-07, -0.00518492764509835
1.73989515625E-07, -0.00524663646655881
1.7399146875E-07, -0.00435592929242617
1.73993421875E-07, -0.00479462036079963
1.73995375E-07, -0.00478446629835779
1.73997328125E-07, -0.00421189146793381
1.7399928125E-07, -0.00459305559842157
1.74001234375E-07, -0.00422334253497866
1.740031875E-07, -0.00400892959232383
1.74005140625E-07, -0.00412648674360716
1.7400709375E-07, -0.00344045469841232
1.74009046875E-07, -0.00364704494226439
1.74011E-07, -0.00349523330935407
1.74012953125E-07, -0.00314059689397366
1.7401490625E-07, -0.00143939823058427
1.74016859375E-07, -0.00257293247304483
1.740188125E-07, -0.00255094210173219
1.74020765625E-07, -0.00287047992778641
1.7402271875E-07, -0.00172103542658749
1.74024671875E-07, -0.00209790270052375
1.74026625E-07, -0.000582498678701212
1.74028578125E-07, -0.000355924353802183
1.7403053125E-07, -0.00120984462033678
1.74032484375E-07, -0.000625013091699907
1.740344375E-07, -0.00089549703929028
1.74036390625E-07, 0.000509639873449888
1.7403834375E-07, -0.000246085200468056
1.74040296875E-07, -0.000109167740536463
1.7404225E-07, 0.000682053314025861
1.74044203125E-07, 0.0013946539924577
1.7404615625E-07, 0.00154598020237928
1.74048109375E-07, 0.00111848091387962
1.740500625E-07, 0.00193588764708839
1.74052015625E-07, 0.00218357127582001
1.7405396875E-07, 0.00266275471876291
1.74055921875E-07, 0.00366413355376536
1.74057875E-07, 0.00333801152534222
1.74059828125E-07, 0.00286782358729348
1.7406178125E-07, 0.00387324624642143
1.74063734375E-07, 0.00473412858778761
1.740656875E-07, 0.00575867567288929
1.74067640625E-07, 0.00561271390546038
1.7406959375E-07, 0.00644777324158046
1.74071546875E-07, 0.00537920135645437
1.740735E-07, 0.00726417436842365
1.74075453125E-07, 0.00728999683993844
1.7407740625E-07, 0.00770650599587918
1.74079359375E-07, 0.00880064542695285
1.740813125E-07, 0.010349872252557
1.74083265625E-07, 0.0100984373524531
1.7408521875E-07, 0.00975661966878053
1.74087171875E-07, 0.0106210802158251
1.74089125E-07, 0.0127815890862915
1.74091078125E-07, 0.0120642574865392
1.7409303125E-07, 0.011934015199618
1.74094984375E-07, 0.0110762959603251
1.740969375E-07, 0.0131402347422491
1.74098890625E-07, 0.0139352688909798
1.7410084375E-07, 0.0131411283020935
1.74102796875E-07, 0.0137895388012872
1.7410475E-07, 0.0145029059722942
1.74106703125E-07, 0.0159191425183061
1.7410865625E-07, 0.0150939514507886
1.74110609375E-07, 0.0155745167497011
1.741125625E-07, 0.0168499882194315
1.74114515625E-07, 0.0180013275823619
1.7411646875E-07, 0.0200377761113933
1.74118421875E-07, 0.0184268041282843
1.74120375E-07, 0.0196732018632201
1.74122328125E-07, 0.0206159242877828
1.7412428125E-07, 0.0218368164728387
1.74126234375E-07, 0.0220908975768121
1.741281875E-07, 0.0216066389406019
1.74130140625E-07, 0.0234061059380424
1.7413209375E-07, 0.0237272738881568
1.74134046875E-07, 0.0231987547582635
1.74136E-07, 0.0247401418983057
1.74137953125E-07, 0.0257891164543656
1.7413990625E-07, 0.0256357783431775
1.74141859375E-07, 0.0261251989192001
1.741438125E-07, 0.0274920341023396
1.74145765625E-07, 0.0266247671320382
1.7414771875E-07, 0.0266754756513601
1.74149671875E-07, 0.0278512217141042
1.74151625E-07, 0.0291786166935882
1.74153578125E-07, 0.0286957769126262
1.7415553125E-07, 0.0284225084749192
1.74157484375E-07, 0.0282110779757591
1.741594375E-07, 0.0295469505211
1.74161390625E-07, 0.0298753768941376
1.7416334375E-07, 0.0310354499878596
1.74165296875E-07, 0.0304693938672005
1.7416725E-07, 0.0324304060170997
1.74169203125E-07, 0.0313174474608823
1.7417115625E-07, 0.0324015532715801
1.74173109375E-07, 0.0325993815915934
1.741750625E-07, 0.0332620326764511
1.74177015625E-07, 0.0338205637733589
1.7417896875E-07, 0.0334274992926889
1.74180921875E-07, 0.0341716170623201
1.74182875E-07, 0.0342208493987408
1.74184828125E-07, 0.0341982794182334
1.7418678125E-07, 0.0342171781257029
1.74188734375E-07, 0.0340697501667114
1.741906875E-07, 0.034562784652244
1.74192640625E-07, 0.0354509271397421
1.7419459375E-07, 0.0341721426095757
1.74196546875E-07, 0.0298920785514535
1.741985E-07, 0.0349620495016462
1.74200453125E-07, 0.0344712628189365
1.7420240625E-07, 0.0348464984500253
1.74204359375E-07, 0.0344159605457769
1.742063125E-07, 0.0328333728860404
1.74208265625E-07, 0.0329167873368824
1.7421021875E-07, 0.0337139415609927
1.74212171875E-07, 0.0325694176905275
1.74214125E-07, 0.0325806758809567
1.74216078125E-07, 0.032620287811019
1.7421803125E-07, 0.0325131628785602
1.74219984375E-07, 0.03295253965873
1.742219375E-07, 0.031836536061817
1.74223890625E-07, 0.0304626663381198
1.7422584375E-07, 0.0301225444355551
1.74227796875E-07, 0.0290699894219492
1.7422975E-07, 0.0282965388987152
1.74231703125E-07, 0.0286536154406504
1.7423365625E-07, 0.025125529998965
1.74235609375E-07, 0.0251267079703284
1.742375625E-07, 0.0271572535675291
1.74239515625E-07, 0.0257319789313818
1.7424146875E-07, 0.0255467763016309
1.74243421875E-07, 0.0229123427911479
1.74245375E-07, 0.0247004057575019
1.74247328125E-07, 0.0212302380112782
1.7424928125E-07, 0.018350543840405
1.74251234375E-07, 0.0147256307711334
1.742531875E-07, 0.016287776812522
1.74255140625E-07, 0.0188252538239257
1.7425709375E-07, 0.0170443351832275
1.74259046875E-07, 0.0113025402204879
1.74261E-07, 0.01351271398315
1.74262953125E-07, 0.00943648567245557
1.7426490625E-07, 0.0109079959884536
1.74266859375E-07, 0.00332755128252736
1.742688125E-07, 0.00933558325157481
1.74270765625E-07, 0.00610881479895418
1.7427271875E-07, 0.00343904947378981
1.74274671875E-07, 0.00411914933092609
1.74276625E-07, 0.000378640737314907
1.74278578125E-07, 0.00171891487017007
1.7428053125E-07, -0.00472551279472424
1.74282484375E-07, -0.00378885643901835
1.742844375E-07, -0.00756520304209888
1.74286390625E-07, -0.0103419301013008
1.7428834375E-07, -0.00843950618870676
1.74290296875E-07, -0.0115934976085033
1.7429225E-07, -0.0130484601485821
1.74294203125E-07, -0.0152630456999561
1.7429615625E-07, -0.0229678868754597
1.74298109375E-07, -0.0187648831200552
1.743000625E-07, -0.0184111547810916
1.74302015625E-07, -0.0213962017088994
1.7430396875E-07, -0.0240653201688545
1.74305921875E-07, -0.031684423274419
1.74307875E-07, -0.0350325575276001
1.74309828125E-07, -0.0282846310443763
1.7431178125E-07, -0.0331043540054915
1.74313734375E-07, -0.0348757289472163
1.743156875E-07, -0.038331067391191
1.74317640625E-07, -0.0448915127461081
1.7431959375E-07, -0.0450677074519147
1.74321546875E-07, -0.0473196446744518
1.743235E-07, -0.0466853881227917
1.74325453125E-07, -0.0529540246241228
1.7432740625E-07, -0.0551706100176889
1.74329359375E-07, -0.054822084383942
1.743313125E-07, -0.05909983764762
1.74333265625E-07, -0.0631909772550796
1.7433521875E-07, -0.0592889861779848
1.74337171875E-07, -0.067039128549343
1.74339125E-07, -0.0672759359325633
1.74341078125E-07, -0.072646689067064
1.7434303125E-07, -0.0770328030301248
1.74344984375E-07, -0.0722969747357382
1.743469375E-07, -0.0811561143209581
1.74348890625E-07, -0.0809435430500256
1.7435084375E-07, -0.0859177083310112
1.74352796875E-07, -0.0860696051383133
1.7435475E-07, -0.0848220247745457
1.74356703125E-07, -0.0857531974248789
1.7435865625E-07, -0.0913128013545765
1.74360609375E-07, -0.0930669421128568
1.743625625E-07, -0.0949683999817606
1.74364515625E-07, -0.0989587717848272
1.7436646875E-07, -0.0996515518493735
1.74368421875E-07, -0.105947591918205
1.74370375E-07, -0.103279291272441
1.74372328125E-07, -0.106417435448134
1.7437428125E-07, -0.109070526064942
1.74376234375E-07, -0.107172869334646
1.743781875E-07, -0.1128822490018
1.74380140625E-07, -0.111937161753119
1.7438209375E-07, -0.116703148170587
1.74384046875E-07, -0.116508767062152
1.74386E-07, -0.117508841474978
1.74387953125E-07, -0.119732375759953
1.7438990625E-07, -0.118041389527092
1.74391859375E-07, -0.12065003331476
1.743938125E-07, -0.12094776192915
1.74395765625E-07, -0.120038643944264
1.7439771875E-07, -0.120947228495124
1.74399671875E-07, -0.12322971075462
1.74401625E-07, -0.117943557461731
1.74403578125E-07, -0.122747694442292
1.7440553125E-07, -0.122922698983523
1.74407484375E-07, -0.124107106712112
1.744094375E-07, -0.121483681112342
1.74411390625E-07, -0.123437820285818
1.7441334375E-07, -0.119313551159993
1.74415296875E-07, -0.119314936199129
1.7441725E-07, -0.119877222893337
1.74419203125E-07, -0.118142250665631
1.7442115625E-07, -0.115488606902591
1.74423109375E-07, -0.115285135793831
1.744250625E-07, -0.117392121632049
1.74427015625E-07, -0.11595026680454
1.7442896875E-07, -0.105082163427998
1.74430921875E-07, -0.110885090789802
1.74432875E-07, -0.108074961186088
1.74434828125E-07, -0.109034690521848
1.7443678125E-07, -0.0996778369800311
1.74438734375E-07, -0.0894752418809503
1.744406875E-07, -0.102810476573079
1.74442640625E-07, -0.0929278630617918
1.7444459375E-07, -0.0947469210112045
1.74446546875E-07, -0.0889831166022142
1.744485E-07, -0.084130321999704
1.74450453125E-07, -0.0910429330133458
1.7445240625E-07, -0.0835489801466538
1.74454359375E-07, -0.0729003045561698
1.744563125E-07, -0.0629851017278431
1.74458265625E-07, -0.0721394034622552
1.7446021875E-07, -0.0646793890516927
1.74462171875E-07, -0.0615890542231736
1.74464125E-07, -0.0622699377462457
1.74466078125E-07, -0.0535532038496521
1.7446803125E-07, -0.0538324971454428
1.74469984375E-07, -0.0461474604458022
1.744719375E-07, -0.0387921289424227
1.74473890625E-07, -0.0363818723821951
1.7447584375E-07, -0.0354431526214356
1.74477796875E-07, -0.0252396279281031
1.7447975E-07, -0.0284091116398104
1.74481703125E-07, -0.024430285684522
1.7448365625E-07, -0.0131312510008948
1.74485609375E-07, -0.00654615716329715
1.744875625E-07, 0.00510255689278583
1.74489515625E-07, 0.00297096524878834
1.7449146875E-07, 0.00949746793224059
1.74493421875E-07, 0.00231442723652086
1.74495375E-07, 0.00501745915007169
1.74497328125E-07, 0.0217785325373687
1.7449928125E-07, 0.0207561416087778
1.74501234375E-07, 0.0132595669937648
1.745031875E-07, 0.0374955460821463
1.74505140625E-07, 0.0205238954333356
1.7450709375E-07, 0.0446594038942397
1.74509046875E-07, 0.0395542637456147
1.74511E-07, 0.042814877142086
1.74512953125E-07, 0.0495804741463805
1.7451490625E-07, 0.0502326532401153
1.74516859375E-07, 0.060998420155843
1.745188125E-07, 0.0511872348044382
1.74520765625E-07, 0.0475598098143034
1.7452271875E-07, 0.0681349479790154
1.74524671875E-07, 0.0657248654151393
1.74526625E-07, 0.0733425266324241
1.74528578125E-07, 0.0776477568493779
1.7453053125E-07, 0.07001325501301
1.74532484375E-07, 0.0812505134623184
1.745344375E-07, 0.0755691897354807
1.74536390625E-07, 0.0875672708563307
1.7453834375E-07, 0.0828173381364764
1.74540296875E-07, 0.0882363964825327
1.7454225E-07, 0.089383515821784
1.74544203125E-07, 0.0977320255116724
1.7454615625E-07, 0.0973728360792963
1.74548109375E-07, 0.0969309170950327
1.745500625E-07, 0.0858948573842813
1.74552015625E-07, 0.0994900944272747
1.7455396875E-07, 0.0938155737355979
1.74555921875E-07, 0.101667853614325
1.74557875E-07, 0.0993313604709262
1.74559828125E-07, 0.101912243896376
1.7456178125E-07, 0.0966201541477226
1.74563734375E-07, 0.100465184152492
1.745656875E-07, 0.0994123797777084
1.74567640625E-07, 0.101669569097292
1.7456959375E-07, 0.0990013339515428
1.74571546875E-07, 0.0980195703991877
1.745735E-07, 0.0999779860844408
1.74575453125E-07, 0.0877847032343956
1.7457740625E-07, 0.097867082869143
1.74579359375E-07, 0.0967472911542001
1.745813125E-07, 0.0963583513611147
1.74583265625E-07, 0.0922464216648771
1.7458521875E-07, 0.0930674927351634
1.74587171875E-07, 0.0913606925923225
1.74589125E-07, 0.0902915747350824
1.74591078125E-07, 0.0884237985505091
1.7459303125E-07, 0.084319044173392
1.74594984375E-07, 0.087727598032998
1.745969375E-07, 0.0811807868115954
1.74598890625E-07, 0.0834270201560151
1.7460084375E-07, 0.0781157476349609
1.74602796875E-07, 0.077921157778533
1.7460475E-07, 0.0760239199390717
1.74606703125E-07, 0.0726620887599218
1.7460865625E-07, 0.070800732373664
1.74610609375E-07, 0.07038630979723
1.746125625E-07, 0.0661023431252903
1.74614515625E-07, 0.0626919025638756
1.7461646875E-07, 0.0611581293524415
1.74618421875E-07, 0.0592153599316713
1.74620375E-07, 0.0583924808731658
1.74622328125E-07, 0.0586095418073244
1.7462428125E-07, 0.0501149686446018
1.74626234375E-07, 0.053124094066463
1.746281875E-07, 0.0493861926128959
1.74630140625E-07, 0.0542332629623612
1.7463209375E-07, 0.0466304941917776
1.74634046875E-07, 0.0460864243874417
1.74636E-07, 0.0408687822272839
1.74637953125E-07, 0.0410289116259822
1.7463990625E-07, 0.0414250075532546
1.74641859375E-07, 0.0373503661305648
1.746438125E-07, 0.0388233853357222
1.74645765625E-07, 0.0355289790939532
1.7464771875E-07, 0.0336278917465539
1.74649671875E-07, 0.0336767967698569
1.74651625E-07, 0.0316686823714086
1.74653578125E-07, 0.0244576756280353
1.7465553125E-07, 0.0314590465390271
1.74657484375E-07, 0.0260279952797212
1.746594375E-07, 0.0270288184177352
1.74661390625E-07, 0.0254203110632763
1.7466334375E-07, 0.0243385228882508
1.74665296875E-07, 0.0276644867454618
1.7466725E-07, 0.0214634529281859
1.74669203125E-07, 0.0219918468562879
1.7467115625E-07, 0.0219814188897102
1.74673109375E-07, 0.0217754048014791
1.746750625E-07, 0.0214778738425079
1.74677015625E-07, 0.0203366591869248
1.7467896875E-07, 0.0189391247112766
1.74680921875E-07, 0.0210642845747879
1.74682875E-07, 0.0197515043306009
1.74684828125E-07, 0.0187082749473985
1.7468678125E-07, 0.0188667815221548
1.74688734375E-07, 0.0182258259875591
1.746906875E-07, 0.0184066020838189
1.74692640625E-07, 0.0194356700246616
1.7469459375E-07, 0.0179447549390567
1.74696546875E-07, 0.0185401138663973
1.746985E-07, 0.0181842929408371
1.74700453125E-07, 0.0186224296366755
1.7470240625E-07, 0.018682294219768
1.74704359375E-07, 0.0186732416242175
1.747063125E-07, 0.018971914808742
1.74708265625E-07, 0.0188562893674356
1.7471021875E-07, 0.0192285181694848
1.74712171875E-07, 0.0187987946616583
1.74714125E-07, 0.0186854634074337
1.74716078125E-07, 0.0193727284340751
1.7471803125E-07, 0.0191925054596471
1.74719984375E-07, 0.0194163145884508
1.747219375E-07, 0.0216237373114402
1.74723890625E-07, 0.0191150252530353
1.7472584375E-07, 0.0191414572471052
1.74727796875E-07, 0.0187096997634569
1.7472975E-07, 0.0194544753321219
1.74731703125E-07, 0.0193313081922449
1.7473365625E-07, 0.0184996458435949
1.74735609375E-07, 0.0190629697260318
1.747375625E-07, 0.0176310173903117
1.74739515625E-07, 0.0189632279822057
1.7474146875E-07, 0.018288986744643
1.74743421875E-07, 0.0181662647651916
1.74745375E-07, 0.0189111011641504
1.74747328125E-07, 0.0171099534381594
1.7474928125E-07, 0.017678299066605
1.74751234375E-07, 0.0178357369461676
1.747531875E-07, 0.0170586031917015
1.74755140625E-07, 0.017626120468189
1.7475709375E-07, 0.0156688961519156
1.74759046875E-07, 0.015861811188888
1.74761E-07, 0.0145110963884943
1.74762953125E-07, 0.0142427562803275
1.7476490625E-07, 0.014822465038089
1.74766859375E-07, 0.0184592263101844
1.747688125E-07, 0.0132989585494515
1.74770765625E-07, 0.0111836035995835
1.7477271875E-07, 0.0113460949316274
1.74774671875E-07, 0.00973982438445548
1.74776625E-07, 0.0105299519398958
1.74778578125E-07, 0.00870773871622661
1.7478053125E-07, 0.0100933926091822
1.74782484375E-07, 0.00859690299035443
1.747844375E-07, 0.00854345733972439
1.74786390625E-07, 0.00898682487073984
1.7478834375E-07, 0.00734096473842099
1.74790296875E-07, 0.00492908723079581
1.7479225E-07, 0.00505531767748216
1.74794203125E-07, 0.00406421305934929
1.7479615625E-07, 0.00415891143257502
1.74798109375E-07, 0.00399608708355278
1.748000625E-07, 0.00260855017461465
1.74802015625E-07, 0.0019008704241924
1.7480396875E-07, 0.00374874412621737
1.74805921875E-07, 0.00267513181226323
1.74807875E-07, -0.000612337615005323
1.74809828125E-07, -0.000849929796268482
1.7481178125E-07, -0.00071498820672832
1.74813734375E-07, -0.00233083933742695
1.748156875E-07, 0.000147293662629305
1.74817640625E-07, -0.00303970373165857
1.7481959375E-07, -0.00332786358724453
1.74821546875E-07, -0.00386280455530936
1.748235E-07, -0.00525398840957927
1.74825453125E-07, -0.00467229366482654
1.7482740625E-07, -0.00611881673433889
1.74829359375E-07, -0.0060558097654792
1.748313125E-07, -0.00614646032792288
1.74833265625E-07, -0.00600420933622558
1.7483521875E-07, -0.00514648826214986
1.74837171875E-07, -0.00728805285780062
1.74839125E-07, -0.00744125323922437
1.74841078125E-07, -0.00773998466198365
1.7484303125E-07, -0.0071083367497705
1.74844984375E-07, -0.00831530460778539
1.748469375E-07, -0.00794965679730766
1.74848890625E-07, -0.00823827584389229
1.7485084375E-07, -0.0080257019200644
1.74852796875E-07, -0.00861118577957335
1.7485475E-07, -0.00915803513633014
1.74856703125E-07, -0.00793357885427831
1.7485865625E-07, -0.0081094628522
1.74860609375E-07, -0.00914123743899449
1.748625625E-07, -0.00918291902142239
1.74864515625E-07, -0.00892925712459765
1.7486646875E-07, -0.00902496393189758
1.74868421875E-07, -0.0088322521975189
1.74870375E-07, -0.00842405806739221
1.74872328125E-07, -0.00841143491458902
1.7487428125E-07, -0.00838002722304504
1.74876234375E-07, -0.00805848963307383
1.748781875E-07, -0.00753764414000294
1.74880140625E-07, -0.00737487704724629
1.7488209375E-07, -0.00835329499121587
1.74884046875E-07, -0.00727888285927559
1.74886E-07, -0.00710933499842737
1.74887953125E-07, -0.00692475478490356
1.7488990625E-07, -0.00628482277074935
1.74891859375E-07, -0.00615723570624707
1.748938125E-07, -0.00513925032855301
1.74895765625E-07, -0.00608520204222435
1.7489771875E-07, -0.00601002194035149
1.74899671875E-07, -0.00516036333269141
1.74901625E-07, -0.00536661005318915
1.74903578125E-07, -0.00485965365919407
1.7490553125E-07, -0.00493016494973316
1.74907484375E-07, -0.00414267548806101
1.749094375E-07, -0.00310915439670158
1.74911390625E-07, -0.00376170095486356
1.7491334375E-07, -0.00307934881173511
1.74915296875E-07, -0.0034248144561889
1.7491725E-07, -0.00312703442359317
1.74919203125E-07, -0.00264504432687921
1.7492115625E-07, -0.00203079066515736
1.74923109375E-07, -0.00211755924354123
1.749250625E-07, -0.00140670631280534
1.74927015625E-07, -0.00133781462561699
1.7492896875E-07, -0.000771810737521788
1.74930921875E-07, -0.0011197611781276
1.74932875E-07, -0.000399429467346227
1.74934828125E-07, -0.000794999669424838
1.7493678125E-07, -0.000489636672293899
1.74938734375E-07, -0.000296040443905489
1.749406875E-07, -0.000177894061573834
1.74942640625E-07, 0.000559578263305456
1.7494459375E-07, 0.000350625781183595
1.74946546875E-07, 0.00088496967983326
1.749485E-07, 0.00114399065555142
1.74950453125E-07, 0.000639527545773889
1.7495240625E-07, 0.00122759321411017
1.74954359375E-07, 0.00100426695975069
1.749563125E-07, 0.00103157344727817
1.74958265625E-07, 0.00147917680890371
1.7496021875E-07, 0.00166086275433898
1.74962171875E-07, 0.00154456589561367
1.74964125E-07, 0.001671610195368
1.74966078125E-07, 0.00142701515449028
1.7496803125E-07, 0.00197878896394588
1.74969984375E-07, 0.00145927682882972
1.749719375E-07, 0.00201134006884916
1.74973890625E-07, 0.00149204634661205
1.7497584375E-07, 0.00225588794988
1.74977796875E-07, 0.00147440613343191
1.7497975E-07, 0.00201918162184731
1.74981703125E-07, 0.00167617805846573
1.7498365625E-07, 0.00139982349823619
1.74985609375E-07, 0.000794208592740419
1.749875625E-07, 0.00138670658963247
1.74989515625E-07, 0.00093650119795076
1.7499146875E-07, 0.00117437886532906
1.74993421875E-07, 0.00113991855537693
1.74995375E-07, 0.000930244732804436
1.74997328125E-07, 0.000855331463337862
1.7499928125E-07, 0.000396766469839848
1.75001234375E-07, 0.000705837955532809
1.750031875E-07, 0.000427625535401709
1.75005140625E-07, -2.62643975012355E-05
1.7500709375E-07, 0.000129476990358166
1.75009046875E-07, -7.74258434267481E-05
1.75011E-07, 7.20391611794394E-05
1.75012953125E-07, -0.000127272940080701
1.7501490625E-07, -0.000891204529405875
1.75016859375E-07, -0.00100434050582204
1.750188125E-07, -0.00090582701885557
1.75020765625E-07, -0.00141796920914206
1.7502271875E-07, -0.00176412713462148
1.75024671875E-07, -0.00250901953341723
1.75026625E-07, -0.00205357182607827
1.75028578125E-07, -0.00465141415194867
1.7503053125E-07, -0.00298561138031887
1.75032484375E-07, -0.0036814744761984
1.750344375E-07, -0.00441138796199721
1.75036390625E-07, -0.00397570120532525
1.7503834375E-07, -0.00463443180618808
1.75040296875E-07, -0.00392580731696047
1.7504225E-07, -0.00557482277149857
1.75044203125E-07, -0.00535721805389363
1.7504615625E-07, -0.00616097133218969
1.75048109375E-07, -0.0080773850860755
1.750500625E-07, -0.0073020892623488
1.75052015625E-07, -0.00605983131206299
1.7505396875E-07, -0.00760232270421248
1.75055921875E-07, -0.00765573379576678
1.75057875E-07, -0.00884066894282831
1.75059828125E-07, -0.00944721140683532
1.7506178125E-07, -0.0104599881147381
1.75063734375E-07, -0.00910118933082077
1.750656875E-07, -0.0103565550282096
1.75067640625E-07, -0.0112026929916918
1.7506959375E-07, -0.0116382229165463
1.75071546875E-07, -0.0117464934208306
1.750735E-07, -0.0116768362872096
1.75075453125E-07, -0.0120982808164926
1.7507740625E-07, -0.013139297512224
1.75079359375E-07, -0.0149509962467308
1.750813125E-07, -0.0150464300452158
1.75083265625E-07, -0.014267615650887
1.7508521875E-07, -0.0146468294260997
1.75087171875E-07, -0.0173877930732118
1.75089125E-07, -0.0171951464593671
1.75091078125E-07, -0.0171305509008623
1.7509303125E-07, -0.0185094953430045
1.75094984375E-07, -0.019151447046296
1.750969375E-07, -0.0197430652143672
1.75098890625E-07, -0.0187759814868806
1.7510084375E-07, -0.0195359512017896
1.75102796875E-07, -0.0203830441072708
1.7510475E-07, -0.0211337914731191
1.75106703125E-07, -0.0207218680609055
1.7510865625E-07, -0.0231104040434509
1.75110609375E-07, -0.0228687177632755
1.751125625E-07, -0.0238151516696162
1.75114515625E-07, -0.0236786029791292
1.7511646875E-07, -0.0252963108288653
1.75118421875E-07, -0.0248772247003473
1.75120375E-07, -0.0253583577678965
1.75122328125E-07, -0.0262375776982263
1.7512428125E-07, -0.0256668777942959
1.75126234375E-07, -0.0251308324391612
1.751281875E-07, -0.0268136792303033
1.75130140625E-07, -0.0268280231500386
1.7513209375E-07, -0.0283580290608215
1.75134046875E-07, -0.0285616592311429
1.75136E-07, -0.0275067305037176
1.75137953125E-07, -0.0291695706427626
1.7513990625E-07, -0.0293453916880914
1.75141859375E-07, -0.0302611035247762
1.751438125E-07, -0.0304357015415928
1.75145765625E-07, -0.0291851944285963
1.7514771875E-07, -0.0314391574798672
1.75149671875E-07, -0.0310504438874424
1.75151625E-07, -0.0295978763943371
1.75153578125E-07, -0.0317107638609121
1.7515553125E-07, -0.0312229602067553
1.75157484375E-07, -0.0313690699362731
1.751594375E-07, -0.0318958384715965
1.75161390625E-07, -0.0321122197915687
1.7516334375E-07, -0.0322789828536844
1.75165296875E-07, -0.0320211003563761
1.7516725E-07, -0.0320705434608997
1.75169203125E-07, -0.0325826859051114
1.7517115625E-07, -0.0315944046602418
1.75173109375E-07, -0.0323392148755851
1.751750625E-07, -0.0318613133267384
1.75177015625E-07, -0.0322584361124046
1.7517896875E-07, -0.0319617192205188
1.75180921875E-07, -0.0314190324007419
1.75182875E-07, -0.0323338843326672
1.75184828125E-07, -0.0311119739509045
1.7518678125E-07, -0.0323282318076316
1.75188734375E-07, -0.0322849928507104
1.751906875E-07, -0.031706590496025
1.75192640625E-07, -0.031804194974698
1.7519459375E-07, -0.0316033785137404
1.75196546875E-07, -0.0312739698347764
1.751985E-07, -0.0310609140901234
1.75200453125E-07, -0.0310691929596581
1.7520240625E-07, -0.0304676968921992
1.75204359375E-07, -0.0305425577711609
1.752063125E-07, -0.029959303809519
1.75208265625E-07, -0.0297510962999738
1.7521021875E-07, -0.0295755675300019
1.75212171875E-07, -0.0303563482786416
1.75214125E-07, -0.0286948784380861
1.75216078125E-07, -0.029904064347344
1.7521803125E-07, -0.0288625941584399
1.75219984375E-07, -0.0287380505268117
1.752219375E-07, -0.0284157547816816
1.75223890625E-07, -0.0281350664273379
1.7522584375E-07, -0.0280400515161727
1.75227796875E-07, -0.0275504261365373
1.7522975E-07, -0.0273072746326876
1.75231703125E-07, -0.0271260091784616
1.7523365625E-07, -0.0262515720521322
1.75235609375E-07, -0.0265734623648372
1.752375625E-07, -0.026297132642836
1.75239515625E-07, -0.0262823405293193
1.7524146875E-07, -0.026060050412883
1.75243421875E-07, -0.0245907967086998
1.75245375E-07, -0.0249045920488745
1.75247328125E-07, -0.0243429496332548
1.7524928125E-07, -0.0235879452178182
1.75251234375E-07, -0.0239859045151341
1.752531875E-07, -0.0228779175784767
1.75255140625E-07, -0.0224231405072267
1.7525709375E-07, -0.0224947352210219
1.75259046875E-07, -0.0228270792645308
1.75261E-07, -0.0220471721990261
1.75262953125E-07, -0.0220118340051685
1.7526490625E-07, -0.0214408565859456
1.75266859375E-07, -0.0206776980316268
1.752688125E-07, -0.0207440257571168
1.75270765625E-07, -0.0197589992905777
1.7527271875E-07, -0.020323041063066
1.75274671875E-07, -0.0193839999904422
1.75276625E-07, -0.0179385509665469
1.75278578125E-07, -0.0185415731316171
1.7528053125E-07, -0.0180436185433097
1.75282484375E-07, -0.0188732920850057
1.752844375E-07, -0.0183966373079398
1.75286390625E-07, -0.0162746468746789
1.7528834375E-07, -0.0168445249689805
1.75290296875E-07, -0.0164858399258244
1.7529225E-07, -0.0155906227809668
1.75294203125E-07, -0.014130080178986
1.7529615625E-07, -0.0156596911646147
1.75298109375E-07, -0.0140069086285931
1.753000625E-07, -0.0141704456334405
1.75302015625E-07, -0.0134950391850799
1.7530396875E-07, -0.0125220985491446
1.75305921875E-07, -0.0126461059939544
1.75307875E-07, -0.0119135467115656
1.75309828125E-07, -0.0121963641093045
1.7531178125E-07, -0.0118943772936329
1.75313734375E-07, -0.00972041364009058
1.753156875E-07, -0.0106110592267296
1.75317640625E-07, -0.00950272928682906
1.7531959375E-07, -0.00958382635425701
1.75321546875E-07, -0.0108481600585435
1.753235E-07, -0.00862559005790959
1.75325453125E-07, -0.00892270523871653
1.7532740625E-07, -0.00781428266334852
1.75329359375E-07, -0.00817197979634551
1.753313125E-07, -0.00831728032549289
1.75333265625E-07, -0.00678448306096388
1.7533521875E-07, -0.00639503662929547
1.75337171875E-07, -0.00487438382750868
1.75339125E-07, -0.00560444474749036
1.75341078125E-07, -0.00672302832823171
1.7534303125E-07, -0.00446127535732435
1.75344984375E-07, -0.0037955354737001
1.753469375E-07, -0.00453391458267654
1.75348890625E-07, -0.00344529109552699
1.7535084375E-07, -0.00328552517159304
1.75352796875E-07, -0.00328077941670082
1.7535475E-07, -0.00298482084902241
1.75356703125E-07, -0.00288508185652772
1.7535865625E-07, -0.00253463541926572
1.75360609375E-07, -0.00152575118312932
1.753625625E-07, -0.00186719378906494
1.75364515625E-07, -0.000628729030611079
1.7536646875E-07, -0.00119899687571598
1.75368421875E-07, 4.37172309342106E-05
1.75370375E-07, -0.00129366939673636
1.75372328125E-07, -0.000201791196857828
1.7537428125E-07, 0.000202788886662519
1.75376234375E-07, -0.000377789995444441
1.753781875E-07, 0.00139607806457853
1.75380140625E-07, 0.00141146200595857
1.7538209375E-07, 0.0013065506421636
1.75384046875E-07, 0.00189717799300829
1.75386E-07, 0.00154258855847269
1.75387953125E-07, 0.00208639113808458
1.7538990625E-07, 0.00241425731099162
1.75391859375E-07, 0.00259896262438665
1.753938125E-07, 0.00302064670281678
1.75395765625E-07, 0.00254753940685996
1.7539771875E-07, 0.00209974285769669
1.75399671875E-07, 0.00315055402104631
1.75401625E-07, 0.00321851841561497
1.75403578125E-07, 0.00388683827783244
1.7540553125E-07, 0.00397317691957961
1.75407484375E-07, 0.00392016033770595
1.754094375E-07, 0.00383907828414206
1.75411390625E-07, 0.00400288486700282
1.7541334375E-07, 0.00472479464259869
1.75415296875E-07, 0.00443587804567366
1.7541725E-07, 0.00483143312914747
1.75419203125E-07, 0.00433501176060715
1.7542115625E-07, 0.00500915711564714
1.75423109375E-07, 0.00578879391349076
1.754250625E-07, 0.00507212098479471
1.75427015625E-07, 0.0055231372531072
1.7542896875E-07, 0.00578071766268375
1.75430921875E-07, 0.00558858466781424
1.75432875E-07, 0.00592657365698433
1.75434828125E-07, 0.00617182305374396
1.7543678125E-07, 0.0064047119133762
1.75438734375E-07, 0.00667688914822458
1.754406875E-07, 0.00689094283961894
1.75442640625E-07, 0.00704839334609399
1.7544459375E-07, 0.00721479639915464
1.75446546875E-07, 0.00685671867968449
1.754485E-07, 0.0073039707635997
1.75450453125E-07, 0.0079487833609466
1.7545240625E-07, 0.00769812979401185
1.75454359375E-07, 0.0081173820227919
1.754563125E-07, 0.00837016163442371
1.75458265625E-07, 0.00896412276163389
1.7546021875E-07, 0.00857427658894002
1.75462171875E-07, 0.00858257516950319
1.75464125E-07, 0.00908395514958618
1.75466078125E-07, 0.00877493531379888
1.7546803125E-07, 0.00979623852978782
1.75469984375E-07, 0.00975779192549522
1.754719375E-07, 0.0100360089438592
1.75473890625E-07, 0.0101593587924403
1.7547584375E-07, 0.00994724145768673
1.75477796875E-07, 0.0108512866904912
1.7547975E-07, 0.010969902022549
1.75481703125E-07, 0.0107635287638488
1.7548365625E-07, 0.0119345337702595
1.75485609375E-07, 0.010998698290852
1.754875625E-07, 0.0119080700792013
1.75489515625E-07, 0.0116579992547267
1.7549146875E-07, 0.0114986180924782
1.75493421875E-07, 0.0129016528495212
1.75495375E-07, 0.0128210561356644
1.75497328125E-07, 0.0127351728884901
1.7549928125E-07, 0.0125693075614745
1.75501234375E-07, 0.0126339021850431
1.755031875E-07, 0.0136561662561537
1.75505140625E-07, 0.0136905333235015
1.7550709375E-07, 0.0136632979029122
1.75509046875E-07, 0.0133223524623574
1.75511E-07, 0.0139138338303809
1.75512953125E-07, 0.0138791381391439
1.7551490625E-07, 0.0142241635840623
1.75516859375E-07, 0.0146554525138987
1.755188125E-07, 0.0146947633856897
1.75520765625E-07, 0.0143425291541863
1.7552271875E-07, 0.0147132265111142
1.75524671875E-07, 0.0150614202617978
1.75526625E-07, 0.01462250767055
1.75528578125E-07, 0.0150710976811044
1.7553053125E-07, 0.0149755321463787
1.75532484375E-07, 0.0151396106717809
1.755344375E-07, 0.0148608884307831
1.75536390625E-07, 0.0145341622951124
1.7553834375E-07, 0.0148114990729394
1.75540296875E-07, 0.0143889987470623
1.7554225E-07, 0.0149295137419284
1.75544203125E-07, 0.0147342165985206
1.7554615625E-07, 0.0138619281370998
1.75548109375E-07, 0.0145398784384072
1.755500625E-07, 0.0146406965703317
1.75552015625E-07, 0.0142392738191903
1.7555396875E-07, 0.0141835556093931
1.75555921875E-07, 0.0142161022480918
1.75557875E-07, 0.0139517024417256
1.75559828125E-07, 0.0133654719470538
1.7556178125E-07, 0.0139787977071158
1.75563734375E-07, 0.0132087663827744
1.755656875E-07, 0.0127544312520961
1.75567640625E-07, 0.0131565474999707
1.7556959375E-07, 0.0132491336057266
1.75571546875E-07, 0.0129848893371903
1.755735E-07, 0.0118096808851193
1.75575453125E-07, 0.0116578522929137
1.7557740625E-07, 0.0114873495142369
1.75579359375E-07, 0.0118340580204394
1.755813125E-07, 0.0110812005689848
1.75583265625E-07, 0.0107546825311083
1.7558521875E-07, 0.0105806387937351
1.75587171875E-07, 0.010134953744796
1.75589125E-07, 0.0106662764638155
1.75591078125E-07, 0.00969991503404349
1.7559303125E-07, 0.009144112841733
1.75594984375E-07, 0.00882173469918759
1.755969375E-07, 0.00905065639280486
1.75598890625E-07, 0.00864486209826491
1.7560084375E-07, 0.00898580219668855
1.75602796875E-07, 0.00872790969613942
1.7560475E-07, 0.00799317952435031
1.75606703125E-07, 0.00811865345316053
1.7560865625E-07, 0.00758505824494364
1.75610609375E-07, 0.0067974748154157
1.756125625E-07, 0.00686114051219784
1.75614515625E-07, 0.00558426091610984
1.7561646875E-07, 0.00671372112031591
1.75618421875E-07, 0.00545502507063451
1.75620375E-07, 0.00594924390452781
1.75622328125E-07, 0.00543673526573578
1.7562428125E-07, 0.00527126299016375
1.75626234375E-07, 0.00551601105599497
1.756281875E-07, 0.00461428175123452
1.75630140625E-07, 0.00452480855466669
1.7563209375E-07, 0.00547309429594106
1.75634046875E-07, 0.00447884658661983
1.75636E-07, 0.00469793094622815
1.75637953125E-07, 0.00488337457906034
1.7563990625E-07, 0.00405419301312707
1.75641859375E-07, 0.00404624843704849
1.756438125E-07, 0.0039149899843899
1.75645765625E-07, 0.00389242700931553
1.7564771875E-07, 0.0037981959442911
1.75649671875E-07, 0.00393001349129753
1.75651625E-07, 0.00361863352618249
1.75653578125E-07, 0.00375555955287715
1.7565553125E-07, 0.00329366255513404
1.75657484375E-07, 0.00373523037597046
1.756594375E-07, 0.00347481693416608
1.75661390625E-07, 0.00357151862693182
1.7566334375E-07, 0.00366313916086853
1.75665296875E-07, 0.00374907257496744
1.7566725E-07, 0.00361657610829087
1.75669203125E-07, 0.00369714976672387
1.7567115625E-07, 0.00375379858014584
1.75673109375E-07, 0.00382099769899933
1.756750625E-07, 0.00375163517603994
1.75677015625E-07, 0.00418265702710598
1.7567896875E-07, 0.00395108218937047
1.75680921875E-07, 0.00389652130258363
1.75682875E-07, 0.0042752713002537
1.75684828125E-07, 0.0042308761198242
1.7568678125E-07, 0.0044013871767255
1.75688734375E-07, 0.00487786621468661
1.756906875E-07, 0.00455921568891512
1.75692640625E-07, 0.00449796315171142
1.7569459375E-07, 0.00516354445017992
1.75696546875E-07, 0.00433477583683601
1.756985E-07, 0.00537813127575863
1.75700453125E-07, 0.00517376468086982
1.7570240625E-07, 0.00539139558827996
1.75704359375E-07, 0.00534929161902346
1.757063125E-07, 0.00526028490810787
1.75708265625E-07, 0.00570695326032895
1.7571021875E-07, 0.00568147891706984
1.75712171875E-07, 0.00528875126308034
1.75714125E-07, 0.00625737979453438
1.75716078125E-07, 0.00650900407658185
1.7571803125E-07, 0.00655501534046828
1.75719984375E-07, 0.00654706491487492
1.757219375E-07, 0.0067802197349896
1.75723890625E-07, 0.00720135636319375
1.7572584375E-07, 0.00705254707132082
1.75727796875E-07, 0.00711505356144049
1.7572975E-07, 0.00720517733443316
1.75731703125E-07, 0.00713954915814106
1.7573365625E-07, 0.00770824092674019
1.75735609375E-07, 0.00750012145115499
1.757375625E-07, 0.00802853274839462
1.75739515625E-07, 0.00792219689032231
1.7574146875E-07, 0.0078961174322867
1.75743421875E-07, 0.0082573642910207
1.75745375E-07, 0.00815155685237333
1.75747328125E-07, 0.00819545187452039
1.7574928125E-07, 0.00856776778375904
1.75751234375E-07, 0.00853720935571283
1.757531875E-07, 0.00841325883935447
1.75755140625E-07, 0.00874887270579254
1.7575709375E-07, 0.00854813898972223
1.75759046875E-07, 0.00856233681032697
1.75761E-07, 0.0087796645871139
1.75762953125E-07, 0.00866307097202091
1.7576490625E-07, 0.00878601028510532
1.75766859375E-07, 0.00913505487168526
1.757688125E-07, 0.00929070896411051
1.75770765625E-07, 0.00934251614051233
1.7577271875E-07, 0.00962301060565772
1.75774671875E-07, 0.00965467911487121
1.75776625E-07, 0.00914638222997078
1.75778578125E-07, 0.0101803796635739
1.7578053125E-07, 0.00955815502098982
1.75782484375E-07, 0.00992427612838463
1.757844375E-07, 0.0101281055789619
1.75786390625E-07, 0.00955788989193492
1.7578834375E-07, 0.0100266724576734
1.75790296875E-07, 0.0103586491191557
1.7579225E-07, 0.010387514925203
1.75794203125E-07, 0.0105453440287651
1.7579615625E-07, 0.0107486324619178
1.75798109375E-07, 0.0104667087652246
1.758000625E-07, 0.0107342326958208
1.75802015625E-07, 0.0108900978976517
1.7580396875E-07, 0.0111425394613779
1.75805921875E-07, 0.0104522337998307
1.75807875E-07, 0.0106701369273639
1.75809828125E-07, 0.0107456145051262
1.7581178125E-07, 0.0108477114009001
1.75813734375E-07, 0.0108151488075815
1.758156875E-07, 0.0110337667797889
1.75817640625E-07, 0.0112514978626459
1.7581959375E-07, 0.0109242801587667
1.75821546875E-07, 0.0112810858775744
1.758235E-07, 0.0111930113406751
1.75825453125E-07, 0.0118345529170186
1.7582740625E-07, 0.0114640070433377
1.75829359375E-07, 0.011880237135354
1.758313125E-07, 0.0114432110409746
1.75833265625E-07, 0.0116313517314207
1.7583521875E-07, 0.0123126099803577
1.75837171875E-07, 0.0120817679883251
1.75839125E-07, 0.0115489653969764
1.75841078125E-07, 0.0116872307627873
1.7584303125E-07, 0.0119069247391586
1.75844984375E-07, 0.0124882790844168
1.758469375E-07, 0.0122659044594888
1.75848890625E-07, 0.0125602600886967
1.7585084375E-07, 0.0121535431908039
1.75852796875E-07, 0.0122358419149392
1.7585475E-07, 0.0126857655619479
1.75856703125E-07, 0.012476119435867
1.7585865625E-07, 0.0122362805692992
1.75860609375E-07, 0.0123427547302888
1.758625625E-07, 0.0125263416595462
1.75864515625E-07, 0.0129197945995388
1.7586646875E-07, 0.0127332520647271
1.75868421875E-07, 0.0125670914642424
1.75870375E-07, 0.0127957016568556
1.75872328125E-07, 0.0129663453464373
1.7587428125E-07, 0.0126747239194441
1.75876234375E-07, 0.0124209628242907
1.758781875E-07, 0.0128259315953875
1.75880140625E-07, 0.0134121912814607
1.7588209375E-07, 0.012555424082233
1.75884046875E-07, 0.0129770386068854
1.75886E-07, 0.0128934561755809
1.75887953125E-07, 0.011545929181551
1.7588990625E-07, 0.0128042851019234
1.75891859375E-07, 0.012900736361024
1.758938125E-07, 0.0127967064542674
1.75895765625E-07, 0.0127416834838033
1.7589771875E-07, 0.012650294050915
1.75899671875E-07, 0.0126358736189649
1.75901625E-07, 0.012939313990994
1.75903578125E-07, 0.0125492099881779
1.7590553125E-07, 0.0119473228949079
1.75907484375E-07, 0.0124754422481964
1.759094375E-07, 0.012405953620432
1.75911390625E-07, 0.0122894272952694
1.7591334375E-07, 0.011896235776043
1.75915296875E-07, 0.0120288206562278
1.7591725E-07, 0.01188837435575
1.75919203125E-07, 0.0111453600526391
1.7592115625E-07, 0.0110535534966125
1.75923109375E-07, 0.0111593410145042
1.759250625E-07, 0.0101788878253405
1.75927015625E-07, 0.0113163593014399
1.7592896875E-07, 0.0115379605871201
1.75930921875E-07, 0.0111191680871068
1.75932875E-07, 0.0111264381660293
1.75934828125E-07, 0.0102187464951778
1.7593678125E-07, 0.00971802444224263
1.75938734375E-07, 0.0100956700082747
1.759406875E-07, 0.00988896744708947
1.75942640625E-07, 0.00904250869574288
1.7594459375E-07, 0.00942639158186379
1.75946546875E-07, 0.00958226758407898
1.759485E-07, 0.00824815342629293
1.75950453125E-07, 0.00854750228381461
1.7595240625E-07, 0.00866908634890073
1.75954359375E-07, 0.00738302974504929
1.759563125E-07, 0.00793168423668807
1.75958265625E-07, 0.00722728617984141
1.7596021875E-07, 0.00686174223288354
1.75962171875E-07, 0.00680573676120002
1.75964125E-07, 0.00587612654607859
1.75966078125E-07, 0.0056586040340638
1.7596803125E-07, 0.00486074069953471
1.75969984375E-07, 0.00619036938459802
1.759719375E-07, 0.00511766099945451
1.75973890625E-07, 0.0043832206391757
1.7597584375E-07, 0.00431187325452447
1.75977796875E-07, 0.00280161724895122
1.7597975E-07, 0.00255186961434839
1.75981703125E-07, 0.00331444450483329
1.7598365625E-07, 0.00249561019952084
1.75985609375E-07, 0.00183252804989986
1.759875625E-07, 0.00214744247368365
1.75989515625E-07, 0.00152701617778736
1.7599146875E-07, 0.00198779568688347
1.75993421875E-07, -8.14180437828458E-05
1.75995375E-07, -0.000618487920116552
1.75997328125E-07, -0.00138179795028103
1.7599928125E-07, -0.000958055499775835
1.76001234375E-07, 0.000739278062488768
1.760031875E-07, -0.00117004615322098
1.76005140625E-07, -0.00256615737746578
1.7600709375E-07, -0.00113020024598534
1.76009046875E-07, -0.00353504668285641
1.76011E-07, -0.00341074732890439
1.76012953125E-07, -0.00395864223558441
1.7601490625E-07, -0.00416833121770853
1.76016859375E-07, -0.00298006147107509
1.760188125E-07, -0.00600078909370559
1.76020765625E-07, -0.00624567636675755
1.7602271875E-07, -0.00576354523586539
1.76024671875E-07, -0.0067428431479977
1.76026625E-07, -0.00604801512861263
1.76028578125E-07, -0.00806923469002848
1.7603053125E-07, -0.00851490344730735
1.76032484375E-07, -0.00876756822555495
1.760344375E-07, -0.00831196493639028
1.76036390625E-07, -0.00911357316798976
1.7603834375E-07, -0.0111856939643709
1.76040296875E-07, -0.0108598899739008
1.7604225E-07, -0.009675456026705
1.76044203125E-07, -0.0117628828363851
1.7604615625E-07, -0.0117823649423203
1.76048109375E-07, -0.0124950364999892
1.760500625E-07, -0.011366660597166
1.76052015625E-07, -0.0120004286652172
1.7605396875E-07, -0.0140777048821382
1.76055921875E-07, -0.0128922069402521
1.76057875E-07, -0.0148116069951587
1.76059828125E-07, -0.0137570311339812
1.7606178125E-07, -0.0146396592563502
1.76063734375E-07, -0.014625643580984
1.760656875E-07, -0.0156024517114239
1.76067640625E-07, -0.0156015068006073
1.7606959375E-07, -0.0160781194671634
1.76071546875E-07, -0.0150569750570981
1.760735E-07, -0.0170140705343371
1.76075453125E-07, -0.0167251571218802
1.7607740625E-07, -0.0168126268029155
1.76079359375E-07, -0.0175546617463917
1.760813125E-07, -0.0165073285923328
1.76083265625E-07, -0.0172071113547921
1.7608521875E-07, -0.0172673878185141
1.76087171875E-07, -0.0174606883356102
1.76089125E-07, -0.0175761616108549
1.76091078125E-07, -0.0165264011189169
1.7609303125E-07, -0.0177292143754274
1.76094984375E-07, -0.0172815712678222
1.760969375E-07, -0.0168936297316007
1.76098890625E-07, -0.0172758791658458
1.7610084375E-07, -0.0155724127245896
1.76102796875E-07, -0.0173318496484275
1.7610475E-07, -0.0170775805645119
1.76106703125E-07, -0.0151475828376302
1.7610865625E-07, -0.0166290146915638
1.76110609375E-07, -0.0163373809544965
1.761125625E-07, -0.0158818463461399
1.76114515625E-07, -0.0160465987105136
1.7611646875E-07, -0.0159423199714083
1.76118421875E-07, -0.0148988803119447
1.76120375E-07, -0.0155460137656059
1.76122328125E-07, -0.0147206290476584
1.7612428125E-07, -0.0137034968250248
1.76126234375E-07, -0.0152086038230421
1.761281875E-07, -0.0146062691359334
1.76130140625E-07, -0.0138146954194989
1.7613209375E-07, -0.0131794855533199
1.76134046875E-07, -0.0136180122279824
1.76136E-07, -0.0127839836026623
1.76137953125E-07, -0.012817983649967
1.7613990625E-07, -0.0118175355527565
1.76141859375E-07, -0.0121941701188154
1.761438125E-07, -0.011115842071871
1.76145765625E-07, -0.0112343967844042
1.7614771875E-07, -0.01100471613527
1.76149671875E-07, -0.010648744843892
1.76151625E-07, -0.0111379758713396
1.76153578125E-07, -0.00996125152498382
1.7615553125E-07, -0.00985884155807927
1.76157484375E-07, -0.00938602720745562
1.761594375E-07, -0.00994468539089582
1.76161390625E-07, -0.00983373383913107
1.7616334375E-07, -0.00859224624233851
1.76165296875E-07, -0.00799575463589765
1.7616725E-07, -0.00801070447574006
1.76169203125E-07, -0.00768741685527159
1.7617115625E-07, -0.00783948581439725
1.76173109375E-07, -0.0066955273509253
1.761750625E-07, -0.00651878632626537
1.76177015625E-07, -0.0067269326492714
1.7617896875E-07, -0.00662616539610012
1.76180921875E-07, -0.00621653675301374
1.76182875E-07, -0.00645484139225986
1.76184828125E-07, -0.00602468035222478
1.7618678125E-07, -0.00619434994452797
1.76188734375E-07, -0.00581929677927496
1.761906875E-07, -0.00564781322674379
1.76192640625E-07, -0.00561537895551725
1.7619459375E-07, -0.00537381070358857
1.76196546875E-07, -0.00533117786116488
1.761985E-07, -0.0055847893646098
1.76200453125E-07, -0.00536651638178786
1.7620240625E-07, -0.00498257503999007
1.76204359375E-07, -0.0055822434180574
1.762063125E-07, -0.00506801568157182
1.76208265625E-07, -0.00546900401399359
1.7621021875E-07, -0.00567208887178217
1.76212171875E-07, -0.00561019537957516
1.76214125E-07, -0.0055992276725174
1.76216078125E-07, -0.00572267116705895
1.7621803125E-07, -0.00639198792802959
1.76219984375E-07, -0.00575865519055397
1.762219375E-07, -0.00606461486237715
1.76223890625E-07, -0.00614378974205625
1.7622584375E-07, -0.00622144778118339
1.76227796875E-07, -0.00649811970789098
1.7622975E-07, -0.0066897519292487
1.76231703125E-07, -0.00686723557748504
1.7623365625E-07, -0.00700487229025591
1.76235609375E-07, -0.00712149615376239
1.762375625E-07, -0.00749849717585858
1.76239515625E-07, -0.00740136748103815
1.7624146875E-07, -0.00729955190920637
1.76243421875E-07, -0.00791582973002999
1.76245375E-07, -0.0076606112091755
1.76247328125E-07, -0.00783121438218175
1.7624928125E-07, -0.00835836273724468
1.76251234375E-07, -0.00857136869145983
1.762531875E-07, -0.00826911088843986
1.76255140625E-07, -0.00898755501213057
1.7625709375E-07, -0.00901811770930426
1.76259046875E-07, -0.00886917719550487
1.76261E-07, -0.00967001299738315
1.76262953125E-07, -0.00932947864070901
1.7626490625E-07, -0.00997289778243685
1.76266859375E-07, -0.00921891296525837
1.762688125E-07, -0.010367303513703
1.76270765625E-07, -0.00985478806962006
1.7627271875E-07, -0.00966840168960684
1.76274671875E-07, -0.00975500490448462
1.76276625E-07, -0.00934669701078067
1.76278578125E-07, -0.00998994896308404
1.7628053125E-07, -0.0105111091341035
1.76282484375E-07, -0.0104252320559211
1.762844375E-07, -0.0107161380614305
1.76286390625E-07, -0.0107170231786744
1.7628834375E-07, -0.0103460690490173
1.76290296875E-07, -0.0106637342378998
1.7629225E-07, -0.0107276201028973
1.76294203125E-07, -0.0105064153783784
1.7629615625E-07, -0.0103355284954126
1.76298109375E-07, -0.0101237448913811
1.763000625E-07, -0.0106123295509983
1.76302015625E-07, -0.0106365895720962
1.7630396875E-07, -0.0104926274355959
1.76305921875E-07, -0.0102037097535327
1.76307875E-07, -0.0102886769046631
1.76309828125E-07, -0.010054674511851
1.7631178125E-07, -0.0103244834163569
1.76313734375E-07, -0.00998409477388283
1.763156875E-07, -0.00972177740008459
1.76317640625E-07, -0.00982243621142713
1.7631959375E-07, -0.00963696770430538
1.76321546875E-07, -0.00958085342718557
1.763235E-07, -0.00935478515938749
1.76325453125E-07, -0.00965394220717279
1.7632740625E-07, -0.00893327333306041
1.76329359375E-07, -0.00866232995987951
1.763313125E-07, -0.00907462887930788
1.76333265625E-07, -0.00889537549423145
1.7633521875E-07, -0.00830072131807945
1.76337171875E-07, -0.00804949807620664
1.76339125E-07, -0.00793984538573064
1.76341078125E-07, -0.00785669293058779
1.7634303125E-07, -0.00816156478878922
1.76344984375E-07, -0.0079255170718686
1.763469375E-07, -0.00774419122608191
1.76348890625E-07, -0.00756641895290134
1.7635084375E-07, -0.00697391316741655
1.76352796875E-07, -0.00683211399876105
1.7635475E-07, -0.00648185336728955
1.76356703125E-07, -0.00677153125555844
1.7635865625E-07, -0.00666280489693279
1.76360609375E-07, -0.00620632634675173
1.763625625E-07, -0.0062448927357101
1.76364515625E-07, -0.00632317513003555
1.7636646875E-07, -0.00577046143635807
1.76368421875E-07, -0.00653429206229854
1.76370375E-07, -0.00555948935538179
1.76372328125E-07, -0.00575445965058091
1.7637428125E-07, -0.00534522674830628
1.76376234375E-07, -0.00477588472871516
1.763781875E-07, -0.00527216870471432
1.76380140625E-07, -0.00540302171556801
1.7638209375E-07, -0.00500909459965817
1.76384046875E-07, -0.00470576237346173
1.76386E-07, -0.00449961275443988
1.76387953125E-07, -0.00471368800983381
1.7638990625E-07, -0.00453697310129877
1.76391859375E-07, -0.00438051773393635
1.763938125E-07, -0.00396218495936554
1.76395765625E-07, -0.00433685238111661
1.7639771875E-07, -0.00431603311162722
1.76399671875E-07, -0.00397741825349273
1.76401625E-07, -0.00393788702875797
1.76403578125E-07, -0.00366035607090501
1.7640553125E-07, -0.00400672091643128
1.76407484375E-07, -0.00397278897655472
1.764094375E-07, -0.00382048845214525
1.76411390625E-07, -0.00353016915869609
1.7641334375E-07, -0.0042923814582198
1.76415296875E-07, -0.00378042076350788
1.7641725E-07, -0.00358615600893422
1.76419203125E-07, -0.00315068334548024
1.7642115625E-07, -0.00348888259686506
1.76423109375E-07, -0.00362920077269334
1.764250625E-07, -0.00336307100926102
1.76427015625E-07, -0.00367470801803155
1.7642896875E-07, -0.00320297229146881
1.76430921875E-07, -0.00333901077239037
1.76432875E-07, -0.00326530749989578
1.76434828125E-07, -0.00363084958909655
1.7643678125E-07, -0.00344068908500306
1.76438734375E-07, -0.00339640018100935
1.764406875E-07, -0.00305247971691874
1.76442640625E-07, -0.00349357611625782
1.7644459375E-07, -0.00311029852937824
1.76446546875E-07, -0.00344338689025789
1.764485E-07, -0.00357028579664731
1.76450453125E-07, -0.00342414579317649
1.7645240625E-07, -0.0031523414662188
1.76454359375E-07, -0.00306317193988335
1.764563125E-07, -0.0034048270852106
1.76458265625E-07, -0.00329610998136708
1.7646021875E-07, -0.00333239834204126
1.76462171875E-07, -0.00334043311455977
1.76464125E-07, -0.00343737764527466
1.76466078125E-07, -0.00294255072208863
1.7646803125E-07, -0.00333565994928243
1.76469984375E-07, -0.0031306091140967
1.764719375E-07, -0.00328303809176474
1.76473890625E-07, -0.00321829268530086
1.7647584375E-07, -0.0032972453798698
1.76477796875E-07, -0.00343093685989314
1.7647975E-07, -0.00307995117117935
1.76481703125E-07, -0.00326885151025848
1.7648365625E-07, -0.00349499625030092
1.76485609375E-07, -0.00337623125747347
1.764875625E-07, -0.00321252165384721
1.76489515625E-07, -0.00292510239536808
1.7649146875E-07, -0.00345386850975184
1.76493421875E-07, -0.00332597398681654
1.76495375E-07, -0.00329819675640371
1.76497328125E-07, -0.0033530196313546
1.7649928125E-07, -0.00300066019166616
1.76501234375E-07, -0.00307689918549319
1.765031875E-07, -0.0030734742028666
1.76505140625E-07, -0.00327591294148812
1.7650709375E-07, -0.00327284971276154
1.76509046875E-07, -0.00317346577496058
1.76511E-07, -0.00343568383412518
1.76512953125E-07, -0.00315030720842423
1.7651490625E-07, -0.00323716606722161
1.76516859375E-07, -0.00319118046922517
1.765188125E-07, -0.00300985931737096
1.76520765625E-07, -0.00344465238414835
1.7652271875E-07, -0.00334807278092085
1.76524671875E-07, -0.0031395047860057
1.76526625E-07, -0.00331792289653697
1.76528578125E-07, -0.0031264476745608
1.7653053125E-07, -0.0033971286696371
1.76532484375E-07, -0.00322055791642431
1.765344375E-07, -0.00324229006748121
1.76536390625E-07, -0.00313555437586644
1.7653834375E-07, -0.00327771008625221
1.76540296875E-07, -0.00304218899192417
1.7654225E-07, -0.00318682644959014
1.76544203125E-07, -0.00342062109842461
1.7654615625E-07, -0.00297509183466901
1.76548109375E-07, -0.00331345174067271
1.765500625E-07, -0.00313302544801695
1.76552015625E-07, -0.00321720725274045
1.7655396875E-07, -0.00321042581480242
1.76555921875E-07, -0.00324019779018204
1.76557875E-07, -0.00313406357204635
1.76559828125E-07, -0.00308548680433152
1.7656178125E-07, -0.00301366188748866
1.76563734375E-07, -0.00328927688026829
1.765656875E-07, -0.00321347182266251
1.76567640625E-07, -0.00329297981967369
1.7656959375E-07, -0.00325703016674985
1.76571546875E-07, -0.00335036649654843
1.765735E-07, -0.00321860075258251
1.76575453125E-07, -0.00319265163035836
1.7657740625E-07, -0.00299428385015566
1.76579359375E-07, -0.00301473248275526
1.765813125E-07, -0.00347945834520249
1.76583265625E-07, -0.00316769659539847
1.7658521875E-07, -0.00330294670330042
1.76587171875E-07, -0.00335271043095762
1.76589125E-07, -0.00366735760618573
1.76591078125E-07, -0.00278492637981938
1.7659303125E-07, -0.00335561156033266
1.76594984375E-07, -0.00319918447578245
1.765969375E-07, -0.00304675263392385
1.76598890625E-07, -0.00327398261790079
1.7660084375E-07, -0.00318708205010077
1.76602796875E-07, -0.0033043519447802
1.7660475E-07, -0.00330017416578903
1.76606703125E-07, -0.00343117660141319
1.7660865625E-07, -0.00339470013151671
1.76610609375E-07, -0.00326308945661227
1.766125625E-07, -0.00327105702336703
1.76614515625E-07, -0.00300947861383226
1.7661646875E-07, -0.00305510979584488
1.76618421875E-07, -0.00334190379174416
1.76620375E-07, -0.00321628329195896
1.76622328125E-07, -0.0032002710217068
1.7662428125E-07, -0.00342376598742532
1.76626234375E-07, -0.00319021992557105
1.766281875E-07, -0.00312641534132567
1.76630140625E-07, -0.0029551477079455
1.7663209375E-07, -0.00316400867754667
1.76634046875E-07, -0.0030266876111551
1.76636E-07, -0.00319513067723897
1.76637953125E-07, -0.00299118003857524
1.7663990625E-07, -0.00285043500805807
1.76641859375E-07, -0.00302699830810869
1.766438125E-07, -0.00286254649159145
1.76645765625E-07, -0.00296616219305624
1.7664771875E-07, -0.00287372684588155
1.76649671875E-07, -0.00284903178380128
1.76651625E-07, -0.00292922441905932
1.76653578125E-07, -0.00292922996767471
1.7665553125E-07, -0.00284934283174989
1.76657484375E-07, -0.00269647447463423
1.766594375E-07, -0.00293527687531587
1.76661390625E-07, -0.00255231142622183
1.7666334375E-07, -0.00271160922416723
1.76665296875E-07, -0.00248215763743039
1.7666725E-07, -0.00278933548589631
1.76669203125E-07, -0.00289862579212133
1.7667115625E-07, -0.00250243811499167
1.76673109375E-07, -0.00269702405460372
1.766750625E-07, -0.0027543168625386
1.76677015625E-07, -0.00252893061952773
1.7667896875E-07, -0.002407231386238
1.76680921875E-07, -0.00263258728911075
1.76682875E-07, -0.00254798482736716
1.76684828125E-07, -0.00208958755568879
1.7668678125E-07, -0.00315642635103067
1.76688734375E-07, -0.00260335554560209
1.766906875E-07, -0.00274110063068524
1.76692640625E-07, -0.00230473373148734
1.7669459375E-07, -0.00249573330038161
1.76696546875E-07, -0.0026493480397216
1.766985E-07, -0.00249929452706234
1.76700453125E-07, -0.00279026390409955
1.7670240625E-07, -0.00282891642524856
1.76704359375E-07, -0.00263941197836478
1.767063125E-07, -0.00286479034858735
1.76708265625E-07, -0.00248096596047796
1.7671021875E-07, -0.00256394607014803
1.76712171875E-07, -0.00254355843739508
1.76714125E-07, -0.00304280984383213
1.76716078125E-07, -0.00268350386832718
1.7671803125E-07, -0.00279671044450997
1.76719984375E-07, -0.0029044419662796
1.767219375E-07, -0.00254346372241345
1.76723890625E-07, -0.00287044655126882
1.7672584375E-07, -0.00301245834440079
1.76727796875E-07, -0.00303262188087241
1.7672975E-07, -0.00280269692975486
1.76731703125E-07, -0.00300413995813136
1.7673365625E-07, -0.00323800604758306
1.76735609375E-07, -0.00295208455124773
1.767375625E-07, -0.0031574261168362
1.76739515625E-07, -0.00330233387457835
1.7674146875E-07, -0.00354031842696634
1.76743421875E-07, -0.00338810587254493
1.76745375E-07, -0.00351271716859583
1.76747328125E-07, -0.0033723055094479
1.7674928125E-07, -0.00340462862257888
1.76751234375E-07, -0.0038040763106903
1.767531875E-07, -0.00314120750325725
1.76755140625E-07, -0.00368426931252647
1.7675709375E-07, -0.00389256877381513
1.76759046875E-07, -0.00360998769369131
1.76761E-07, -0.00369759581001459
1.76762953125E-07, -0.00342365855113
1.7676490625E-07, -0.00378909675692678
1.76766859375E-07, -0.00372597841735476
1.767688125E-07, -0.00387611043343119
1.76770765625E-07, -0.00389449974465578
1.7677271875E-07, -0.00381270823286467
1.76774671875E-07, -0.00401622750470612
1.76776625E-07, -0.00376340503055951
1.76778578125E-07, -0.00358834345332812
1.7678053125E-07, -0.00385889609609808
1.76782484375E-07, -0.00392126572145
1.767844375E-07, -0.00362077075521201
1.76786390625E-07, -0.00381179917244715
1.7678834375E-07, -0.0039563974629427
1.76790296875E-07, -0.00365503977975785
1.7679225E-07, -0.00331318670730274
1.76794203125E-07, -0.00385047673433153
1.7679615625E-07, -0.00308613995887016
1.76798109375E-07, -0.00304885644432326
1.768000625E-07, -0.00299374842635543
1.76802015625E-07, -0.00311218172868479
1.7680396875E-07, -0.00304111621035432
1.76805921875E-07, -0.00292051119905182
1.76807875E-07, -0.00263125613283391
1.76809828125E-07, -0.00224820256891855
1.7681178125E-07, -0.00222542523179875
1.76813734375E-07, -0.00246312795142343
1.768156875E-07, -0.0014665364093488
1.76817640625E-07, -0.00213124469863705
1.7681959375E-07, -0.00134949148084566
1.76821546875E-07, -0.000589404802082093
1.768235E-07, -0.00154479438195353
1.76825453125E-07, -0.000826544691691818
1.7682740625E-07, -0.000983718718448488
1.76829359375E-07, 0.000504298402960892
1.768313125E-07, 0.000681982204993654
1.76833265625E-07, 0.000364515913972068
1.7683521875E-07, 0.000861607876037142
1.76837171875E-07, 0.00108515350653729
1.76839125E-07, 0.000594854159454858
1.76841078125E-07, 0.00116272684004529
1.7684303125E-07, 0.00165832969465358
1.76844984375E-07, 0.00186966795924985
1.768469375E-07, 0.00187188285475402
1.76848890625E-07, 0.00192774586636638
1.7685084375E-07, 0.00262365919101982
1.76852796875E-07, 0.00271983822305394
1.7685475E-07, 0.00345187064648816
1.76856703125E-07, 0.00374666918177566
1.7685865625E-07, 0.00299942630150225
1.76860609375E-07, 0.00407388010032091
1.768625625E-07, 0.00412379487742612
1.76864515625E-07, 0.00453994313192066
1.7686646875E-07, 0.00410961853146417
1.76868421875E-07, 0.00472423883482057
1.76870375E-07, 0.00469631175990065
1.76872328125E-07, 0.00511028546732485
1.7687428125E-07, 0.00518083321609981
1.76876234375E-07, 0.00533430164649824
1.768781875E-07, 0.0051703929600529
1.76880140625E-07, 0.00535527661220219
1.7688209375E-07, 0.0055101520359018
1.76884046875E-07, 0.00559322233570251
1.76886E-07, 0.0053290606699504
1.76887953125E-07, 0.00523328999886502
1.7688990625E-07, 0.00548414238530585
1.76891859375E-07, 0.00570739563434285
1.768938125E-07, 0.00542558670822179
1.76895765625E-07, 0.00567909400955088
1.7689771875E-07, 0.00504724439371962
1.76899671875E-07, 0.00496600426031851
1.76901625E-07, 0.0051339166012395
1.76903578125E-07, 0.00532247225699109
1.7690553125E-07, 0.00497781647486742
1.76907484375E-07, 0.00485380135108521
1.769094375E-07, 0.00448361077821057
1.76911390625E-07, 0.0041390439194104
1.7691334375E-07, 0.00473180531033953
1.76915296875E-07, 0.00386574947061103
1.7691725E-07, 0.00409048894207318
1.76919203125E-07, 0.00283450779340076
1.7692115625E-07, 0.00312639034046388
1.76923109375E-07, 0.00313198337618174
1.769250625E-07, 0.00241066992158538
1.76927015625E-07, 0.00227797259790026
1.7692896875E-07, 0.00230832900014676
1.76930921875E-07, 0.00200609846375667
1.76932875E-07, 0.00216127871729492
1.76934828125E-07, 0.00118582025351908
1.7693678125E-07, 0.00171050358499442
1.76938734375E-07, 0.00157773700756271
1.769406875E-07, 0.000153764349322743
1.76942640625E-07, 0.00106757817540206
1.7694459375E-07, -0.000333932773108529
1.76946546875E-07, -0.000550404180194872
1.769485E-07, -0.000347618150647605
1.76950453125E-07, 8.57008828990891E-05
1.7695240625E-07, -0.000388858566497394
1.76954359375E-07, -0.00100601728534528
1.769563125E-07, -0.00146849129245671
1.76958265625E-07, -0.00167106682079414
1.7696021875E-07, -0.00241290222529027
1.76962171875E-07, -0.0012981916419565
1.76964125E-07, -0.00196844698368126
1.76966078125E-07, -0.00243865445805719
1.7696803125E-07, -0.00150818590105232
1.76969984375E-07, -0.00257619052698166
1.769719375E-07, -0.00242979403919691
1.76973890625E-07, -0.00291011030518909
1.7697584375E-07, -0.00299348737716621
1.76977796875E-07, -0.00284949736784765
1.7697975E-07, -0.00237663974634431
1.76981703125E-07, -0.00281697387979949
1.7698365625E-07, -0.00289106020622714
1.76985609375E-07, -0.00290732059076319
1.769875625E-07, -0.00302723552233075
1.76989515625E-07, -0.00287717313786562
1.7699146875E-07, -0.00265960723933081
1.76993421875E-07, -0.00328897728008241
1.76995375E-07, -0.00288259260889137
1.76997328125E-07, -0.00279664011835699
1.7699928125E-07, -0.00279579132987541
1.77001234375E-07, -0.00203403287477353
1.770031875E-07, -0.00232210624959896
1.77005140625E-07, -0.00234442008926548
1.7700709375E-07, -0.00150013517763384
1.77009046875E-07, -0.00210473098026642
1.77011E-07, -0.00181163335499926
1.77012953125E-07, -0.00161302881054411
1.7701490625E-07, -0.00139108865531265
1.77016859375E-07, -0.00138361197448658
1.770188125E-07, -0.00147498604132049
1.77020765625E-07, -0.00123386678803235
1.7702271875E-07, -0.00148925807033557
1.77024671875E-07, -0.000793332511710388
1.77026625E-07, -0.000394076109074951
1.77028578125E-07, -0.000386276206744569
1.7703053125E-07, -0.000466992631253701
1.77032484375E-07, -1.21706152826305E-05
1.770344375E-07, 0.000225756580245895
1.77036390625E-07, 0.000793755964370894
1.7703834375E-07, 0.000234438105160941
1.77040296875E-07, 0.00104845831401018
1.7704225E-07, 0.000689628035886316
1.77044203125E-07, 0.00081685070625275
1.7704615625E-07, 0.00168030016101949
1.77048109375E-07, 0.00140362704458908
1.770500625E-07, 0.00230225312493543
1.77052015625E-07, 0.00115477947948267
1.7705396875E-07, 0.00245639206655557
1.77055921875E-07, 0.002164760809849
1.77057875E-07, 0.00242229563537258
1.77059828125E-07, 0.00265705339369697
1.7706178125E-07, 0.00316141916252131
1.77063734375E-07, 0.00287462278508391
1.770656875E-07, 0.00333830162810274
1.77067640625E-07, 0.00331769904786897
1.7706959375E-07, 0.00352722149389843
1.77071546875E-07, 0.00339555771298512
1.770735E-07, 0.00355086322336197
1.77075453125E-07, 0.00364947218963903
1.7707740625E-07, 0.00352667668492618
1.77079359375E-07, 0.00375610106761625
1.770813125E-07, 0.00434231410605243
1.77083265625E-07, 0.00444435874667129
1.7708521875E-07, 0.00452404501436224
1.77087171875E-07, 0.00440587231694912
1.77089125E-07, 0.00441859104804307
1.77091078125E-07, 0.00540302832740672
1.7709303125E-07, 0.00487844844363382
1.77094984375E-07, 0.00520807735622357
1.770969375E-07, 0.00483108872311658
1.77098890625E-07, 0.00530395039968878
1.7710084375E-07, 0.00477300729774748
1.77102796875E-07, 0.00524794679005358
1.7710475E-07, 0.00544143093793675
1.77106703125E-07, 0.00512374381868391
1.7710865625E-07, 0.00542467427275102
1.77110609375E-07, 0.00573389435536226
1.771125625E-07, 0.00544670178454646
1.77114515625E-07, 0.00612248019851469
1.7711646875E-07, 0.00591887328571822
1.77118421875E-07, 0.00627278715808718
1.77120375E-07, 0.00644785941339618
1.77122328125E-07, 0.00588990998283871
1.7712428125E-07, 0.00611662677650212
1.77126234375E-07, 0.00614934023606255
1.771281875E-07, 0.00614467733367687
1.77130140625E-07, 0.00664666893451079
1.7713209375E-07, 0.006624709628673
1.77134046875E-07, 0.00586743381797399
1.77136E-07, 0.00707096279405928
1.77137953125E-07, 0.00630265411637191
1.7713990625E-07, 0.00700101088526572
1.77141859375E-07, 0.00683655097033771
1.771438125E-07, 0.00691861481659119
1.77145765625E-07, 0.00721758412949481
1.7714771875E-07, 0.00671733997080893
1.77149671875E-07, 0.00708225887714681
1.77151625E-07, 0.00734643075508816
1.77153578125E-07, 0.00681196913697785
1.7715553125E-07, 0.00718280155629668
1.77157484375E-07, 0.00712105917997394
1.771594375E-07, 0.00766058406420091
1.77161390625E-07, 0.00727272830407917
1.7716334375E-07, 0.00736927339025708
1.77165296875E-07, 0.00750121040690151
1.7716725E-07, 0.00763174898923454
1.77169203125E-07, 0.00770877906877446
1.7717115625E-07, 0.00765624519520762
1.77173109375E-07, 0.00776625240800433
1.771750625E-07, 0.00808204566109931
1.77177015625E-07, 0.00702024184674003
1.7717896875E-07, 0.00754590164266672
1.77180921875E-07, 0.0079853814168462
1.77182875E-07, 0.00773648795533569
1.77184828125E-07, 0.00805766352373932
1.7718678125E-07, 0.00778785631846383
1.77188734375E-07, 0.0077651552377572
1.771906875E-07, 0.0081311576598785
1.77192640625E-07, 0.00779810639035176
1.7719459375E-07, 0.00701263768882775
1.77196546875E-07, 0.00764010685912893
1.771985E-07, 0.00807264924567233
1.77200453125E-07, 0.00768142430787095
1.7720240625E-07, 0.00818982993396558
1.77204359375E-07, 0.00797048340892644
1.772063125E-07, 0.00753929866722008
1.77208265625E-07, 0.00784308040579778
1.7721021875E-07, 0.00786867589306928
1.77212171875E-07, 0.00733521098682579
1.77214125E-07, 0.0081030342313121
1.77216078125E-07, 0.00785777829982974
1.7721803125E-07, 0.00763520318211486
1.77219984375E-07, 0.00809179094586629
1.772219375E-07, 0.00766891406592872
1.77223890625E-07, 0.00763159101607747
1.7722584375E-07, 0.00770228397444973
1.77227796875E-07, 0.00697817192776973
1.7722975E-07, 0.00733519463243475
1.77231703125E-07, 0.00796674952337191
1.7723365625E-07, 0.00714397083491219
1.77235609375E-07, 0.00703237815503298
1.772375625E-07, 0.00727795495437542
1.77239515625E-07, 0.00686605656045975
1.7724146875E-07, 0.00690383378986007
1.77243421875E-07, 0.00725729856142163
1.77245375E-07, 0.00692397624315284
1.77247328125E-07, 0.00691742710069439
1.7724928125E-07, 0.00662398566028985
1.77251234375E-07, 0.00635060496862036
1.772531875E-07, 0.0060257968606658
1.77255140625E-07, 0.00669622360780868
1.7725709375E-07, 0.00617150550225384
1.77259046875E-07, 0.00625918916394048
1.77261E-07, 0.00626444202344465
1.77262953125E-07, 0.00601187084368036
1.7726490625E-07, 0.00521837898540454
1.77266859375E-07, 0.00486889543673113
1.772688125E-07, 0.00569156662272227
1.77270765625E-07, 0.00510781668789323
1.7727271875E-07, 0.00519690524874754
1.77274671875E-07, 0.0039435949126819
1.77276625E-07, 0.00460861416515531
1.77278578125E-07, 0.00459276479989242
1.7728053125E-07, 0.00425987847438785
1.77282484375E-07, 0.00446530189012394
1.772844375E-07, 0.00382207478330839
1.77286390625E-07, 0.00387094588316879
1.7728834375E-07, 0.00431135275281089
1.77290296875E-07, 0.00388910034566369
1.7729225E-07, 0.00373106448254461
1.77294203125E-07, 0.00345038511878371
1.7729615625E-07, 0.00332075761519764
1.77298109375E-07, 0.00353868526265974
1.773000625E-07, 0.00343266831429598
1.77302015625E-07, 0.00267275599197449
1.7730396875E-07, 0.00282125110596337
1.77305921875E-07, 0.00266223275249777
1.77307875E-07, 0.00265009272052416
1.77309828125E-07, 0.00225274672306268
1.7731178125E-07, 0.00243917440264835
1.77313734375E-07, 0.00234407944272368
1.773156875E-07, 0.00202991469794047
1.77317640625E-07, 0.00208519768761484
1.7731959375E-07, 0.00161101093378813
1.77321546875E-07, 0.00145614690864194
1.773235E-07, 0.00182437300560182
1.77325453125E-07, 0.00229869778724685
1.7732740625E-07, 0.00163774848249182
1.77329359375E-07, 0.00157951088816881
1.773313125E-07, 0.00124463699468366
1.77333265625E-07, 0.00166993510760943
1.7733521875E-07, 0.00165552246280285
1.77337171875E-07, 0.00146022563700683
1.77339125E-07, 0.00150465901315776
1.77341078125E-07, 0.00158602307977855
1.7734303125E-07, 0.0010816002957009
1.77344984375E-07, 0.00128427163816624
1.773469375E-07, 0.00114901649419852
1.77348890625E-07, 0.0013844057444388
1.7735084375E-07, 0.00142748268730724
1.77352796875E-07, 0.00159322042429566
1.7735475E-07, 0.00148206326877529
1.77356703125E-07, 0.00116344325361202
1.7735865625E-07, 0.00117318928082535
1.77360609375E-07, 0.00153585280614344
1.773625625E-07, 0.00155668070759798
1.77364515625E-07, 0.0016648369872214
1.7736646875E-07, 0.0015798229681781
1.77368421875E-07, 0.00177275552462394
1.77370375E-07, 0.00188820377861794
1.77372328125E-07, 0.00153847146298381
1.7737428125E-07, 0.00181333491651589
1.77376234375E-07, 0.00158415948312153
1.773781875E-07, 0.00172509564454806
1.77380140625E-07, 0.00152248619918118
1.7738209375E-07, 0.00217665085096753
1.77384046875E-07, 0.00173681389044167
1.77386E-07, 0.00187331692872761
1.77387953125E-07, 0.00182685265589751
1.7738990625E-07, 0.00173360963645726
1.77391859375E-07, 0.00192718545448388
1.773938125E-07, 0.00185903847889486
1.77395765625E-07, 0.00188252284310491
1.7739771875E-07, 0.00193670742799639
1.77399671875E-07, 0.00185646027733648
1.77401625E-07, 0.00185283857245502
1.77403578125E-07, 0.0018520076542178
1.7740553125E-07, 0.00197868609085665
1.77407484375E-07, 0.00143264598248522
1.774094375E-07, 0.00166579176058058
1.77411390625E-07, 0.00107887322599515
1.7741334375E-07, 0.00110571386824227
1.77415296875E-07, 0.00144582144533385
1.7741725E-07, 0.00134098023109085
1.77419203125E-07, 0.00119224395797775
1.7742115625E-07, 0.00135734998033148
1.77423109375E-07, 0.00123853065558005
1.774250625E-07, 0.000670506878917704
1.77427015625E-07, 0.000361524850303152
1.7742896875E-07, 0.00102198390113445
1.77430921875E-07, 0.000607722441148658
1.77432875E-07, 0.00105992909714248
1.77434828125E-07, 0.000320784923244089
1.7743678125E-07, 0.000425513342482029
1.77438734375E-07, 0.000651449261094146
1.774406875E-07, 0.000427730035865728
1.77442640625E-07, 4.81149291985997E-05
1.7744459375E-07, -0.000541099975022528
1.77446546875E-07, -0.000496106413223995
1.774485E-07, -0.000714803880016248
1.77450453125E-07, -0.00146810136910617
1.7745240625E-07, -0.000639679787099438
1.77454359375E-07, -0.00085505878999994
1.774563125E-07, -0.00159717788921678
1.77458265625E-07, -0.000952294353294132
1.7746021875E-07, -0.00152321553908967
1.77462171875E-07, -0.00166891626560109
1.77464125E-07, -0.00168824826421276
1.77466078125E-07, -0.00167459094630537
1.7746803125E-07, -0.00182218871617869
1.77469984375E-07, -0.0025224694369806
1.774719375E-07, -0.00229000474605892
1.77473890625E-07, -0.00282991419812442
1.7747584375E-07, -0.00276928528096428
1.77477796875E-07, -0.00262218015122559
1.7747975E-07, -0.00290265978633543
1.77481703125E-07, -0.00363772648112017
1.7748365625E-07, -0.00348994590559863
1.77485609375E-07, -0.00268219609626514
1.774875625E-07, -0.00347643970760183
1.77489515625E-07, -0.00347381962242932
1.7749146875E-07, -0.00397239208850597
1.77493421875E-07, -0.00341488788546288
1.77495375E-07, -0.00396144280328921
1.77497328125E-07, -0.0040265780413784
1.7749928125E-07, -0.00405414292213582
1.77501234375E-07, -0.00383954740012038
1.775031875E-07, -0.00418070390980278
1.77505140625E-07, -0.00431671547578205
1.7750709375E-07, -0.00442684033433975
1.77509046875E-07, -0.00454561090310012
1.77511E-07, -0.00413645737795503
1.77512953125E-07, -0.00463376456226505
1.7751490625E-07, -0.00409736289633821
1.77516859375E-07, -0.00468139439712216
1.775188125E-07, -0.00431082096371127
1.77520765625E-07, -0.0046798510691547
1.7752271875E-07, -0.00459706403912356
1.77524671875E-07, -0.0044573728370488
1.77526625E-07, -0.00439630626330831
1.77528578125E-07, -0.00468055977640734
1.7753053125E-07, -0.00433177111198435
1.77532484375E-07, -0.00427245403782641
1.775344375E-07, -0.00451705730220575
1.77536390625E-07, -0.00477567761549094
1.7753834375E-07, -0.00410204541258109
1.77540296875E-07, -0.00357524243502199
1.7754225E-07, -0.00427298307466839
1.77544203125E-07, -0.00448832241413348
1.7754615625E-07, -0.00426197999369925
1.77548109375E-07, -0.00381462852522112
1.775500625E-07, -0.00393006540031228
1.77552015625E-07, -0.00396514446743482
1.7755396875E-07, -0.00405103270547225
1.77555921875E-07, -0.00351970479008509
1.77557875E-07, -0.0040083606900353
1.77559828125E-07, -0.00368161010201802
1.7756178125E-07, -0.00397440204737275
1.77563734375E-07, -0.00327418405098483
1.775656875E-07, -0.0034984109199803
1.77567640625E-07, -0.00392105665439461
1.7756959375E-07, -0.00351516934547513
1.77571546875E-07, -0.00366772617108455
1.775735E-07, -0.00369114307581509
1.77575453125E-07, -0.00386080703531956
1.7757740625E-07, -0.0034115996754128
1.77579359375E-07, -0.00383919788636025
1.775813125E-07, -0.00369801711397192
1.77583265625E-07, -0.00402712717929572
1.7758521875E-07, -0.00356574028793433
1.77587171875E-07, -0.00339222462215865
1.77589125E-07, -0.00362832684656904
1.77591078125E-07, -0.00342944148531667
1.7759303125E-07, -0.00364710849493487
1.77594984375E-07, -0.00398833780206605
1.775969375E-07, -0.00382209245634845
1.77598890625E-07, -0.00347148810118922
1.7760084375E-07, -0.00321231154185293
1.77602796875E-07, -0.00351868104830593
1.7760475E-07, -0.0039016679975285
1.77606703125E-07, -0.0035661380868682
1.7760865625E-07, -0.00357936964147504
1.77610609375E-07, -0.00400390628256213
1.776125625E-07, -0.00375416118293329
1.77614515625E-07, -0.00344764302313962
1.7761646875E-07, -0.00388747946600319
1.77618421875E-07, -0.00361019119191214
1.77620375E-07, -0.00380663965244396
1.77622328125E-07, -0.00342305528374064
1.7762428125E-07, -0.00395030793386463
1.77626234375E-07, -0.00344914827945604
1.776281875E-07, -0.0038014471908017
1.77630140625E-07, -0.00374178961976006
1.7763209375E-07, -0.00361457104867928
1.77634046875E-07, -0.00367983860556259


