File Format, WaveformXYValues
Format Version, 1
Instrument, N1045A,04F,LOJ
SwVersion, A.06.71.21
SerialNumber, MY56260108
Date, 11/29/2023 14:30:13 GMT+08:00

Source Name, Channel 1A

Points, 2048
Signal Type, Unspecified
Channel Bandwidth, 2E+10
Channel Noise, 6.66857143682292E-05
X Units, Second
Y Units, Volt
Data, 
1.73636E-07, -0.00120174504092224
1.73637953125E-07, -0.00114194004989484
1.7363990625E-07, -0.00123409655556548
1.73641859375E-07, -0.00167140576175868
1.736438125E-07, -0.00165955909968555
1.73645765625E-07, -0.00111613065834318
1.7364771875E-07, -0.00126983117818504
1.73649671875E-07, -0.00148857338199399
1.73651625E-07, -0.00128043296194361
1.73653578125E-07, -0.00166912899854691
1.7365553125E-07, -0.00117762004768871
1.73657484375E-07, -0.00141833916542392
1.736594375E-07, -0.001375669766684
1.73661390625E-07, -0.00153995197432892
1.7366334375E-07, -0.00138671650419308
1.73665296875E-07, -0.00132319000013414
1.7366725E-07, -0.00142482068030398
1.73669203125E-07, -0.00176556433719565
1.7367115625E-07, -0.00144941152185811
1.73673109375E-07, -0.00153048699346862
1.736750625E-07, -0.00136464523664482
1.73677015625E-07, -0.00130922712576136
1.7367896875E-07, -0.00171259845288451
1.73680921875E-07, -0.00138754846451037
1.73682875E-07, -0.00148310792116908
1.73684828125E-07, -0.00162916955060403
1.7368678125E-07, -0.00155141967234269
1.73688734375E-07, -0.00128767059975324
1.736906875E-07, -0.00104253973849203
1.73692640625E-07, -0.00139878469048287
1.7369459375E-07, -0.00119045672367337
1.73696546875E-07, -0.00138070776215392
1.736985E-07, -0.00116794511100839
1.73700453125E-07, -0.00143465860023523
1.7370240625E-07, -0.00163687211349342
1.73704359375E-07, -0.00153794360768429
1.737063125E-07, -0.00189239594521499
1.73708265625E-07, -0.0014407726510777
1.7371021875E-07, -0.00138230690358282
1.73712171875E-07, -0.0015882492357555
1.73714125E-07, -0.00127333286305396
1.73716078125E-07, -0.00198423038613659
1.7371803125E-07, -0.00158494272614765
1.73719984375E-07, -0.00164063566447267
1.737219375E-07, -0.0015344364583235
1.73723890625E-07, -0.00134021552383435
1.7372584375E-07, -0.00150453440310492
1.73727796875E-07, -0.00168740289884034
1.7372975E-07, -0.00170299957630061
1.73731703125E-07, -0.00158631342241519
1.7373365625E-07, -0.00153459927005315
1.73735609375E-07, -0.00229308047484578
1.737375625E-07, -0.00141606981678761
1.73739515625E-07, -0.0017316424509687
1.7374146875E-07, -0.00163711704911457
1.73743421875E-07, -0.00141090924595073
1.73745375E-07, -0.0016670885927232
1.73747328125E-07, -0.00197978094153788
1.7374928125E-07, -0.0019432510769255
1.73751234375E-07, -0.00178987458758481
1.737531875E-07, -0.00169211570641173
1.73755140625E-07, -0.00201772016619408
1.7375709375E-07, -0.00167362655756692
1.73759046875E-07, -0.00171068569401695
1.73761E-07, -0.00167817893413196
1.73762953125E-07, -0.00172810181997941
1.7376490625E-07, -0.00155722193489179
1.73766859375E-07, -0.00168180706853029
1.737688125E-07, -0.00223508669487572
1.73770765625E-07, -0.00188680400865577
1.7377271875E-07, -0.00172920521421599
1.73774671875E-07, -0.00222952992708579
1.73776625E-07, -0.00189958967303777
1.73778578125E-07, -0.00155211232988605
1.7378053125E-07, -0.00185762228699971
1.73782484375E-07, -0.00202685341701145
1.737844375E-07, -0.00199400338212144
1.73786390625E-07, -0.00176190901573879
1.7378834375E-07, -0.00200785714820936
1.73790296875E-07, -0.00164414139766372
1.7379225E-07, -0.00205725254764358
1.73794203125E-07, -0.00204147700778312
1.7379615625E-07, -0.00199481545125899
1.73798109375E-07, -0.00225401759064336
1.738000625E-07, -0.00195751051878605
1.73802015625E-07, -0.00200941617324943
1.7380396875E-07, -0.0021844342449224
1.73805921875E-07, -0.00198328650256771
1.73807875E-07, -0.00220492421812616
1.73809828125E-07, -0.00244231570497427
1.7381178125E-07, -0.00225596258395987
1.73813734375E-07, -0.00218972918315678
1.738156875E-07, -0.00212113242000082
1.73817640625E-07, -0.00239650975555574
1.7381959375E-07, -0.00269983356695345
1.73821546875E-07, -0.00253409844295538
1.738235E-07, -0.00264995932812339
1.73825453125E-07, -0.00268765707055541
1.7382740625E-07, -0.00275887022291881
1.73829359375E-07, -0.00255058303869598
1.738313125E-07, -0.00287784688590352
1.73833265625E-07, -0.00249059887072805
1.7383521875E-07, -0.00275675655018877
1.73837171875E-07, -0.00275849555578687
1.73839125E-07, -0.00308016735521045
1.73841078125E-07, -0.00281720897091302
1.7384303125E-07, -0.0033914791468646
1.73844984375E-07, -0.00257422902607764
1.738469375E-07, -0.00303651996318601
1.73848890625E-07, -0.00294412460014692
1.7385084375E-07, -0.00332436937373094
1.73852796875E-07, -0.00325592340958802
1.7385475E-07, -0.00329010503315281
1.73856703125E-07, -0.00381453727907771
1.7385865625E-07, -0.00362894996166315
1.73860609375E-07, -0.00348178319854688
1.738625625E-07, -0.00342354419809176
1.73864515625E-07, -0.00367349368611034
1.7386646875E-07, -0.00397717939639527
1.73868421875E-07, -0.00393738216557989
1.73870375E-07, -0.00388154820773337
1.73872328125E-07, -0.00418048430585302
1.7387428125E-07, -0.00417965031513411
1.73876234375E-07, -0.00387142355587234
1.738781875E-07, -0.00407159238799434
1.73880140625E-07, -0.00399787396089127
1.7388209375E-07, -0.00410689394962713
1.73884046875E-07, -0.00424921365488838
1.73886E-07, -0.00434119363845011
1.73887953125E-07, -0.00459168571663
1.7388990625E-07, -0.00456322211230551
1.73891859375E-07, -0.00502144696026218
1.738938125E-07, -0.00428366577838513
1.73895765625E-07, -0.0046150616816519
1.7389771875E-07, -0.00515411329184346
1.73899671875E-07, -0.00453346296471475
1.73901625E-07, -0.00486096042278057
1.73903578125E-07, -0.0049697237156852
1.7390553125E-07, -0.00481402123188939
1.73907484375E-07, -0.00537556923291736
1.739094375E-07, -0.00520363146423616
1.73911390625E-07, -0.00510515918971388
1.7391334375E-07, -0.00532384490806694
1.73915296875E-07, -0.0053188194158747
1.7391725E-07, -0.00527451372416118
1.73919203125E-07, -0.0053633776252682
1.7392115625E-07, -0.00535957786029104
1.73923109375E-07, -0.00572449711111057
1.739250625E-07, -0.00542326337697086
1.73927015625E-07, -0.00576775526235041
1.7392896875E-07, -0.00546661347462446
1.73930921875E-07, -0.00601583844597559
1.73932875E-07, -0.00567716690542231
1.73934828125E-07, -0.00562103057195553
1.7393678125E-07, -0.00588783930327547
1.73938734375E-07, -0.00549363708931449
1.739406875E-07, -0.00552378420365893
1.73942640625E-07, -0.00532463126603213
1.7394459375E-07, -0.0055680381059327
1.73946546875E-07, -0.00530019086698534
1.739485E-07, -0.00564411900290066
1.73950453125E-07, -0.00562918583598999
1.7395240625E-07, -0.00552770547167024
1.73954359375E-07, -0.00557565638632933
1.739563125E-07, -0.00557577843031049
1.73958265625E-07, -0.00522676562488922
1.7396021875E-07, -0.00531511587380448
1.73962171875E-07, -0.00535049089673993
1.73964125E-07, -0.00519854882111218
1.73966078125E-07, -0.00507748277750677
1.7396803125E-07, -0.00517653205118947
1.73969984375E-07, -0.00514928454751745
1.739719375E-07, -0.00525770278682038
1.73973890625E-07, -0.00500181355017192
1.7397584375E-07, -0.00522275628794451
1.73977796875E-07, -0.00461460983282024
1.7397975E-07, -0.00491868025853163
1.73981703125E-07, -0.00465096043914181
1.7398365625E-07, -0.00470530820419854
1.73985609375E-07, -0.00442814593784755
1.739875625E-07, -0.00398355007083909
1.73989515625E-07, -0.00435989923838889
1.7399146875E-07, -0.00414192828597414
1.73993421875E-07, -0.00394282930062022
1.73995375E-07, -0.00336435774329603
1.73997328125E-07, -0.00303369313023433
1.7399928125E-07, -0.00266342767542612
1.74001234375E-07, -0.0032535247873384
1.740031875E-07, -0.00309078461761991
1.74005140625E-07, -0.00259397887961038
1.7400709375E-07, -0.00285840300783539
1.74009046875E-07, -0.00226512822261113
1.74011E-07, -0.00181575481493053
1.74012953125E-07, -0.000676709469184288
1.7401490625E-07, -0.00133288118413353
1.74016859375E-07, -0.00160177578888851
1.740188125E-07, -0.00132504075653148
1.74020765625E-07, -0.000782572707271068
1.7402271875E-07, -0.000395383483239513
1.74024671875E-07, 0.000618537740808001
1.74026625E-07, -0.00127853675004168
1.74028578125E-07, 0.000168434067581852
1.7403053125E-07, 0.000924361807120243
1.74032484375E-07, 0.000747803760411381
1.740344375E-07, 0.00249236102754089
1.74036390625E-07, 0.000946858333245131
1.7403834375E-07, 0.00126071246448307
1.74040296875E-07, 0.00193011863415099
1.7404225E-07, 0.00309080324934648
1.74044203125E-07, 0.00389337815803156
1.7404615625E-07, 0.00304060197158407
1.74048109375E-07, 0.00319285813227028
1.740500625E-07, 0.00348341778392263
1.74052015625E-07, 0.00479701156135621
1.7405396875E-07, 0.00415978620606616
1.74055921875E-07, 0.00539401382177876
1.74057875E-07, 0.00580026008275359
1.74059828125E-07, 0.00648330301294161
1.7406178125E-07, 0.006496176617121
1.74063734375E-07, 0.00631517209880242
1.740656875E-07, 0.00815206270030812
1.74067640625E-07, 0.00868728943890823
1.7406959375E-07, 0.00934744010345761
1.74071546875E-07, 0.00962940719252261
1.740735E-07, 0.0087556788584832
1.74075453125E-07, 0.0114210948804642
1.7407740625E-07, 0.0116816875739189
1.74079359375E-07, 0.00946024088882366
1.740813125E-07, 0.0102967784732044
1.74083265625E-07, 0.0116540557168223
1.7408521875E-07, 0.0134765589200903
1.74087171875E-07, 0.0136882560350829
1.74089125E-07, 0.0126440974211157
1.74091078125E-07, 0.0151658428321758
1.7409303125E-07, 0.0155232998147276
1.74094984375E-07, 0.0152989889804506
1.740969375E-07, 0.0149045235485427
1.74098890625E-07, 0.015692290185247
1.7410084375E-07, 0.0183491956172959
1.74102796875E-07, 0.016617910458312
1.7410475E-07, 0.018457420894094
1.74106703125E-07, 0.0198442902844937
1.7410865625E-07, 0.0190152091757057
1.74110609375E-07, 0.0195375696305726
1.741125625E-07, 0.0205469088290445
1.74114515625E-07, 0.0206052381723883
1.7411646875E-07, 0.0207351144831145
1.74118421875E-07, 0.0220163877165177
1.74120375E-07, 0.0234022448957206
1.74122328125E-07, 0.0257503292102365
1.7412428125E-07, 0.0241433018005059
1.74126234375E-07, 0.0245741409953664
1.741281875E-07, 0.0264450212923457
1.74130140625E-07, 0.0252904123310292
1.7413209375E-07, 0.0272830476413761
1.74134046875E-07, 0.02554329265012
1.74136E-07, 0.0275822471540396
1.74137953125E-07, 0.0274761583225806
1.7413990625E-07, 0.0267362747586801
1.74141859375E-07, 0.029239117670884
1.741438125E-07, 0.0288351763488401
1.74145765625E-07, 0.0296692474767513
1.7414771875E-07, 0.0297502736867815
1.74149671875E-07, 0.0300663072661235
1.74151625E-07, 0.0307234583330123
1.74153578125E-07, 0.0316612043397954
1.7415553125E-07, 0.032885135743938
1.74157484375E-07, 0.0320345952680308
1.741594375E-07, 0.0324976304014413
1.74161390625E-07, 0.0326597463845083
1.7416334375E-07, 0.0339937602689668
1.74165296875E-07, 0.0338377040515969
1.7416725E-07, 0.0339735894866681
1.74169203125E-07, 0.0336010810352006
1.7417115625E-07, 0.0343956843859107
1.74173109375E-07, 0.0346201359348204
1.741750625E-07, 0.0351276980520263
1.74177015625E-07, 0.0347814716521279
1.7417896875E-07, 0.0348402991976089
1.74180921875E-07, 0.0334034084689809
1.74182875E-07, 0.0347320648585259
1.74184828125E-07, 0.0349469306904195
1.7418678125E-07, 0.0347312118231148
1.74188734375E-07, 0.0346534726969879
1.741906875E-07, 0.0349196483840839
1.74192640625E-07, 0.0347390770045547
1.7419459375E-07, 0.0343195842006965
1.74196546875E-07, 0.0342548944148026
1.741985E-07, 0.032712050374449
1.74200453125E-07, 0.033747382664263
1.7420240625E-07, 0.0336800510768408
1.74204359375E-07, 0.0330416462186369
1.742063125E-07, 0.0330749038584141
1.74208265625E-07, 0.0321909127202948
1.7421021875E-07, 0.0311387705325116
1.74212171875E-07, 0.0317620937336877
1.74214125E-07, 0.0318333693432621
1.74216078125E-07, 0.0268587921001665
1.7421803125E-07, 0.0304059192219167
1.74219984375E-07, 0.0303953535672365
1.742219375E-07, 0.0296727791554972
1.74223890625E-07, 0.0273999105500339
1.7422584375E-07, 0.026891331276673
1.74227796875E-07, 0.0252838777316398
1.7422975E-07, 0.0236267744144645
1.74231703125E-07, 0.0254075654881855
1.7423365625E-07, 0.0226372485105365
1.74235609375E-07, 0.0200599258293231
1.742375625E-07, 0.0210690548934723
1.74239515625E-07, 0.0196118413922756
1.7424146875E-07, 0.0202360863901823
1.74243421875E-07, 0.0188850792881418
1.74245375E-07, 0.0156684598549937
1.74247328125E-07, 0.0161876618913572
1.7424928125E-07, 0.0161281454903784
1.74251234375E-07, 0.0113150242308508
1.742531875E-07, 0.0120218265878799
1.74255140625E-07, 0.0117417473797493
1.7425709375E-07, 0.00882727855522142
1.74259046875E-07, 0.00775337049059688
1.74261E-07, 0.00363905288802976
1.74262953125E-07, 0.00506930829581803
1.7426490625E-07, 0.00225679247997645
1.74266859375E-07, 0.00342570901162228
1.742688125E-07, -0.00104059367781149
1.74270765625E-07, -0.00378290318900354
1.7427271875E-07, -0.00526860172215527
1.74274671875E-07, -0.0051545524613849
1.74276625E-07, -0.0045785677700078
1.74278578125E-07, -0.0078559235961948
1.7428053125E-07, -0.00989219276914465
1.74282484375E-07, -0.0155338485867239
1.742844375E-07, -0.0135407234872908
1.74286390625E-07, -0.0208645140013032
1.7428834375E-07, -0.0194142347432541
1.74290296875E-07, -0.0200094349512576
1.7429225E-07, -0.0339125498458496
1.74294203125E-07, -0.0265922057421003
1.7429615625E-07, -0.023429827204576
1.74298109375E-07, -0.0411878782715957
1.743000625E-07, -0.0325544723179508
1.74302015625E-07, -0.0374236867827367
1.7430396875E-07, -0.0374711089331647
1.74305921875E-07, -0.0425393653056926
1.74307875E-07, -0.0418544264134718
1.74309828125E-07, -0.0417421376959174
1.7431178125E-07, -0.0465032643995094
1.74313734375E-07, -0.0472053521796618
1.743156875E-07, -0.0525378826134323
1.74317640625E-07, -0.0586428482676343
1.7431959375E-07, -0.0538418157826187
1.74321546875E-07, -0.0624139678743648
1.743235E-07, -0.0639978858620696
1.74325453125E-07, -0.0645426341592057
1.7432740625E-07, -0.0695213017493737
1.74329359375E-07, -0.0596521935792251
1.743313125E-07, -0.0718750366329381
1.74333265625E-07, -0.0736698699025601
1.7433521875E-07, -0.0832525090653
1.74337171875E-07, -0.0790671581752269
1.74339125E-07, -0.0784861715095363
1.74341078125E-07, -0.0813211114790217
1.7434303125E-07, -0.0880990254324404
1.74344984375E-07, -0.0915785027134512
1.743469375E-07, -0.0865495900710984
1.74348890625E-07, -0.0927931587907478
1.7435084375E-07, -0.0955894024367829
1.74352796875E-07, -0.0935800515731936
1.7435475E-07, -0.100442473587471
1.74356703125E-07, -0.0921702238437905
1.7435865625E-07, -0.105544941803024
1.74360609375E-07, -0.106913617241222
1.743625625E-07, -0.10928181309488
1.74364515625E-07, -0.106527376401932
1.7436646875E-07, -0.107950915357364
1.74368421875E-07, -0.108611114831982
1.74370375E-07, -0.113750938678478
1.74372328125E-07, -0.114508186583212
1.7437428125E-07, -0.113888450766945
1.74376234375E-07, -0.117264732219418
1.743781875E-07, -0.120330194631524
1.74380140625E-07, -0.121087336024463
1.7438209375E-07, -0.114699486781595
1.74384046875E-07, -0.12042419434298
1.74386E-07, -0.120218524354304
1.74387953125E-07, -0.123523253187292
1.7438990625E-07, -0.121614968090352
1.74391859375E-07, -0.120195585633805
1.743938125E-07, -0.116667217212749
1.74395765625E-07, -0.122004239546609
1.7439771875E-07, -0.119092226156526
1.74399671875E-07, -0.123742169554977
1.74401625E-07, -0.118417746543445
1.74403578125E-07, -0.119314881615306
1.7440553125E-07, -0.119696214748879
1.74407484375E-07, -0.110796637741051
1.744094375E-07, -0.121388751435482
1.74411390625E-07, -0.115131170195056
1.7441334375E-07, -0.11530847917553
1.74415296875E-07, -0.110139705149472
1.7441725E-07, -0.109559872711098
1.74419203125E-07, -0.111281862865662
1.7442115625E-07, -0.106463082154133
1.74423109375E-07, -0.0965948799951011
1.744250625E-07, -0.0984222945624106
1.74427015625E-07, -0.105707424725584
1.7442896875E-07, -0.0956957462147381
1.74430921875E-07, -0.0923045407702275
1.74432875E-07, -0.0956198800432659
1.74434828125E-07, -0.094518538885204
1.7443678125E-07, -0.0953218093984634
1.74438734375E-07, -0.0807261002430418
1.744406875E-07, -0.0809273447515544
1.74442640625E-07, -0.0708246009745957
1.7444459375E-07, -0.0811763004839885
1.74446546875E-07, -0.0732364121825161
1.744485E-07, -0.0578517410817899
1.74450453125E-07, -0.0612375373112089
1.7445240625E-07, -0.052261136286431
1.74454359375E-07, -0.0582363150384339
1.744563125E-07, -0.0401620822862093
1.74458265625E-07, -0.0423603551466077
1.7446021875E-07, -0.0513761350715129
1.74462171875E-07, -0.0228857948697913
1.74464125E-07, -0.0409677423918599
1.74466078125E-07, -0.0278188066451879
1.7446803125E-07, -0.0263494415098237
1.74469984375E-07, -0.0245465672215572
1.744719375E-07, -0.0248108671088283
1.74473890625E-07, -0.0204860906925064
1.7447584375E-07, -0.00387195953202961
1.74477796875E-07, 0.00120773904409632
1.7447975E-07, -0.00349156023411926
1.74481703125E-07, -0.00266084386076556
1.7448365625E-07, -0.000983313363419206
1.74485609375E-07, 0.0199564858939469
1.744875625E-07, 0.0173785835989138
1.74489515625E-07, 0.0229478668109357
1.7449146875E-07, 0.0216071874652788
1.74493421875E-07, 0.0342662493429252
1.74495375E-07, 0.0386194994480454
1.74497328125E-07, 0.0346366423709768
1.7449928125E-07, 0.0266730112757199
1.74501234375E-07, 0.0419762016903031
1.745031875E-07, 0.0499923190039968
1.74505140625E-07, 0.0547078509513519
1.7450709375E-07, 0.0536207978424132
1.74509046875E-07, 0.0613059137960967
1.74511E-07, 0.0677341799492779
1.74512953125E-07, 0.0725005639493044
1.7451490625E-07, 0.0707732861078934
1.74516859375E-07, 0.064906035383544
1.745188125E-07, 0.0770073880823793
1.74520765625E-07, 0.0802062614669343
1.7452271875E-07, 0.0810524690852279
1.74524671875E-07, 0.0859894507660656
1.74526625E-07, 0.081827791431324
1.74528578125E-07, 0.0899001288439084
1.7453053125E-07, 0.0902444114357184
1.74532484375E-07, 0.0930845823940257
1.745344375E-07, 0.0895780098446973
1.74536390625E-07, 0.0925560082488736
1.7453834375E-07, 0.10034769150047
1.74540296875E-07, 0.096110191456497
1.7454225E-07, 0.0986695481077099
1.74544203125E-07, 0.100434815100974
1.7454615625E-07, 0.0912245268171793
1.74548109375E-07, 0.101905805722072
1.745500625E-07, 0.0930177208038002
1.74552015625E-07, 0.101427439493343
1.7455396875E-07, 0.0971499122339198
1.74555921875E-07, 0.099238419234791
1.74557875E-07, 0.100366438639129
1.74559828125E-07, 0.100072806707578
1.7456178125E-07, 0.0946496493495273
1.74563734375E-07, 0.0973989143135575
1.745656875E-07, 0.0921655253212316
1.74567640625E-07, 0.0971741056230175
1.7456959375E-07, 0.0967889389242377
1.74571546875E-07, 0.0899958814133946
1.745735E-07, 0.0901360322018603
1.74575453125E-07, 0.0896588932132759
1.7457740625E-07, 0.0948901853009334
1.74579359375E-07, 0.0891605996064941
1.745813125E-07, 0.0867850669196418
1.74583265625E-07, 0.088684950248985
1.7458521875E-07, 0.0832818185038375
1.74587171875E-07, 0.081877904436504
1.74589125E-07, 0.0807387779326194
1.74591078125E-07, 0.0798933455391648
1.7459303125E-07, 0.0777618115106101
1.74594984375E-07, 0.0720401573277216
1.745969375E-07, 0.0749045165701378
1.74598890625E-07, 0.0730289550778641
1.7460084375E-07, 0.0659462864205793
1.74602796875E-07, 0.0650336982254553
1.7460475E-07, 0.0642895643170415
1.74606703125E-07, 0.0669341214292371
1.7460865625E-07, 0.059991674384324
1.74610609375E-07, 0.0567883220560036
1.746125625E-07, 0.0514027217011364
1.74614515625E-07, 0.0580143165100891
1.7461646875E-07, 0.0535235401441667
1.74618421875E-07, 0.0513917776536755
1.74620375E-07, 0.0513025676177676
1.74622328125E-07, 0.0453054132020462
1.7462428125E-07, 0.0460066538194169
1.74626234375E-07, 0.0416653888317397
1.746281875E-07, 0.038901501984908
1.74630140625E-07, 0.0410679422958008
1.7463209375E-07, 0.0410279857509634
1.74634046875E-07, 0.0365453460346487
1.74636E-07, 0.0399294358366048
1.74637953125E-07, 0.0287019598386348
1.7463990625E-07, 0.0312049912200245
1.74641859375E-07, 0.0323063252102947
1.746438125E-07, 0.028256108838381
1.74645765625E-07, 0.0299131683749634
1.7464771875E-07, 0.0256175296149926
1.74649671875E-07, 0.0304628969438181
1.74651625E-07, 0.0241328803865568
1.74653578125E-07, 0.0220890100073312
1.7465553125E-07, 0.0236611857321065
1.74657484375E-07, 0.0227779468780775
1.746594375E-07, 0.022906464696638
1.74661390625E-07, 0.0210498499973515
1.7466334375E-07, 0.0211654817418941
1.74665296875E-07, 0.021367540644736
1.7466725E-07, 0.021154478065666
1.74669203125E-07, 0.0204224474299544
1.7467115625E-07, 0.0203723855346351
1.74673109375E-07, 0.0195228036831225
1.746750625E-07, 0.020252391529544
1.74677015625E-07, 0.0194489685817254
1.7467896875E-07, 0.0188135851284486
1.74680921875E-07, 0.0193148190041618
1.74682875E-07, 0.0188770216504919
1.74684828125E-07, 0.0186433299412167
1.7468678125E-07, 0.0186930574141161
1.74688734375E-07, 0.0187985741437585
1.746906875E-07, 0.0190852944764965
1.74692640625E-07, 0.0190076523493924
1.7469459375E-07, 0.0188442201395726
1.74696546875E-07, 0.0189906805216595
1.746985E-07, 0.0193306069215729
1.74700453125E-07, 0.0191971570957594
1.7470240625E-07, 0.0197999903822602
1.74704359375E-07, 0.0190361877454368
1.747063125E-07, 0.0193776021848537
1.74708265625E-07, 0.0197970309830347
1.7471021875E-07, 0.0221171337956474
1.74712171875E-07, 0.0193127047647449
1.74714125E-07, 0.0196849768809973
1.74716078125E-07, 0.0194438387007313
1.7471803125E-07, 0.0192876674585344
1.74719984375E-07, 0.0194415426734854
1.747219375E-07, 0.0194020880479291
1.74723890625E-07, 0.0198699518013501
1.7472584375E-07, 0.0192279507316897
1.74727796875E-07, 0.01923240912137
1.7472975E-07, 0.0193110425352216
1.74731703125E-07, 0.0183585888422953
1.7473365625E-07, 0.0190174803149295
1.74735609375E-07, 0.0188887136485561
1.747375625E-07, 0.0183359664857296
1.74739515625E-07, 0.0185362604969772
1.7474146875E-07, 0.0169408034899912
1.74743421875E-07, 0.0181130617788674
1.74745375E-07, 0.0171913804433257
1.74747328125E-07, 0.0208006509228864
1.7474928125E-07, 0.0165296620602376
1.74751234375E-07, 0.0154743888305157
1.747531875E-07, 0.0146565419825847
1.74755140625E-07, 0.0152899182447976
1.7475709375E-07, 0.0198266959325581
1.74759046875E-07, 0.0135750067807203
1.74761E-07, 0.0131595527671966
1.74762953125E-07, 0.012855153937226
1.7476490625E-07, 0.0122073733538862
1.74766859375E-07, 0.0118203506136166
1.747688125E-07, 0.0102085840015739
1.74770765625E-07, 0.00990759157754451
1.7477271875E-07, 0.0075272870777145
1.74774671875E-07, 0.00973476746665301
1.74776625E-07, 0.0063891431195464
1.74778578125E-07, 0.00689840748851954
1.7478053125E-07, 0.00714006919746309
1.74782484375E-07, 0.006133954212239
1.747844375E-07, 0.00714508878611771
1.74786390625E-07, 0.00610920193312868
1.7478834375E-07, 0.00324419825832711
1.74790296875E-07, 0.00308959743471069
1.7479225E-07, 0.00279663988811618
1.74794203125E-07, 0.00230981829698774
1.7479615625E-07, 0.000672234486867921
1.74798109375E-07, 0.00170803026135674
1.748000625E-07, 0.00119552088465238
1.74802015625E-07, 0.000131779707626598
1.7480396875E-07, -0.00184036925431303
1.74805921875E-07, -0.001424481026549
1.74807875E-07, -0.00297711799537974
1.74809828125E-07, -0.00252664339612459
1.7481178125E-07, -0.00270816098816498
1.74813734375E-07, -0.00346914324857064
1.748156875E-07, -0.00550835749634441
1.74817640625E-07, -0.00442785446687039
1.7481959375E-07, -0.00548462061016988
1.74821546875E-07, -0.00584311339305477
1.748235E-07, -0.00596653846352897
1.74825453125E-07, -0.00706836767001017
1.7482740625E-07, -0.00554192311230216
1.74829359375E-07, -0.00741178916511261
1.748313125E-07, -0.00768882692140297
1.74833265625E-07, -0.00770679605309927
1.7483521875E-07, -0.0078819579599811
1.74837171875E-07, -0.00808196527208693
1.74839125E-07, -0.00837195400507295
1.74841078125E-07, -0.00840220306227605
1.7484303125E-07, -0.00669885868163027
1.74844984375E-07, -0.00859935320882284
1.748469375E-07, -0.00834189897478779
1.74848890625E-07, -0.00891644003334212
1.7485084375E-07, -0.00869625229882796
1.74852796875E-07, -0.00928060653126394
1.7485475E-07, -0.00893201613285933
1.74856703125E-07, -0.008571328383873
1.7485865625E-07, -0.00868432470182366
1.74860609375E-07, -0.0082212923105251
1.748625625E-07, -0.00840897961596824
1.74864515625E-07, -0.00805199822465482
1.7486646875E-07, -0.00783610366769096
1.74868421875E-07, -0.00783894884891743
1.74870375E-07, -0.00779009169302824
1.74872328125E-07, -0.00751582427574057
1.7487428125E-07, -0.00720027628649505
1.74876234375E-07, -0.00667129166234837
1.748781875E-07, -0.00693936322354954
1.74880140625E-07, -0.00708801104711296
1.7488209375E-07, -0.0059780138005976
1.74884046875E-07, -0.00561473667290886
1.74886E-07, -0.00512745196968441
1.74887953125E-07, -0.00542438979244182
1.7488990625E-07, -0.00605922847102466
1.74891859375E-07, -0.00465171655369767
1.748938125E-07, -0.00530451853576193
1.74895765625E-07, -0.00523254770170027
1.7489771875E-07, -0.00485642474855277
1.74899671875E-07, -0.00432870292147076
1.74901625E-07, -0.00220053205891436
1.74903578125E-07, -0.00319876617142234
1.7490553125E-07, -0.00303244035957262
1.74907484375E-07, -0.00359259430702677
1.749094375E-07, -0.00171394363137231
1.74911390625E-07, -0.00234275975176838
1.7491334375E-07, -0.001597584440162
1.74915296875E-07, -0.00169858456062158
1.7491725E-07, -0.00142897371358059
1.74919203125E-07, -0.00139115801299666
1.7492115625E-07, -0.000963342751410812
1.74923109375E-07, -0.000285681097150723
1.749250625E-07, -0.00024891586412087
1.74927015625E-07, 0.000124056595475663
1.7492896875E-07, 0.000443240092075804
1.74930921875E-07, 0.000236328594957642
1.74932875E-07, 0.00114624983130881
1.74934828125E-07, -1.94328746596477E-05
1.7493678125E-07, 0.000300718053666713
1.74938734375E-07, 0.00162393491043245
1.749406875E-07, 0.00108416655066053
1.74942640625E-07, 0.0014013454605112
1.7494459375E-07, 0.00115530382828108
1.74946546875E-07, 0.00117341858749055
1.749485E-07, 0.00216466745607197
1.74950453125E-07, 0.00061949648885752
1.7495240625E-07, 0.00121061763060383
1.74954359375E-07, 0.00179466825594846
1.749563125E-07, 0.00159003250514475
1.74958265625E-07, 0.002397979868502
1.7496021875E-07, 0.00156685996215992
1.74962171875E-07, 0.00230234335319897
1.74964125E-07, 0.00158556103920317
1.74966078125E-07, 0.00192597719105388
1.7496803125E-07, 0.00262339534717768
1.74969984375E-07, 0.00137758479411525
1.749719375E-07, 0.00192161056276903
1.74973890625E-07, 0.00168701971825754
1.7497584375E-07, 0.000995989496581806
1.74977796875E-07, 0.00124760941182502
1.7497975E-07, 0.000348917622549077
1.74981703125E-07, 0.00152360803940614
1.7498365625E-07, 0.00133309985073159
1.74985609375E-07, 0.000735910532637024
1.749875625E-07, 0.001387248287378
1.74989515625E-07, -0.000243238447622382
1.7499146875E-07, 0.000529881271479983
1.74993421875E-07, 0.000475864253581671
1.74995375E-07, -0.000306948081967462
1.74997328125E-07, -7.90901467394793E-05
1.7499928125E-07, -0.000196653123811983
1.75001234375E-07, -0.000977915182315814
1.750031875E-07, -0.000487684843703746
1.75005140625E-07, -0.00111814401021403
1.7500709375E-07, -0.00212872788499944
1.75009046875E-07, -0.00122579080866178
1.75011E-07, -0.00132130447399737
1.75012953125E-07, -0.00232319291288309
1.7501490625E-07, -0.00173581853584015
1.75016859375E-07, -0.00266685404375237
1.750188125E-07, -0.00264138741935926
1.75020765625E-07, -0.0027730130467819
1.7502271875E-07, -0.00230734659700537
1.75024671875E-07, -0.00271019422592735
1.75026625E-07, -0.00448746047402956
1.75028578125E-07, -0.00446667004622371
1.7503053125E-07, -0.00409307339018911
1.75032484375E-07, -0.00466290646345492
1.750344375E-07, -0.00482970842431692
1.75036390625E-07, -0.00586015498013396
1.7503834375E-07, -0.00583294665087215
1.75040296875E-07, -0.00572463384874262
1.7504225E-07, -0.00803910594136637
1.75044203125E-07, -0.0075227997510279
1.7504615625E-07, -0.00920598611406996
1.75048109375E-07, -0.00888254164482253
1.750500625E-07, -0.00824767838580796
1.75052015625E-07, -0.00974556142619798
1.7505396875E-07, -0.00922261101407513
1.75055921875E-07, -0.0107306406805828
1.75057875E-07, -0.0106808853306783
1.75059828125E-07, -0.011164742596552
1.7506178125E-07, -0.0125772389311923
1.75063734375E-07, -0.0124758340313353
1.750656875E-07, -0.0115057419078472
1.75067640625E-07, -0.0130597782890663
1.7506959375E-07, -0.0118930568046146
1.75071546875E-07, -0.0162791631310997
1.750735E-07, -0.0147824686255272
1.75075453125E-07, -0.0150127860085164
1.7507740625E-07, -0.0137349328078605
1.75079359375E-07, -0.0172976510221814
1.750813125E-07, -0.0177647612952231
1.75083265625E-07, -0.0191495732716254
1.7508521875E-07, -0.0179853872362619
1.75087171875E-07, -0.0184543079305107
1.75089125E-07, -0.0196226959386989
1.75091078125E-07, -0.0200518546369571
1.7509303125E-07, -0.0215089595241499
1.75094984375E-07, -0.0202349000539962
1.750969375E-07, -0.0222802742974162
1.75098890625E-07, -0.0228833822872533
1.7510084375E-07, -0.021433470162723
1.75102796875E-07, -0.0231215074573549
1.7510475E-07, -0.0235835170023483
1.75106703125E-07, -0.0240585212914111
1.7510865625E-07, -0.0241733962862505
1.75110609375E-07, -0.0243873181896331
1.751125625E-07, -0.0254074528880354
1.75114515625E-07, -0.0273307532349907
1.7511646875E-07, -0.0269145360277241
1.75118421875E-07, -0.0281907403190911
1.75120375E-07, -0.0271654958186597
1.75122328125E-07, -0.0281899265400043
1.7512428125E-07, -0.0283313911497017
1.75126234375E-07, -0.0292115353725096
1.751281875E-07, -0.0301752739484041
1.75130140625E-07, -0.0293309032310929
1.7513209375E-07, -0.0293661724233598
1.75134046875E-07, -0.0306474875443055
1.75136E-07, -0.0308871208713016
1.75137953125E-07, -0.0297696528817389
1.7513990625E-07, -0.0302272687010668
1.75141859375E-07, -0.0315377986939188
1.751438125E-07, -0.029785224384035
1.75145765625E-07, -0.0320243855121066
1.7514771875E-07, -0.0313655337202322
1.75149671875E-07, -0.0323846935385988
1.75151625E-07, -0.0318513880897763
1.75153578125E-07, -0.0314226429784087
1.7515553125E-07, -0.0332634425884347
1.75157484375E-07, -0.0326176515022888
1.751594375E-07, -0.0312254990189807
1.75161390625E-07, -0.0329312563808436
1.7516334375E-07, -0.0322964029231888
1.75165296875E-07, -0.0320845100278521
1.7516725E-07, -0.0328448101446045
1.75169203125E-07, -0.0323882858575617
1.7517115625E-07, -0.0327528706485892
1.75173109375E-07, -0.0323292418451773
1.751750625E-07, -0.0327546906794483
1.75177015625E-07, -0.0331753109145682
1.7517896875E-07, -0.0329545393589978
1.75180921875E-07, -0.0329899296710795
1.75182875E-07, -0.0320052515108853
1.75184828125E-07, -0.0327508011479771
1.7518678125E-07, -0.0312723333130556
1.75188734375E-07, -0.0321513078849342
1.751906875E-07, -0.0308413706878015
1.75192640625E-07, -0.0321632421449735
1.7519459375E-07, -0.0316664915893838
1.75196546875E-07, -0.0302803518787314
1.751985E-07, -0.030952953277795
1.75200453125E-07, -0.0311359828948049
1.7520240625E-07, -0.0300899581458152
1.75204359375E-07, -0.0300987889910135
1.752063125E-07, -0.0299355838356084
1.75208265625E-07, -0.0297712680189575
1.7521021875E-07, -0.0299698588270697
1.75212171875E-07, -0.0292576402409048
1.75214125E-07, -0.0292007256432787
1.75216078125E-07, -0.0290110614093385
1.7521803125E-07, -0.0285468109581387
1.75219984375E-07, -0.028334864312501
1.752219375E-07, -0.0273625904718654
1.75223890625E-07, -0.0271843031147171
1.7522584375E-07, -0.0271838661287594
1.75227796875E-07, -0.0277012319904108
1.7522975E-07, -0.0262619509270374
1.75231703125E-07, -0.0256594809842767
1.7523365625E-07, -0.0260934900328054
1.75235609375E-07, -0.0262638893563235
1.752375625E-07, -0.0260219792172363
1.75239515625E-07, -0.0238597073645557
1.7524146875E-07, -0.0240413171401287
1.75243421875E-07, -0.0233311819123985
1.75245375E-07, -0.0239798971039012
1.75247328125E-07, -0.0235030628803319
1.7524928125E-07, -0.0223715806614586
1.75251234375E-07, -0.0228926436070533
1.752531875E-07, -0.0218042171422243
1.75255140625E-07, -0.0220498214789096
1.7525709375E-07, -0.020895078132897
1.75259046875E-07, -0.021459485053306
1.75261E-07, -0.0201465256406863
1.75262953125E-07, -0.0186138251632754
1.7526490625E-07, -0.0200319954329674
1.75266859375E-07, -0.0195051561885576
1.752688125E-07, -0.0174249287623138
1.75270765625E-07, -0.0200238469631086
1.7527271875E-07, -0.0183522300824955
1.75274671875E-07, -0.0174692152421574
1.75276625E-07, -0.0175090285917153
1.75278578125E-07, -0.0169846964498307
1.7528053125E-07, -0.0172012585124925
1.75282484375E-07, -0.0166728044006621
1.752844375E-07, -0.0145404949981252
1.75286390625E-07, -0.015331797306275
1.7528834375E-07, -0.0142076205261531
1.75290296875E-07, -0.0150449333695558
1.7529225E-07, -0.014461178012291
1.75294203125E-07, -0.0133675124319053
1.7529615625E-07, -0.0139348630085481
1.75298109375E-07, -0.0134899894539922
1.753000625E-07, -0.0118233181375775
1.75302015625E-07, -0.0126381340222076
1.7530396875E-07, -0.0112530317733705
1.75305921875E-07, -0.0114825682387018
1.75307875E-07, -0.0109239311919961
1.75309828125E-07, -0.0106015001604026
1.7531178125E-07, -0.0106000927269479
1.75313734375E-07, -0.00974011058458369
1.753156875E-07, -0.00905811846679146
1.75317640625E-07, -0.00911712464182542
1.7531959375E-07, -0.00710823480860578
1.75321546875E-07, -0.00644678153999355
1.753235E-07, -0.0062554605350318
1.75325453125E-07, -0.00759084735934274
1.7532740625E-07, -0.00672326721411263
1.75329359375E-07, -0.00502913966561641
1.753313125E-07, -0.00552280582117204
1.75333265625E-07, -0.00541366544398088
1.7533521875E-07, -0.00414280016794244
1.75337171875E-07, -0.00503547274273913
1.75339125E-07, -0.00412570027578399
1.75341078125E-07, -0.00416837316876919
1.7534303125E-07, -0.00429808499529751
1.75344984375E-07, -0.0023624242716208
1.753469375E-07, -0.00220304714743452
1.75348890625E-07, -0.00236211114842131
1.7535084375E-07, -0.0021985526037232
1.75352796875E-07, -0.00171185961756669
1.7535475E-07, -0.00142466942057844
1.75356703125E-07, -0.000601415310183301
1.7535865625E-07, -0.00126381235972705
1.75360609375E-07, -0.00137244033258018
1.753625625E-07, -0.000572509819281227
1.75364515625E-07, 0.000199191607457348
1.7536646875E-07, 0.000888672366447629
1.75368421875E-07, -0.00133965135554273
1.75370375E-07, 1.61001223297739E-06
1.75372328125E-07, 0.00121783698340071
1.7537428125E-07, 0.00153131360349553
1.75376234375E-07, 0.00190822418045896
1.753781875E-07, 0.001858767566176
1.75380140625E-07, 0.00154350076864648
1.7538209375E-07, 0.00221581910649047
1.75384046875E-07, 0.00237747555832837
1.75386E-07, 0.00264981878733671
1.75387953125E-07, 0.00249679469392595
1.7538990625E-07, 0.00237708017836952
1.75391859375E-07, 0.00367292637568761
1.753938125E-07, 0.00342581822543294
1.75395765625E-07, 0.0028396074898643
1.7539771875E-07, 0.00274897368386724
1.75399671875E-07, 0.0034568627130944
1.75401625E-07, 0.00426279048724557
1.75403578125E-07, 0.00400070355979962
1.7540553125E-07, 0.00426975738835987
1.75407484375E-07, 0.00464817084081335
1.754094375E-07, 0.00389303975058335
1.75411390625E-07, 0.0048006457006148
1.7541334375E-07, 0.00513202365469416
1.75415296875E-07, 0.00480298973994377
1.7541725E-07, 0.0053648998693275
1.75419203125E-07, 0.00539158091332537
1.7542115625E-07, 0.00575592294970145
1.75423109375E-07, 0.0052135293528425
1.754250625E-07, 0.00641672436091153
1.75427015625E-07, 0.00630997980065227
1.7542896875E-07, 0.00630703501092536
1.75430921875E-07, 0.00550687171887615
1.75432875E-07, 0.00593629242681232
1.75434828125E-07, 0.00656904251659603
1.7543678125E-07, 0.00693889358694554
1.75438734375E-07, 0.0073364298894318
1.754406875E-07, 0.00670955221604513
1.75442640625E-07, 0.0074717114195293
1.7544459375E-07, 0.00748786575648745
1.75446546875E-07, 0.00842963889794978
1.754485E-07, 0.0080416103194211
1.75450453125E-07, 0.00869280398314195
1.7545240625E-07, 0.00885477955727099
1.75454359375E-07, 0.00767100410200654
1.754563125E-07, 0.0100602535952946
1.75458265625E-07, 0.00943792965226504
1.7546021875E-07, 0.00923008400356187
1.75462171875E-07, 0.0101232459085737
1.75464125E-07, 0.00930595758779593
1.75466078125E-07, 0.0111867872688123
1.7546803125E-07, 0.0100931005988051
1.75469984375E-07, 0.0102043680512923
1.754719375E-07, 0.0110364752127119
1.75473890625E-07, 0.0113871253809622
1.7547584375E-07, 0.0112900271429549
1.75477796875E-07, 0.0110171259380442
1.7547975E-07, 0.0120590582269228
1.75481703125E-07, 0.0124004052969711
1.7548365625E-07, 0.0126286972862587
1.75485609375E-07, 0.0127345700462205
1.754875625E-07, 0.012420644095114
1.75489515625E-07, 0.0128265127131054
1.7549146875E-07, 0.0133225063880683
1.75493421875E-07, 0.0122795276051789
1.75495375E-07, 0.0136106224364173
1.75497328125E-07, 0.0128864710846243
1.7549928125E-07, 0.0142122759495898
1.75501234375E-07, 0.0140162239606701
1.755031875E-07, 0.0143895400288598
1.75505140625E-07, 0.0142499847529666
1.7550709375E-07, 0.0144806588376806
1.75509046875E-07, 0.0150068715346534
1.75511E-07, 0.0143739771183304
1.75512953125E-07, 0.0144068036276996
1.7551490625E-07, 0.0151533445166429
1.75516859375E-07, 0.0144024643267562
1.755188125E-07, 0.0147524015187334
1.75520765625E-07, 0.0149845479081561
1.7552271875E-07, 0.0143536754729311
1.75524671875E-07, 0.0151108439763274
1.75526625E-07, 0.0143697650080256
1.75528578125E-07, 0.0141603917012738
1.7553053125E-07, 0.0152133561943971
1.75532484375E-07, 0.014463868787175
1.755344375E-07, 0.0145544504973144
1.75536390625E-07, 0.01408736995154
1.7553834375E-07, 0.0143011961017319
1.75540296875E-07, 0.0142949475837965
1.7554225E-07, 0.0141700206436949
1.75544203125E-07, 0.0146265132421648
1.7554615625E-07, 0.0143618923317991
1.75548109375E-07, 0.0144974862114869
1.755500625E-07, 0.0140976428803559
1.75552015625E-07, 0.0130475221477744
1.7555396875E-07, 0.0131291976391635
1.75555921875E-07, 0.0136377770261925
1.75557875E-07, 0.0133216865607679
1.75559828125E-07, 0.0126690717507646
1.7556178125E-07, 0.0123082768960532
1.75563734375E-07, 0.0119204084970816
1.755656875E-07, 0.0128103413495229
1.75567640625E-07, 0.0115911343009508
1.7556959375E-07, 0.0119392553070724
1.75571546875E-07, 0.0106050780008859
1.755735E-07, 0.00980038850613913
1.75575453125E-07, 0.011362366689287
1.7557740625E-07, 0.0101961924674708
1.75579359375E-07, 0.00993982114765355
1.755813125E-07, 0.00960126725368581
1.75583265625E-07, 0.00910582581081413
1.7558521875E-07, 0.0102888375161507
1.75587171875E-07, 0.00882189213193782
1.75589125E-07, 0.00880710624076593
1.75591078125E-07, 0.00911083594030105
1.7559303125E-07, 0.00806593293100789
1.75594984375E-07, 0.00771357025988026
1.755969375E-07, 0.00739690888920843
1.75598890625E-07, 0.00691426561669767
1.7560084375E-07, 0.00806037956066596
1.75602796875E-07, 0.0071928078027222
1.7560475E-07, 0.00621045364421645
1.75606703125E-07, 0.00609639190738395
1.7560865625E-07, 0.0054270904625131
1.75610609375E-07, 0.00745013848903967
1.756125625E-07, 0.00610463344397593
1.75614515625E-07, 0.00555047287946305
1.7561646875E-07, 0.00495583611962524
1.75618421875E-07, 0.00470828624000347
1.75620375E-07, 0.0054152194289947
1.75622328125E-07, 0.00440387732041946
1.7562428125E-07, 0.004422492862656
1.75626234375E-07, 0.00421090352241174
1.756281875E-07, 0.00444994156613308
1.75630140625E-07, 0.0042519046418019
1.7563209375E-07, 0.00380200480660971
1.75634046875E-07, 0.00412986112583891
1.75636E-07, 0.0039069905703433
1.75637953125E-07, 0.00387217970311822
1.7563990625E-07, 0.00372474798694293
1.75641859375E-07, 0.00348603038216302
1.756438125E-07, 0.00365280466091793
1.75645765625E-07, 0.00369147087178375
1.7564771875E-07, 0.0044700439851799
1.75649671875E-07, 0.00403134071182894
1.75651625E-07, 0.00360709278389397
1.75653578125E-07, 0.00348196188445094
1.7565553125E-07, 0.00383371960878555
1.75657484375E-07, 0.00320119806452978
1.756594375E-07, 0.00429176196824495
1.75661390625E-07, 0.00403977352237181
1.7566334375E-07, 0.00360514375361653
1.75665296875E-07, 0.00430225139203601
1.7566725E-07, 0.00378447868845695
1.75669203125E-07, 0.00413833354878395
1.7567115625E-07, 0.00447053100777512
1.75673109375E-07, 0.00453414857378698
1.756750625E-07, 0.00468265619279983
1.75677015625E-07, 0.00470285582900626
1.7567896875E-07, 0.00487546947892699
1.75680921875E-07, 0.00479176646476172
1.75682875E-07, 0.00499762662333834
1.75684828125E-07, 0.00552555929676843
1.7568678125E-07, 0.00615166082428021
1.75688734375E-07, 0.0065499763698306
1.756906875E-07, 0.00505357009774033
1.75692640625E-07, 0.00530392973965816
1.7569459375E-07, 0.00614464808824924
1.75696546875E-07, 0.00627828192810117
1.756985E-07, 0.00620364302224886
1.75700453125E-07, 0.00628786709135745
1.7570240625E-07, 0.00638954996374222
1.75704359375E-07, 0.00609445194288658
1.757063125E-07, 0.00657405654230141
1.75708265625E-07, 0.00673837715901042
1.7571021875E-07, 0.00666440613951056
1.75712171875E-07, 0.00713814891943934
1.75714125E-07, 0.00689438709720101
1.75716078125E-07, 0.00778956253770339
1.7571803125E-07, 0.00751800513988843
1.75719984375E-07, 0.00790491949930897
1.757219375E-07, 0.00806651553554741
1.75723890625E-07, 0.0071786037458471
1.7572584375E-07, 0.007417084182458
1.75727796875E-07, 0.00796624653435848
1.7572975E-07, 0.0081333181391214
1.75731703125E-07, 0.0083687712841339
1.7573365625E-07, 0.00844677880012145
1.75735609375E-07, 0.00825124730156036
1.757375625E-07, 0.0082598540949549
1.75739515625E-07, 0.00874709690875438
1.7574146875E-07, 0.00842747930065069
1.75743421875E-07, 0.00874250414651703
1.75745375E-07, 0.00906802894421192
1.75747328125E-07, 0.00917729358554038
1.7574928125E-07, 0.00882304265870862
1.75751234375E-07, 0.00947713312047505
1.757531875E-07, 0.00951330669513993
1.75755140625E-07, 0.0100723927131744
1.7575709375E-07, 0.00963495744214552
1.75759046875E-07, 0.0092176767329747
1.75761E-07, 0.00965434376768998
1.75762953125E-07, 0.00982831108312935
1.7576490625E-07, 0.00982221154741404
1.75766859375E-07, 0.00996171963626452
1.757688125E-07, 0.0101122796479636
1.75770765625E-07, 0.00994034945340237
1.7577271875E-07, 0.0102473305467768
1.75774671875E-07, 0.0103579255262722
1.75776625E-07, 0.010395584814248
1.75778578125E-07, 0.0102267505281053
1.7578053125E-07, 0.0106474283075025
1.75782484375E-07, 0.0106570758136905
1.757844375E-07, 0.0107451614070983
1.75786390625E-07, 0.0106735684468289
1.7578834375E-07, 0.010630220016511
1.75790296875E-07, 0.0110072078607045
1.7579225E-07, 0.0105997541294423
1.75794203125E-07, 0.0110790677433679
1.7579615625E-07, 0.0111410813993087
1.75798109375E-07, 0.0108124398533291
1.758000625E-07, 0.011408800501322
1.75802015625E-07, 0.0111938798599877
1.7580396875E-07, 0.0113899408474294
1.75805921875E-07, 0.0117054446865924
1.75807875E-07, 0.0113473892606519
1.75809828125E-07, 0.0116791220818051
1.7581178125E-07, 0.01139041587489
1.75813734375E-07, 0.0116879811238048
1.758156875E-07, 0.0116427463020383
1.75817640625E-07, 0.0121345830338137
1.7581959375E-07, 0.0121542538025669
1.75821546875E-07, 0.0120794485437731
1.758235E-07, 0.0120193752654271
1.75825453125E-07, 0.0122789522688512
1.7582740625E-07, 0.0122986077085815
1.75829359375E-07, 0.0124282058686343
1.758313125E-07, 0.0124120744868134
1.75833265625E-07, 0.0122357312659517
1.7583521875E-07, 0.0125097397937751
1.75837171875E-07, 0.0126651297670293
1.75839125E-07, 0.0127242806213416
1.75841078125E-07, 0.0124689292152201
1.7584303125E-07, 0.0125730986065621
1.75844984375E-07, 0.0126743634213471
1.758469375E-07, 0.0131017556152646
1.75848890625E-07, 0.0130417587277373
1.7585084375E-07, 0.0126228845163765
1.75852796875E-07, 0.0132023620431386
1.7585475E-07, 0.0127770544621573
1.75856703125E-07, 0.0128960154159807
1.7585865625E-07, 0.0124885695425184
1.75860609375E-07, 0.0130482024456174
1.758625625E-07, 0.0131531262415084
1.75864515625E-07, 0.0128282203210796
1.7586646875E-07, 0.0128970313389454
1.75868421875E-07, 0.012590584115062
1.75870375E-07, 0.012951843902863
1.75872328125E-07, 0.0129501663258143
1.7587428125E-07, 0.0131281987282582
1.75876234375E-07, 0.0134351787462486
1.758781875E-07, 0.0130470849909186
1.75880140625E-07, 0.0133048880900223
1.7588209375E-07, 0.0128054713218569
1.75884046875E-07, 0.0134534632700005
1.75886E-07, 0.013147194352814
1.75887953125E-07, 0.0129422729440643
1.7588990625E-07, 0.0130807067352441
1.75891859375E-07, 0.012768436924301
1.758938125E-07, 0.012115253899064
1.75895765625E-07, 0.0131964075503669
1.7589771875E-07, 0.0131399473167818
1.75899671875E-07, 0.0116480758971645
1.75901625E-07, 0.0125553441333906
1.75903578125E-07, 0.012065314798655
1.7590553125E-07, 0.0125190305031763
1.75907484375E-07, 0.012356148641072
1.759094375E-07, 0.0114216514125408
1.75911390625E-07, 0.0125598888850498
1.7591334375E-07, 0.0124329234718621
1.75915296875E-07, 0.0115219006180478
1.7591725E-07, 0.0118476389268186
1.75919203125E-07, 0.0112272814018868
1.7592115625E-07, 0.0113388708102761
1.75923109375E-07, 0.0111869203124383
1.759250625E-07, 0.0111859601499236
1.75927015625E-07, 0.0111102223754169
1.7592896875E-07, 0.0110764539824629
1.75930921875E-07, 0.0106961531159966
1.75932875E-07, 0.0107019930117414
1.75934828125E-07, 0.00987422207011513
1.7593678125E-07, 0.00903878905651329
1.75938734375E-07, 0.00953236766783194
1.759406875E-07, 0.00919066293802475
1.75942640625E-07, 0.00825064637194764
1.7594459375E-07, 0.00851265915791867
1.75946546875E-07, 0.00923865226442305
1.759485E-07, 0.00784293532251036
1.75950453125E-07, 0.00655297273670168
1.7595240625E-07, 0.00682926750946897
1.75954359375E-07, 0.00742297836605085
1.759563125E-07, 0.00635339995809207
1.75958265625E-07, 0.00701572131798617
1.7596021875E-07, 0.00487629870426253
1.75962171875E-07, 0.00449990111430531
1.75964125E-07, 0.00593678333308856
1.75966078125E-07, 0.0060343336790308
1.7596803125E-07, 0.00377569947743023
1.75969984375E-07, 0.00140585733116426
1.759719375E-07, 0.00291201664168993
1.75973890625E-07, 0.00190719708847887
1.7597584375E-07, 0.00274219837057369
1.75977796875E-07, 0.0025979088401613
1.7597975E-07, 0.00049439741378858
1.75981703125E-07, 0.00142227551896701
1.7598365625E-07, 0.000526969880523761
1.75985609375E-07, 0.000240922830103349
1.759875625E-07, 0.000356069861934018
1.75989515625E-07, -0.00135927798460983
1.7599146875E-07, -0.00118705647060058
1.75993421875E-07, -0.000472387861241163
1.75995375E-07, -0.00155644797043841
1.75997328125E-07, -0.00233771572019094
1.7599928125E-07, -0.00344439080668848
1.76001234375E-07, -0.00130321657890583
1.760031875E-07, -0.00280166753965168
1.76005140625E-07, -0.00357261934084749
1.7600709375E-07, -0.00506270412528547
1.76009046875E-07, -0.00392631183833759
1.76011E-07, -0.00314443737189286
1.76012953125E-07, -0.00537433385759848
1.7601490625E-07, -0.00611655561679263
1.76016859375E-07, -0.00767546272219396
1.760188125E-07, -0.00631046330613994
1.76020765625E-07, -0.00744078682439731
1.7602271875E-07, -0.00912190877589445
1.76024671875E-07, -0.0089921265442894
1.76026625E-07, -0.00949620741613309
1.76028578125E-07, -0.00874032365273174
1.7603053125E-07, -0.0111183286960826
1.76032484375E-07, -0.0107480257561962
1.760344375E-07, -0.0102060245848472
1.76036390625E-07, -0.0102625167443018
1.7603834375E-07, -0.0113294902290287
1.76040296875E-07, -0.0125217327520074
1.7604225E-07, -0.0133404458485483
1.76044203125E-07, -0.0123383889730984
1.7604615625E-07, -0.012716842743639
1.76048109375E-07, -0.0117950331252937
1.760500625E-07, -0.0137875794104676
1.76052015625E-07, -0.0146739334937701
1.7605396875E-07, -0.0143287636474853
1.76055921875E-07, -0.0146866212872662
1.76057875E-07, -0.0147424985274243
1.76059828125E-07, -0.0152139584189827
1.7606178125E-07, -0.0156314778445972
1.76063734375E-07, -0.0158321931933603
1.760656875E-07, -0.0153100345545762
1.76067640625E-07, -0.0154825983281712
1.7606959375E-07, -0.0154673723256647
1.76071546875E-07, -0.0160082036544173
1.760735E-07, -0.0163301304297993
1.76075453125E-07, -0.0156530774929894
1.7607740625E-07, -0.0162470047834705
1.76079359375E-07, -0.0158138203133942
1.760813125E-07, -0.0166522235474317
1.76083265625E-07, -0.016438591743584
1.7608521875E-07, -0.0161497598281045
1.76087171875E-07, -0.0167690328816078
1.76089125E-07, -0.0170341583077955
1.76091078125E-07, -0.0159143722235241
1.7609303125E-07, -0.0165507839093317
1.76094984375E-07, -0.016660448482423
1.760969375E-07, -0.0162898950095379
1.76098890625E-07, -0.015854079923331
1.7610084375E-07, -0.0154283767902922
1.76102796875E-07, -0.0152994197920857
1.7610475E-07, -0.0153624200676834
1.76106703125E-07, -0.0150802255467116
1.7610865625E-07, -0.0151523549126255
1.76110609375E-07, -0.0149218391937089
1.761125625E-07, -0.0140051023989015
1.76114515625E-07, -0.0139825209878736
1.7611646875E-07, -0.014913534090649
1.76118421875E-07, -0.0134732033923571
1.76120375E-07, -0.0128828388653018
1.76122328125E-07, -0.0122097631052432
1.7612428125E-07, -0.0130012097747057
1.76126234375E-07, -0.0129351556370951
1.761281875E-07, -0.0125919412306584
1.76130140625E-07, -0.0110050459188901
1.7613209375E-07, -0.0115537341519838
1.76134046875E-07, -0.0105000867328087
1.76136E-07, -0.0118556293838839
1.76137953125E-07, -0.0104467259406289
1.7613990625E-07, -0.00984012571745566
1.76141859375E-07, -0.00943375877657809
1.761438125E-07, -0.0103589026748803
1.76145765625E-07, -0.00902266801225933
1.7614771875E-07, -0.00898691455876544
1.76149671875E-07, -0.00854873718641307
1.76151625E-07, -0.00880999681028185
1.76153578125E-07, -0.00842770825890231
1.7615553125E-07, -0.00721503020056257
1.76157484375E-07, -0.00704985794699505
1.761594375E-07, -0.00668640219742866
1.76161390625E-07, -0.00803170838438304
1.7616334375E-07, -0.00650935492629087
1.76165296875E-07, -0.00623815448880654
1.7616725E-07, -0.00640741075440981
1.76169203125E-07, -0.00673305523208745
1.7617115625E-07, -0.00673725535421956
1.76173109375E-07, -0.00631329796794745
1.761750625E-07, -0.00587551113063101
1.76177015625E-07, -0.00592697426933051
1.7617896875E-07, -0.00534950884795721
1.76180921875E-07, -0.00523224708747076
1.76182875E-07, -0.00535871366734537
1.76184828125E-07, -0.00468133972880956
1.7618678125E-07, -0.00569995895944692
1.76188734375E-07, -0.00579309172790971
1.761906875E-07, -0.004755871587026
1.76192640625E-07, -0.00510997549955139
1.7619459375E-07, -0.00497532334969827
1.76196546875E-07, -0.0048551210247959
1.761985E-07, -0.00531614939626468
1.76200453125E-07, -0.00546829900794129
1.7620240625E-07, -0.00545292918039492
1.76204359375E-07, -0.00536737450334857
1.762063125E-07, -0.00535928715151914
1.76208265625E-07, -0.00560480619407282
1.7621021875E-07, -0.00676900826936694
1.76212171875E-07, -0.00585978282539691
1.76214125E-07, -0.00628468824284652
1.76216078125E-07, -0.00597942007834474
1.7621803125E-07, -0.00616550330794361
1.76219984375E-07, -0.00584485690643873
1.762219375E-07, -0.00629554505057041
1.76223890625E-07, -0.00669892735905214
1.7622584375E-07, -0.00674112022037299
1.76227796875E-07, -0.00673517090316078
1.7622975E-07, -0.00732906253357143
1.76231703125E-07, -0.00718471766927079
1.7623365625E-07, -0.00718981703622908
1.76235609375E-07, -0.00803112016238868
1.762375625E-07, -0.00783467819593657
1.76239515625E-07, -0.00783041903685566
1.7624146875E-07, -0.00815393706110873
1.76243421875E-07, -0.00864112993435961
1.76245375E-07, -0.00845114950587595
1.76247328125E-07, -0.00897270754856788
1.7624928125E-07, -0.00900163537832774
1.76251234375E-07, -0.00857329240737503
1.762531875E-07, -0.00922908579529547
1.76255140625E-07, -0.0088233058763617
1.7625709375E-07, -0.00936771886272157
1.76259046875E-07, -0.00984171431576617
1.76261E-07, -0.00870686763600548
1.76262953125E-07, -0.00951297350246943
1.7626490625E-07, -0.0104185593115093
1.76266859375E-07, -0.00986280696668878
1.762688125E-07, -0.0102812813944126
1.76270765625E-07, -0.0101739627036954
1.7627271875E-07, -0.00980872668120393
1.76274671875E-07, -0.0100479972010727
1.76276625E-07, -0.00998888772968297
1.76278578125E-07, -0.0102213826560153
1.7628053125E-07, -0.0106460689703316
1.76282484375E-07, -0.0101787094621055
1.762844375E-07, -0.0101684909557251
1.76286390625E-07, -0.0101348759838024
1.7628834375E-07, -0.0103056252875493
1.76290296875E-07, -0.0103799019431246
1.7629225E-07, -0.0103098318468128
1.76294203125E-07, -0.0103523322586818
1.7629615625E-07, -0.0101122591874306
1.76298109375E-07, -0.00979897678776438
1.763000625E-07, -0.00966260936194372
1.76302015625E-07, -0.0099011750655315
1.7630396875E-07, -0.00987395363179993
1.76305921875E-07, -0.00945092252544923
1.76307875E-07, -0.00984301095772473
1.76309828125E-07, -0.009145915423617
1.7631178125E-07, -0.00924410735686592
1.76313734375E-07, -0.00955728262516258
1.763156875E-07, -0.00867823176247666
1.76317640625E-07, -0.00864137623982037
1.7631959375E-07, -0.00901850285790626
1.76321546875E-07, -0.00895870439713534
1.763235E-07, -0.00883430529345062
1.76325453125E-07, -0.00843967851284986
1.7632740625E-07, -0.00717047313650256
1.76329359375E-07, -0.00819473108135593
1.763313125E-07, -0.00843640396667306
1.76333265625E-07, -0.00792769921859724
1.7633521875E-07, -0.00755412687206354
1.76337171875E-07, -0.00691064887693938
1.76339125E-07, -0.00677671144152824
1.76341078125E-07, -0.00694252892447924
1.7634303125E-07, -0.00745286247371365
1.76344984375E-07, -0.0066411429051865
1.763469375E-07, -0.00605972018598701
1.76348890625E-07, -0.00633940909056294
1.7635084375E-07, -0.00583246040942197
1.76352796875E-07, -0.00679599244315567
1.7635475E-07, -0.00620355791565322
1.76356703125E-07, -0.00617277262327862
1.7635865625E-07, -0.00580173964336562
1.76360609375E-07, -0.00559109522872646
1.763625625E-07, -0.00558617332156428
1.76364515625E-07, -0.0058748217283696
1.7636646875E-07, -0.0059898681132313
1.76368421875E-07, -0.00561116471773074
1.76370375E-07, -0.00492388887719242
1.76372328125E-07, -0.00521010353475684
1.7637428125E-07, -0.00503579821820993
1.76376234375E-07, -0.00494505025977446
1.763781875E-07, -0.00469691820523861
1.76380140625E-07, -0.0044435053012324
1.7638209375E-07, -0.00423917399981751
1.76384046875E-07, -0.00477307540363982
1.76386E-07, -0.00355712820064027
1.76387953125E-07, -0.00428356268209372
1.7638990625E-07, -0.00439462268811262
1.76391859375E-07, -0.00365886465645887
1.763938125E-07, -0.00376104397266118
1.76395765625E-07, -0.00442428664140333
1.7639771875E-07, -0.00373286448249195
1.76399671875E-07, -0.00355854953129803
1.76401625E-07, -0.0040591159859885
1.76403578125E-07, -0.00384559576128659
1.7640553125E-07, -0.00400619716248767
1.76407484375E-07, -0.00418315783152877
1.764094375E-07, -0.00425673841397428
1.76411390625E-07, -0.00389341579698177
1.7641334375E-07, -0.00393306955898788
1.76415296875E-07, -0.0039803344591794
1.7641725E-07, -0.00387567259635229
1.76419203125E-07, -0.00378492933709272
1.7642115625E-07, -0.00328138194156659
1.76423109375E-07, -0.0043451793681033
1.764250625E-07, -0.00418530306684159
1.76427015625E-07, -0.00415740342770237
1.7642896875E-07, -0.00442158698169489
1.76430921875E-07, -0.00385673466678023
1.76432875E-07, -0.0040668848766312
1.76434828125E-07, -0.00407403915177303
1.7643678125E-07, -0.00460601083595021
1.76438734375E-07, -0.00356566496035615
1.764406875E-07, -0.00392521586330141
1.76442640625E-07, -0.00386939725748475
1.7644459375E-07, -0.00379088941734191
1.76446546875E-07, -0.00396882839463383
1.764485E-07, -0.00438589380864686
1.76450453125E-07, -0.00424409206822023
1.7645240625E-07, -0.00437205266434668
1.76454359375E-07, -0.00430452839601285
1.764563125E-07, -0.0042229002891782
1.76458265625E-07, -0.00353248848746369
1.7646021875E-07, -0.00481359624934387
1.76462171875E-07, -0.00402789212214339
1.76464125E-07, -0.00398087568527021
1.76466078125E-07, -0.00422915729355339
1.7646803125E-07, -0.00423568563252623
1.76469984375E-07, -0.00398853338952805
1.764719375E-07, -0.00474317285679739
1.76473890625E-07, -0.00417704960397916
1.7647584375E-07, -0.0040723774562596
1.76477796875E-07, -0.00368086515213147
1.7647975E-07, -0.00465537872616299
1.76481703125E-07, -0.00424807348994549
1.7648365625E-07, -0.00407951958350606
1.76485609375E-07, -0.00359657271113532
1.764875625E-07, -0.00368690461582347
1.76489515625E-07, -0.00388819174028136
1.7649146875E-07, -0.00380223848658751
1.76493421875E-07, -0.00425091520880606
1.76495375E-07, -0.00399505043496991
1.76497328125E-07, -0.003777956022464
1.7649928125E-07, -0.00376009208765442
1.76501234375E-07, -0.00353830509826554
1.765031875E-07, -0.00356313347846511
1.76505140625E-07, -0.00336340793172389
1.7650709375E-07, -0.00357704838587066
1.76509046875E-07, -0.0034538556317775
1.76511E-07, -0.00350293426756388
1.76512953125E-07, -0.00373927199961928
1.7651490625E-07, -0.00376007638044464
1.76516859375E-07, -0.00370018130504778
1.765188125E-07, -0.00342052230022594
1.76520765625E-07, -0.00330556710720114
1.7652271875E-07, -0.00321467264350056
1.76524671875E-07, -0.00339427141999379
1.76526625E-07, -0.00336667443481843
1.76528578125E-07, -0.00309280300904559
1.7653053125E-07, -0.00314067651144682
1.76532484375E-07, -0.0029878578637843
1.765344375E-07, -0.0033465672954798
1.76536390625E-07, -0.00293222178001297
1.7653834375E-07, -0.00298128024895044
1.76540296875E-07, -0.00314314510084574
1.7654225E-07, -0.00332029047288564
1.76544203125E-07, -0.00344854205214987
1.7654615625E-07, -0.00301228736182508
1.76548109375E-07, -0.00307675965120331
1.765500625E-07, -0.00241598543487018
1.76552015625E-07, -0.00303608705026471
1.7655396875E-07, -0.0029778413835937
1.76555921875E-07, -0.00282058061890409
1.76557875E-07, -0.00301238842865234
1.76559828125E-07, -0.00296372005085162
1.7656178125E-07, -0.00295787950203579
1.76563734375E-07, -0.00300971266820445
1.765656875E-07, -0.00306820965635018
1.76567640625E-07, -0.00292517059769832
1.7656959375E-07, -0.00283074521225519
1.76571546875E-07, -0.00294533705658232
1.765735E-07, -0.00280538935469215
1.76575453125E-07, -0.00308470685249909
1.7657740625E-07, -0.00296853022147514
1.76579359375E-07, -0.00309846144547066
1.765813125E-07, -0.00284756264032887
1.76583265625E-07, -0.00276643743336655
1.7658521875E-07, -0.00285447946217913
1.76587171875E-07, -0.00269544418937375
1.76589125E-07, -0.0029267693819253
1.76591078125E-07, -0.00298274574291487
1.7659303125E-07, -0.00312107146160981
1.76594984375E-07, -0.00304922665589627
1.765969375E-07, -0.00271042697176827
1.76598890625E-07, -0.00277204122710604
1.7660084375E-07, -0.00312390591979099
1.76602796875E-07, -0.00282130095782618
1.7660475E-07, -0.00318391492871848
1.76606703125E-07, -0.0030581892884845
1.7660865625E-07, -0.00301972543849747
1.76610609375E-07, -0.0028612333610416
1.766125625E-07, -0.00248973987229698
1.76614515625E-07, -0.00258206799943365
1.7661646875E-07, -0.00276517985769022
1.76618421875E-07, -0.00273429831372375
1.76620375E-07, -0.00266742749202191
1.76622328125E-07, -0.00301134087459004
1.7662428125E-07, -0.00230316870366446
1.76626234375E-07, -0.00247663985032935
1.766281875E-07, -0.00253222634326254
1.76630140625E-07, -0.00316880671656916
1.7663209375E-07, -0.00252823885615479
1.76634046875E-07, -0.00260435415090703
1.76636E-07, -0.00241161798512144
1.76637953125E-07, -0.00257234584897319
1.7663990625E-07, -0.00245262399092087
1.76641859375E-07, -0.00267474268015583
1.766438125E-07, -0.00196703090875052
1.76645765625E-07, -0.0024033518083996
1.7664771875E-07, -0.00200088937664302
1.76649671875E-07, -0.00250273183406054
1.76651625E-07, -0.00289027675888157
1.76653578125E-07, -0.00230982852959489
1.7665553125E-07, -0.00224940366478037
1.76657484375E-07, -0.00193676311564577
1.766594375E-07, -0.00196761655896521
1.76661390625E-07, -0.00218760317499779
1.7666334375E-07, -0.00212029589480945
1.76665296875E-07, -0.00197615327326242
1.7666725E-07, -0.00217437020194676
1.76669203125E-07, -0.00192827664406329
1.7667115625E-07, -0.00169482664429845
1.76673109375E-07, -0.00166118512014289
1.766750625E-07, -0.00207377665571132
1.76677015625E-07, -0.00123126014448074
1.7667896875E-07, -0.0018114711218937
1.76680921875E-07, -0.00230208281768005
1.76682875E-07, -0.00161130582119311
1.76684828125E-07, -0.00137460196149952
1.7668678125E-07, -0.00218815136864922
1.76688734375E-07, -0.00175822615037866
1.766906875E-07, -0.00174379011032958
1.76692640625E-07, -0.00190328392739798
1.7669459375E-07, -0.00137610793666337
1.76696546875E-07, -0.00139599969863551
1.766985E-07, -0.00210078658363754
1.76700453125E-07, -0.00149988148027671
1.7670240625E-07, -0.00150865319780117
1.76704359375E-07, -0.0021718992466299
1.767063125E-07, -0.00193140242850246
1.76708265625E-07, -0.00178303647432485
1.7671021875E-07, -0.00175357879322295
1.76712171875E-07, -0.00157720443191082
1.76714125E-07, -0.00136049181413897
1.76716078125E-07, -0.00180022083802951
1.7671803125E-07, -0.00212309000455497
1.76719984375E-07, -0.00225814776282495
1.767219375E-07, -0.00169804361788964
1.76723890625E-07, -0.00188072774276287
1.7672584375E-07, -0.00167628032544585
1.76727796875E-07, -0.00193657657753674
1.7672975E-07, -0.00212327679488247
1.76731703125E-07, -0.00198161596464048
1.7673365625E-07, -0.00236408729172886
1.76735609375E-07, -0.00218214382727465
1.767375625E-07, -0.00214776511850951
1.76739515625E-07, -0.00211391146012191
1.7674146875E-07, -0.00223851677702079
1.76743421875E-07, -0.00222355978558221
1.76745375E-07, -0.0022828067949729
1.76747328125E-07, -0.00231619885551384
1.7674928125E-07, -0.00182381982324321
1.76751234375E-07, -0.0023209486533363
1.767531875E-07, -0.00243454590522655
1.76755140625E-07, -0.00212245238498916
1.7675709375E-07, -0.00216459918572403
1.76759046875E-07, -0.00229000621137282
1.76761E-07, -0.00227617896391346
1.76762953125E-07, -0.00171272239591331
1.7676490625E-07, -0.00185976290946734
1.76766859375E-07, -0.00223932661668625
1.767688125E-07, -0.00193570185667647
1.76770765625E-07, -0.00156655708680546
1.7677271875E-07, -0.00191139063702938
1.76774671875E-07, -0.000714639091954555
1.76776625E-07, -0.00135061047784857
1.76778578125E-07, -0.0016859969849282
1.7678053125E-07, -0.00115099822680488
1.76782484375E-07, -0.000733610253474003
1.767844375E-07, -0.00114420587826927
1.76786390625E-07, -0.000956496562073957
1.7678834375E-07, -0.000849681600936686
1.76790296875E-07, 0.000472163289940283
1.7679225E-07, -0.000453224511352843
1.76794203125E-07, 0.000188511640775161
1.7679615625E-07, 0.000355443061762544
1.76798109375E-07, 8.21215058193937E-05
1.768000625E-07, 0.00067829386128647
1.76802015625E-07, 0.00048790751892581
1.7680396875E-07, 0.00171830831419827
1.76805921875E-07, 0.00180577991093453
1.76807875E-07, 0.0019030229478555
1.76809828125E-07, 0.00163555207450061
1.7681178125E-07, 0.00199178458538063
1.76813734375E-07, 0.00249606063004076
1.768156875E-07, 0.00247818206056707
1.76817640625E-07, 0.0030324986987861
1.7681959375E-07, 0.00325875563555574
1.76821546875E-07, 0.00328208530863481
1.768235E-07, 0.00425796302088764
1.76825453125E-07, 0.00387244762903267
1.7682740625E-07, 0.00469045957874584
1.76829359375E-07, 0.00388387425336041
1.768313125E-07, 0.00476914517801653
1.76833265625E-07, 0.00522828511651487
1.7683521875E-07, 0.00541383080529562
1.76837171875E-07, 0.00579831345135903
1.76839125E-07, 0.00491814335790926
1.76841078125E-07, 0.00628809384545488
1.7684303125E-07, 0.00629869667456244
1.76844984375E-07, 0.00613863265334328
1.768469375E-07, 0.00648587356477176
1.76848890625E-07, 0.00638079594489867
1.7685084375E-07, 0.00627185016979018
1.76852796875E-07, 0.00652665688693855
1.7685475E-07, 0.00700746856209927
1.76856703125E-07, 0.00635235741740628
1.7685865625E-07, 0.00686605091149456
1.76860609375E-07, 0.00684592354406212
1.768625625E-07, 0.00648783817572363
1.76864515625E-07, 0.00696154490103951
1.7686646875E-07, 0.00721687859770271
1.76868421875E-07, 0.00628504417887745
1.76870375E-07, 0.00676386828100315
1.76872328125E-07, 0.00666602508306446
1.7687428125E-07, 0.00674780940390035
1.76876234375E-07, 0.00657037204319677
1.768781875E-07, 0.00606598993934963
1.76880140625E-07, 0.00663746301849807
1.7688209375E-07, 0.00634612924150027
1.76884046875E-07, 0.00583484740902417
1.76886E-07, 0.00548430291926811
1.76887953125E-07, 0.00571874243745212
1.7688990625E-07, 0.00556962119937599
1.76891859375E-07, 0.00549360750833729
1.768938125E-07, 0.00447351769783697
1.76895765625E-07, 0.00374162303013672
1.7689771875E-07, 0.00442808268335105
1.76899671875E-07, 0.00347667553423953
1.76901625E-07, 0.00432605166005844
1.76903578125E-07, 0.00229527976718923
1.7690553125E-07, 0.00313829646623937
1.76907484375E-07, 0.00249518255670143
1.769094375E-07, 0.0017351113162667
1.76911390625E-07, 0.00210966669966322
1.7691334375E-07, 0.00179262749530525
1.76915296875E-07, 0.00168560759103603
1.7691725E-07, 0.00256578985637394
1.76919203125E-07, 0.00147125833275059
1.7692115625E-07, 0.000397495793003447
1.76923109375E-07, -0.000275998747628433
1.769250625E-07, 0.000775668967908315
1.76927015625E-07, 0.0010430102050399
1.7692896875E-07, -0.000758881464276368
1.76930921875E-07, -0.000637515592734773
1.76932875E-07, -0.000723405020093132
1.76934828125E-07, -0.00030363125409725
1.7693678125E-07, -0.00154860031407215
1.76938734375E-07, -0.00164716542663308
1.769406875E-07, -0.00191637518213841
1.76942640625E-07, -0.00172581204549198
1.7694459375E-07, -0.00220987753907118
1.76946546875E-07, -0.00230227071275566
1.769485E-07, -0.00181844163223912
1.76950453125E-07, -0.00207001171296618
1.7695240625E-07, -0.00244010080359773
1.76954359375E-07, -0.00217329256644059
1.769563125E-07, -0.00235165116507353
1.76958265625E-07, -0.00287782681699117
1.7696021875E-07, -0.00281168809776654
1.76962171875E-07, -0.00252270296466102
1.76964125E-07, -0.00253126010997313
1.76966078125E-07, -0.00213378159095778
1.7696803125E-07, -0.00232680473294873
1.76969984375E-07, -0.0022727165843724
1.769719375E-07, -0.00234650370689658
1.76973890625E-07, -0.00219558095090846
1.7697584375E-07, -0.00221471859118347
1.76977796875E-07, -0.00222659209872479
1.7697975E-07, -0.00182873923470849
1.76981703125E-07, -0.00245153655009527
1.7698365625E-07, -0.0015313043066563
1.76985609375E-07, -0.00227079928264888
1.769875625E-07, -0.00141953817953729
1.76989515625E-07, -0.00162275296700411
1.7699146875E-07, -0.00135931644108381
1.76993421875E-07, -0.00117598839993011
1.76995375E-07, -0.00109410340288724
1.76997328125E-07, -0.000676717663866084
1.7699928125E-07, -0.00063907465872914
1.77001234375E-07, 2.09287891780961E-05
1.770031875E-07, -0.000269955280627026
1.77005140625E-07, -0.000126602570851592
1.7700709375E-07, -0.000909356104278908
1.77009046875E-07, 9.29568631485563E-05
1.77011E-07, 0.00077524940634523
1.77012953125E-07, 0.000418108079105052
1.7701490625E-07, 0.000139272898393081
1.77016859375E-07, 0.000700301355639307
1.770188125E-07, 0.000826174863098231
1.77020765625E-07, 0.00151809456088837
1.7702271875E-07, 0.00152246782032889
1.77024671875E-07, 0.00149635215059205
1.77026625E-07, 0.00164337298733637
1.77028578125E-07, 0.00189125544995971
1.7703053125E-07, 0.00237176171242257
1.77032484375E-07, 0.00219372349194969
1.770344375E-07, 0.00262359717219151
1.77036390625E-07, 0.00260374679355932
1.7703834375E-07, 0.00268996564525427
1.77040296875E-07, 0.00268938191824994
1.7704225E-07, 0.0028323790965384
1.77044203125E-07, 0.00367933198173551
1.7704615625E-07, 0.00403631969199043
1.77048109375E-07, 0.00346920026505948
1.770500625E-07, 0.00418101169136486
1.77052015625E-07, 0.00390968261788171
1.7705396875E-07, 0.00431676880598758
1.77055921875E-07, 0.00456796938637476
1.77057875E-07, 0.00408288502688762
1.77059828125E-07, 0.00434003625321163
1.7706178125E-07, 0.00414463159888881
1.77063734375E-07, 0.00439372848322089
1.770656875E-07, 0.00460643277684488
1.77067640625E-07, 0.00472061783753134
1.7706959375E-07, 0.00485580811460682
1.77071546875E-07, 0.00471235155048662
1.770735E-07, 0.00489811385566174
1.77075453125E-07, 0.00488826522187767
1.7707740625E-07, 0.00490268787136638
1.77079359375E-07, 0.00512508461607852
1.770813125E-07, 0.00486406859733502
1.77083265625E-07, 0.00552090243442785
1.7708521875E-07, 0.00543027597112683
1.77087171875E-07, 0.00510697476912896
1.77089125E-07, 0.00551016610908613
1.77091078125E-07, 0.00588823486540252
1.7709303125E-07, 0.00545397784141964
1.77094984375E-07, 0.00583788841133572
1.770969375E-07, 0.00540979901920729
1.77098890625E-07, 0.00535858182748714
1.7710084375E-07, 0.00586738722415107
1.77102796875E-07, 0.0055338241676567
1.7710475E-07, 0.00565079803560381
1.77106703125E-07, 0.00580866042965707
1.7710865625E-07, 0.00570443681882816
1.77110609375E-07, 0.00586721496130154
1.771125625E-07, 0.00585313202503872
1.77114515625E-07, 0.006014354084597
1.7711646875E-07, 0.00585093810416812
1.77118421875E-07, 0.00577429349752346
1.77120375E-07, 0.00605736237610517
1.77122328125E-07, 0.00580302794346726
1.7712428125E-07, 0.00585734761458232
1.77126234375E-07, 0.00609690380195218
1.771281875E-07, 0.00599823427697611
1.77130140625E-07, 0.0060705522040894
1.7713209375E-07, 0.00594497084337482
1.77134046875E-07, 0.0059694624452367
1.77136E-07, 0.00638663692585541
1.77137953125E-07, 0.00627206696486244
1.7713990625E-07, 0.00611516398818986
1.77141859375E-07, 0.00624456190793047
1.771438125E-07, 0.0062441637861228
1.77145765625E-07, 0.00650772873011242
1.7714771875E-07, 0.00653866037594609
1.77149671875E-07, 0.00633719428487335
1.77151625E-07, 0.00573061755126345
1.77153578125E-07, 0.00639417270377265
1.7715553125E-07, 0.00616533994136466
1.77157484375E-07, 0.00672724917567762
1.771594375E-07, 0.00664817431625945
1.77161390625E-07, 0.00639169678234338
1.7716334375E-07, 0.00622146079917833
1.77165296875E-07, 0.00616283606272193
1.7716725E-07, 0.00643117511272385
1.77169203125E-07, 0.00697626804280106
1.7717115625E-07, 0.00665245229989128
1.77173109375E-07, 0.0067568827246219
1.771750625E-07, 0.00681102020478587
1.77177015625E-07, 0.00658447338915958
1.7717896875E-07, 0.00640487202727748
1.77180921875E-07, 0.00687183020998797
1.77182875E-07, 0.00639828099546169
1.77184828125E-07, 0.00662258500530382
1.7718678125E-07, 0.00666402910698471
1.77188734375E-07, 0.00677510358917241
1.771906875E-07, 0.00665044558474394
1.77192640625E-07, 0.00654169802664082
1.7719459375E-07, 0.00635689746573985
1.77196546875E-07, 0.00632798413271103
1.771985E-07, 0.00635562144828235
1.77200453125E-07, 0.00632312873636949
1.7720240625E-07, 0.00603227005025443
1.77204359375E-07, 0.00653448809503643
1.772063125E-07, 0.00657163904790005
1.77208265625E-07, 0.00662513166621688
1.7721021875E-07, 0.00614385817102339
1.77212171875E-07, 0.00672607213241568
1.77214125E-07, 0.00609286370633558
1.77216078125E-07, 0.00601321203330258
1.7721803125E-07, 0.00567070519180022
1.77219984375E-07, 0.00643087063656477
1.772219375E-07, 0.00589949897740892
1.77223890625E-07, 0.00652876897946589
1.7722584375E-07, 0.00587965243705745
1.77227796875E-07, 0.00605352338322789
1.7722975E-07, 0.00590102221986146
1.77231703125E-07, 0.00555533630382983
1.7723365625E-07, 0.00567249940221197
1.77235609375E-07, 0.00612404116485875
1.772375625E-07, 0.00526480435213007
1.77239515625E-07, 0.00589612588323416
1.7724146875E-07, 0.00563149126689487
1.77243421875E-07, 0.005549958757274
1.77245375E-07, 0.00566555768736265
1.77247328125E-07, 0.00557886599701816
1.7724928125E-07, 0.00502092285205172
1.77251234375E-07, 0.00539652223917057
1.772531875E-07, 0.00521859517451102
1.77255140625E-07, 0.00496137927576107
1.7725709375E-07, 0.0049462940949992
1.77259046875E-07, 0.00523027719480999
1.77261E-07, 0.00476554246680754
1.77262953125E-07, 0.00476840615336546
1.7726490625E-07, 0.00465796048958449
1.77266859375E-07, 0.0049837794291284
1.772688125E-07, 0.00474355400497376
1.77270765625E-07, 0.00424038280570673
1.7727271875E-07, 0.00430102817482836
1.77274671875E-07, 0.00426491614860317
1.77276625E-07, 0.00424136720128802
1.77278578125E-07, 0.00435664798769886
1.7728053125E-07, 0.00426890917460887
1.77282484375E-07, 0.00402735742984819
1.772844375E-07, 0.00352622731008392
1.77286390625E-07, 0.00365409200830483
1.7728834375E-07, 0.00399814493320544
1.77290296875E-07, 0.00397708696349305
1.7729225E-07, 0.00396511591251041
1.77294203125E-07, 0.00394194211234804
1.7729615625E-07, 0.00362484073604729
1.77298109375E-07, 0.00344798633640912
1.773000625E-07, 0.00302103453594882
1.77302015625E-07, 0.00318897688906637
1.7730396875E-07, 0.00339319898500154
1.77305921875E-07, 0.00324746300580726
1.77307875E-07, 0.00318468576102596
1.77309828125E-07, 0.00317740287845624
1.7731178125E-07, 0.00309594879060936
1.77313734375E-07, 0.00280177106654654
1.773156875E-07, 0.0026463899116399
1.77317640625E-07, 0.00278447279593161
1.7731959375E-07, 0.00217256821008573
1.77321546875E-07, 0.00223320451621151
1.773235E-07, 0.00261660649398853
1.77325453125E-07, 0.00243198226410806
1.7732740625E-07, 0.00237119267404599
1.77329359375E-07, 0.0021517526996083
1.773313125E-07, 0.00210034684163341
1.77333265625E-07, 0.00185094537719001
1.7733521875E-07, 0.00213538303930607
1.77337171875E-07, 0.00232008022347887
1.77339125E-07, 0.00197714234891173
1.77341078125E-07, 0.00209556352579304
1.7734303125E-07, 0.00147163770305746
1.77344984375E-07, 0.00197505419216688
1.773469375E-07, 0.00135227216331169
1.77348890625E-07, 0.00188579265463275
1.7735084375E-07, 0.00162414511016095
1.77352796875E-07, 0.00146168052386306
1.7735475E-07, 0.00160102388856305
1.77356703125E-07, 0.00135860093756449
1.7735865625E-07, 0.00146122064865378
1.77360609375E-07, 0.0013168875045172
1.773625625E-07, 0.00122734994778731
1.77364515625E-07, 0.000296841583394788
1.7736646875E-07, 0.00102978892664001
1.77368421875E-07, 0.00127761503718638
1.77370375E-07, 0.000913380615784044
1.77372328125E-07, 0.000977151103018465
1.7737428125E-07, 0.00104831041699059
1.77376234375E-07, 0.00108792517575532
1.773781875E-07, 0.000608795434665238
1.77380140625E-07, 0.000801674754976767
1.7738209375E-07, 0.000848175786299594
1.77384046875E-07, 0.000565238182679776
1.77386E-07, 0.000496697520271007
1.77387953125E-07, 0.000112775998203628
1.7738990625E-07, 0.000511041666453143
1.77391859375E-07, 0.00025339945282771
1.773938125E-07, 0.000331094312054257
1.77395765625E-07, 0.00066870296588861
1.7739771875E-07, 0.000251320102891172
1.77399671875E-07, 0.000238871724006834
1.77401625E-07, -1.40311129219568E-05
1.77403578125E-07, 0.000234201987758858
1.7740553125E-07, 0.000281127565071496
1.77407484375E-07, -0.000137000828855385
1.774094375E-07, -0.0003897538477543
1.77411390625E-07, -8.10080370954145E-05
1.7741334375E-07, -0.000109210943117089
1.77415296875E-07, -0.000445237890372924
1.7741725E-07, -0.000331895442846935
1.77419203125E-07, -0.000237892297138138
1.7742115625E-07, -0.000619562559677211
1.77423109375E-07, -0.000865672054231673
1.774250625E-07, -0.00103264446348698
1.77427015625E-07, -0.00136490339816353
1.7742896875E-07, -0.000921800535446964
1.77430921875E-07, -0.00227602503572946
1.77432875E-07, -0.00152078341556443
1.77434828125E-07, -0.00167835874780216
1.7743678125E-07, -0.00171415541301633
1.77438734375E-07, -0.00150258593927826
1.774406875E-07, -0.00206631315529872
1.77442640625E-07, -0.00152296880069495
1.7744459375E-07, -0.00230721284565657
1.77446546875E-07, -0.00192685010203362
1.774485E-07, -0.00198045649401025
1.77450453125E-07, -0.0022111111671314
1.7745240625E-07, -0.00282496429497352
1.77454359375E-07, -0.00244817080279251
1.774563125E-07, -0.00265248905555393
1.77458265625E-07, -0.00292696844637285
1.7746021875E-07, -0.00303961915689167
1.77462171875E-07, -0.00328586672426949
1.77464125E-07, -0.00291065324661319
1.77466078125E-07, -0.00330078365508045
1.7746803125E-07, -0.0032166005990164
1.77469984375E-07, -0.00404366302052965
1.774719375E-07, -0.00353652247246421
1.77473890625E-07, -0.00367707085763894
1.7747584375E-07, -0.00363655701240175
1.77477796875E-07, -0.00397871032468935
1.7747975E-07, -0.00406009110544372
1.77481703125E-07, -0.00455840144151403
1.7748365625E-07, -0.00409598304073944
1.77485609375E-07, -0.00426584121729111
1.774875625E-07, -0.00473217614858387
1.77489515625E-07, -0.00504972239603656
1.7749146875E-07, -0.00496945670411098
1.77493421875E-07, -0.00462994887341713
1.77495375E-07, -0.00467272095339773
1.77497328125E-07, -0.00490454778164564
1.7749928125E-07, -0.00459044340465246
1.77501234375E-07, -0.00461632375865686
1.775031875E-07, -0.00493835020173414
1.77505140625E-07, -0.004603370817646
1.7750709375E-07, -0.00486699264958939
1.77509046875E-07, -0.00519158033758795
1.77511E-07, -0.00515452189005726
1.77512953125E-07, -0.00521763651484034
1.7751490625E-07, -0.00531666973693359
1.77516859375E-07, -0.0053280337303668
1.775188125E-07, -0.00555376820560378
1.77520765625E-07, -0.0050752659718188
1.7752271875E-07, -0.00542701316402662
1.77524671875E-07, -0.00524643713211615
1.77526625E-07, -0.00498598573218439
1.77528578125E-07, -0.00573540955665603
1.7753053125E-07, -0.00549613704842717
1.77532484375E-07, -0.00498600009197924
1.775344375E-07, -0.00550529350607436
1.77536390625E-07, -0.00544170160990154
1.7753834375E-07, -0.00565864272552891
1.77540296875E-07, -0.00537172134570027
1.7754225E-07, -0.00582875002721624
1.77544203125E-07, -0.00563211699406083
1.7754615625E-07, -0.00536531463458633
1.77548109375E-07, -0.00544818671280981
1.775500625E-07, -0.00565769381906408
1.77552015625E-07, -0.00565643629445455
1.7755396875E-07, -0.00569163694975312
1.77555921875E-07, -0.00525407656040278
1.77557875E-07, -0.00511402509821731
1.77559828125E-07, -0.00556872202921784
1.7756178125E-07, -0.00564043999420956
1.77563734375E-07, -0.00554772810470668
1.775656875E-07, -0.00581584128043605
1.77567640625E-07, -0.00554728220191917
1.7756959375E-07, -0.00562891465624989
1.77571546875E-07, -0.00529653552052757
1.775735E-07, -0.00561806430466758
1.77575453125E-07, -0.00573285459908978
1.7757740625E-07, -0.00558832363930283
1.77579359375E-07, -0.00594940669922506
1.775813125E-07, -0.00553096029421346
1.77583265625E-07, -0.00549676764096064
1.7758521875E-07, -0.0051627618407758
1.77587171875E-07, -0.0055047108057217
1.77589125E-07, -0.00539688459718565
1.77591078125E-07, -0.00505851024149503
1.7759303125E-07, -0.00542966810833779
1.77594984375E-07, -0.00574918329765671
1.775969375E-07, -0.00562660843467047
1.77598890625E-07, -0.00573899179201375
1.7760084375E-07, -0.0054981224620323
1.77602796875E-07, -0.00525841713276846
1.7760475E-07, -0.00525052244302193
1.77606703125E-07, -0.00497014536843542
1.7760865625E-07, -0.00524566791500062
1.77610609375E-07, -0.00501414999178967
1.776125625E-07, -0.00520366134289646
1.77614515625E-07, -0.00478673871713245
1.7761646875E-07, -0.00480101077551778
1.77618421875E-07, -0.00493084232790924
1.77620375E-07, -0.00474397653607104
1.77622328125E-07, -0.00458524143949119
1.7762428125E-07, -0.00415322855988957
1.77626234375E-07, -0.00434171980559389
1.776281875E-07, -0.00482265454075045
1.77630140625E-07, -0.00430819905873242
1.7763209375E-07, -0.00464414195709423
1.77634046875E-07, -0.00437098176870942


