File Format, WaveformXYValues
Format Version, 1
Instrument, N1045A,04F,LOJ
SwVersion, A.06.71.21
SerialNumber, MY56260108
Date, 11/29/2023 14:32:36 GMT+08:00

Source Name, Channel 1A

Points, 2048
Signal Type, Unspecified
Channel Bandwidth, 2E+10
Channel Noise, 6.66857143682292E-05
X Units, Second
Y Units, Volt
Data, 
1.73636E-07, -0.00155950105017128
1.73637953125E-07, -0.001791975089968
1.7363990625E-07, -0.00221958080808212
1.73641859375E-07, -0.00195917862686356
1.736438125E-07, -0.00236691307591447
1.73645765625E-07, -0.00177158365244458
1.7364771875E-07, -0.00174980284720568
1.73649671875E-07, -0.00182026577033331
1.73651625E-07, -0.00179509736968582
1.73653578125E-07, -0.00213740955095147
1.7365553125E-07, -0.00167546254095165
1.73657484375E-07, -0.001903681425385
1.736594375E-07, -0.00141654038132255
1.73661390625E-07, -0.00222051765257213
1.7366334375E-07, -0.00208713237941982
1.73665296875E-07, -0.00202635413411929
1.7366725E-07, -0.00191165727780797
1.73669203125E-07, -0.00181978727560593
1.7367115625E-07, -0.00148638274777134
1.73673109375E-07, -0.00151037742805383
1.736750625E-07, -0.00220693962896421
1.73677015625E-07, -0.00203930980526806
1.7367896875E-07, -0.00192902170904824
1.73680921875E-07, -0.00189856360555733
1.73682875E-07, -0.00183973241171801
1.73684828125E-07, -0.00183620421938512
1.7368678125E-07, -0.0017981862373006
1.73688734375E-07, -0.00215095521096428
1.736906875E-07, -0.00182017901664722
1.73692640625E-07, -0.00220321212976188
1.7369459375E-07, -0.001642891193053
1.73696546875E-07, -0.00208393989120554
1.736985E-07, -0.00215898810702652
1.73700453125E-07, -0.00235587729644285
1.7370240625E-07, -0.0021180555597331
1.73704359375E-07, -0.00213194169197363
1.737063125E-07, -0.00209582661044316
1.73708265625E-07, -0.0024755394418371
1.7371021875E-07, -0.00151647562953603
1.73712171875E-07, -0.0021765064224827
1.73714125E-07, -0.00179131337584192
1.73716078125E-07, -0.00216063265354797
1.7371803125E-07, -0.00194097267736998
1.73719984375E-07, -0.00209910858585652
1.737219375E-07, -0.00211001551661082
1.73723890625E-07, -0.00157827862540843
1.7372584375E-07, -0.00183854601493004
1.73727796875E-07, -0.00208524936093456
1.7372975E-07, -0.00242622123305328
1.73731703125E-07, -0.00218519416632761
1.7373365625E-07, -0.00227757646276789
1.73735609375E-07, -0.00230611868446298
1.737375625E-07, -0.00282658404989203
1.73739515625E-07, -0.00212798397291328
1.7374146875E-07, -0.00183450532602991
1.73743421875E-07, -0.00168454242347704
1.73745375E-07, -0.00209495973386043
1.73747328125E-07, -0.00193097158150546
1.7374928125E-07, -0.00216069553392406
1.73751234375E-07, -0.00192090411035977
1.737531875E-07, -0.0023844924559765
1.73755140625E-07, -0.00224970546000427
1.7375709375E-07, -0.00202719772978036
1.73759046875E-07, -0.00249489366092836
1.73761E-07, -0.00214523279814698
1.73762953125E-07, -0.00198686626100509
1.7376490625E-07, -0.00228518003774671
1.73766859375E-07, -0.00206737509357049
1.737688125E-07, -0.00241968509462049
1.73770765625E-07, -0.00235022720315234
1.7377271875E-07, -0.00190768059955211
1.73774671875E-07, -0.00251498509325754
1.73776625E-07, -0.00247623208191903
1.73778578125E-07, -0.00241817367694036
1.7378053125E-07, -0.00245719110672381
1.73782484375E-07, -0.00241853021424936
1.737844375E-07, -0.0024827798175857
1.73786390625E-07, -0.00281237666037079
1.7378834375E-07, -0.0024937791508913
1.73790296875E-07, -0.00267763974632379
1.7379225E-07, -0.00246925931390272
1.73794203125E-07, -0.00245827394461424
1.7379615625E-07, -0.00210378358065644
1.73798109375E-07, -0.00256449352561149
1.738000625E-07, -0.00234034634382386
1.73802015625E-07, -0.00270861726039891
1.7380396875E-07, -0.00276314551749014
1.73805921875E-07, -0.00248133921883187
1.73807875E-07, -0.00240526896083693
1.73809828125E-07, -0.00262554134878914
1.7381178125E-07, -0.00275317786047736
1.73813734375E-07, -0.00246556033929624
1.738156875E-07, -0.00275650593299848
1.73817640625E-07, -0.00266376773282733
1.7381959375E-07, -0.00237179755006304
1.73821546875E-07, -0.00288813711082079
1.738235E-07, -0.00310821301256859
1.73825453125E-07, -0.00266246665783324
1.7382740625E-07, -0.00257575351758599
1.73829359375E-07, -0.00286959184990682
1.738313125E-07, -0.00290059093069573
1.73833265625E-07, -0.00331449002344644
1.7383521875E-07, -0.00332346418487402
1.73837171875E-07, -0.00302048663642653
1.73839125E-07, -0.00258680832170553
1.73841078125E-07, -0.00322824756958793
1.7384303125E-07, -0.00274397015420864
1.73844984375E-07, -0.00295538130915042
1.738469375E-07, -0.00356509734221865
1.73848890625E-07, -0.00301171546504124
1.7385084375E-07, -0.00339578138613278
1.73852796875E-07, -0.003045474924695
1.7385475E-07, -0.00334032272457035
1.73856703125E-07, -0.00353141280028175
1.7385865625E-07, -0.00349317215664087
1.73860609375E-07, -0.00341831155979738
1.738625625E-07, -0.00349991504237188
1.73864515625E-07, -0.00364976816723651
1.7386646875E-07, -0.00379690244965362
1.73868421875E-07, -0.00366086487295049
1.73870375E-07, -0.00399299713570631
1.73872328125E-07, -0.0040905534407746
1.7387428125E-07, -0.00356803744971088
1.73876234375E-07, -0.00376645876263508
1.738781875E-07, -0.00353768682821017
1.73880140625E-07, -0.0041743660393602
1.7388209375E-07, -0.00402974146681753
1.73884046875E-07, -0.00425613051180117
1.73886E-07, -0.00394104298561553
1.73887953125E-07, -0.00435160244882583
1.7388990625E-07, -0.00445471316090922
1.73891859375E-07, -0.00422039310231388
1.738938125E-07, -0.0044790868336555
1.73895765625E-07, -0.00488305101398094
1.7389771875E-07, -0.00437595551434844
1.73899671875E-07, -0.00460599019653987
1.73901625E-07, -0.00463799640128617
1.73903578125E-07, -0.00424373915642248
1.7390553125E-07, -0.00510215015400178
1.73907484375E-07, -0.00535365598660321
1.739094375E-07, -0.00474142138235167
1.73911390625E-07, -0.00524514240296693
1.7391334375E-07, -0.0052072989520116
1.73915296875E-07, -0.00522022283064985
1.7391725E-07, -0.00520442922339493
1.73919203125E-07, -0.00526962570638535
1.7392115625E-07, -0.00498900706547498
1.73923109375E-07, -0.00565786833943332
1.739250625E-07, -0.00535935893920081
1.73927015625E-07, -0.00583411037717361
1.7392896875E-07, -0.00572957023149982
1.73930921875E-07, -0.00531286863932145
1.73932875E-07, -0.00526246306208306
1.73934828125E-07, -0.00500433352039319
1.7393678125E-07, -0.00577688817464763
1.73938734375E-07, -0.0054694348027802
1.739406875E-07, -0.00601472159011123
1.73942640625E-07, -0.00584286380949224
1.7394459375E-07, -0.00629939264092666
1.73946546875E-07, -0.00583028548223566
1.739485E-07, -0.00567080465285718
1.73950453125E-07, -0.0041035409191643
1.7395240625E-07, -0.00576996203868118
1.73954359375E-07, -0.00614202936440153
1.739563125E-07, -0.00613473286882611
1.73958265625E-07, -0.00562820045012097
1.7396021875E-07, -0.00610490990751148
1.73962171875E-07, -0.00538784930174092
1.73964125E-07, -0.00544527994947004
1.73966078125E-07, -0.00535784654160596
1.7396803125E-07, -0.00571201309444278
1.73969984375E-07, -0.00604211046153452
1.739719375E-07, -0.00539404045232593
1.73973890625E-07, -0.00565684008905647
1.7397584375E-07, -0.00600629941868701
1.73977796875E-07, -0.00573548686635954
1.7397975E-07, -0.00643676851495365
1.73981703125E-07, -0.00534000558830513
1.7398365625E-07, -0.00560305588183375
1.73985609375E-07, -0.00471609204747225
1.739875625E-07, -0.00537244866865597
1.73989515625E-07, -0.00558747904136585
1.7399146875E-07, -0.00498560525619598
1.73993421875E-07, -0.00498907449618308
1.73995375E-07, -0.00506337206594757
1.73997328125E-07, -0.00510542010318607
1.7399928125E-07, -0.00465902792747846
1.74001234375E-07, -0.00486222743706487
1.740031875E-07, -0.00449356652611251
1.74005140625E-07, -0.00419782662099661
1.7400709375E-07, -0.00495350263708297
1.74009046875E-07, -0.0042215305767666
1.74011E-07, -0.00360946027318355
1.74012953125E-07, -0.00408600086151393
1.7401490625E-07, -0.00289694262043683
1.74016859375E-07, -0.00337305355337707
1.740188125E-07, -0.00293074091094028
1.74020765625E-07, -0.00347130855093378
1.7402271875E-07, -0.00305303455816073
1.74024671875E-07, -0.00336440537330464
1.74026625E-07, -0.00295050316225716
1.74028578125E-07, -0.00261034781797581
1.7403053125E-07, -0.00262284785867666
1.74032484375E-07, -0.000739947784388033
1.740344375E-07, -0.00153618399441029
1.74036390625E-07, -0.00167598769533247
1.7403834375E-07, -0.00101329152648891
1.74040296875E-07, -0.000718127811159033
1.7404225E-07, -0.000209797269441466
1.74044203125E-07, 0.00255124421940051
1.7404615625E-07, -0.00062030586201314
1.74048109375E-07, 0.00126531402864917
1.740500625E-07, 0.000121547977827704
1.74052015625E-07, 0.000558971706930752
1.7405396875E-07, 0.00174785062150119
1.74055921875E-07, 0.00114788390111612
1.74057875E-07, 0.00111683199530053
1.74059828125E-07, 0.00163757422004746
1.7406178125E-07, 0.003140437285125
1.74063734375E-07, 0.00496623632658446
1.740656875E-07, 0.00345665158888886
1.74067640625E-07, 0.00288987882180129
1.7406959375E-07, 0.00351245529919538
1.74071546875E-07, 0.00393520578522693
1.740735E-07, 0.00445521096329932
1.74075453125E-07, 0.00513803762917481
1.7407740625E-07, 0.00494180234168346
1.74079359375E-07, 0.00555088807735569
1.740813125E-07, 0.00511839963390366
1.74083265625E-07, 0.00754963719272323
1.7408521875E-07, 0.00811818660204212
1.74087171875E-07, 0.00902687819512655
1.74089125E-07, 0.00798633626884111
1.74091078125E-07, 0.00984433410109959
1.7409303125E-07, 0.00914125793736322
1.74094984375E-07, 0.0103757684922589
1.740969375E-07, 0.0102355803955664
1.74098890625E-07, 0.0123909004755662
1.7410084375E-07, 0.0119349194665457
1.74102796875E-07, 0.0118319615826326
1.7410475E-07, 0.0125551210469572
1.74106703125E-07, 0.0133422842118439
1.7410865625E-07, 0.0140301379190333
1.74110609375E-07, 0.0158961709305778
1.741125625E-07, 0.0141493192768817
1.74114515625E-07, 0.0137997797281976
1.7411646875E-07, 0.0137244958195106
1.74118421875E-07, 0.01643101251706
1.74120375E-07, 0.0147075905370055
1.74122328125E-07, 0.0176304370232744
1.7412428125E-07, 0.0183153878412694
1.74126234375E-07, 0.0186923416460632
1.741281875E-07, 0.0192152095945183
1.74130140625E-07, 0.0199344170423913
1.7413209375E-07, 0.020769011053746
1.74134046875E-07, 0.0201432444982047
1.74136E-07, 0.0215312252881632
1.74137953125E-07, 0.0217862203615555
1.7413990625E-07, 0.0241686860446133
1.74141859375E-07, 0.0229870924310354
1.741438125E-07, 0.0240577491256217
1.74145765625E-07, 0.0264330078835913
1.7414771875E-07, 0.0248006031130505
1.74149671875E-07, 0.0220648985484645
1.74151625E-07, 0.0253132149873328
1.74153578125E-07, 0.0260423276917505
1.7415553125E-07, 0.0275213895635389
1.74157484375E-07, 0.027735693432653
1.741594375E-07, 0.02761689642134
1.74161390625E-07, 0.029042131588385
1.7416334375E-07, 0.0299845299267224
1.74165296875E-07, 0.03017367352812
1.7416725E-07, 0.0302848988435507
1.74169203125E-07, 0.0301209496731645
1.7417115625E-07, 0.0303906269515743
1.74173109375E-07, 0.0313633012420229
1.741750625E-07, 0.0311600366390077
1.74177015625E-07, 0.0326213877913505
1.7417896875E-07, 0.0321171917317751
1.74180921875E-07, 0.0325267900777144
1.74182875E-07, 0.0318022155202447
1.74184828125E-07, 0.0323296699287032
1.7418678125E-07, 0.0341326399559205
1.74188734375E-07, 0.0327209813141824
1.741906875E-07, 0.0302607776986674
1.74192640625E-07, 0.0339190618974315
1.7419459375E-07, 0.0342679860922606
1.74196546875E-07, 0.0340220911617501
1.741985E-07, 0.034453897543331
1.74200453125E-07, 0.0339002368302967
1.7420240625E-07, 0.0343117000436445
1.74204359375E-07, 0.0346009603019088
1.742063125E-07, 0.0343495892712991
1.74208265625E-07, 0.031946480481821
1.7421021875E-07, 0.0314190946376041
1.74212171875E-07, 0.0311783833708787
1.74214125E-07, 0.0335939462916015
1.74216078125E-07, 0.0321997804150057
1.7421803125E-07, 0.0332391578900785
1.74219984375E-07, 0.0316572347122733
1.742219375E-07, 0.0328992631247805
1.74223890625E-07, 0.0278586908443349
1.7422584375E-07, 0.0318307269784901
1.74227796875E-07, 0.030041104116394
1.7422975E-07, 0.030554408801391
1.74231703125E-07, 0.0288620504006537
1.7423365625E-07, 0.0281050644024537
1.74235609375E-07, 0.0292863128175164
1.742375625E-07, 0.0285968117568186
1.74239515625E-07, 0.0253019492080163
1.7424146875E-07, 0.0277741073643416
1.74243421875E-07, 0.0264698450077703
1.74245375E-07, 0.0250591933898995
1.74247328125E-07, 0.0261895144976523
1.7424928125E-07, 0.0237246721938217
1.74251234375E-07, 0.0230573404210141
1.742531875E-07, 0.0247741672598013
1.74255140625E-07, 0.020527380483456
1.7425709375E-07, 0.0162238828830503
1.74259046875E-07, 0.0188619767045113
1.74261E-07, 0.0157666173948545
1.74262953125E-07, 0.0173293375486407
1.7426490625E-07, 0.0072478413385101
1.74266859375E-07, 0.0118134153080748
1.742688125E-07, 0.00903189047945163
1.74270765625E-07, 0.0112265076326825
1.7427271875E-07, 0.00976378253276296
1.74274671875E-07, 0.00769555844429862
1.74276625E-07, -0.000384878968762915
1.74278578125E-07, 0.00468533118247543
1.7428053125E-07, -0.00231534641529253
1.74282484375E-07, 0.00149668200878087
1.742844375E-07, -0.00112215427173221
1.74286390625E-07, 0.00256160451311344
1.7428834375E-07, -0.00208187408916914
1.74290296875E-07, -0.000331351298740269
1.7429225E-07, -0.0110234474963682
1.74294203125E-07, -0.00714015418711768
1.7429615625E-07, -0.00837736925825291
1.74298109375E-07, -0.00808931766183503
1.743000625E-07, -0.00890517722536263
1.74302015625E-07, -0.0201009715850782
1.7430396875E-07, -0.0167065533729594
1.74305921875E-07, -0.0298432802458772
1.74307875E-07, -0.0144781114508906
1.74309828125E-07, -0.0232857037179655
1.7431178125E-07, -0.027211491278179
1.74313734375E-07, -0.0346872836343662
1.743156875E-07, -0.0353332774405817
1.74317640625E-07, -0.0328885592772307
1.7431959375E-07, -0.037754783859988
1.74321546875E-07, -0.0474251049525871
1.743235E-07, -0.0392269522579136
1.74325453125E-07, -0.0453472815492462
1.7432740625E-07, -0.0480746294912495
1.74329359375E-07, -0.0450130689598514
1.743313125E-07, -0.0427740160714445
1.74333265625E-07, -0.0457260798461758
1.7433521875E-07, -0.055324566326631
1.74337171875E-07, -0.0623366010823458
1.74339125E-07, -0.0631664021835986
1.74341078125E-07, -0.0623409859876069
1.7434303125E-07, -0.0607025526367772
1.74344984375E-07, -0.0651569584266779
1.743469375E-07, -0.0682654682634094
1.74348890625E-07, -0.0677809994286002
1.7435084375E-07, -0.0697295986406942
1.74352796875E-07, -0.0779607491101486
1.7435475E-07, -0.0724500794468479
1.74356703125E-07, -0.0825537747565786
1.7435865625E-07, -0.083927427025814
1.74360609375E-07, -0.0849214344370993
1.743625625E-07, -0.086932492116728
1.74364515625E-07, -0.0890680428129297
1.7436646875E-07, -0.0941158478418559
1.74368421875E-07, -0.0984116009943676
1.74370375E-07, -0.0946054063927521
1.74372328125E-07, -0.10008592958267
1.7437428125E-07, -0.103752336956538
1.74376234375E-07, -0.10122212658221
1.743781875E-07, -0.10335459566793
1.74380140625E-07, -0.109531043042087
1.7438209375E-07, -0.108656441096747
1.74384046875E-07, -0.10866205128459
1.74386E-07, -0.113876772276306
1.74387953125E-07, -0.112465796353587
1.7438990625E-07, -0.10810530638979
1.74391859375E-07, -0.113948546683438
1.743938125E-07, -0.115403663189362
1.74395765625E-07, -0.117251325275077
1.7439771875E-07, -0.111765984862837
1.74399671875E-07, -0.112135366292263
1.74401625E-07, -0.112744550672924
1.74403578125E-07, -0.114267159115157
1.7440553125E-07, -0.115237087590529
1.74407484375E-07, -0.122995874762509
1.744094375E-07, -0.120475386939873
1.74411390625E-07, -0.122473283041503
1.7441334375E-07, -0.123230488351751
1.74415296875E-07, -0.121423525418548
1.7441725E-07, -0.119234255061584
1.74419203125E-07, -0.120700602901617
1.7442115625E-07, -0.123222450055419
1.74423109375E-07, -0.120434954168756
1.744250625E-07, -0.115991567322246
1.74427015625E-07, -0.116993541340609
1.7442896875E-07, -0.115290068230538
1.74430921875E-07, -0.114579299512288
1.74432875E-07, -0.113825487187992
1.74434828125E-07, -0.114030590494704
1.7443678125E-07, -0.110000398649543
1.74438734375E-07, -0.110603498008377
1.744406875E-07, -0.101592570248055
1.74442640625E-07, -0.104840548601745
1.7444459375E-07, -0.0955995555184679
1.74446546875E-07, -0.104245442625357
1.744485E-07, -0.0964453429955025
1.74450453125E-07, -0.0904018866193411
1.7445240625E-07, -0.0846717554870001
1.74454359375E-07, -0.0897323651974085
1.744563125E-07, -0.0914235521229366
1.74458265625E-07, -0.0912215882971034
1.7446021875E-07, -0.0756721124972833
1.74462171875E-07, -0.0746894331374543
1.74464125E-07, -0.0667768683367851
1.74466078125E-07, -0.0642294748895633
1.7446803125E-07, -0.0646623735401628
1.74469984375E-07, -0.0585603638105158
1.744719375E-07, -0.05846816577937
1.74473890625E-07, -0.0609129753961915
1.7447584375E-07, -0.0486158788685335
1.74477796875E-07, -0.0325530742688944
1.7447975E-07, -0.0443252161050176
1.74481703125E-07, -0.0363639124975856
1.7448365625E-07, -0.0377489472561192
1.74485609375E-07, -0.0163120226359639
1.744875625E-07, -0.0133909610771878
1.74489515625E-07, -0.0229006350709305
1.7449146875E-07, -0.0140109490331744
1.74493421875E-07, -0.0143465796045951
1.74495375E-07, -0.000286112886122208
1.74497328125E-07, 0.013699907727076
1.7449928125E-07, 0.00989370362465719
1.74501234375E-07, -0.00689491316684459
1.745031875E-07, 0.0048078181908036
1.74505140625E-07, 0.00357623364368478
1.7450709375E-07, 0.0220936925739975
1.74509046875E-07, 0.0240874919895241
1.74511E-07, 0.0335686983306975
1.74512953125E-07, 0.0375054997617496
1.7451490625E-07, 0.0263977729219315
1.74516859375E-07, 0.0407474182251594
1.745188125E-07, 0.0331622829658447
1.74520765625E-07, 0.0484615886185727
1.7452271875E-07, 0.0457829117374231
1.74524671875E-07, 0.0533802877295293
1.74526625E-07, 0.0532496942467073
1.74528578125E-07, 0.0595529835930282
1.7453053125E-07, 0.0652512416630542
1.74532484375E-07, 0.0625881089541924
1.745344375E-07, 0.0688365155498454
1.74536390625E-07, 0.0788302903295578
1.7453834375E-07, 0.080732488828212
1.74540296875E-07, 0.0720162535562165
1.7454225E-07, 0.0767041420819094
1.74544203125E-07, 0.0818717502991258
1.7454615625E-07, 0.0884039771473515
1.74548109375E-07, 0.0886352258507291
1.745500625E-07, 0.0858343418709094
1.74552015625E-07, 0.094061644910598
1.7455396875E-07, 0.0911765599328279
1.74555921875E-07, 0.0868667899442795
1.74557875E-07, 0.0989614480121262
1.74559828125E-07, 0.0984218512697911
1.7456178125E-07, 0.0980588352921771
1.74563734375E-07, 0.0975379954854056
1.745656875E-07, 0.101783210817765
1.74567640625E-07, 0.0969441776193449
1.7456959375E-07, 0.0989537731529346
1.74571546875E-07, 0.101571310853947
1.745735E-07, 0.0986387887470794
1.74575453125E-07, 0.098931403871438
1.7457740625E-07, 0.0954179376039745
1.74579359375E-07, 0.095138798316452
1.745813125E-07, 0.0983101592657935
1.74583265625E-07, 0.084189680585759
1.7458521875E-07, 0.0981109845612373
1.74587171875E-07, 0.089909939891101
1.74589125E-07, 0.0922084644760414
1.74591078125E-07, 0.092368597113855
1.7459303125E-07, 0.0903727820145138
1.74594984375E-07, 0.0911811812263463
1.745969375E-07, 0.0843259454873143
1.74598890625E-07, 0.0834293755051176
1.7460084375E-07, 0.0833901005461608
1.74602796875E-07, 0.0830368872239227
1.7460475E-07, 0.0819605074565584
1.74606703125E-07, 0.0781888039451797
1.7460865625E-07, 0.0777196925819027
1.74610609375E-07, 0.0741614021375469
1.746125625E-07, 0.0710091232411757
1.74614515625E-07, 0.0729113357815149
1.7461646875E-07, 0.0714811190609622
1.74618421875E-07, 0.0694823726016067
1.74620375E-07, 0.0702323911497108
1.74622328125E-07, 0.064310233127371
1.7462428125E-07, 0.0660439158528337
1.74626234375E-07, 0.0609675015691095
1.746281875E-07, 0.0593545571370517
1.74630140625E-07, 0.0591007283355911
1.7463209375E-07, 0.0558231873726113
1.74634046875E-07, 0.0538479251340539
1.74636E-07, 0.0456213685541092
1.74637953125E-07, 0.0421763824831142
1.7463990625E-07, 0.0458214177976083
1.74641859375E-07, 0.0443573939798959
1.746438125E-07, 0.0448166896871551
1.74645765625E-07, 0.0416366107287417
1.7464771875E-07, 0.0372732134296399
1.74649671875E-07, 0.0375831242389158
1.74651625E-07, 0.0362304016734503
1.74653578125E-07, 0.033285277394255
1.7465553125E-07, 0.0325540681328876
1.74657484375E-07, 0.0336513318160993
1.746594375E-07, 0.033953824305894
1.74661390625E-07, 0.0310777567170549
1.7466334375E-07, 0.0297574036909875
1.74665296875E-07, 0.0373214692719267
1.7466725E-07, 0.0269950013896623
1.74669203125E-07, 0.0252964735004378
1.7467115625E-07, 0.0255735341330774
1.74673109375E-07, 0.0241053654060456
1.746750625E-07, 0.0253185946984355
1.74677015625E-07, 0.023174959597622
1.7467896875E-07, 0.0211842970129095
1.74680921875E-07, 0.0205987081186715
1.74682875E-07, 0.0209184040550996
1.74684828125E-07, 0.0206494977596895
1.7468678125E-07, 0.0195363725883251
1.74688734375E-07, 0.0191013286318091
1.746906875E-07, 0.0187246859775339
1.74692640625E-07, 0.0193748694444151
1.7469459375E-07, 0.0197789480732327
1.74696546875E-07, 0.0192820723144399
1.746985E-07, 0.0180636366355403
1.74700453125E-07, 0.0181288530647695
1.7470240625E-07, 0.0178294057058257
1.74704359375E-07, 0.0193100039369969
1.747063125E-07, 0.0190303264171914
1.74708265625E-07, 0.019869105442393
1.7471021875E-07, 0.0211337526922701
1.74712171875E-07, 0.0190224886861775
1.74714125E-07, 0.0177204998070858
1.74716078125E-07, 0.0191510687461172
1.7471803125E-07, 0.0198521095800308
1.74719984375E-07, 0.0189527461847601
1.747219375E-07, 0.018605253852716
1.74723890625E-07, 0.018684168099489
1.7472584375E-07, 0.0187941404624917
1.74727796875E-07, 0.0179117706722951
1.7472975E-07, 0.0202997122939288
1.74731703125E-07, 0.0198230043957171
1.7473365625E-07, 0.0186663332884023
1.74735609375E-07, 0.0194506020126202
1.747375625E-07, 0.0193389672385627
1.74739515625E-07, 0.0191732325729076
1.7474146875E-07, 0.0195800746017888
1.74743421875E-07, 0.0190800285322983
1.74745375E-07, 0.0191246299234618
1.74747328125E-07, 0.0187825851289479
1.7474928125E-07, 0.0184102254571853
1.74751234375E-07, 0.0174016847696468
1.747531875E-07, 0.0182768468108772
1.74755140625E-07, 0.0163445960667596
1.7475709375E-07, 0.0167910031826673
1.74759046875E-07, 0.0166621312203693
1.74761E-07, 0.0160945358429505
1.74762953125E-07, 0.016304099485054
1.7476490625E-07, 0.0171402674460861
1.74766859375E-07, 0.0165680587804813
1.747688125E-07, 0.0142838849371612
1.74770765625E-07, 0.0148414889306905
1.7477271875E-07, 0.0127048619352839
1.74774671875E-07, 0.0148406249745095
1.74776625E-07, 0.0139493278529015
1.74778578125E-07, 0.0127660568333386
1.7478053125E-07, 0.0126280030645177
1.74782484375E-07, 0.0117553489549706
1.747844375E-07, 0.0120454084001182
1.74786390625E-07, 0.0106957878076929
1.7478834375E-07, 0.00985390635978138
1.74790296875E-07, 0.0105513772680264
1.7479225E-07, 0.00834520927282456
1.74794203125E-07, 0.00761554958244389
1.7479615625E-07, 0.00670476420155526
1.74798109375E-07, 0.00619256853128087
1.748000625E-07, 0.00633873055238356
1.74802015625E-07, 0.00405271117641436
1.7480396875E-07, 0.00671523070173161
1.74805921875E-07, 0.00338094286673483
1.74807875E-07, 0.00198657692246669
1.74809828125E-07, 0.00294156877580353
1.7481178125E-07, 0.00373394847929411
1.74813734375E-07, 0.000452273447330896
1.748156875E-07, 0.000163391717692591
1.74817640625E-07, -0.000246687017346659
1.7481959375E-07, -0.00160911284978685
1.74821546875E-07, 0.000191644144917225
1.748235E-07, -0.0017179150604346
1.74825453125E-07, -0.00128620253039883
1.7482740625E-07, -0.00158870579281089
1.74829359375E-07, -0.00454294397479408
1.748313125E-07, -0.00381040427621929
1.74833265625E-07, -0.00401029514277566
1.7483521875E-07, -0.00292956155273516
1.74837171875E-07, -0.00248218195156018
1.74839125E-07, -0.00653930570949428
1.74841078125E-07, -0.00745605370870916
1.7484303125E-07, -0.006678771832607
1.74844984375E-07, -0.00663333183331166
1.748469375E-07, -0.00802314619016261
1.74848890625E-07, -0.00660576385508172
1.7485084375E-07, -0.00824048836707661
1.74852796875E-07, -0.00656567715283223
1.7485475E-07, -0.00714168462482754
1.74856703125E-07, -0.0085968627040562
1.7485865625E-07, -0.00806240879674368
1.74860609375E-07, -0.00746246682146811
1.748625625E-07, -0.0086878903173017
1.74864515625E-07, -0.00841909212287639
1.7486646875E-07, -0.00687772271249962
1.74868421875E-07, -0.00778105891737791
1.74870375E-07, -0.0088554492881673
1.74872328125E-07, -0.00770784398563206
1.7487428125E-07, -0.0073583250808109
1.74876234375E-07, -0.00927750735995164
1.748781875E-07, -0.00789432506689861
1.74880140625E-07, -0.00835821495668189
1.7488209375E-07, -0.00866333367855861
1.74884046875E-07, -0.00815149271991056
1.74886E-07, -0.00562429055027072
1.74887953125E-07, -0.00716325903814297
1.7488990625E-07, -0.00559988296018944
1.74891859375E-07, -0.00724013097319246
1.748938125E-07, -0.00658894528018834
1.74895765625E-07, -0.00633504500273843
1.7489771875E-07, -0.00600781075056007
1.74899671875E-07, -0.00570925179936182
1.74901625E-07, -0.00608362544804307
1.74903578125E-07, -0.0053524818691476
1.7490553125E-07, -0.00643645874328978
1.74907484375E-07, -0.00443146424443838
1.749094375E-07, -0.00442141697237604
1.74911390625E-07, -0.00325809716502008
1.7491334375E-07, -0.00391541453565196
1.74915296875E-07, -0.00464835549645355
1.7491725E-07, -0.0042937325147516
1.74919203125E-07, -0.00284633355752416
1.7492115625E-07, -0.00262785757076887
1.74923109375E-07, -0.00292180597020189
1.749250625E-07, -0.00267115108312581
1.74927015625E-07, -0.00300845727643675
1.7492896875E-07, -0.00199837203729153
1.74930921875E-07, -0.0013899076045159
1.74932875E-07, -0.00153709737885863
1.74934828125E-07, -0.00161857943521704
1.7493678125E-07, -0.000827237330170595
1.74938734375E-07, -0.00125306202308941
1.749406875E-07, -0.000522673569729709
1.74942640625E-07, -0.000857026940402102
1.7494459375E-07, -3.72405266770498E-05
1.74946546875E-07, -0.00044538309803951
1.749485E-07, 0.000310655279618245
1.74950453125E-07, 2.87367884832193E-05
1.7495240625E-07, 2.90476772129988E-06
1.74954359375E-07, 0.000998885567503108
1.749563125E-07, 0.000853885658527332
1.74958265625E-07, 0.00145943768393752
1.7496021875E-07, 0.00110486868430613
1.74962171875E-07, 0.00111432658336628
1.74964125E-07, 0.000951738721508342
1.74966078125E-07, 0.00159118394508281
1.7496803125E-07, 0.00137054684359149
1.74969984375E-07, 0.00206806427532993
1.749719375E-07, 0.00157399806709433
1.74973890625E-07, 0.00184688165894937
1.7497584375E-07, 0.00188331849060819
1.74977796875E-07, 0.00198427384652423
1.7497975E-07, 0.0017381612545994
1.74981703125E-07, 0.00206215312291994
1.7498365625E-07, 0.00192166564689832
1.74985609375E-07, 0.00178821735587305
1.749875625E-07, 0.00181382179674686
1.74989515625E-07, 0.0015511381888491
1.7499146875E-07, 0.00213652336202756
1.74993421875E-07, 0.00159810831246439
1.74995375E-07, 0.00177467938356024
1.74997328125E-07, 0.00127680598727078
1.7499928125E-07, 0.00149828281017342
1.75001234375E-07, 0.00113725126242649
1.750031875E-07, 0.000814897834058606
1.75005140625E-07, 0.000981275811572001
1.7500709375E-07, 0.000702266467281118
1.75009046875E-07, 0.000479856234405467
1.75011E-07, 0.000576769789116304
1.75012953125E-07, -0.000171789518153187
1.7501490625E-07, -0.00121244444209729
1.75016859375E-07, -0.0016596465849261
1.750188125E-07, -0.000304628295423959
1.75020765625E-07, -0.00053713173935249
1.7502271875E-07, -0.0015507311250374
1.75024671875E-07, -0.00144768962411746
1.75026625E-07, -0.00107488263127572
1.75028578125E-07, -0.00210845407461251
1.7503053125E-07, -0.00168844613664265
1.75032484375E-07, -0.00246993329072279
1.750344375E-07, -0.00246945467778421
1.75036390625E-07, -0.00201589456280715
1.7503834375E-07, -0.00250088122581137
1.75040296875E-07, -0.00252125928936038
1.7504225E-07, -0.00264792953180159
1.75044203125E-07, -0.00440847332240225
1.7504615625E-07, -0.00405641595014295
1.75048109375E-07, -0.00513132210276457
1.750500625E-07, -0.00569548157744755
1.75052015625E-07, -0.00479597485002299
1.7505396875E-07, -0.00920330058715253
1.75055921875E-07, -0.00729950939050168
1.75057875E-07, -0.00586736636394599
1.75059828125E-07, -0.00796341572690941
1.7506178125E-07, -0.00783144063732275
1.75063734375E-07, -0.00706519121706874
1.750656875E-07, -0.00888102214964343
1.75067640625E-07, -0.00851621072828373
1.7506959375E-07, -0.00956860008378105
1.75071546875E-07, -0.0106632715351829
1.750735E-07, -0.0103298662304071
1.75075453125E-07, -0.00974996692433735
1.7507740625E-07, -0.0109532614160207
1.75079359375E-07, -0.0110002062371232
1.750813125E-07, -0.0128048142255608
1.75083265625E-07, -0.0118428138417787
1.7508521875E-07, -0.0129448630363302
1.75087171875E-07, -0.0144699769372819
1.75089125E-07, -0.0147750579102796
1.75091078125E-07, -0.0145381579806131
1.7509303125E-07, -0.0157771368537937
1.75094984375E-07, -0.0149592645985068
1.750969375E-07, -0.01625119752331
1.75098890625E-07, -0.0163772744856515
1.7510084375E-07, -0.0173953011229323
1.75102796875E-07, -0.0173736718193233
1.7510475E-07, -0.0188446571538456
1.75106703125E-07, -0.0192997136704328
1.7510865625E-07, -0.0179544858106118
1.75110609375E-07, -0.0213223501078306
1.751125625E-07, -0.0218222847519013
1.75114515625E-07, -0.0207278575872034
1.7511646875E-07, -0.0230456911089356
1.75118421875E-07, -0.0244108273662108
1.75120375E-07, -0.0235222425479413
1.75122328125E-07, -0.0215498176202589
1.7512428125E-07, -0.024425700709588
1.75126234375E-07, -0.0258972228910288
1.751281875E-07, -0.0253971885016788
1.75130140625E-07, -0.0266592735287598
1.7513209375E-07, -0.0265010027846159
1.75134046875E-07, -0.0266076610108851
1.75136E-07, -0.0259527636288162
1.75137953125E-07, -0.029370270036012
1.7513990625E-07, -0.0277349750347333
1.75141859375E-07, -0.0285270374862391
1.751438125E-07, -0.0287072886715603
1.75145765625E-07, -0.0280337342132107
1.7514771875E-07, -0.0283363190049449
1.75149671875E-07, -0.0305364348945306
1.75151625E-07, -0.0297839109113414
1.75153578125E-07, -0.03039359045733
1.7515553125E-07, -0.0302905209854526
1.75157484375E-07, -0.0315834254911434
1.751594375E-07, -0.0319793712524935
1.75161390625E-07, -0.030834407685244
1.7516334375E-07, -0.0325293266215867
1.75165296875E-07, -0.0306660319901257
1.7516725E-07, -0.0318731901807899
1.75169203125E-07, -0.0314662532883278
1.7517115625E-07, -0.0322991362037876
1.75173109375E-07, -0.0325421907258247
1.751750625E-07, -0.0318154158134672
1.75177015625E-07, -0.0314118489667123
1.7517896875E-07, -0.0326614562558081
1.75180921875E-07, -0.0326274847621847
1.75182875E-07, -0.0327105985513666
1.75184828125E-07, -0.0323247210825512
1.7518678125E-07, -0.0324155082781324
1.75188734375E-07, -0.0324239446371751
1.751906875E-07, -0.0327239253019587
1.75192640625E-07, -0.0319357792852472
1.7519459375E-07, -0.0319828733753895
1.75196546875E-07, -0.0321819275987656
1.751985E-07, -0.031979823324187
1.75200453125E-07, -0.0318748806922804
1.7520240625E-07, -0.0317766953422368
1.75204359375E-07, -0.0315633416753987
1.752063125E-07, -0.031082386400244
1.75208265625E-07, -0.031045920114471
1.7521021875E-07, -0.0306499054813129
1.75212171875E-07, -0.0312293694408108
1.75214125E-07, -0.0307513327612353
1.75216078125E-07, -0.0304815607825149
1.7521803125E-07, -0.0300414235466306
1.75219984375E-07, -0.0300673370512771
1.752219375E-07, -0.0293943359369489
1.75223890625E-07, -0.0293942146974407
1.7522584375E-07, -0.0292707895856362
1.75227796875E-07, -0.0292093991720781
1.7522975E-07, -0.0276747638211231
1.75231703125E-07, -0.0290153246405077
1.7523365625E-07, -0.0277457895778357
1.75235609375E-07, -0.0279532172196958
1.752375625E-07, -0.0270217437480495
1.75239515625E-07, -0.0269330982563679
1.7524146875E-07, -0.0255803439554235
1.75243421875E-07, -0.0247267353941508
1.75245375E-07, -0.0257977690559376
1.75247328125E-07, -0.02616502211986
1.7524928125E-07, -0.0250359097683894
1.75251234375E-07, -0.0237584950954393
1.752531875E-07, -0.0249097400811255
1.75255140625E-07, -0.0251258137644162
1.7525709375E-07, -0.0251858309774515
1.75259046875E-07, -0.0244632634359854
1.75261E-07, -0.0232624470024922
1.75262953125E-07, -0.0216444267390997
1.7526490625E-07, -0.0224549039813849
1.75266859375E-07, -0.0208461805656646
1.752688125E-07, -0.0208024249203674
1.75270765625E-07, -0.0224221101057053
1.7527271875E-07, -0.0211065075054642
1.75274671875E-07, -0.0195666987046784
1.75276625E-07, -0.0202980345386762
1.75278578125E-07, -0.0209614045377947
1.7528053125E-07, -0.0195982245984665
1.75282484375E-07, -0.0201166651108889
1.752844375E-07, -0.0185584918624443
1.75286390625E-07, -0.0173867763260522
1.7528834375E-07, -0.0187455324792264
1.75290296875E-07, -0.0193520701361613
1.7529225E-07, -0.0176605850570631
1.75294203125E-07, -0.0169955291603242
1.7529615625E-07, -0.0166764710398434
1.75298109375E-07, -0.0156940866667927
1.753000625E-07, -0.0155422586471142
1.75302015625E-07, -0.0158505014061229
1.7530396875E-07, -0.0140869554171752
1.75305921875E-07, -0.0149716107130012
1.75307875E-07, -0.0135357223355357
1.75309828125E-07, -0.0138094309050264
1.7531178125E-07, -0.0143004359311354
1.75313734375E-07, -0.0135574434741651
1.753156875E-07, -0.0144148520103533
1.75317640625E-07, -0.0128015984312689
1.7531959375E-07, -0.0126090544366267
1.75321546875E-07, -0.0126360995189177
1.753235E-07, -0.0115451792876693
1.75325453125E-07, -0.0111955039047558
1.7532740625E-07, -0.00946501358832623
1.75329359375E-07, -0.0103789008846382
1.753313125E-07, -0.00969287413513187
1.75333265625E-07, -0.00874925167131451
1.7533521875E-07, -0.0090245902182473
1.75337171875E-07, -0.00802614638292678
1.75339125E-07, -0.00818700686735213
1.75341078125E-07, -0.00634920851545313
1.7534303125E-07, -0.0058974017778467
1.75344984375E-07, -0.00716993459041424
1.753469375E-07, -0.00600373324885554
1.75348890625E-07, -0.00466787449647614
1.7535084375E-07, -0.00524341285035131
1.75352796875E-07, -0.00421483823363349
1.7535475E-07, -0.00454725268852763
1.75356703125E-07, -0.00449976297030532
1.7535865625E-07, -0.00382990324666811
1.75360609375E-07, -0.00347326277286801
1.753625625E-07, -0.00324655399903135
1.75364515625E-07, -0.00250498528295018
1.7536646875E-07, -0.00169823816496621
1.75368421875E-07, -0.00203042250003374
1.75370375E-07, -0.00204683354704173
1.75372328125E-07, -0.00228696951489929
1.7537428125E-07, -0.0013652455162247
1.75376234375E-07, 0.000796712510447217
1.753781875E-07, -0.000496919110862654
1.75380140625E-07, -0.000985259233201041
1.7538209375E-07, 0.000504509884474477
1.75384046875E-07, 0.000378207302684242
1.75386E-07, -0.000182561734154823
1.75387953125E-07, -0.00105079015948879
1.7538990625E-07, -0.000734124219295449
1.75391859375E-07, 0.0019616905566347
1.753938125E-07, -0.000117354253616184
1.75395765625E-07, 0.00153601225839103
1.7539771875E-07, 0.00108752575393991
1.75399671875E-07, 0.00189784025143581
1.75401625E-07, 0.00299326543712465
1.75403578125E-07, 0.00165369977637837
1.7540553125E-07, 0.00236256126550149
1.75407484375E-07, 0.00215183446117269
1.754094375E-07, 0.00187102642453366
1.75411390625E-07, 0.00338394962332297
1.7541334375E-07, 0.00323763403393839
1.75415296875E-07, 0.00305972996541204
1.7541725E-07, 0.00344949090054831
1.75419203125E-07, 0.00359441222624954
1.7542115625E-07, 0.00226057831893719
1.75423109375E-07, 0.00433937034315221
1.754250625E-07, 0.00189922557308866
1.75427015625E-07, 0.00488387880402448
1.7542896875E-07, 0.00430207148754891
1.75430921875E-07, 0.00509627338214659
1.75432875E-07, 0.0049568963975855
1.75434828125E-07, 0.0044289940240862
1.7543678125E-07, 0.0048963118115911
1.75438734375E-07, 0.00460331933449257
1.754406875E-07, 0.00559767262892083
1.75442640625E-07, 0.00586992863809852
1.7544459375E-07, 0.00566280758650309
1.75446546875E-07, 0.00649635653007313
1.754485E-07, 0.00607653124320039
1.75450453125E-07, 0.00629638524798134
1.7545240625E-07, 0.00725713430498003
1.75454359375E-07, 0.00704342115750654
1.754563125E-07, 0.00722514251188904
1.75458265625E-07, 0.00717828744616036
1.7546021875E-07, 0.00754702469292168
1.75462171875E-07, 0.00711847565710551
1.75464125E-07, 0.0081100247245719
1.75466078125E-07, 0.00816858008501087
1.7546803125E-07, 0.00850505800893538
1.75469984375E-07, 0.00907894710568271
1.754719375E-07, 0.00887471654693472
1.75473890625E-07, 0.00782802509092058
1.7547584375E-07, 0.00806985759806564
1.75477796875E-07, 0.00943676444615957
1.7547975E-07, 0.00941456569783009
1.75481703125E-07, 0.00920754306935699
1.7548365625E-07, 0.0103914250685091
1.75485609375E-07, 0.00996913138376227
1.754875625E-07, 0.010338008019088
1.75489515625E-07, 0.0109328773308786
1.7549146875E-07, 0.0100406969685897
1.75493421875E-07, 0.0114776360548692
1.75495375E-07, 0.0119302394232887
1.75497328125E-07, 0.0116850908345812
1.7549928125E-07, 0.0126229733082896
1.75501234375E-07, 0.0118087842665561
1.755031875E-07, 0.0120148075245424
1.75505140625E-07, 0.0127586228213477
1.7550709375E-07, 0.0122735172492025
1.75509046875E-07, 0.0130757776658205
1.75511E-07, 0.0131883519147392
1.75512953125E-07, 0.0132734570914689
1.7551490625E-07, 0.0134936608621038
1.75516859375E-07, 0.0138965375889725
1.755188125E-07, 0.0139806834610097
1.75520765625E-07, 0.0137791143754159
1.7552271875E-07, 0.0143926346672863
1.75524671875E-07, 0.0144048694359568
1.75526625E-07, 0.014347667440759
1.75528578125E-07, 0.0143779141481489
1.7553053125E-07, 0.0139012799128136
1.75532484375E-07, 0.0140930561985637
1.755344375E-07, 0.0146129466508014
1.75536390625E-07, 0.0142235729126103
1.7553834375E-07, 0.0144630343279077
1.75540296875E-07, 0.0146210910321751
1.7554225E-07, 0.0145682843032719
1.75544203125E-07, 0.0141015313834034
1.7554615625E-07, 0.0148812019206525
1.75548109375E-07, 0.0144970869634808
1.755500625E-07, 0.0149632920590761
1.75552015625E-07, 0.0133984026322956
1.7555396875E-07, 0.0143121588623291
1.75555921875E-07, 0.0142777285897148
1.75557875E-07, 0.0134511323249917
1.75559828125E-07, 0.0137864772816545
1.7556178125E-07, 0.0140682883299087
1.75563734375E-07, 0.0143266905720637
1.755656875E-07, 0.0136525451730811
1.75567640625E-07, 0.0140897684625953
1.7556959375E-07, 0.0136357737513065
1.75571546875E-07, 0.0133659838176918
1.755735E-07, 0.0135427354197126
1.75575453125E-07, 0.0132679702624909
1.7557740625E-07, 0.0130672005749554
1.75579359375E-07, 0.0124279570027075
1.755813125E-07, 0.0122733645355653
1.75583265625E-07, 0.0125517649632194
1.7558521875E-07, 0.0114566290405088
1.75587171875E-07, 0.0122774001784412
1.75589125E-07, 0.0115156340019692
1.75591078125E-07, 0.0117884731425323
1.7559303125E-07, 0.0110606527324098
1.75594984375E-07, 0.010696636343413
1.755969375E-07, 0.0107497163301597
1.75598890625E-07, 0.0101553711718914
1.7560084375E-07, 0.0106888180072341
1.75602796875E-07, 0.00966390877037344
1.7560475E-07, 0.00952694079780411
1.75606703125E-07, 0.0082357989820504
1.7560865625E-07, 0.00934067977998191
1.75610609375E-07, 0.00904217103826932
1.756125625E-07, 0.00865873733711092
1.75614515625E-07, 0.00928979735751099
1.7561646875E-07, 0.00678466787762606
1.75618421875E-07, 0.00758296234286172
1.75620375E-07, 0.00783428737672096
1.75622328125E-07, 0.00779027778200563
1.7562428125E-07, 0.0071067925211878
1.75626234375E-07, 0.00622143157128597
1.756281875E-07, 0.00565825138701048
1.75630140625E-07, 0.00664920514521852
1.7563209375E-07, 0.00661599749771111
1.75634046875E-07, 0.0068028394322818
1.75636E-07, 0.00597920862943155
1.75637953125E-07, 0.00556266744122973
1.7563990625E-07, 0.00481736066212989
1.75641859375E-07, 0.00556238131740005
1.756438125E-07, 0.00494655910199653
1.75645765625E-07, 0.00570910775731497
1.7564771875E-07, 0.00517241595388251
1.75649671875E-07, 0.00536276896446176
1.75651625E-07, 0.00473278662583708
1.75653578125E-07, 0.00422862460895178
1.7565553125E-07, 0.00490975301325463
1.75657484375E-07, 0.00472681607209949
1.756594375E-07, 0.00425133899540971
1.75661390625E-07, 0.00413543449768942
1.7566334375E-07, 0.00517584068197048
1.75665296875E-07, 0.00439003210385861
1.7566725E-07, 0.00473159400389425
1.75669203125E-07, 0.0045657784240244
1.7567115625E-07, 0.00543013695587492
1.75673109375E-07, 0.00470330176127483
1.756750625E-07, 0.00437371110528723
1.75677015625E-07, 0.0043449351757729
1.7567896875E-07, 0.00450713132561718
1.75680921875E-07, 0.0048278169661809
1.75682875E-07, 0.00536456828796144
1.75684828125E-07, 0.00496744643359177
1.7568678125E-07, 0.00503610163081096
1.75688734375E-07, 0.00470865543795494
1.756906875E-07, 0.00470391438201342
1.75692640625E-07, 0.00560594393704234
1.7569459375E-07, 0.00576408217684771
1.75696546875E-07, 0.0061011540161594
1.756985E-07, 0.00512277604361846
1.75700453125E-07, 0.00586990867590042
1.7570240625E-07, 0.00641447195722869
1.75704359375E-07, 0.00626491871665011
1.757063125E-07, 0.00604118671051413
1.75708265625E-07, 0.00614320138692854
1.7571021875E-07, 0.00624944424599736
1.75712171875E-07, 0.00557739471613224
1.75714125E-07, 0.00620500627139376
1.75716078125E-07, 0.00671461487611431
1.7571803125E-07, 0.00678931812951785
1.75719984375E-07, 0.00712324092347587
1.757219375E-07, 0.0066238917404032
1.75723890625E-07, 0.00702284926258849
1.7572584375E-07, 0.00724230451515158
1.75727796875E-07, 0.00717584339862322
1.7572975E-07, 0.00797987684834089
1.75731703125E-07, 0.00798077395447932
1.7573365625E-07, 0.00779096336867087
1.75735609375E-07, 0.00778422856068964
1.757375625E-07, 0.00778448775420943
1.75739515625E-07, 0.00812873622725351
1.7574146875E-07, 0.00822935353975475
1.75743421875E-07, 0.00820319514102317
1.75745375E-07, 0.00840910355183268
1.75747328125E-07, 0.00871259210639793
1.7574928125E-07, 0.00866335054470119
1.75751234375E-07, 0.00844896983631234
1.757531875E-07, 0.00859200889938375
1.75755140625E-07, 0.00880454026569403
1.7575709375E-07, 0.00862747484439136
1.75759046875E-07, 0.00912594055392063
1.75761E-07, 0.00908114431285306
1.75762953125E-07, 0.00942324552180497
1.7576490625E-07, 0.00925630163074098
1.75766859375E-07, 0.00962336634470764
1.757688125E-07, 0.00890409327506468
1.75770765625E-07, 0.00966164415362888
1.7577271875E-07, 0.00981410497589881
1.75774671875E-07, 0.00983971999718493
1.75776625E-07, 0.00966192391520719
1.75778578125E-07, 0.00992158311737883
1.7578053125E-07, 0.010251372671445
1.75782484375E-07, 0.00978650045232196
1.757844375E-07, 0.00981858635866576
1.75786390625E-07, 0.0101663477044305
1.7578834375E-07, 0.0101642554881179
1.75790296875E-07, 0.0104069976999935
1.7579225E-07, 0.0106589284778313
1.75794203125E-07, 0.0106740024579132
1.7579615625E-07, 0.010475124050474
1.75798109375E-07, 0.0107580800799905
1.758000625E-07, 0.0100103778345955
1.75802015625E-07, 0.0105038225939824
1.7580396875E-07, 0.0107051111888655
1.75805921875E-07, 0.0110866526258106
1.75807875E-07, 0.0112727421596538
1.75809828125E-07, 0.0110757966052788
1.7581178125E-07, 0.0116128087379887
1.75813734375E-07, 0.0114636271658739
1.758156875E-07, 0.0112790529061658
1.75817640625E-07, 0.0107925426865645
1.7581959375E-07, 0.0113261864217812
1.75821546875E-07, 0.0108498418923586
1.758235E-07, 0.0119742399693905
1.75825453125E-07, 0.0113551299319353
1.7582740625E-07, 0.0119112815789365
1.75829359375E-07, 0.0110320154111537
1.758313125E-07, 0.0112035336758596
1.75833265625E-07, 0.0119021822684514
1.7583521875E-07, 0.0114883493374037
1.75837171875E-07, 0.01176644122869
1.75839125E-07, 0.0119731253794259
1.75841078125E-07, 0.0118513468882838
1.7584303125E-07, 0.0118591005611256
1.75844984375E-07, 0.0116952792496024
1.758469375E-07, 0.0117294759074104
1.75848890625E-07, 0.0121650534691687
1.7585084375E-07, 0.0119525620690377
1.75852796875E-07, 0.0126449467540757
1.7585475E-07, 0.0118482706445508
1.75856703125E-07, 0.0121614152099326
1.7585865625E-07, 0.0115287333231392
1.75860609375E-07, 0.0124101270302466
1.758625625E-07, 0.0123091365529529
1.75864515625E-07, 0.0126325567205955
1.7586646875E-07, 0.0119791225290009
1.75868421875E-07, 0.0124503568937922
1.75870375E-07, 0.0124761745352094
1.75872328125E-07, 0.0123706264270384
1.7587428125E-07, 0.0125910402016092
1.75876234375E-07, 0.0110599317342998
1.758781875E-07, 0.0122042165066471
1.75880140625E-07, 0.0129057804275116
1.7588209375E-07, 0.0129466956215361
1.75884046875E-07, 0.0124013270040177
1.75886E-07, 0.0123084303099607
1.75887953125E-07, 0.0127275590422518
1.7588990625E-07, 0.0127376971821534
1.75891859375E-07, 0.0123878131766588
1.758938125E-07, 0.0126293737551241
1.75895765625E-07, 0.0117149384215236
1.7589771875E-07, 0.0123149988147952
1.75899671875E-07, 0.0124130674223546
1.75901625E-07, 0.0121326908294205
1.75903578125E-07, 0.0124815263787333
1.7590553125E-07, 0.0123990482268476
1.75907484375E-07, 0.0119516082345655
1.759094375E-07, 0.0125550240008256
1.75911390625E-07, 0.0120324451975197
1.7591334375E-07, 0.0121380586141942
1.75915296875E-07, 0.0118567447834182
1.7591725E-07, 0.0121990070698146
1.75919203125E-07, 0.0122254648205631
1.7592115625E-07, 0.01210577025355
1.75923109375E-07, 0.0112840011138467
1.759250625E-07, 0.0120075514361168
1.75927015625E-07, 0.0111598314470416
1.7592896875E-07, 0.0117054891106085
1.75930921875E-07, 0.0110102303821124
1.75932875E-07, 0.0111192926555518
1.75934828125E-07, 0.011121205939483
1.7593678125E-07, 0.0106351756295385
1.75938734375E-07, 0.0103039055619267
1.759406875E-07, 0.00988281598679014
1.75942640625E-07, 0.010168990016342
1.7594459375E-07, 0.0101455810309784
1.75946546875E-07, 0.00997542122899853
1.759485E-07, 0.00941724066909736
1.75950453125E-07, 0.00941815899520872
1.7595240625E-07, 0.00925428455344441
1.75954359375E-07, 0.00811784443780796
1.759563125E-07, 0.00814738371188919
1.75958265625E-07, 0.00834013346439502
1.7596021875E-07, 0.00873341464492432
1.75962171875E-07, 0.00831951064390951
1.75964125E-07, 0.00762160112517451
1.75966078125E-07, 0.00653833837380413
1.7596803125E-07, 0.00592660390020398
1.75969984375E-07, 0.00651289551428645
1.759719375E-07, 0.00462392578871684
1.75973890625E-07, 0.00525432541527181
1.7597584375E-07, 0.00554588819660173
1.75977796875E-07, 0.00379188574119599
1.7597975E-07, 0.00490196820836184
1.75981703125E-07, 0.0037599848582773
1.7598365625E-07, 0.00283624896372875
1.75985609375E-07, 0.00367028761250413
1.759875625E-07, 0.00316509885618948
1.75989515625E-07, 0.000995280784658992
1.7599146875E-07, 0.00285826845117078
1.75993421875E-07, 0.0017678728831376
1.75995375E-07, 0.00225485348226407
1.75997328125E-07, -0.00116986722059125
1.7599928125E-07, -0.000275346764741282
1.76001234375E-07, 0.00163202655460495
1.760031875E-07, -0.00134217592607511
1.76005140625E-07, 0.00034790500148928
1.7600709375E-07, -4.49012477380895E-05
1.76009046875E-07, -0.00140480940822586
1.76011E-07, -0.000318414893237202
1.76012953125E-07, -0.00138025595883141
1.7601490625E-07, -0.00247208820336003
1.76016859375E-07, -0.0034736506277422
1.760188125E-07, -0.00340019036308275
1.76020765625E-07, -0.00344428060417072
1.7602271875E-07, -0.00472340161691601
1.76024671875E-07, -0.00495209823005357
1.76026625E-07, -0.00557204251673042
1.76028578125E-07, -0.00673237057018739
1.7603053125E-07, -0.00697209704095767
1.76032484375E-07, -0.00694292589527364
1.760344375E-07, -0.00713726335555301
1.76036390625E-07, -0.0081348720932146
1.7603834375E-07, -0.00711681245156329
1.76040296875E-07, -0.00995465350345412
1.7604225E-07, -0.00973130298078042
1.76044203125E-07, -0.0107493364024142
1.7604615625E-07, -0.0101392626332997
1.76048109375E-07, -0.0112758914857883
1.760500625E-07, -0.0121625384804814
1.76052015625E-07, -0.0128589248142907
1.7605396875E-07, -0.0108582095488724
1.76055921875E-07, -0.0100607957513614
1.76057875E-07, -0.0125429831984209
1.76059828125E-07, -0.0148148708296156
1.7606178125E-07, -0.0128983736190262
1.76063734375E-07, -0.0133990967270261
1.760656875E-07, -0.0150078803776501
1.76067640625E-07, -0.0148127736396201
1.7606959375E-07, -0.0162827469528609
1.76071546875E-07, -0.0154279496413684
1.760735E-07, -0.0159621108389526
1.76075453125E-07, -0.0142929957603065
1.7607740625E-07, -0.0170346839029611
1.76079359375E-07, -0.0167638584954656
1.760813125E-07, -0.0161476064368371
1.76083265625E-07, -0.0170400443687793
1.7608521875E-07, -0.0175640243419962
1.76087171875E-07, -0.0171828723264602
1.76089125E-07, -0.0176667296899438
1.76091078125E-07, -0.01691227472504
1.7609303125E-07, -0.0175323516764996
1.76094984375E-07, -0.01684066652772
1.760969375E-07, -0.0170264146005746
1.76098890625E-07, -0.0179227557022016
1.7610084375E-07, -0.0181715215244115
1.76102796875E-07, -0.0170845137515621
1.7610475E-07, -0.0168352562787821
1.76106703125E-07, -0.0175370558031402
1.7610865625E-07, -0.0176693579835744
1.76110609375E-07, -0.0179215603095351
1.761125625E-07, -0.0154933159731812
1.76114515625E-07, -0.0173302768636805
1.7611646875E-07, -0.0165583391254052
1.76118421875E-07, -0.0162534298004772
1.76120375E-07, -0.0162081041928704
1.76122328125E-07, -0.0163586708105751
1.7612428125E-07, -0.0167879509168016
1.76126234375E-07, -0.0165226950879492
1.761281875E-07, -0.015829255966721
1.76130140625E-07, -0.0158653951540953
1.7613209375E-07, -0.015286907520472
1.76134046875E-07, -0.0154140986714359
1.76136E-07, -0.0143793090770839
1.76137953125E-07, -0.0141730019927018
1.7613990625E-07, -0.0139011571659124
1.76141859375E-07, -0.0145129675165591
1.761438125E-07, -0.0127405094554185
1.76145765625E-07, -0.0134740561528185
1.7614771875E-07, -0.0129388858790136
1.76149671875E-07, -0.0122411823578903
1.76151625E-07, -0.0120970514960901
1.76153578125E-07, -0.0110608650163471
1.7615553125E-07, -0.0113777501388688
1.76157484375E-07, -0.0118308345041156
1.761594375E-07, -0.0102592636962852
1.76161390625E-07, -0.011389939196419
1.7616334375E-07, -0.00973334038831492
1.76165296875E-07, -0.00941574980300125
1.7616725E-07, -0.00955935177800677
1.76169203125E-07, -0.009297904765296
1.7617115625E-07, -0.00954674981744706
1.76173109375E-07, -0.00834844091943371
1.761750625E-07, -0.00829870285931337
1.76177015625E-07, -0.00834991230944687
1.7617896875E-07, -0.00772749296445214
1.76180921875E-07, -0.00755314108808879
1.76182875E-07, -0.00750784971736401
1.76184828125E-07, -0.00739894777172216
1.7618678125E-07, -0.00695305474023174
1.76188734375E-07, -0.00689671961245534
1.761906875E-07, -0.00673357732899328
1.76192640625E-07, -0.00610969354484462
1.7619459375E-07, -0.00617624087261478
1.76196546875E-07, -0.00589558671592214
1.761985E-07, -0.00621460704012439
1.76200453125E-07, -0.00570987481876122
1.7620240625E-07, -0.00581861906024127
1.76204359375E-07, -0.00540483613726209
1.762063125E-07, -0.00558605738727889
1.76208265625E-07, -0.00558103499240937
1.7621021875E-07, -0.00567171362376585
1.76212171875E-07, -0.00552990591351995
1.76214125E-07, -0.0054939087561846
1.76216078125E-07, -0.00632196564842113
1.7621803125E-07, -0.00618031960249345
1.76219984375E-07, -0.00561901529213132
1.762219375E-07, -0.00605320833433906
1.76223890625E-07, -0.00593407079189669
1.7622584375E-07, -0.00619183946406895
1.76227796875E-07, -0.00641510785750486
1.7622975E-07, -0.00621728649357105
1.76231703125E-07, -0.00629658706896663
1.7623365625E-07, -0.00674230492697359
1.76235609375E-07, -0.00650112766118846
1.762375625E-07, -0.0066195798385403
1.76239515625E-07, -0.00679619045113953
1.7624146875E-07, -0.00719566339944108
1.76243421875E-07, -0.00724223043606427
1.76245375E-07, -0.00746468550679028
1.76247328125E-07, -0.00733194125049061
1.7624928125E-07, -0.00806108197399483
1.76251234375E-07, -0.00742628788739367
1.762531875E-07, -0.00767977841208967
1.76255140625E-07, -0.0084452466965702
1.7625709375E-07, -0.00855002689100858
1.76259046875E-07, -0.00819131355462842
1.76261E-07, -0.00850265059827378
1.76262953125E-07, -0.00934323546926157
1.7626490625E-07, -0.00920576037158592
1.76266859375E-07, -0.00926633948114226
1.762688125E-07, -0.00970267531844521
1.76270765625E-07, -0.00958394324588655
1.7627271875E-07, -0.00978434772956431
1.76274671875E-07, -0.00941675283167626
1.76276625E-07, -0.00965347148680418
1.76278578125E-07, -0.0099883173294179
1.7628053125E-07, -0.0100577814010668
1.76282484375E-07, -0.010129518131013
1.762844375E-07, -0.0101523696369127
1.76286390625E-07, -0.0103128362980832
1.7628834375E-07, -0.0101928976107663
1.76290296875E-07, -0.0103522524856168
1.7629225E-07, -0.0111449622287307
1.76294203125E-07, -0.0104963501066037
1.7629615625E-07, -0.0101147023566387
1.76298109375E-07, -0.0108624753484644
1.763000625E-07, -0.010070510931979
1.76302015625E-07, -0.0103523579935555
1.7630396875E-07, -0.0101155620431911
1.76305921875E-07, -0.00987244592121461
1.76307875E-07, -0.0103429801739382
1.76309828125E-07, -0.0104209039438391
1.7631178125E-07, -0.0101696745437536
1.76313734375E-07, -0.0104751726535953
1.763156875E-07, -0.00953391431899733
1.76317640625E-07, -0.00987250248172452
1.7631959375E-07, -0.0099929628681986
1.76321546875E-07, -0.0102496750648919
1.763235E-07, -0.0095955246960285
1.76325453125E-07, -0.00945933435285441
1.7632740625E-07, -0.00920254666727575
1.76329359375E-07, -0.00869262040923247
1.763313125E-07, -0.00939183435978991
1.76333265625E-07, -0.0085578386601444
1.7633521875E-07, -0.00863998800248842
1.76337171875E-07, -0.00845488026376022
1.76339125E-07, -0.00835576554232906
1.76341078125E-07, -0.00863341122606966
1.7634303125E-07, -0.00818914988288185
1.76344984375E-07, -0.00797314174610804
1.763469375E-07, -0.00706452899425321
1.76348890625E-07, -0.00769553976779813
1.7635084375E-07, -0.00797322946752929
1.76352796875E-07, -0.00720871945791902
1.7635475E-07, -0.00721332275070905
1.76356703125E-07, -0.0078008565988703
1.7635865625E-07, -0.00667911583079989
1.76360609375E-07, -0.00671612501932338
1.763625625E-07, -0.00681500873693134
1.76364515625E-07, -0.00704415123698082
1.7636646875E-07, -0.00542739368577207
1.76368421875E-07, -0.00607263543150907
1.76370375E-07, -0.00550018426622371
1.76372328125E-07, -0.00512539206948191
1.7637428125E-07, -0.0063067521689568
1.76376234375E-07, -0.00525829916952021
1.763781875E-07, -0.0052760129084026
1.76380140625E-07, -0.00466182860641636
1.7638209375E-07, -0.00540803675482511
1.76384046875E-07, -0.00481738230257136
1.76386E-07, -0.00422197388937904
1.76387953125E-07, -0.00487949980372733
1.7638990625E-07, -0.00428410788994934
1.76391859375E-07, -0.00430192219281125
1.763938125E-07, -0.00439924519259505
1.76395765625E-07, -0.00418269609499414
1.7639771875E-07, -0.00418292988450542
1.76399671875E-07, -0.00410512053270153
1.76401625E-07, -0.00382565242132236
1.76403578125E-07, -0.0035011085861598
1.7640553125E-07, -0.00387729665933468
1.76407484375E-07, -0.00377634537012681
1.764094375E-07, -0.00359680303465959
1.76411390625E-07, -0.00334211626778982
1.7641334375E-07, -0.00351513807863433
1.76415296875E-07, -0.00352079598302403
1.7641725E-07, -0.00352050178041439
1.76419203125E-07, -0.00343414272087072
1.7642115625E-07, -0.003477128860226
1.76423109375E-07, -0.00273042016361409
1.764250625E-07, -0.00295255415711047
1.76427015625E-07, -0.00285506413999873
1.7642896875E-07, -0.00319019266192347
1.76430921875E-07, -0.00264435636891309
1.76432875E-07, -0.00346195033811647
1.76434828125E-07, -0.00301056537657122
1.7643678125E-07, -0.00305104915206402
1.76438734375E-07, -0.00272540944710841
1.764406875E-07, -0.00285772463136581
1.76442640625E-07, -0.00300488426662527
1.7644459375E-07, -0.00302394743926865
1.76446546875E-07, -0.00295679684386377
1.764485E-07, -0.00303822443569426
1.76450453125E-07, -0.00299844807529418
1.7645240625E-07, -0.00288241697868637
1.76454359375E-07, -0.00293646632416618
1.764563125E-07, -0.00264816007219195
1.76458265625E-07, -0.00343307486930486
1.7646021875E-07, -0.00278404048571192
1.76462171875E-07, -0.00265613628355993
1.76464125E-07, -0.00287793866135605
1.76466078125E-07, -0.00281414336155182
1.7646803125E-07, -0.0026385068209208
1.76469984375E-07, -0.00276358799156569
1.764719375E-07, -0.0026843883695961
1.76473890625E-07, -0.00276149872193126
1.7647584375E-07, -0.00255260275130285
1.76477796875E-07, -0.00252202941507159
1.7647975E-07, -0.0022198833241387
1.76481703125E-07, -0.00268403281795028
1.7648365625E-07, -0.00295935544594196
1.76485609375E-07, -0.0031937363557676
1.764875625E-07, -0.00284833052414668
1.76489515625E-07, -0.00275171551467155
1.7649146875E-07, -0.0032882355273488
1.76493421875E-07, -0.00285819245020969
1.76495375E-07, -0.00270565865678744
1.76497328125E-07, -0.00274531940746031
1.7649928125E-07, -0.00257609603223223
1.76501234375E-07, -0.00295528935018625
1.765031875E-07, -0.00267076546309768
1.76505140625E-07, -0.00257481926306064
1.7650709375E-07, -0.00289567107313811
1.76509046875E-07, -0.00259924292752782
1.76511E-07, -0.00267977865265771
1.76512953125E-07, -0.00259170954990051
1.7651490625E-07, -0.00269715129042529
1.76516859375E-07, -0.00278802163741806
1.765188125E-07, -0.00285558646909445
1.76520765625E-07, -0.00280330635515453
1.7652271875E-07, -0.00271232345261616
1.76524671875E-07, -0.00300728825542687
1.76526625E-07, -0.00316868479921695
1.76528578125E-07, -0.00299261064975117
1.7653053125E-07, -0.00238621683141377
1.76532484375E-07, -0.00300843010638644
1.765344375E-07, -0.00272655055416601
1.76536390625E-07, -0.00284323711305311
1.7653834375E-07, -0.00270305046443116
1.76540296875E-07, -0.00294502249403457
1.7654225E-07, -0.0025891857300816
1.76544203125E-07, -0.00284295284341304
1.7654615625E-07, -0.00258254581382077
1.76548109375E-07, -0.00264558192101961
1.765500625E-07, -0.00266940582278122
1.76552015625E-07, -0.0030830843905395
1.7655396875E-07, -0.00268305623724624
1.76555921875E-07, -0.00277835059361623
1.76557875E-07, -0.00276085264617738
1.76559828125E-07, -0.00262031784663597
1.7656178125E-07, -0.00313046997590472
1.76563734375E-07, -0.00292929194529449
1.765656875E-07, -0.00249540175448611
1.76567640625E-07, -0.00271207038135412
1.7656959375E-07, -0.00257215581177124
1.76571546875E-07, -0.00317359137237214
1.765735E-07, -0.00294313090765086
1.76575453125E-07, -0.00249446120772899
1.7657740625E-07, -0.00298357536142318
1.76579359375E-07, -0.00308093442894949
1.765813125E-07, -0.00280914485481315
1.76583265625E-07, -0.00261711445414863
1.7658521875E-07, -0.00271548060977899
1.76587171875E-07, -0.00332545290273982
1.76589125E-07, -0.00278237585820188
1.76591078125E-07, -0.00294935531598189
1.7659303125E-07, -0.00310841955406928
1.76594984375E-07, -0.00313722559140056
1.765969375E-07, -0.00296010727038821
1.76598890625E-07, -0.00330895837753608
1.7660084375E-07, -0.0027924347667846
1.76602796875E-07, -0.00291895221294148
1.7660475E-07, -0.00304589745602164
1.76606703125E-07, -0.00244715568093681
1.7660865625E-07, -0.00268639719436553
1.76610609375E-07, -0.00281407341254624
1.766125625E-07, -0.00361319418159325
1.76614515625E-07, -0.00332184998562077
1.7661646875E-07, -0.00251074458752819
1.76618421875E-07, -0.00317969685654751
1.76620375E-07, -0.00284404958435384
1.76622328125E-07, -0.00300044299288433
1.7662428125E-07, -0.00262079667796533
1.76626234375E-07, -0.00272518218976487
1.766281875E-07, -0.00334515381740462
1.76630140625E-07, -0.0031428568712849
1.7663209375E-07, -0.00300695357537733
1.76634046875E-07, -0.00301533559402434
1.76636E-07, -0.00342895753531724
1.76637953125E-07, -0.00269880212632164
1.7663990625E-07, -0.00279108807513446
1.76641859375E-07, -0.00253833570980967
1.766438125E-07, -0.0033169529037023
1.76645765625E-07, -0.00261654829134402
1.7664771875E-07, -0.00290138221166788
1.76649671875E-07, -0.00236203664993277
1.76651625E-07, -0.00251607848964351
1.76653578125E-07, -0.00339620929975336
1.7665553125E-07, -0.00278519986728335
1.76657484375E-07, -0.00319139846328678
1.766594375E-07, -0.00248998456119068
1.76661390625E-07, -0.00263179011917062
1.7666334375E-07, -0.00269328227046679
1.76665296875E-07, -0.00265851511257731
1.7666725E-07, -0.00265920263303083
1.76669203125E-07, -0.00313968196471907
1.7667115625E-07, -0.00292160144959737
1.76673109375E-07, -0.00320846917499542
1.766750625E-07, -0.00255111253811757
1.76677015625E-07, -0.00281927031967595
1.7667896875E-07, -0.00257119322200859
1.76680921875E-07, -0.00246729415889981
1.76682875E-07, -0.00248767656925558
1.76684828125E-07, -0.002642702945174
1.7668678125E-07, -0.00255521622527388
1.76688734375E-07, -0.00258628361967914
1.766906875E-07, -0.00256321766058987
1.76692640625E-07, -0.00295538547382012
1.7669459375E-07, -0.0027371955653548
1.76696546875E-07, -0.00274904353872502
1.766985E-07, -0.00257984563819041
1.76700453125E-07, -0.002902579447547
1.7670240625E-07, -0.00227569104686839
1.76704359375E-07, -0.00240633426086488
1.767063125E-07, -0.00281989728018675
1.76708265625E-07, -0.00279627059351637
1.7671021875E-07, -0.00268822175533762
1.76712171875E-07, -0.00265729684456641
1.76714125E-07, -0.00281027857572435
1.76716078125E-07, -0.00319733874987613
1.7671803125E-07, -0.00300635340035166
1.76719984375E-07, -0.00278625836511713
1.767219375E-07, -0.0030361098626329
1.76723890625E-07, -0.00275070214123057
1.7672584375E-07, -0.00282949008340505
1.76727796875E-07, -0.00290017000770418
1.7672975E-07, -0.00276347050921958
1.76731703125E-07, -0.00316844382221003
1.7673365625E-07, -0.003103734547555
1.76735609375E-07, -0.00311108490787783
1.767375625E-07, -0.00329139870898056
1.76739515625E-07, -0.00320364272454625
1.7674146875E-07, -0.00359620498690195
1.76743421875E-07, -0.00344430451496877
1.76745375E-07, -0.0034039659859138
1.76747328125E-07, -0.00345002825356945
1.7674928125E-07, -0.00342849696217828
1.76751234375E-07, -0.00397482813947833
1.767531875E-07, -0.00322114578451472
1.76755140625E-07, -0.00358401537324968
1.7675709375E-07, -0.00383234310923686
1.76759046875E-07, -0.00347165213609989
1.76761E-07, -0.00362091476106196
1.76762953125E-07, -0.00404778551962876
1.7676490625E-07, -0.00412188582626796
1.76766859375E-07, -0.00426360368935344
1.767688125E-07, -0.00417519300607341
1.76770765625E-07, -0.00405269198289669
1.7677271875E-07, -0.00413375807294533
1.76774671875E-07, -0.00426546789187342
1.76776625E-07, -0.00432663704512956
1.76778578125E-07, -0.00449407952350587
1.7678053125E-07, -0.00469623908765511
1.76782484375E-07, -0.00464594102676454
1.767844375E-07, -0.00459765250941605
1.76786390625E-07, -0.00429984433229272
1.7678834375E-07, -0.00426980339663799
1.76790296875E-07, -0.00464301984223998
1.7679225E-07, -0.00471981721014649
1.76794203125E-07, -0.00446077517282794
1.7679615625E-07, -0.00386766790997472
1.76798109375E-07, -0.00429743775349586
1.768000625E-07, -0.00463357503756505
1.76802015625E-07, -0.00445848422894383
1.7680396875E-07, -0.00440261863449739
1.76805921875E-07, -0.00373872569066053
1.76807875E-07, -0.00446475958596866
1.76809828125E-07, -0.00443089015829161
1.7681178125E-07, -0.00422488592355823
1.76813734375E-07, -0.00387959575688579
1.768156875E-07, -0.00363651674932693
1.76817640625E-07, -0.00386869759637958
1.7681959375E-07, -0.00380404092918095
1.76821546875E-07, -0.00399575611362796
1.768235E-07, -0.00338340808812869
1.76825453125E-07, -0.00267768997149016
1.7682740625E-07, -0.00316264793921507
1.76829359375E-07, -0.00303448590267335
1.768313125E-07, -0.00293662500163981
1.76833265625E-07, -0.00245864424227594
1.7683521875E-07, -0.00145764620628718
1.76837171875E-07, -0.00155034322507307
1.76839125E-07, -0.00181832988458814
1.76841078125E-07, -0.00190855884538345
1.7684303125E-07, -0.0015283024791731
1.76844984375E-07, -0.00117005571633956
1.768469375E-07, -0.00147736887026404
1.76848890625E-07, -0.000391723072503648
1.7685084375E-07, -3.58365484081265E-05
1.76852796875E-07, 0.000199941532675097
1.7685475E-07, 0.000603659148495469
1.76856703125E-07, 0.000749805989656244
1.7685865625E-07, 0.000605457940701332
1.76860609375E-07, 0.00169071814532352
1.768625625E-07, 0.00148180809561369
1.76864515625E-07, 0.00236966410597818
1.7686646875E-07, 0.00234037395294439
1.76868421875E-07, 0.00210230791326701
1.76870375E-07, 0.00292612191588517
1.76872328125E-07, 0.00200849373163329
1.7687428125E-07, 0.00255880680461337
1.76876234375E-07, 0.00266926138909037
1.768781875E-07, 0.00346854709680915
1.76880140625E-07, 0.00402841963494373
1.7688209375E-07, 0.00383622746247169
1.76884046875E-07, 0.00339775448543242
1.76886E-07, 0.00372779864612908
1.76887953125E-07, 0.00318553011323604
1.7688990625E-07, 0.00409458391294553
1.76891859375E-07, 0.0041789048964704
1.768938125E-07, 0.00418524658663813
1.76895765625E-07, 0.00387198635729359
1.7689771875E-07, 0.00511994661371044
1.76899671875E-07, 0.0047661507985999
1.76901625E-07, 0.00437000884645634
1.76903578125E-07, 0.00448953533921482
1.7690553125E-07, 0.00416483556518502
1.76907484375E-07, 0.00476865353652681
1.769094375E-07, 0.00481269386947321
1.76911390625E-07, 0.00404078351057076
1.7691334375E-07, 0.00418316531381028
1.76915296875E-07, 0.00360248849615655
1.7691725E-07, 0.00405517830013746
1.76919203125E-07, 0.00392715983708007
1.7692115625E-07, 0.00441515983721701
1.76923109375E-07, 0.00319998547790775
1.769250625E-07, 0.00379893355832964
1.76927015625E-07, 0.00236579144846007
1.7692896875E-07, 0.00253995089020068
1.76930921875E-07, 0.00246834369997224
1.76932875E-07, 0.00220636396599878
1.76934828125E-07, 0.00175916200138367
1.7693678125E-07, 0.00165475434151805
1.76938734375E-07, 0.00254860880634526
1.769406875E-07, 0.00155466664760591
1.76942640625E-07, 0.000983579447981292
1.7694459375E-07, -0.000188305963423197
1.76946546875E-07, 0.000781891959989734
1.769485E-07, -0.000807629867263363
1.76950453125E-07, -0.000343041542960914
1.7695240625E-07, -1.98581498505564E-05
1.76954359375E-07, -0.000441996960422199
1.769563125E-07, -0.000774080672989439
1.76958265625E-07, -0.00131353066318756
1.7696021875E-07, -0.00164717836833126
1.76962171875E-07, -0.0020836043289476
1.76964125E-07, -0.00254181293127268
1.76966078125E-07, -0.00249750677471962
1.7696803125E-07, -0.00217220260231596
1.76969984375E-07, -0.00253663372954628
1.769719375E-07, -0.0033722019251232
1.76973890625E-07, -0.00256542880816484
1.7697584375E-07, -0.00341075635196858
1.76977796875E-07, -0.00308993488380338
1.7697975E-07, -0.00339084867374816
1.76981703125E-07, -0.00343107668222481
1.7698365625E-07, -0.0041927606231768
1.76985609375E-07, -0.00393684334706944
1.769875625E-07, -0.00370091255322329
1.76989515625E-07, -0.00469747524467957
1.7699146875E-07, -0.00385160396670189
1.76993421875E-07, -0.00331932290301673
1.76995375E-07, -0.00386939285523169
1.76997328125E-07, -0.00380184226115693
1.7699928125E-07, -0.00323288859513677
1.77001234375E-07, -0.00402704815317264
1.770031875E-07, -0.00341763626701926
1.77005140625E-07, -0.00366043857043769
1.7700709375E-07, -0.0034167207907859
1.77009046875E-07, -0.00345302478773327
1.77011E-07, -0.00318116584987
1.77012953125E-07, -0.00294127913995282
1.7701490625E-07, -0.00313613565954587
1.77016859375E-07, -0.00232298295176431
1.770188125E-07, -0.00198163585171782
1.77020765625E-07, -0.00207208855956514
1.7702271875E-07, -0.00192420355452525
1.77024671875E-07, -0.00231938083341589
1.77026625E-07, -0.00203382265649171
1.77028578125E-07, -0.00123402654245819
1.7703053125E-07, -0.00127584467850219
1.77032484375E-07, -0.000445306600939916
1.770344375E-07, -0.00100446637247671
1.77036390625E-07, -0.000251316453029273
1.7703834375E-07, -0.000497804426231312
1.77040296875E-07, 0.000422827956720814
1.7704225E-07, 0.000399715340949883
1.77044203125E-07, 0.000570145965197307
1.7704615625E-07, 0.00106603326864948
1.77048109375E-07, 0.000400189325525443
1.770500625E-07, 0.000861142128893822
1.77052015625E-07, 0.00178230157509281
1.7705396875E-07, 0.00226923219739824
1.77055921875E-07, 0.00194545060134356
1.77057875E-07, 0.00226535137568113
1.77059828125E-07, 0.00220814086259947
1.7706178125E-07, 0.0029020519243103
1.77063734375E-07, 0.00349433091272595
1.770656875E-07, 0.00356778312113054
1.77067640625E-07, 0.00415546629117283
1.7706959375E-07, 0.00390364200617424
1.77071546875E-07, 0.0040208647321057
1.770735E-07, 0.00449463924448194
1.77075453125E-07, 0.00509524404894029
1.7707740625E-07, 0.00508809069047718
1.77079359375E-07, 0.00510666671821489
1.770813125E-07, 0.00501407339594105
1.77083265625E-07, 0.00543850463005966
1.7708521875E-07, 0.00576717102454834
1.77087171875E-07, 0.00510919415021485
1.77089125E-07, 0.005960441025857
1.77091078125E-07, 0.0057799931224378
1.7709303125E-07, 0.0057766364894488
1.77094984375E-07, 0.00610679528575386
1.770969375E-07, 0.00584063820118256
1.77098890625E-07, 0.00568453996747625
1.7710084375E-07, 0.00631448352234375
1.77102796875E-07, 0.00639871155115868
1.7710475E-07, 0.00607345093866917
1.77106703125E-07, 0.00660877675471066
1.7710865625E-07, 0.00651449551907801
1.77110609375E-07, 0.00691172881799201
1.771125625E-07, 0.00645689494347492
1.77114515625E-07, 0.00573188472295261
1.7711646875E-07, 0.00625314292187876
1.77118421875E-07, 0.00696236100512628
1.77120375E-07, 0.00701477546032936
1.77122328125E-07, 0.00645134709689985
1.7712428125E-07, 0.00615207727767256
1.77126234375E-07, 0.00685866016091445
1.771281875E-07, 0.00608478865046006
1.77130140625E-07, 0.00685116157779399
1.7713209375E-07, 0.00612944761424573
1.77134046875E-07, 0.00594322024098825
1.77136E-07, 0.00594246925605578
1.77137953125E-07, 0.00540010963356423
1.7713990625E-07, 0.00543101731690977
1.77141859375E-07, 0.00616542986793124
1.771438125E-07, 0.00615512803662155
1.77145765625E-07, 0.00581806511204118
1.7714771875E-07, 0.0065276916887305
1.77149671875E-07, 0.00532658091328141
1.77151625E-07, 0.00602154888886651
1.77153578125E-07, 0.00586898198286952
1.7715553125E-07, 0.00563563201073633
1.77157484375E-07, 0.00588515846849211
1.771594375E-07, 0.00530785908127998
1.77161390625E-07, 0.00575898165558471
1.7716334375E-07, 0.00548175126634669
1.77165296875E-07, 0.00525351129202489
1.7716725E-07, 0.00554782457782069
1.77169203125E-07, 0.00578198358225038
1.7717115625E-07, 0.00575158358610807
1.77173109375E-07, 0.00540834478988027
1.771750625E-07, 0.00561351338767827
1.77177015625E-07, 0.00545682064174609
1.7717896875E-07, 0.00537864992240992
1.77180921875E-07, 0.0059487375181026
1.77182875E-07, 0.00577626221469932
1.77184828125E-07, 0.00619225911489748
1.7718678125E-07, 0.0060611379196002
1.77188734375E-07, 0.0060660194402376
1.771906875E-07, 0.00624718765607611
1.77192640625E-07, 0.00608917299491486
1.7719459375E-07, 0.00606934755984161
1.77196546875E-07, 0.00599224749580386
1.771985E-07, 0.0060524304717438
1.77200453125E-07, 0.00607806497444764
1.7720240625E-07, 0.0062190570180234
1.77204359375E-07, 0.00599090482951513
1.772063125E-07, 0.00634556816060761
1.77208265625E-07, 0.0059090323973632
1.7721021875E-07, 0.00638613535318557
1.77212171875E-07, 0.00637386762662182
1.77214125E-07, 0.00660472866243605
1.77216078125E-07, 0.00636147639571123
1.7721803125E-07, 0.00621859474600915
1.77219984375E-07, 0.00638656499158308
1.772219375E-07, 0.00656255653057002
1.77223890625E-07, 0.00673187946044652
1.7722584375E-07, 0.00691541105604934
1.77227796875E-07, 0.00705448532957401
1.7722975E-07, 0.00688356228201459
1.77231703125E-07, 0.00699481842131275
1.7723365625E-07, 0.00679443145916226
1.77235609375E-07, 0.00708821613369016
1.772375625E-07, 0.00709633123085059
1.77239515625E-07, 0.00701701528436136
1.7724146875E-07, 0.00670693826144693
1.77243421875E-07, 0.00694521067324917
1.77245375E-07, 0.00684423078997625
1.77247328125E-07, 0.00718551041808381
1.7724928125E-07, 0.0069428411941033
1.77251234375E-07, 0.00694465985192595
1.772531875E-07, 0.00673994536308235
1.77255140625E-07, 0.00718435653607095
1.7725709375E-07, 0.00706471123355151
1.77259046875E-07, 0.00676888910330717
1.77261E-07, 0.00670247247864401
1.77262953125E-07, 0.00645783151325004
1.7726490625E-07, 0.00662407657813371
1.77266859375E-07, 0.00674857757850114
1.772688125E-07, 0.00623757262817105
1.77270765625E-07, 0.00633158200922803
1.7727271875E-07, 0.00659654736559917
1.77274671875E-07, 0.00637128014540263
1.77276625E-07, 0.00615953721856302
1.77278578125E-07, 0.00610420951481273
1.7728053125E-07, 0.00600700822937238
1.77282484375E-07, 0.00518237754981797
1.772844375E-07, 0.00606644405881536
1.77286390625E-07, 0.00569177513954879
1.7728834375E-07, 0.00563333278361889
1.77290296875E-07, 0.00572164494866963
1.7729225E-07, 0.0054195580498677
1.77294203125E-07, 0.00517147091447496
1.7729615625E-07, 0.00522814297287086
1.77298109375E-07, 0.00488038901399577
1.773000625E-07, 0.00476456183461363
1.77302015625E-07, 0.00500409722092461
1.7730396875E-07, 0.00448841072968936
1.77305921875E-07, 0.00484856435310944
1.77307875E-07, 0.0043613837301937
1.77309828125E-07, 0.00475935970858839
1.7731178125E-07, 0.0040827870055548
1.77313734375E-07, 0.00400524406715698
1.773156875E-07, 0.00390256610842882
1.77317640625E-07, 0.00379189231782753
1.7731959375E-07, 0.00406070006057067
1.77321546875E-07, 0.00329513060211072
1.773235E-07, 0.00337944051102555
1.77325453125E-07, 0.00296577702909435
1.7732740625E-07, 0.00282484399530256
1.77329359375E-07, 0.00273503196480394
1.773313125E-07, 0.00240157273707085
1.77333265625E-07, 0.0024807678600046
1.7733521875E-07, 0.00242411469761815
1.77337171875E-07, 0.00270811847071507
1.77339125E-07, 0.0026102424146947
1.77341078125E-07, 0.00201188681278564
1.7734303125E-07, 0.00239696200565791
1.77344984375E-07, 0.00152269306142665
1.773469375E-07, 0.00133892395109766
1.77348890625E-07, 0.00148072317031619
1.7735084375E-07, 0.00092037878588116
1.77352796875E-07, 0.00190778757631465
1.7735475E-07, 0.00139623257712131
1.77356703125E-07, 0.00125467372652624
1.7735865625E-07, 0.00121436471336885
1.77360609375E-07, 0.000933610722256808
1.773625625E-07, 0.00112861865537101
1.77364515625E-07, 0.000848361511486289
1.7736646875E-07, 0.000616220116599098
1.77368421875E-07, 0.000602294931080875
1.77370375E-07, 0.000948091282482423
1.77372328125E-07, 0.000971510423936076
1.7737428125E-07, 0.000562338555885809
1.77376234375E-07, 0.000767317260300994
1.773781875E-07, 0.000755326995106947
1.77380140625E-07, 0.000863016518086815
1.7738209375E-07, 0.000543015259313259
1.77384046875E-07, 0.000735739683135272
1.77386E-07, 7.06821027326224E-05
1.77387953125E-07, 0.000330702770370981
1.7738990625E-07, 0.000782732359751591
1.77391859375E-07, 0.000224999372317601
1.773938125E-07, -0.000370281633320001
1.77395765625E-07, 0.000503764819774164
1.7739771875E-07, 0.000160521980866144
1.77399671875E-07, 0.000345971799369529
1.77401625E-07, 0.000863982230361285
1.77403578125E-07, 0.000412522590497423
1.7740553125E-07, 0.000454744551744781
1.77407484375E-07, 0.000220935041822769
1.774094375E-07, -8.70875781646494E-06
1.77411390625E-07, -5.84814653668448E-05
1.7741334375E-07, 5.20802713434291E-05
1.77415296875E-07, 0.000355349165321413
1.7741725E-07, 1.12462768254314E-05
1.77419203125E-07, -3.89534718462424E-05
1.7742115625E-07, 4.29194196317015E-05
1.77423109375E-07, -0.000147557932316168
1.774250625E-07, 0.000322276296947094
1.77427015625E-07, 0.000146445866428467
1.7742896875E-07, -0.000459398469831638
1.77430921875E-07, -0.00071446858480575
1.77432875E-07, -0.000612341335297983
1.77434828125E-07, -0.000323460294630456
1.7743678125E-07, -8.1142920744724E-05
1.77438734375E-07, -0.000268247053987174
1.774406875E-07, -0.00012242439286502
1.77442640625E-07, -0.00073042115614838
1.7744459375E-07, -0.000403145699832627
1.77446546875E-07, -0.000980603958600342
1.774485E-07, -0.000434186333254332
1.77450453125E-07, -0.000765219708980495
1.7745240625E-07, -0.00134247013775718
1.77454359375E-07, -0.000504162227223752
1.774563125E-07, -0.0010794927933833
1.77458265625E-07, -0.000907951285905261
1.7746021875E-07, -0.00129252943706435
1.77462171875E-07, -0.00151167851765951
1.77464125E-07, -0.00170191535862874
1.77466078125E-07, -0.00111656906295836
1.7746803125E-07, -0.00148024261223553
1.77469984375E-07, -0.00172493532891859
1.774719375E-07, -0.00133277028249689
1.77473890625E-07, -0.00193873635191722
1.7747584375E-07, -0.00188710150314422
1.77477796875E-07, -0.00199883627487163
1.7747975E-07, -0.00133839986064834
1.77481703125E-07, -0.0012126450368045
1.7748365625E-07, -0.00216520375649972
1.77485609375E-07, -0.0021251294567079
1.774875625E-07, -0.00163647143923812
1.77489515625E-07, -0.00247326154589232
1.7749146875E-07, -0.00221088856973762
1.77493421875E-07, -0.00196223740690624
1.77495375E-07, -0.00227402919400749
1.77497328125E-07, -0.00313410398254677
1.7749928125E-07, -0.00249331657666901
1.77501234375E-07, -0.00158868260100107
1.775031875E-07, -0.00187714958986276
1.77505140625E-07, -0.00262307286674033
1.7750709375E-07, -0.0017260688746265
1.77509046875E-07, -0.00174343693388329
1.77511E-07, -0.00360070321377882
1.77512953125E-07, -0.00289753093319701
1.7751490625E-07, -0.00259580294203121
1.77516859375E-07, -0.00261719375450958
1.775188125E-07, -0.00340714430753286
1.77520765625E-07, -0.00271873042895555
1.7752271875E-07, -0.003546854441304
1.77524671875E-07, -0.00280767979644615
1.77526625E-07, -0.0027925236269408
1.77528578125E-07, -0.00288054761654962
1.7753053125E-07, -0.00373065298290025
1.77532484375E-07, -0.0037496961248756
1.775344375E-07, -0.00310876010197574
1.77536390625E-07, -0.00301244631347162
1.7753834375E-07, -0.00362818971902968
1.77540296875E-07, -0.00260316917856476
1.7754225E-07, -0.00321632792272246
1.77544203125E-07, -0.00338215466748089
1.7754615625E-07, -0.00329395984965433
1.77548109375E-07, -0.00285138644528828
1.775500625E-07, -0.00346468615750859
1.77552015625E-07, -0.00197591054041116
1.7755396875E-07, -0.00300898681606045
1.77555921875E-07, -0.00356464436810953
1.77557875E-07, -0.00279264075329938
1.77559828125E-07, -0.00201015225345027
1.7756178125E-07, -0.00265052411678064
1.77563734375E-07, -0.00358258107196787
1.775656875E-07, -0.0039588726084551
1.77567640625E-07, -0.00432574966304793
1.7756959375E-07, -0.0040539899560821
1.77571546875E-07, -0.00370246222072736
1.775735E-07, -0.00346730615253366
1.77575453125E-07, -0.00399939003998855
1.7757740625E-07, -0.00336931324939245
1.77579359375E-07, -0.00432849650601624
1.775813125E-07, -0.00289122088881096
1.77583265625E-07, -0.00382552645400273
1.7758521875E-07, -0.00340912615076583
1.77587171875E-07, -0.00356933547373583
1.77589125E-07, -0.00498428993700879
1.77591078125E-07, -0.00461697600775662
1.7759303125E-07, -0.00406914309277993
1.77594984375E-07, -0.00404616493580081
1.775969375E-07, -0.00326981832649795
1.77598890625E-07, -0.0038423364438058
1.7760084375E-07, -0.00416105997171897
1.77602796875E-07, -0.00414652323518989
1.7760475E-07, -0.00399002960431133
1.77606703125E-07, -0.00412327656343119
1.7760865625E-07, -0.00412203907254096
1.77610609375E-07, -0.00422010295104094
1.776125625E-07, -0.00390344100198271
1.77614515625E-07, -0.00394733331235741
1.7761646875E-07, -0.00392841502985103
1.77618421875E-07, -0.00405322391131719
1.77620375E-07, -0.00344920543188969
1.77622328125E-07, -0.00387952781649171
1.7762428125E-07, -0.00407710344799295
1.77626234375E-07, -0.0040234764473381
1.776281875E-07, -0.00398064510717344
1.77630140625E-07, -0.00337863813107538
1.7763209375E-07, -0.00375040469959734
1.77634046875E-07, -0.0035548529010471


