File Format, WaveformXYValues
Format Version, 1
Instrument, N1045A,04F,LOJ
SwVersion, A.06.71.21
SerialNumber, MY56260108
Date, 11/29/2023 14:34:51 GMT+08:00

Source Name, Channel 1A

Points, 2048
Signal Type, Unspecified
Channel Bandwidth, 2E+10
Channel Noise, 6.66857143682292E-05
X Units, Second
Y Units, Volt
Data, 
1.73636E-07, -0.00122473506208637
1.73637953125E-07, -0.0012333410223591
1.7363990625E-07, -0.00136539845474652
1.73641859375E-07, -0.00139623327705693
1.736438125E-07, -0.00140131014524891
1.73645765625E-07, -0.00130862330075478
1.7364771875E-07, -0.00134030478534914
1.73649671875E-07, -0.00170407601924091
1.73651625E-07, -0.00190787445181301
1.73653578125E-07, -0.000838497288513241
1.7365553125E-07, -0.00108566488235976
1.73657484375E-07, -0.000987041900509511
1.736594375E-07, -0.00115171395214683
1.73661390625E-07, -0.00119933552338687
1.7366334375E-07, -0.00148642279206848
1.73665296875E-07, -0.0012760572465859
1.7366725E-07, -0.00188259883991196
1.73669203125E-07, -0.00157320101140777
1.7367115625E-07, -0.00195890401429242
1.73673109375E-07, -0.00163632167743067
1.736750625E-07, -0.00136593343093024
1.73677015625E-07, -0.00156157736182968
1.7367896875E-07, -0.0016499752453848
1.73680921875E-07, -0.00192895084530653
1.73682875E-07, -0.00186979702202042
1.73684828125E-07, -0.00150586877883217
1.7368678125E-07, -0.00108827369740203
1.73688734375E-07, -0.0016814634990389
1.736906875E-07, -0.00162349995585395
1.73692640625E-07, -0.00154510800777405
1.7369459375E-07, -0.0016181590013623
1.73696546875E-07, -0.00173869207891206
1.736985E-07, -0.00162396193327334
1.73700453125E-07, -0.00130281786163639
1.7370240625E-07, -0.0016796317833079
1.73704359375E-07, -0.00150043271499747
1.737063125E-07, -0.00143028144278548
1.73708265625E-07, -0.00177412043058344
1.7371021875E-07, -0.00117834510283435
1.73712171875E-07, -0.00193536383847162
1.73714125E-07, -0.00149341419547344
1.73716078125E-07, -0.00115285446304825
1.7371803125E-07, -0.00173283482601933
1.73719984375E-07, -0.00204841813311043
1.737219375E-07, -0.00141127764620272
1.73723890625E-07, -0.00198292601629077
1.7372584375E-07, -0.00142776035246194
1.73727796875E-07, -0.00133887587324094
1.7372975E-07, -0.00208829790635999
1.73731703125E-07, -0.0025331877811777
1.7373365625E-07, -0.00172278183593174
1.73735609375E-07, -0.00148084296446977
1.737375625E-07, -0.00213111407628254
1.73739515625E-07, -0.00164984104785898
1.7374146875E-07, -0.00202790844062387
1.73743421875E-07, -0.00190943752550464
1.73745375E-07, -0.00152640948292048
1.73747328125E-07, -0.00195552648131475
1.7374928125E-07, -0.00191781433966488
1.73751234375E-07, -0.00152945544874234
1.737531875E-07, -0.00182293425441416
1.73755140625E-07, -0.00206865366918722
1.7375709375E-07, -0.00184402791087059
1.73759046875E-07, -0.00185976500795992
1.73761E-07, -0.00169679855480295
1.73762953125E-07, -0.00183540174577325
1.7376490625E-07, -0.00189640088343713
1.73766859375E-07, -0.00231201591996011
1.737688125E-07, -0.00190100549601689
1.73770765625E-07, -0.00184465637532685
1.7377271875E-07, -0.00213149616218028
1.73774671875E-07, -0.00188523718043825
1.73776625E-07, -0.00193079298993993
1.73778578125E-07, -0.00188619406629534
1.7378053125E-07, -0.00207249005257521
1.73782484375E-07, -0.00208374922641954
1.737844375E-07, -0.00182255271267195
1.73786390625E-07, -0.00194758902730964
1.7378834375E-07, -0.00225231089159083
1.73790296875E-07, -0.00204484254991126
1.7379225E-07, -0.00218266398535487
1.73794203125E-07, -0.00211909684186628
1.7379615625E-07, -0.0026048763087039
1.73798109375E-07, -0.0022402996649921
1.738000625E-07, -0.00215651545974646
1.73802015625E-07, -0.00227399642604115
1.7380396875E-07, -0.00215610157604758
1.73805921875E-07, -0.00277861638078433
1.73807875E-07, -0.00244803638477018
1.73809828125E-07, -0.00205538299296291
1.7381178125E-07, -0.002332638891513
1.73813734375E-07, -0.00238710389011555
1.738156875E-07, -0.00224122649691096
1.73817640625E-07, -0.0020666741688525
1.7381959375E-07, -0.00283991108262487
1.73821546875E-07, -0.00292168106502347
1.738235E-07, -0.00213708732383601
1.73825453125E-07, -0.00239474996227225
1.7382740625E-07, -0.00315810247748405
1.73829359375E-07, -0.0026522355709203
1.738313125E-07, -0.00273030416411784
1.73833265625E-07, -0.00270129453678333
1.7383521875E-07, -0.00219071507665699
1.73837171875E-07, -0.00319628935436622
1.73839125E-07, -0.00289035259279933
1.73841078125E-07, -0.00334524393240102
1.7384303125E-07, -0.00274403280020022
1.73844984375E-07, -0.00309625017025797
1.738469375E-07, -0.00339623775253312
1.73848890625E-07, -0.00299893814639026
1.7385084375E-07, -0.00317773246928986
1.73852796875E-07, -0.00359789574303206
1.7385475E-07, -0.00327304743410817
1.73856703125E-07, -0.00309355239454794
1.7385865625E-07, -0.00330851628829785
1.73860609375E-07, -0.00346677721690607
1.738625625E-07, -0.00354362000448553
1.73864515625E-07, -0.00362408093120079
1.7386646875E-07, -0.00346259500522063
1.73868421875E-07, -0.00302681237087979
1.73870375E-07, -0.00317289140025391
1.73872328125E-07, -0.00400155656642337
1.7387428125E-07, -0.00416242643995763
1.73876234375E-07, -0.00455772989475712
1.738781875E-07, -0.00404408114699029
1.73880140625E-07, -0.00375602743055645
1.7388209375E-07, -0.00421304707713733
1.73884046875E-07, -0.00385860591743041
1.73886E-07, -0.00464553689795562
1.73887953125E-07, -0.00426266630767326
1.7388990625E-07, -0.00429882647979831
1.73891859375E-07, -0.00437728162265377
1.738938125E-07, -0.00485280717525807
1.73895765625E-07, -0.00366024439771116
1.7389771875E-07, -0.00450814334401346
1.73899671875E-07, -0.00447938863882876
1.73901625E-07, -0.00479087265333009
1.73903578125E-07, -0.00500758445454179
1.7390553125E-07, -0.00449644963387548
1.73907484375E-07, -0.00490951888309974
1.739094375E-07, -0.00509796518836134
1.73911390625E-07, -0.00464120424045735
1.7391334375E-07, -0.00431299212920011
1.73915296875E-07, -0.00396229032821192
1.7391725E-07, -0.00450593422913498
1.73919203125E-07, -0.00525132604006861
1.7392115625E-07, -0.00496013110863887
1.73923109375E-07, -0.00562176233711261
1.739250625E-07, -0.00509744275771839
1.73927015625E-07, -0.00543500415351494
1.7392896875E-07, -0.00535022488979332
1.73930921875E-07, -0.00559408689200664
1.73932875E-07, -0.00536529684644475
1.73934828125E-07, -0.00550146873921231
1.7393678125E-07, -0.0056963449836735
1.73938734375E-07, -0.00536949923425203
1.739406875E-07, -0.00560418587781866
1.73942640625E-07, -0.00549865907415935
1.7394459375E-07, -0.0056573073231816
1.73946546875E-07, -0.0056880109888376
1.739485E-07, -0.005560894245852
1.73950453125E-07, -0.00543449559321256
1.7395240625E-07, -0.00558865292815228
1.73954359375E-07, -0.00557148939338977
1.739563125E-07, -0.00549707388158504
1.73958265625E-07, -0.0051174883919241
1.7396021875E-07, -0.00549792617008722
1.73962171875E-07, -0.00554539445260135
1.73964125E-07, -0.00346036140797203
1.73966078125E-07, -0.00516699707303752
1.7396803125E-07, -0.0051130732473229
1.73969984375E-07, -0.00531497411713464
1.739719375E-07, -0.00483515957047058
1.73973890625E-07, -0.00510061976566359
1.7397584375E-07, -0.00452104900490819
1.73977796875E-07, -0.00382968806060454
1.7397975E-07, -0.00505804912893067
1.73981703125E-07, -0.00387820063210714
1.7398365625E-07, -0.00489130966606042
1.73985609375E-07, -0.00453411258175559
1.739875625E-07, -0.0042639514519205
1.73989515625E-07, -0.00396258072859012
1.7399146875E-07, -0.00401286525873241
1.73993421875E-07, -0.00440857413268146
1.73995375E-07, -0.00404735110844674
1.73997328125E-07, -0.00339003681286233
1.7399928125E-07, -0.00351067730622891
1.74001234375E-07, -0.00335742912513448
1.740031875E-07, -0.00314231014952864
1.74005140625E-07, -0.00230152656790275
1.7400709375E-07, -0.00290285147433815
1.74009046875E-07, -0.00283472546062368
1.74011E-07, -0.00346591129898874
1.74012953125E-07, -0.00270727326935278
1.7401490625E-07, -0.00154570834745874
1.74016859375E-07, -0.00208340422762714
1.740188125E-07, -0.00207618344307307
1.74020765625E-07, -0.00165613823586557
1.7402271875E-07, 0.000767306823824916
1.74024671875E-07, -0.000744929976436801
1.74026625E-07, -0.00105125134268546
1.74028578125E-07, -0.00117103339586721
1.7403053125E-07, -0.000895443436209048
1.74032484375E-07, -0.000115371018533289
1.740344375E-07, 0.000187245514925605
1.74036390625E-07, 0.000241299458350846
1.7403834375E-07, 0.00110034394237724
1.74040296875E-07, 0.00122240387294011
1.7404225E-07, 0.0019958539350939
1.74044203125E-07, 0.00129274851874493
1.7404615625E-07, 0.00269817380454633
1.74048109375E-07, 0.00217427332654774
1.740500625E-07, 0.00271330407118744
1.74052015625E-07, 0.00393027127145105
1.7405396875E-07, 0.00425478791732721
1.74055921875E-07, 0.00430024188820865
1.74057875E-07, 0.00469273260734492
1.74059828125E-07, 0.00551784483399686
1.7406178125E-07, 0.00522435440976528
1.74063734375E-07, 0.00477568282862785
1.740656875E-07, 0.00603226098141979
1.74067640625E-07, 0.00761227732259081
1.7406959375E-07, 0.00702349187294082
1.74071546875E-07, 0.00726210758291804
1.740735E-07, 0.00606585827653457
1.74075453125E-07, 0.00833971761859488
1.7407740625E-07, 0.00933050655503598
1.74079359375E-07, 0.00903634866694232
1.740813125E-07, 0.0103271687468531
1.74083265625E-07, 0.00942560103602192
1.7408521875E-07, 0.0130189650242625
1.74087171875E-07, 0.0140434047189578
1.74089125E-07, 0.012331073388874
1.74091078125E-07, 0.0119814152324407
1.7409303125E-07, 0.012263750463273
1.74094984375E-07, 0.0151931042473428
1.740969375E-07, 0.0150685155568451
1.74098890625E-07, 0.0139069181628295
1.7410084375E-07, 0.0152554827592506
1.74102796875E-07, 0.0156629178577381
1.7410475E-07, 0.016457562673615
1.74106703125E-07, 0.0187671795935103
1.7410865625E-07, 0.016777518346573
1.74110609375E-07, 0.0185351960772016
1.741125625E-07, 0.0194930431649289
1.74114515625E-07, 0.01908528488984
1.7411646875E-07, 0.020547823160435
1.74118421875E-07, 0.0194844788030367
1.74120375E-07, 0.0215979142932857
1.74122328125E-07, 0.0207908618687682
1.7412428125E-07, 0.0221321148312183
1.74126234375E-07, 0.0228835359404782
1.741281875E-07, 0.0235027071681641
1.74130140625E-07, 0.02278163190237
1.7413209375E-07, 0.0246718810505552
1.74134046875E-07, 0.024010080425932
1.74136E-07, 0.0239567771473333
1.74137953125E-07, 0.0252353792976713
1.7413990625E-07, 0.0271355617749431
1.74141859375E-07, 0.0269930526686757
1.741438125E-07, 0.0245462660971909
1.74145765625E-07, 0.0245060388008785
1.7414771875E-07, 0.0283664605473233
1.74149671875E-07, 0.028578617131028
1.74151625E-07, 0.0274502240805421
1.74153578125E-07, 0.0279423649299998
1.7415553125E-07, 0.0256003804835294
1.74157484375E-07, 0.0308215966706656
1.741594375E-07, 0.0302187028433958
1.74161390625E-07, 0.0315455019175389
1.7416334375E-07, 0.0313871223231608
1.74165296875E-07, 0.0317046226490877
1.7416725E-07, 0.0336596077494265
1.74169203125E-07, 0.0313751506214112
1.7417115625E-07, 0.0309212856084335
1.74173109375E-07, 0.0329940636477305
1.741750625E-07, 0.0332718096362645
1.74177015625E-07, 0.0344791860195203
1.7417896875E-07, 0.0332009236921596
1.74180921875E-07, 0.0333238810010611
1.74182875E-07, 0.0339623494038901
1.74184828125E-07, 0.034304089451739
1.7418678125E-07, 0.0343280113091122
1.74188734375E-07, 0.0319321145864305
1.741906875E-07, 0.0352992820508491
1.74192640625E-07, 0.0342015144658305
1.7419459375E-07, 0.0344982378893456
1.74196546875E-07, 0.034936115476616
1.741985E-07, 0.0321949210244863
1.74200453125E-07, 0.033850467154053
1.7420240625E-07, 0.0336320600345639
1.74204359375E-07, 0.0325931652237648
1.742063125E-07, 0.0340971346425705
1.74208265625E-07, 0.0301056399974303
1.7421021875E-07, 0.0247038348480905
1.74212171875E-07, 0.0307152739954869
1.74214125E-07, 0.0303043319908619
1.74216078125E-07, 0.0320194621828517
1.7421803125E-07, 0.0319386639524388
1.74219984375E-07, 0.029237579891005
1.742219375E-07, 0.024810915026088
1.74223890625E-07, 0.0304550487768877
1.7422584375E-07, 0.0280136301302429
1.74227796875E-07, 0.0253970255152581
1.7422975E-07, 0.0258994469381399
1.74231703125E-07, 0.0256163605387061
1.7423365625E-07, 0.0275844518134832
1.74235609375E-07, 0.0232881628965917
1.742375625E-07, 0.0226965428549511
1.74239515625E-07, 0.0139868344927047
1.7424146875E-07, 0.0162922282901065
1.74243421875E-07, 0.0230082970419804
1.74245375E-07, 0.0181867658079353
1.74247328125E-07, 0.0155054212769809
1.7424928125E-07, 0.0184035096582981
1.74251234375E-07, 0.0152973931425504
1.742531875E-07, 0.0172986408357261
1.74255140625E-07, 0.0155880095695438
1.7425709375E-07, 0.00797942344743373
1.74259046875E-07, 0.0133023548015164
1.74261E-07, 0.0123138395964482
1.74262953125E-07, 0.00601501533905616
1.7426490625E-07, 0.0039895061192504
1.74266859375E-07, 0.00299468446885378
1.742688125E-07, 0.00927563868488233
1.74270765625E-07, 0.00644310886227471
1.7427271875E-07, -0.000260260515072538
1.74274671875E-07, -0.00104839276019163
1.74276625E-07, -0.000647874291135367
1.74278578125E-07, -0.00154761603383979
1.7428053125E-07, -0.00189066203335613
1.74282484375E-07, -0.00748916508471145
1.742844375E-07, -0.0104505058720875
1.74286390625E-07, -0.0113917251637134
1.7428834375E-07, -0.0188616221518362
1.74290296875E-07, -0.0184159990636334
1.7429225E-07, -0.0147607034588727
1.74294203125E-07, -0.0152601182018764
1.7429615625E-07, -0.0254337261754242
1.74298109375E-07, -0.0261583716007406
1.743000625E-07, -0.0255340505381067
1.74302015625E-07, -0.0309393595074772
1.7430396875E-07, -0.029334652461038
1.74305921875E-07, -0.0295447754691869
1.74307875E-07, -0.0379327354819151
1.74309828125E-07, -0.0419577230216544
1.7431178125E-07, -0.0385060609618742
1.74313734375E-07, -0.0362445040232933
1.743156875E-07, -0.0461760957247561
1.74317640625E-07, -0.0474350451842488
1.7431959375E-07, -0.0441391439532825
1.74321546875E-07, -0.0520773556845774
1.743235E-07, -0.0481794285052539
1.74325453125E-07, -0.0556334332514319
1.7432740625E-07, -0.0679886311202158
1.74329359375E-07, -0.0591684938550369
1.743313125E-07, -0.0592914990438526
1.74333265625E-07, -0.0607547305453755
1.7433521875E-07, -0.0748235178533433
1.74337171875E-07, -0.0702914394347159
1.74339125E-07, -0.0697465245370052
1.74341078125E-07, -0.0685781052059203
1.7434303125E-07, -0.0771808385726512
1.74344984375E-07, -0.0845321678416687
1.743469375E-07, -0.08575011712777
1.74348890625E-07, -0.0823624106842554
1.7435084375E-07, -0.0845288945636373
1.74352796875E-07, -0.0929360461678712
1.7435475E-07, -0.0930439553513265
1.74356703125E-07, -0.0860685457453215
1.7435865625E-07, -0.093679289057425
1.74360609375E-07, -0.0944064909592904
1.743625625E-07, -0.102091612864153
1.74364515625E-07, -0.0955118261174141
1.7436646875E-07, -0.0928767163308211
1.74368421875E-07, -0.0993793491170208
1.74370375E-07, -0.0977725247469946
1.74372328125E-07, -0.110769806879356
1.7437428125E-07, -0.11153703090712
1.74376234375E-07, -0.0999882562415915
1.743781875E-07, -0.113287876334117
1.74380140625E-07, -0.118649350096984
1.7438209375E-07, -0.116765543462459
1.74384046875E-07, -0.116121539466402
1.74386E-07, -0.117284039133765
1.74387953125E-07, -0.119467356722272
1.7438990625E-07, -0.113619860367938
1.74391859375E-07, -0.118581374501125
1.743938125E-07, -0.106897533241466
1.74395765625E-07, -0.121152142955272
1.7439771875E-07, -0.119230162847191
1.74399671875E-07, -0.121003590109237
1.74401625E-07, -0.118118676495782
1.74403578125E-07, -0.122600392533988
1.7440553125E-07, -0.110613200941792
1.74407484375E-07, -0.120416737374591
1.744094375E-07, -0.115292282777621
1.74411390625E-07, -0.118739658578611
1.7441334375E-07, -0.11258418515161
1.74415296875E-07, -0.113176397442901
1.7441725E-07, -0.105578458926916
1.74419203125E-07, -0.116147645485288
1.7442115625E-07, -0.0975170646920365
1.74423109375E-07, -0.110824836442069
1.744250625E-07, -0.107851660841418
1.74427015625E-07, -0.107935758868074
1.7442896875E-07, -0.111307346195387
1.74430921875E-07, -0.110548083058372
1.74432875E-07, -0.102779958361975
1.74434828125E-07, -0.0997459866075028
1.7443678125E-07, -0.0954933036183074
1.74438734375E-07, -0.0871749826284614
1.744406875E-07, -0.0918180605366724
1.74442640625E-07, -0.0834706130470542
1.7444459375E-07, -0.0935562303158576
1.74446546875E-07, -0.086641680313076
1.744485E-07, -0.0768015215280452
1.74450453125E-07, -0.0757089523604209
1.7445240625E-07, -0.0600903848879804
1.74454359375E-07, -0.0756767317373629
1.744563125E-07, -0.0694142415296298
1.74458265625E-07, -0.0644116406853132
1.7446021875E-07, -0.0579276406207311
1.74462171875E-07, -0.0505029568457824
1.74464125E-07, -0.0538701514476945
1.74466078125E-07, -0.0457828664991232
1.7446803125E-07, -0.0339816176313181
1.74469984375E-07, -0.0352837055120096
1.744719375E-07, -0.033324968249774
1.74473890625E-07, -0.0380237971861464
1.7447584375E-07, -0.0233775387004556
1.74477796875E-07, -0.0167361162777571
1.7447975E-07, -0.0174734113044091
1.74481703125E-07, -0.01674310851234
1.7448365625E-07, -0.0070685302493586
1.74485609375E-07, 0.011556716808923
1.744875625E-07, 0.0072237945075898
1.74489515625E-07, 0.0071658809862893
1.7449146875E-07, 0.00679708917579315
1.74493421875E-07, 0.00761455554645445
1.74495375E-07, 0.0234498239867394
1.74497328125E-07, 0.0322613497277447
1.7449928125E-07, 0.020216437401354
1.74501234375E-07, 0.0298623323336803
1.745031875E-07, 0.0313542847644803
1.74505140625E-07, 0.0345972630647429
1.7450709375E-07, 0.0434655672702598
1.74509046875E-07, 0.0324903728302448
1.74511E-07, 0.0534439975869474
1.74512953125E-07, 0.0619809783790704
1.7451490625E-07, 0.0617998619981963
1.74516859375E-07, 0.0635259423057295
1.745188125E-07, 0.0596553773565408
1.74520765625E-07, 0.0657905257934706
1.7452271875E-07, 0.0761856385520064
1.74524671875E-07, 0.0726988915199235
1.74526625E-07, 0.0701600345632051
1.74528578125E-07, 0.0759181751694965
1.7453053125E-07, 0.0702708233841689
1.74532484375E-07, 0.0839461398056025
1.745344375E-07, 0.0833406996452281
1.74536390625E-07, 0.0882375801852726
1.7453834375E-07, 0.0824747291389212
1.74540296875E-07, 0.094614310031689
1.7454225E-07, 0.0970048873834033
1.74544203125E-07, 0.0930475008315533
1.7454615625E-07, 0.0949919080060303
1.74548109375E-07, 0.10175549500414
1.745500625E-07, 0.101073220519936
1.74552015625E-07, 0.0893180210666518
1.7455396875E-07, 0.0978340297637619
1.74555921875E-07, 0.0987414233811408
1.74557875E-07, 0.0992833845205578
1.74559828125E-07, 0.0900019971073279
1.7456178125E-07, 0.0955960054176737
1.74563734375E-07, 0.100802314816536
1.745656875E-07, 0.0897488439636392
1.74567640625E-07, 0.0996157313334717
1.7456959375E-07, 0.096135153102272
1.74571546875E-07, 0.0924745785120719
1.745735E-07, 0.0949378128840939
1.74575453125E-07, 0.0937065829706523
1.7457740625E-07, 0.0932849564147146
1.74579359375E-07, 0.0927464220081744
1.745813125E-07, 0.0860632304160042
1.74583265625E-07, 0.0864053617915703
1.7458521875E-07, 0.084527686602474
1.74587171875E-07, 0.0792739890161765
1.74589125E-07, 0.0901075810811156
1.74591078125E-07, 0.0815503471801175
1.7459303125E-07, 0.0823784942484392
1.74594984375E-07, 0.0810013335757016
1.745969375E-07, 0.0708906794864836
1.74598890625E-07, 0.0826248425503976
1.7460084375E-07, 0.0692172704429793
1.74602796875E-07, 0.0614792417441582
1.7460475E-07, 0.0732975785456316
1.74606703125E-07, 0.0665769104995543
1.7460865625E-07, 0.0652913747208209
1.74610609375E-07, 0.0595141069702197
1.746125625E-07, 0.0603592503612513
1.74614515625E-07, 0.0609813825695098
1.7461646875E-07, 0.0599921553002353
1.74618421875E-07, 0.0617998403174508
1.74620375E-07, 0.0518519834942911
1.74622328125E-07, 0.0476499108042554
1.7462428125E-07, 0.0521076419563577
1.74626234375E-07, 0.0483481954495833
1.746281875E-07, 0.0442166176483439
1.74630140625E-07, 0.0460673540079511
1.7463209375E-07, 0.0366090028598488
1.74634046875E-07, 0.0437324604778009
1.74636E-07, 0.0417136535761835
1.74637953125E-07, 0.0333013413184363
1.7463990625E-07, 0.0343516192934809
1.74641859375E-07, 0.0349050495038003
1.746438125E-07, 0.0286518969443051
1.74645765625E-07, 0.0311782015785843
1.7464771875E-07, 0.0296986325995717
1.74649671875E-07, 0.0306833828441378
1.74651625E-07, 0.0301964275901261
1.74653578125E-07, 0.0313103288786599
1.7465553125E-07, 0.0249499450826314
1.74657484375E-07, 0.0237771057748425
1.746594375E-07, 0.0264337403672999
1.74661390625E-07, 0.0312483361994676
1.7466334375E-07, 0.0210661523182247
1.74665296875E-07, 0.0211927734255547
1.7466725E-07, 0.0218270521852079
1.74669203125E-07, 0.0248956770265879
1.7467115625E-07, 0.0208053159654579
1.74673109375E-07, 0.0216817516926399
1.746750625E-07, 0.0204996009806591
1.74677015625E-07, 0.0203957059054527
1.7467896875E-07, 0.0197735302398921
1.74680921875E-07, 0.02182407859572
1.74682875E-07, 0.0189993059203414
1.74684828125E-07, 0.0211309515559082
1.7468678125E-07, 0.0192240959452392
1.74688734375E-07, 0.0185215765467778
1.746906875E-07, 0.0188622189571055
1.74692640625E-07, 0.0193660045422724
1.7469459375E-07, 0.0180630741556807
1.74696546875E-07, 0.0191293659252222
1.746985E-07, 0.0187150951319219
1.74700453125E-07, 0.020058863276978
1.7470240625E-07, 0.0189193395268938
1.74704359375E-07, 0.0189572275757611
1.747063125E-07, 0.0189470889497597
1.74708265625E-07, 0.0234542297035464
1.7471021875E-07, 0.0191803503427047
1.74712171875E-07, 0.0195995844009113
1.74714125E-07, 0.0224604841489742
1.74716078125E-07, 0.0194700784709658
1.7471803125E-07, 0.0177822620062204
1.74719984375E-07, 0.020028917522055
1.747219375E-07, 0.0192774456443141
1.74723890625E-07, 0.0194767078340633
1.7472584375E-07, 0.0194836893202187
1.74727796875E-07, 0.0183074610580276
1.7472975E-07, 0.0206170795794052
1.74731703125E-07, 0.0193921894444159
1.7473365625E-07, 0.0199502734615754
1.74735609375E-07, 0.0191086530220495
1.747375625E-07, 0.0189752704689996
1.74739515625E-07, 0.0187697676034103
1.7474146875E-07, 0.0180114311361129
1.74743421875E-07, 0.0193711775635036
1.74745375E-07, 0.0177515377883966
1.74747328125E-07, 0.0179563306945299
1.7474928125E-07, 0.0166233161516747
1.74751234375E-07, 0.0165133653247712
1.747531875E-07, 0.0151838416857659
1.74755140625E-07, 0.0148698652369717
1.7475709375E-07, 0.0160516582695805
1.74759046875E-07, 0.0169862593423634
1.74761E-07, 0.0142544822570331
1.74762953125E-07, 0.0128767024420271
1.7476490625E-07, 0.0142382742965486
1.74766859375E-07, 0.0170837249513752
1.747688125E-07, 0.0128640353687275
1.74770765625E-07, 0.0133385299437446
1.7477271875E-07, 0.00982219323193293
1.74774671875E-07, 0.0112934246596989
1.74776625E-07, 0.0110070696500703
1.74778578125E-07, 0.00911935904033869
1.7478053125E-07, 0.00775409044527604
1.74782484375E-07, 0.00826292319971607
1.747844375E-07, 0.00783604262484337
1.74786390625E-07, 0.00813448206482585
1.7478834375E-07, 0.0050878833237447
1.74790296875E-07, 0.00509977996113652
1.7479225E-07, 0.00379701183612283
1.74794203125E-07, 0.00529079484571087
1.7479615625E-07, 0.00196506988439258
1.74798109375E-07, 0.00191930339287317
1.748000625E-07, 0.00265622290807912
1.74802015625E-07, 0.00145780733588505
1.7480396875E-07, 0.00274893560720427
1.74805921875E-07, -0.00142195313597624
1.74807875E-07, -9.69263551634972E-05
1.74809828125E-07, 0.00173676611386014
1.7481178125E-07, 0.00101869910999205
1.74813734375E-07, -3.32545289034257E-05
1.748156875E-07, -0.0035476423115089
1.74817640625E-07, -0.0036956651006418
1.7481959375E-07, -0.00272188005203862
1.74821546875E-07, -0.00457815578471781
1.748235E-07, -0.00651892225997116
1.74825453125E-07, -0.00593262864416228
1.7482740625E-07, -0.00509759632417338
1.74829359375E-07, -0.0058451018216686
1.748313125E-07, -0.00569737087882852
1.74833265625E-07, -0.00627769389685634
1.7483521875E-07, -0.00769352238132359
1.74837171875E-07, -0.00657977210575849
1.74839125E-07, -0.00732139398810906
1.74841078125E-07, -0.00801886320387168
1.7484303125E-07, -0.00830028364264475
1.74844984375E-07, -0.00792394607940937
1.748469375E-07, -0.00818834499024306
1.74848890625E-07, -0.00749857890751856
1.7485084375E-07, -0.00747412476774142
1.74852796875E-07, -0.00806704623743006
1.7485475E-07, -0.0090520538777573
1.74856703125E-07, -0.00684123238418786
1.7485865625E-07, -0.00762076808790406
1.74860609375E-07, -0.00791527882172225
1.748625625E-07, -0.00802261410970504
1.74864515625E-07, -0.00873881898924161
1.7486646875E-07, -0.00817746826528109
1.74868421875E-07, -0.00787378248710029
1.74870375E-07, -0.0080797265892764
1.74872328125E-07, -0.00580345545735062
1.7487428125E-07, -0.00677251510668397
1.74876234375E-07, -0.00774874227267713
1.748781875E-07, -0.00679057873153244
1.74880140625E-07, -0.00594546435703908
1.7488209375E-07, -0.00666349530544813
1.74884046875E-07, -0.00726866492275028
1.74886E-07, -0.0066793220287811
1.74887953125E-07, -0.00600735294368985
1.7488990625E-07, -0.00632618353538302
1.74891859375E-07, -0.00506100928843383
1.748938125E-07, -0.00560985900126461
1.74895765625E-07, -0.00484190623523386
1.7489771875E-07, -0.00478002551931862
1.74899671875E-07, -0.0049984648147147
1.74901625E-07, -0.00493800944491216
1.74903578125E-07, -0.00383746495551931
1.7490553125E-07, -0.00397879537368881
1.74907484375E-07, -0.00263473737034261
1.749094375E-07, -0.00356217296593583
1.74911390625E-07, -0.00317037856195377
1.7491334375E-07, -0.00260996039902363
1.74915296875E-07, -0.00229304666897428
1.7491725E-07, -0.00235649723606002
1.74919203125E-07, -0.00231608920638246
1.7492115625E-07, -0.000910491003165229
1.74923109375E-07, -0.000780541915889928
1.749250625E-07, -0.00122087310603375
1.74927015625E-07, -0.00168762452629182
1.7492896875E-07, -0.000632102856035453
1.74930921875E-07, 0.000167589781407613
1.74932875E-07, 0.000209656373159523
1.74934828125E-07, 0.000330603337829984
1.7493678125E-07, -0.000388138438863674
1.74938734375E-07, 0.000555621582622812
1.749406875E-07, 0.000401370844965564
1.74942640625E-07, 0.0009294980266823
1.7494459375E-07, -0.000161215875021433
1.74946546875E-07, 0.000697527601262934
1.749485E-07, 0.00144128614724927
1.74950453125E-07, -0.000262275129873046
1.7495240625E-07, 0.00144717658386762
1.74954359375E-07, 7.51227678335476E-05
1.749563125E-07, 0.00149934546962362
1.74958265625E-07, 0.00202566930610111
1.7496021875E-07, 0.00115859350968935
1.74962171875E-07, 0.00156703963540471
1.74964125E-07, 0.00137383270049056
1.74966078125E-07, 0.000980558484189939
1.7496803125E-07, 0.000982022848980475
1.74969984375E-07, 0.00181573477066617
1.749719375E-07, 0.00160277952570427
1.74973890625E-07, 0.00194309759179098
1.7497584375E-07, 0.000381841820639631
1.74977796875E-07, 0.00150448094012897
1.7497975E-07, 0.00187013261236527
1.74981703125E-07, 0.00230711409871254
1.7498365625E-07, 0.000787562896651888
1.74985609375E-07, -0.000688496314409571
1.749875625E-07, 0.00128202672725814
1.74989515625E-07, 0.00145387132219142
1.7499146875E-07, 0.000182717908236045
1.74993421875E-07, -0.000620878659090438
1.74995375E-07, 9.41396626221608E-05
1.74997328125E-07, 0.000641619479856856
1.7499928125E-07, -0.000268858978756839
1.75001234375E-07, 0.000375429389963416
1.750031875E-07, 0.000247441513739385
1.75005140625E-07, -0.00109402763616416
1.7500709375E-07, 0.000317627358772025
1.75009046875E-07, -0.000457490362622412
1.75011E-07, -0.000898002158922901
1.75012953125E-07, -0.00199723915449198
1.7501490625E-07, -0.000771912518099755
1.75016859375E-07, -0.00224363037821491
1.750188125E-07, -0.00228286717253645
1.75020765625E-07, -0.002496338322974
1.7502271875E-07, -0.00210943086823872
1.75024671875E-07, -0.00207124342650366
1.75026625E-07, -0.00327269242254966
1.75028578125E-07, -0.00402370356854494
1.7503053125E-07, -0.00340641110065368
1.75032484375E-07, -0.0034831274305136
1.750344375E-07, -0.00404687215018163
1.75036390625E-07, -0.00512443696772781
1.7503834375E-07, -0.0057131988724638
1.75040296875E-07, -0.0063040205015715
1.7504225E-07, -0.00576065289793796
1.75044203125E-07, -0.0059756407508937
1.7504615625E-07, -0.00711754796960099
1.75048109375E-07, -0.00835208088649331
1.750500625E-07, -0.00574987032480145
1.75052015625E-07, -0.00828289033249559
1.7505396875E-07, -0.00809424526293521
1.75055921875E-07, -0.0089525236163926
1.75057875E-07, -0.00951403628006365
1.75059828125E-07, -0.00952836561287669
1.7506178125E-07, -0.0101481809143827
1.75063734375E-07, -0.0118156004979962
1.750656875E-07, -0.0129248511495897
1.75067640625E-07, -0.0119084935231913
1.7506959375E-07, -0.0110682075911537
1.75071546875E-07, -0.0118214890466586
1.750735E-07, -0.0135401038333295
1.75075453125E-07, -0.0146666807862316
1.7507740625E-07, -0.0137516520721062
1.75079359375E-07, -0.0140016638638161
1.750813125E-07, -0.0154728617679523
1.75083265625E-07, -0.0172019621879928
1.7508521875E-07, -0.0147670554549382
1.75087171875E-07, -0.0168606406338141
1.75089125E-07, -0.0176307052814657
1.75091078125E-07, -0.0185054824670801
1.7509303125E-07, -0.0204548183184498
1.75094984375E-07, -0.0182152042178645
1.750969375E-07, -0.0193819853385408
1.75098890625E-07, -0.0213362181399995
1.7510084375E-07, -0.0214133076680551
1.75102796875E-07, -0.0208790976791007
1.7510475E-07, -0.0206746903155963
1.75106703125E-07, -0.0229029030184915
1.7510865625E-07, -0.0238577536375939
1.75110609375E-07, -0.0234202997164379
1.751125625E-07, -0.0239912371740541
1.75114515625E-07, -0.023438882878347
1.7511646875E-07, -0.0249213999415447
1.75118421875E-07, -0.0265883380994301
1.75120375E-07, -0.0256003857594027
1.75122328125E-07, -0.0264746154874152
1.7512428125E-07, -0.0265568704479742
1.75126234375E-07, -0.0283602889693511
1.751281875E-07, -0.0275719621569516
1.75130140625E-07, -0.0269341463490166
1.7513209375E-07, -0.0284046085291418
1.75134046875E-07, -0.0291158231521796
1.75136E-07, -0.0296924988471226
1.75137953125E-07, -0.0292944357509087
1.7513990625E-07, -0.0295912816230088
1.75141859375E-07, -0.0295736883306192
1.751438125E-07, -0.0313410253806485
1.75145765625E-07, -0.0311104781767925
1.7514771875E-07, -0.0301326192090155
1.75149671875E-07, -0.0307237480598346
1.75151625E-07, -0.0312635403049591
1.75153578125E-07, -0.0314132642127044
1.7515553125E-07, -0.0300978156684387
1.75157484375E-07, -0.0324624827647222
1.751594375E-07, -0.0323894482283896
1.75161390625E-07, -0.0308065635521994
1.7516334375E-07, -0.0324565416835227
1.75165296875E-07, -0.03298763810149
1.7516725E-07, -0.0325396332503304
1.75169203125E-07, -0.0319495003947656
1.7517115625E-07, -0.0324549879460851
1.75173109375E-07, -0.033277126461361
1.751750625E-07, -0.0324498794197355
1.75177015625E-07, -0.0322731247120198
1.7517896875E-07, -0.032908886611218
1.75180921875E-07, -0.0323915827994362
1.75182875E-07, -0.0301395640343178
1.75184828125E-07, -0.0329048961680595
1.7518678125E-07, -0.0322765865251727
1.75188734375E-07, -0.0309717432588482
1.751906875E-07, -0.0312716934736303
1.75192640625E-07, -0.0319710165412749
1.7519459375E-07, -0.0324126178976091
1.75196546875E-07, -0.0315030643442327
1.751985E-07, -0.0305216431762061
1.75200453125E-07, -0.0308030705043791
1.7520240625E-07, -0.0310225632747891
1.75204359375E-07, -0.0314646696245634
1.752063125E-07, -0.0297843030235646
1.75208265625E-07, -0.0293378961192012
1.7521021875E-07, -0.0295128577330347
1.75212171875E-07, -0.0279307635119341
1.75214125E-07, -0.0290199027757295
1.75216078125E-07, -0.0285523950826878
1.7521803125E-07, -0.0283562105447717
1.75219984375E-07, -0.0298411120232168
1.752219375E-07, -0.0284324580418788
1.75223890625E-07, -0.0262477155823289
1.7522584375E-07, -0.0277445456773813
1.75227796875E-07, -0.0273046594359588
1.7522975E-07, -0.0277167081723362
1.75231703125E-07, -0.0257998216821512
1.7523365625E-07, -0.0263240821456192
1.75235609375E-07, -0.0256456683670575
1.752375625E-07, -0.0269778105420535
1.75239515625E-07, -0.0260348221275492
1.7524146875E-07, -0.0258021279161101
1.75243421875E-07, -0.0246550995434493
1.75245375E-07, -0.0247191127553325
1.75247328125E-07, -0.0263614763405641
1.7524928125E-07, -0.0237896178495226
1.75251234375E-07, -0.0231614208071577
1.752531875E-07, -0.0234060743117073
1.75255140625E-07, -0.0237024454333354
1.7525709375E-07, -0.0229699790374086
1.75259046875E-07, -0.0215228397209228
1.75261E-07, -0.0217021723861319
1.75262953125E-07, -0.0204945586978944
1.7526490625E-07, -0.0229540023105628
1.75266859375E-07, -0.0198053738516406
1.752688125E-07, -0.0191446338808956
1.75270765625E-07, -0.0189703367803396
1.7527271875E-07, -0.0192429787892242
1.75274671875E-07, -0.020611941846628
1.75276625E-07, -0.0186129369136862
1.75278578125E-07, -0.0169890695700228
1.7528053125E-07, -0.0171210922209146
1.75282484375E-07, -0.0180445598824798
1.752844375E-07, -0.0184413765780682
1.75286390625E-07, -0.0168472015615668
1.7528834375E-07, -0.0156081154037994
1.75290296875E-07, -0.0148983825980598
1.7529225E-07, -0.0160117020184246
1.75294203125E-07, -0.0148657813647566
1.7529615625E-07, -0.0161558368471523
1.75298109375E-07, -0.0148571461154749
1.753000625E-07, -0.0143623172116551
1.75302015625E-07, -0.0133606743582862
1.7530396875E-07, -0.0133710421166345
1.75305921875E-07, -0.0123297389478601
1.75307875E-07, -0.0128265830202141
1.75309828125E-07, -0.0124535350296561
1.7531178125E-07, -0.0110921132926762
1.75313734375E-07, -0.00937280245051562
1.753156875E-07, -0.0102428046816798
1.75317640625E-07, -0.0108988116837065
1.7531959375E-07, -0.010412316255373
1.75321546875E-07, -0.00891031059146999
1.753235E-07, -0.00712383008129251
1.75325453125E-07, -0.0084134046849412
1.7532740625E-07, -0.00773943322815542
1.75329359375E-07, -0.00740874644763047
1.753313125E-07, -0.00701803987737392
1.75333265625E-07, -0.00549353509760607
1.7533521875E-07, -0.00711518959974963
1.75337171875E-07, -0.00483190395549101
1.75339125E-07, -0.00542617611804774
1.75341078125E-07, -0.00474338424041715
1.7534303125E-07, -0.00526417491507481
1.75344984375E-07, -0.00532644100458191
1.753469375E-07, -0.00429752631948219
1.75348890625E-07, -0.00349373984012383
1.7535084375E-07, -0.00195449131916761
1.75352796875E-07, -0.00160663209711327
1.7535475E-07, -0.00447580951319751
1.75356703125E-07, -0.00194015451574569
1.7535865625E-07, -7.16030445384128E-05
1.75360609375E-07, -0.00235975965298436
1.753625625E-07, -0.000541451550650302
1.75364515625E-07, -0.00111663904619418
1.7536646875E-07, -0.000149366338550798
1.75368421875E-07, 0.000520325894754444
1.75370375E-07, -1.25055970673003E-05
1.75372328125E-07, -0.000459007538108796
1.7537428125E-07, 0.000590763635886385
1.75376234375E-07, 0.000950231271987315
1.753781875E-07, 0.00210002862737473
1.75380140625E-07, -1.55616662999416E-06
1.7538209375E-07, 0.00225767295408134
1.75384046875E-07, 0.00251281282404492
1.75386E-07, 0.00105843230654628
1.75387953125E-07, 0.002604344435394
1.7538990625E-07, 0.00207186797531982
1.75391859375E-07, 0.00267920299060628
1.753938125E-07, 0.00278126899362554
1.75395765625E-07, 0.00320439246797602
1.7539771875E-07, 0.0035822533220641
1.75399671875E-07, 0.00247716865892384
1.75401625E-07, 0.00355022152319256
1.75403578125E-07, 0.00382226317356657
1.7540553125E-07, 0.00359230864974151
1.75407484375E-07, 0.00348890387333705
1.754094375E-07, 0.00334529589954656
1.75411390625E-07, 0.00460041681338955
1.7541334375E-07, 0.00488551656427491
1.75415296875E-07, 0.00458628934408257
1.7541725E-07, 0.00482970433691797
1.75419203125E-07, 0.00464544661730676
1.7542115625E-07, 0.00521041003035085
1.75423109375E-07, 0.0054292335443547
1.754250625E-07, 0.00508662963830902
1.75427015625E-07, 0.00535114498418372
1.7542896875E-07, 0.00632583354156229
1.75430921875E-07, 0.00590797801698891
1.75432875E-07, 0.00629181676420412
1.75434828125E-07, 0.00551763737832992
1.7543678125E-07, 0.00505778006467364
1.75438734375E-07, 0.00727348367668098
1.754406875E-07, 0.00706681229526647
1.75442640625E-07, 0.00732666183524749
1.7544459375E-07, 0.00704681508058544
1.75446546875E-07, 0.00764258643910552
1.754485E-07, 0.00787609336475524
1.75450453125E-07, 0.00731187120725351
1.7545240625E-07, 0.00828134321276104
1.75454359375E-07, 0.0084585183682841
1.754563125E-07, 0.0100492184758203
1.75458265625E-07, 0.00806508242556293
1.7546021875E-07, 0.00786717269986436
1.75462171875E-07, 0.00915980834414809
1.75464125E-07, 0.00989784604755686
1.75466078125E-07, 0.00937072620527571
1.7546803125E-07, 0.00922727384145593
1.75469984375E-07, 0.010424326560241
1.754719375E-07, 0.0107532338906016
1.75473890625E-07, 0.0112904834260807
1.7547584375E-07, 0.0115182549534267
1.75477796875E-07, 0.0101172889619442
1.7547975E-07, 0.0103833056318315
1.75481703125E-07, 0.0119481089060889
1.7548365625E-07, 0.0122647406451806
1.75485609375E-07, 0.0121841073614312
1.754875625E-07, 0.0113597921173713
1.75489515625E-07, 0.0120202517653362
1.7549146875E-07, 0.0121345309737904
1.75493421875E-07, 0.0118523499159371
1.75495375E-07, 0.0131405862551675
1.75497328125E-07, 0.0124914367543283
1.7549928125E-07, 0.0130873789438346
1.75501234375E-07, 0.0137750686179405
1.755031875E-07, 0.0133441761932723
1.75505140625E-07, 0.0126655265171755
1.7550709375E-07, 0.0136864930524575
1.75509046875E-07, 0.0138064057682316
1.75511E-07, 0.0139515230537006
1.75512953125E-07, 0.0143450332062369
1.7551490625E-07, 0.0144665957587664
1.75516859375E-07, 0.0143266529182047
1.755188125E-07, 0.0146189943929815
1.75520765625E-07, 0.0148161599315495
1.7552271875E-07, 0.014871816701411
1.75524671875E-07, 0.0149371917682608
1.75526625E-07, 0.0152983904883122
1.75528578125E-07, 0.0148124904192862
1.7553053125E-07, 0.0148309622422111
1.75532484375E-07, 0.0147962007180615
1.755344375E-07, 0.0139884387325032
1.75536390625E-07, 0.0148682733669373
1.7553834375E-07, 0.0141173408111712
1.75540296875E-07, 0.0146148505261954
1.7554225E-07, 0.0142963690159915
1.75544203125E-07, 0.0140042219742565
1.7554615625E-07, 0.0143373256307655
1.75548109375E-07, 0.0141331613307013
1.755500625E-07, 0.0140502181077339
1.75552015625E-07, 0.013616448695273
1.7555396875E-07, 0.0130606604615394
1.75555921875E-07, 0.013400048317372
1.75557875E-07, 0.0133603306954432
1.75559828125E-07, 0.0138991975198205
1.7556178125E-07, 0.0130492178349801
1.75563734375E-07, 0.0121660145409215
1.755656875E-07, 0.0123753805685302
1.75567640625E-07, 0.0126505046255409
1.7556959375E-07, 0.0123853217354031
1.75571546875E-07, 0.0118325673361053
1.755735E-07, 0.0118905601168883
1.75575453125E-07, 0.0113567607373016
1.7557740625E-07, 0.0116807861725878
1.75579359375E-07, 0.0113643654876183
1.755813125E-07, 0.0104791912698183
1.75583265625E-07, 0.0100900491523112
1.7558521875E-07, 0.0105709252307954
1.75587171875E-07, 0.0101303706153334
1.75589125E-07, 0.00917467575024254
1.75591078125E-07, 0.00950423773030732
1.7559303125E-07, 0.00970014364850237
1.75594984375E-07, 0.00981288039772448
1.755969375E-07, 0.00841139329662292
1.75598890625E-07, 0.00749769699402879
1.7560084375E-07, 0.00869211988751797
1.75602796875E-07, 0.00845044511896225
1.7560475E-07, 0.00851660621308618
1.75606703125E-07, 0.00676848527498654
1.7560865625E-07, 0.00621820071460165
1.75610609375E-07, 0.00754983166519863
1.756125625E-07, 0.00632013066983892
1.75614515625E-07, 0.00641860235482259
1.7561646875E-07, 0.0063455292066248
1.75618421875E-07, 0.00555118996117385
1.75620375E-07, 0.00621027389507256
1.75622328125E-07, 0.00603082332843081
1.7562428125E-07, 0.00578964010258429
1.75626234375E-07, 0.00536037337109253
1.756281875E-07, 0.00484522555739185
1.75630140625E-07, 0.005707540610558
1.7563209375E-07, 0.00429558043341825
1.75634046875E-07, 0.00421516266001576
1.75636E-07, 0.00433463119352242
1.75637953125E-07, 0.0041118526299728
1.7563990625E-07, 0.00458875993409997
1.75641859375E-07, 0.00422794110367053
1.756438125E-07, 0.00412102437485311
1.75645765625E-07, 0.00429876248032671
1.7564771875E-07, 0.00412500979117426
1.75649671875E-07, 0.00378319014763417
1.75651625E-07, 0.00372283905612287
1.75653578125E-07, 0.00408320498905977
1.7565553125E-07, 0.00415027005985371
1.75657484375E-07, 0.00373415360966981
1.756594375E-07, 0.0034087286539995
1.75661390625E-07, 0.00440357858013735
1.7566334375E-07, 0.00395929928034747
1.75665296875E-07, 0.00413980825010351
1.7566725E-07, 0.00369558728266501
1.75669203125E-07, 0.00385225253975894
1.7567115625E-07, 0.0041102771163872
1.75673109375E-07, 0.00455002581931859
1.756750625E-07, 0.00444198525473362
1.75677015625E-07, 0.00433115321923885
1.7567896875E-07, 0.00528392521599358
1.75680921875E-07, 0.00414753845198465
1.75682875E-07, 0.0044001906714997
1.75684828125E-07, 0.00461624500962947
1.7568678125E-07, 0.00465616090246714
1.75688734375E-07, 0.00511471302903787
1.756906875E-07, 0.00519087529805187
1.75692640625E-07, 0.00559920997804208
1.7569459375E-07, 0.00514863527371194
1.75696546875E-07, 0.00563218878980686
1.756985E-07, 0.00549365192058917
1.75700453125E-07, 0.00606617469627474
1.7570240625E-07, 0.00575561004405623
1.75704359375E-07, 0.00640626987688172
1.757063125E-07, 0.00597144427626255
1.75708265625E-07, 0.0061547712641171
1.7571021875E-07, 0.00668900035690143
1.75712171875E-07, 0.00676499482805126
1.75714125E-07, 0.00666193496494848
1.75716078125E-07, 0.00698286181754311
1.7571803125E-07, 0.00674940268987237
1.75719984375E-07, 0.0067833287021923
1.757219375E-07, 0.00714082278117047
1.75723890625E-07, 0.00773941971232365
1.7572584375E-07, 0.00693949989808239
1.75727796875E-07, 0.00813881717429205
1.7572975E-07, 0.00784782304483982
1.75731703125E-07, 0.00797714258859409
1.7573365625E-07, 0.00804102327947273
1.75735609375E-07, 0.00752243768879724
1.757375625E-07, 0.00777116069910889
1.75739515625E-07, 0.0087029547623482
1.7574146875E-07, 0.00815123359377919
1.75743421875E-07, 0.00850442000273802
1.75745375E-07, 0.00800899522855442
1.75747328125E-07, 0.00871630758227171
1.7574928125E-07, 0.00817344742346018
1.75751234375E-07, 0.00876033253936156
1.757531875E-07, 0.00907124596005401
1.75755140625E-07, 0.00842057554452789
1.7575709375E-07, 0.00885248858934389
1.75759046875E-07, 0.0093935625723181
1.75761E-07, 0.00914211249179917
1.75762953125E-07, 0.00914020174500794
1.7576490625E-07, 0.00904903260487281
1.75766859375E-07, 0.0094912520668998
1.757688125E-07, 0.00961426122260362
1.75770765625E-07, 0.00933213190966431
1.7577271875E-07, 0.00974100248617422
1.75774671875E-07, 0.00972015434528925
1.75776625E-07, 0.0105018724243091
1.75778578125E-07, 0.010202081694874
1.7578053125E-07, 0.00937259213292744
1.75782484375E-07, 0.0103550115524339
1.757844375E-07, 0.0102313207707874
1.75786390625E-07, 0.0102230147068904
1.7578834375E-07, 0.0101633513507781
1.75790296875E-07, 0.00990747287283164
1.7579225E-07, 0.010656246703057
1.75794203125E-07, 0.0109472193102668
1.7579615625E-07, 0.0103860115387715
1.75798109375E-07, 0.00961489867819017
1.758000625E-07, 0.0106603213884457
1.75802015625E-07, 0.0108032188403261
1.7580396875E-07, 0.0109408178383613
1.75805921875E-07, 0.011042722285564
1.75807875E-07, 0.0115702676686286
1.75809828125E-07, 0.0111345089118405
1.7581178125E-07, 0.0115019330299298
1.75813734375E-07, 0.0114128052081267
1.758156875E-07, 0.0111364549564157
1.75817640625E-07, 0.0116226979418292
1.7581959375E-07, 0.0114486524468101
1.75821546875E-07, 0.011942586908623
1.758235E-07, 0.0113128317223523
1.75825453125E-07, 0.0121935925038923
1.7582740625E-07, 0.0116470651334519
1.75829359375E-07, 0.012310094033516
1.758313125E-07, 0.0125387065821366
1.75833265625E-07, 0.0122825589034103
1.7583521875E-07, 0.011736535729001
1.75837171875E-07, 0.012287376853511
1.75839125E-07, 0.0120485793010099
1.75841078125E-07, 0.0125386255697088
1.7584303125E-07, 0.0122205411480057
1.75844984375E-07, 0.0123406985496036
1.758469375E-07, 0.0126388996753182
1.75848890625E-07, 0.0122797704705251
1.7585084375E-07, 0.0124143218354216
1.75852796875E-07, 0.0124374944434424
1.7585475E-07, 0.0129270278153091
1.75856703125E-07, 0.0125888004934543
1.7585865625E-07, 0.0128001374887729
1.75860609375E-07, 0.0128368547909194
1.758625625E-07, 0.0131185631138984
1.75864515625E-07, 0.0131317250772457
1.7586646875E-07, 0.0129667932070086
1.75868421875E-07, 0.012432758193207
1.75870375E-07, 0.0118628969997218
1.75872328125E-07, 0.0129997095203297
1.7587428125E-07, 0.0124411321761311
1.75876234375E-07, 0.0131821394480492
1.758781875E-07, 0.0132526032712105
1.75880140625E-07, 0.0129412295425438
1.7588209375E-07, 0.0129380067117352
1.75884046875E-07, 0.0131304065160384
1.75886E-07, 0.0132532941605446
1.75887953125E-07, 0.0133703248465589
1.7588990625E-07, 0.0128514326656869
1.75891859375E-07, 0.0129043559122502
1.758938125E-07, 0.01284125252843
1.75895765625E-07, 0.0132946818195157
1.7589771875E-07, 0.0131172915756954
1.75899671875E-07, 0.0123184436610361
1.75901625E-07, 0.0127262306901435
1.75903578125E-07, 0.012819834254622
1.7590553125E-07, 0.0125466764197297
1.75907484375E-07, 0.0124326390411609
1.759094375E-07, 0.0124376505935341
1.75911390625E-07, 0.0111504402013715
1.7591334375E-07, 0.0126746122413869
1.75915296875E-07, 0.0122696644729968
1.7591725E-07, 0.0118437930547999
1.75919203125E-07, 0.00997569592751615
1.7592115625E-07, 0.0119934676707712
1.75923109375E-07, 0.0106386909351198
1.759250625E-07, 0.0109364502215495
1.75927015625E-07, 0.0111581903728868
1.7592896875E-07, 0.0102308663689298
1.75930921875E-07, 0.0103278759400646
1.75932875E-07, 0.0109019529139594
1.75934828125E-07, 0.0108465775847352
1.7593678125E-07, 0.0106730057950762
1.75938734375E-07, 0.0100491261771138
1.759406875E-07, 0.0098485561715767
1.75942640625E-07, 0.00854855521816092
1.7594459375E-07, 0.00993221583875504
1.75946546875E-07, 0.00703493446789862
1.759485E-07, 0.00821438876772474
1.75950453125E-07, 0.00931911201651829
1.7595240625E-07, 0.00829257338242234
1.75954359375E-07, 0.00736579396577608
1.759563125E-07, 0.00668199779164795
1.75958265625E-07, 0.0071827446578114
1.7596021875E-07, 0.00809240309690859
1.75962171875E-07, 0.00618880744375516
1.75964125E-07, 0.00586436208080534
1.75966078125E-07, 0.00535642769518316
1.7596803125E-07, 0.00561444479115898
1.75969984375E-07, 0.00578708376449428
1.759719375E-07, 0.00367019562657838
1.75973890625E-07, 0.00319236713847654
1.7597584375E-07, 0.00383449383356338
1.75977796875E-07, 0.00420369419214652
1.7597975E-07, 0.00344808441822626
1.75981703125E-07, 0.00308944416210033
1.7598365625E-07, 0.0019639195448623
1.75985609375E-07, 0.00261217525917259
1.759875625E-07, 0.00180723584520901
1.75989515625E-07, 0.00054590005378509
1.7599146875E-07, -0.000515867754699815
1.75993421875E-07, -0.000236839856103673
1.75995375E-07, -5.70524038728671E-05
1.75997328125E-07, -0.00146969987874808
1.7599928125E-07, -0.00231178215330727
1.76001234375E-07, -0.00146726169468043
1.760031875E-07, -0.00181900606421464
1.76005140625E-07, -0.00157121990449572
1.7600709375E-07, -0.00264931751106169
1.76009046875E-07, -0.00472906609598302
1.76011E-07, -0.00435083193940969
1.76012953125E-07, -0.00325699832355326
1.7601490625E-07, -0.0051775099023341
1.76016859375E-07, -0.00596372809997387
1.760188125E-07, -0.00623791839155799
1.76020765625E-07, -0.00705684828803475
1.7602271875E-07, -0.00642139268912108
1.76024671875E-07, -0.00850118942663493
1.76026625E-07, -0.00797293186958455
1.76028578125E-07, -0.00879068416847337
1.7603053125E-07, -0.00766452605238517
1.76032484375E-07, -0.00919358198955285
1.760344375E-07, -0.00957411661106617
1.76036390625E-07, -0.0097294997291846
1.7603834375E-07, -0.00953853073816559
1.76040296875E-07, -0.0106057452546664
1.7604225E-07, -0.0118539199172494
1.76044203125E-07, -0.0128811933856331
1.7604615625E-07, -0.0124595471273752
1.76048109375E-07, -0.0127509794649447
1.760500625E-07, -0.0113736700210433
1.76052015625E-07, -0.0133509001528475
1.7605396875E-07, -0.0133770977195584
1.76055921875E-07, -0.0137342774372707
1.76057875E-07, -0.0126220963154431
1.76059828125E-07, -0.0139214367772353
1.7606178125E-07, -0.0157738115744942
1.76063734375E-07, -0.0145197389783387
1.760656875E-07, -0.0145834900328918
1.76067640625E-07, -0.0152880262114831
1.7606959375E-07, -0.0147521502195232
1.76071546875E-07, -0.0149928038968052
1.760735E-07, -0.0158651311930307
1.76075453125E-07, -0.0161150280835836
1.7607740625E-07, -0.0154084414795419
1.76079359375E-07, -0.0166240951762349
1.760813125E-07, -0.01694010935888
1.76083265625E-07, -0.0160320669222174
1.7608521875E-07, -0.016491003648311
1.76087171875E-07, -0.0162670979781979
1.76089125E-07, -0.0152150203967352
1.76091078125E-07, -0.0164305783745713
1.7609303125E-07, -0.0158503181554104
1.76094984375E-07, -0.0163811399749938
1.760969375E-07, -0.0166223042330705
1.76098890625E-07, -0.0170311077823686
1.7610084375E-07, -0.0162705231516413
1.76102796875E-07, -0.0160750277550283
1.7610475E-07, -0.0160158575448757
1.76106703125E-07, -0.01591018878011
1.7610865625E-07, -0.0159055881678638
1.76110609375E-07, -0.0161166708286061
1.761125625E-07, -0.015694435510028
1.76114515625E-07, -0.014770506255431
1.7611646875E-07, -0.0146832278245192
1.76118421875E-07, -0.0145481464932216
1.76120375E-07, -0.0142764540575666
1.76122328125E-07, -0.0136919152627713
1.7612428125E-07, -0.0128760841862701
1.76126234375E-07, -0.0134002623409041
1.761281875E-07, -0.0134889559077379
1.76130140625E-07, -0.0139636352990225
1.7613209375E-07, -0.0126588387879219
1.76134046875E-07, -0.0124083072275156
1.76136E-07, -0.0127307162943194
1.76137953125E-07, -0.0117404022939872
1.7613990625E-07, -0.0112030386088507
1.76141859375E-07, -0.0110048363584583
1.761438125E-07, -0.01063638979326
1.76145765625E-07, -0.0109215843656197
1.7614771875E-07, -0.0105911295225369
1.76149671875E-07, -0.00892863441275612
1.76151625E-07, -0.00985219219036032
1.76153578125E-07, -0.0100311680956278
1.7615553125E-07, -0.00945104901280236
1.76157484375E-07, -0.00842445662146402
1.761594375E-07, -0.00839901983125386
1.76161390625E-07, -0.0081637383745496
1.7616334375E-07, -0.00802247136201365
1.76165296875E-07, -0.00859421655382895
1.7616725E-07, -0.00647218695374603
1.76169203125E-07, -0.0070773600057554
1.7617115625E-07, -0.00704367444894391
1.76173109375E-07, -0.00792190816997385
1.761750625E-07, -0.00639261447891466
1.76177015625E-07, -0.00595790225020433
1.7617896875E-07, -0.00581128040251908
1.76180921875E-07, -0.00674370425821809
1.76182875E-07, -0.00662007579107699
1.76184828125E-07, -0.00560794202413658
1.7618678125E-07, -0.00540080183199227
1.76188734375E-07, -0.00586359606248893
1.761906875E-07, -0.00534683381990265
1.76192640625E-07, -0.00507933300198685
1.7619459375E-07, -0.00492451617772268
1.76196546875E-07, -0.00537192145720634
1.761985E-07, -0.00583873901396186
1.76200453125E-07, -0.00510368312549226
1.7620240625E-07, -0.00542714068716554
1.76204359375E-07, -0.00536288157838144
1.762063125E-07, -0.00533695774500431
1.76208265625E-07, -0.00562115088063967
1.7621021875E-07, -0.00535061443508559
1.76212171875E-07, -0.00608147102737049
1.76214125E-07, -0.00618235452576947
1.76216078125E-07, -0.00617069002732586
1.7621803125E-07, -0.00595407239491926
1.76219984375E-07, -0.00627513380394426
1.762219375E-07, -0.00634039804969671
1.76223890625E-07, -0.00623229641600324
1.7622584375E-07, -0.00619020460401675
1.76227796875E-07, -0.00689018105480203
1.7622975E-07, -0.00724677084708503
1.76231703125E-07, -0.00704997189031103
1.7623365625E-07, -0.0070544201649844
1.76235609375E-07, -0.00687159787455634
1.762375625E-07, -0.00716952211001258
1.76239515625E-07, -0.00841145060407745
1.7624146875E-07, -0.0078347118379165
1.76243421875E-07, -0.00787997158429956
1.76245375E-07, -0.00808124287570548
1.76247328125E-07, -0.00844235109404884
1.7624928125E-07, -0.00913627137328846
1.76251234375E-07, -0.00905439864214503
1.762531875E-07, -0.00865785979236116
1.76255140625E-07, -0.00909578751115653
1.7625709375E-07, -0.00941228834327803
1.76259046875E-07, -0.00994530306633279
1.76261E-07, -0.00948302147760718
1.76262953125E-07, -0.00915735078089543
1.7626490625E-07, -0.0096068820624567
1.76266859375E-07, -0.0102366174406994
1.762688125E-07, -0.00953996307913932
1.76270765625E-07, -0.0097340845733896
1.7627271875E-07, -0.00986658275654627
1.76274671875E-07, -0.0105161933701429
1.76276625E-07, -0.0102295760150716
1.76278578125E-07, -0.0103412133620528
1.7628053125E-07, -0.0102112888764072
1.76282484375E-07, -0.0106868868133537
1.762844375E-07, -0.0104768756846353
1.76286390625E-07, -0.010469884616886
1.7628834375E-07, -0.0104648260974803
1.76290296875E-07, -0.0103752088472404
1.7629225E-07, -0.0103926797073833
1.76294203125E-07, -0.0105384985674257
1.7629615625E-07, -0.0103264843593594
1.76298109375E-07, -0.0101642022078057
1.763000625E-07, -0.0102526271996666
1.76302015625E-07, -0.0104823844341668
1.7630396875E-07, -0.0101482698874204
1.76305921875E-07, -0.00993238759106775
1.76307875E-07, -0.0103804349802114
1.76309828125E-07, -0.0100714255485691
1.7631178125E-07, -0.00939349166490173
1.76313734375E-07, -0.00973746413315865
1.763156875E-07, -0.00974018055212305
1.76317640625E-07, -0.00948431873073398
1.7631959375E-07, -0.00917961941727094
1.76321546875E-07, -0.0090855502096427
1.763235E-07, -0.00928800471809424
1.76325453125E-07, -0.0087876142414891
1.7632740625E-07, -0.00851236550078478
1.76329359375E-07, -0.00862956148981689
1.763313125E-07, -0.00847852976524161
1.76333265625E-07, -0.00822935570665861
1.7633521875E-07, -0.00859299234115094
1.76337171875E-07, -0.00788278975205364
1.76339125E-07, -0.0079459676698801
1.76341078125E-07, -0.00783588024533269
1.7634303125E-07, -0.007313031310849
1.76344984375E-07, -0.00658193983778986
1.763469375E-07, -0.00719786697747208
1.76348890625E-07, -0.00703066404848551
1.7635084375E-07, -0.00662280004457124
1.76352796875E-07, -0.00649866736398612
1.7635475E-07, -0.00677283951802932
1.76356703125E-07, -0.00649237581357037
1.7635865625E-07, -0.00642842096694974
1.76360609375E-07, -0.00628531840056675
1.763625625E-07, -0.00586992581917563
1.76364515625E-07, -0.00590727701928008
1.7636646875E-07, -0.00581883866110865
1.76368421875E-07, -0.0055650476916543
1.76370375E-07, -0.0057807879582261
1.76372328125E-07, -0.00535472484509602
1.7637428125E-07, -0.00499432918383521
1.76376234375E-07, -0.0053996648737891
1.763781875E-07, -0.00514671358984848
1.76380140625E-07, -0.00532376490062241
1.7638209375E-07, -0.00474163548102293
1.76384046875E-07, -0.00504960856267535
1.76386E-07, -0.00503794316651025
1.76387953125E-07, -0.00458575549074196
1.7638990625E-07, -0.00451524167097392
1.76391859375E-07, -0.00420052091627418
1.763938125E-07, -0.00454996222732965
1.76395765625E-07, -0.0044966792830674
1.7639771875E-07, -0.00458788469653377
1.76399671875E-07, -0.00469119615528242
1.76401625E-07, -0.00395914960661622
1.76403578125E-07, -0.00437246242664087
1.7640553125E-07, -0.00439402138457765
1.76407484375E-07, -0.00390340515370972
1.764094375E-07, -0.0038696807380208
1.76411390625E-07, -0.00440048185883162
1.7641334375E-07, -0.0036275930948171
1.76415296875E-07, -0.00404873627710205
1.7641725E-07, -0.0042973518775804
1.76419203125E-07, -0.00401407600361054
1.7642115625E-07, -0.00421071129777249
1.76423109375E-07, -0.00361451426054979
1.764250625E-07, -0.0038208043456702
1.76427015625E-07, -0.00374318101802885
1.7642896875E-07, -0.00384154681081511
1.76430921875E-07, -0.00410522035078022
1.76432875E-07, -0.0037375188111386
1.76434828125E-07, -0.00372871087072196
1.7643678125E-07, -0.0035518963378091
1.76438734375E-07, -0.00376274086903896
1.764406875E-07, -0.00419509638007482
1.76442640625E-07, -0.00434279300624183
1.7644459375E-07, -0.00388597786530056
1.76446546875E-07, -0.00398285970268875
1.764485E-07, -0.00387107495711249
1.76450453125E-07, -0.00387587190961645
1.7645240625E-07, -0.00400818084805827
1.76454359375E-07, -0.00368123278126082
1.764563125E-07, -0.00327614535919999
1.76458265625E-07, -0.00374779432048189
1.7646021875E-07, -0.00323769601174212
1.76462171875E-07, -0.00357822933479475
1.76464125E-07, -0.00360630533483548
1.76466078125E-07, -0.0040070113996932
1.7646803125E-07, -0.00402467590733563
1.76469984375E-07, -0.00350118619409621
1.764719375E-07, -0.00374246981677553
1.76473890625E-07, -0.00357053891945611
1.7647584375E-07, -0.00364224321937686
1.76477796875E-07, -0.00383375857249793
1.7647975E-07, -0.00381188114972122
1.76481703125E-07, -0.00385781268980483
1.7648365625E-07, -0.003723330126332
1.76485609375E-07, -0.00401350325868509
1.764875625E-07, -0.00338998774246823
1.76489515625E-07, -0.00365114916235654
1.7649146875E-07, -0.00344498901752535
1.76493421875E-07, -0.00358308668053941
1.76495375E-07, -0.00351899394486897
1.76497328125E-07, -0.0034780945252802
1.7649928125E-07, -0.00338033395679982
1.76501234375E-07, -0.00316778712703424
1.765031875E-07, -0.00306741939203124
1.76505140625E-07, -0.00317119327471307
1.7650709375E-07, -0.00326427713301571
1.76509046875E-07, -0.00303610468517643
1.76511E-07, -0.00316609703494327
1.76512953125E-07, -0.0027439026798415
1.7651490625E-07, -0.00322106627684859
1.76516859375E-07, -0.00301956772578246
1.765188125E-07, -0.00299810474882558
1.76520765625E-07, -0.00333996724895641
1.7652271875E-07, -0.00284279503547306
1.76524671875E-07, -0.00297919196288092
1.76526625E-07, -0.00306724781104955
1.76528578125E-07, -0.00297330875835976
1.7653053125E-07, -0.00306081482325976
1.76532484375E-07, -0.00300806875434326
1.765344375E-07, -0.00308714499511839
1.76536390625E-07, -0.00268681027325865
1.7653834375E-07, -0.00279857679469261
1.76540296875E-07, -0.00328213866575244
1.7654225E-07, -0.00281540380959632
1.76544203125E-07, -0.00289507924738077
1.7654615625E-07, -0.00277958588557148
1.76548109375E-07, -0.00282996867670342
1.765500625E-07, -0.00264323228608203
1.76552015625E-07, -0.00284268233252614
1.7655396875E-07, -0.00284734973246656
1.76555921875E-07, -0.00236878540161512
1.76557875E-07, -0.00281421890820257
1.76559828125E-07, -0.0029268495635532
1.7656178125E-07, -0.00289227525280332
1.76563734375E-07, -0.00276220867448077
1.765656875E-07, -0.00286489501818371
1.76567640625E-07, -0.00328861325272756
1.7656959375E-07, -0.00320144389662973
1.76571546875E-07, -0.00277570105081478
1.765735E-07, -0.00310335167718355
1.76575453125E-07, -0.00290207819947185
1.7657740625E-07, -0.00301417219092382
1.76579359375E-07, -0.00298434605426116
1.765813125E-07, -0.00310353497673681
1.76583265625E-07, -0.00326055744165791
1.7658521875E-07, -0.0030390158143794
1.76587171875E-07, -0.003057743284243
1.76589125E-07, -0.00292442039129453
1.76591078125E-07, -0.00301781862016988
1.7659303125E-07, -0.00294159792854356
1.76594984375E-07, -0.00311146134493492
1.765969375E-07, -0.00312588017551515
1.76598890625E-07, -0.00350715802423565
1.7660084375E-07, -0.00333143278708105
1.76602796875E-07, -0.00308016077130765
1.7660475E-07, -0.00277345022472905
1.76606703125E-07, -0.00287332391600666
1.7660865625E-07, -0.00325492239546815
1.76610609375E-07, -0.00343187697281275
1.766125625E-07, -0.00312404064583182
1.76614515625E-07, -0.00327754184948751
1.7661646875E-07, -0.00329847970936855
1.76618421875E-07, -0.00331243294702068
1.76620375E-07, -0.00337734231199557
1.76622328125E-07, -0.00307436021447867
1.7662428125E-07, -0.00294240037518281
1.76626234375E-07, -0.00305593978330415
1.766281875E-07, -0.00316116387861973
1.76630140625E-07, -0.00320342854835586
1.7663209375E-07, -0.00275005104403432
1.76634046875E-07, -0.00303098844270616
1.76636E-07, -0.00317010611302886
1.76637953125E-07, -0.00319720764413464
1.7663990625E-07, -0.00274306620153531
1.76641859375E-07, -0.00265401894245104
1.766438125E-07, -0.00301040006161739
1.76645765625E-07, -0.00266093760357379
1.7664771875E-07, -0.00260482160304201
1.76649671875E-07, -0.00268066224495625
1.76651625E-07, -0.00241814554730137
1.76653578125E-07, -0.0024341219739977
1.7665553125E-07, -0.00260691067993276
1.76657484375E-07, -0.00230921568097412
1.766594375E-07, -0.00259139828783427
1.76661390625E-07, -0.00247864317349041
1.7666334375E-07, -0.00247169793989178
1.76665296875E-07, -0.00248438641268323
1.7666725E-07, -0.00277972978654638
1.76669203125E-07, -0.00234400462848403
1.7667115625E-07, -0.00249090505271406
1.76673109375E-07, -0.0026599975433545
1.766750625E-07, -0.001951092892629
1.76677015625E-07, -0.00184519175395736
1.7667896875E-07, -0.00223743677003767
1.76680921875E-07, -0.00223116666176263
1.76682875E-07, -0.00177739262968715
1.76684828125E-07, -0.00186765773296479
1.7668678125E-07, -0.00210972777066761
1.76688734375E-07, -0.00195006013042739
1.766906875E-07, -0.00206389687701965
1.76692640625E-07, -0.00198391366389364
1.7669459375E-07, -0.00211135905914932
1.76696546875E-07, -0.00215841389317321
1.766985E-07, -0.00195960311766979
1.76700453125E-07, -0.00204824153251898
1.7670240625E-07, -0.00190644638823926
1.76704359375E-07, -0.00228286279643914
1.767063125E-07, -0.00183988660903502
1.76708265625E-07, -0.00209564155430487
1.7671021875E-07, -0.00227872738545749
1.76712171875E-07, -0.00215116544473653
1.76714125E-07, -0.00212831753404365
1.76716078125E-07, -0.00224805166104195
1.7671803125E-07, -0.00200696695039739
1.76719984375E-07, -0.0022703323281884
1.767219375E-07, -0.0022015696529598
1.76723890625E-07, -0.00197603622564712
1.7672584375E-07, -0.00243121379863724
1.76727796875E-07, -0.00219412139564497
1.7672975E-07, -0.00251196245377563
1.76731703125E-07, -0.00235063143168075
1.7673365625E-07, -0.00213968686540253
1.76735609375E-07, -0.00231567489883065
1.767375625E-07, -0.00224956215538645
1.76739515625E-07, -0.00273550528283816
1.7674146875E-07, -0.00190981520724408
1.76743421875E-07, -0.00259600780515835
1.76745375E-07, -0.00251633989708302
1.76747328125E-07, -0.00208307156177189
1.7674928125E-07, -0.00257880926276418
1.76751234375E-07, -0.00259813164608468
1.767531875E-07, -0.00271463896609261
1.76755140625E-07, -0.00248076428247055
1.7675709375E-07, -0.00309664126983254
1.76759046875E-07, -0.00277872027752969
1.76761E-07, -0.00286198426093221
1.76762953125E-07, -0.00272963402205631
1.7676490625E-07, -0.00276512857158182
1.76766859375E-07, -0.00280512983873936
1.767688125E-07, -0.00264521513737437
1.76770765625E-07, -0.00255067068690774
1.7677271875E-07, -0.0029427484833913
1.76774671875E-07, -0.002373988740766
1.76776625E-07, -0.00258606127159186
1.76778578125E-07, -0.0023824356788569
1.7678053125E-07, -0.00221468559535411
1.76782484375E-07, -0.00209995842404705
1.767844375E-07, -0.00243143456233429
1.76786390625E-07, -0.00235978046235531
1.7678834375E-07, -0.00173087130725473
1.76790296875E-07, -0.00194678088162164
1.7679225E-07, -0.00119466957240283
1.76794203125E-07, -0.00157180830525644
1.7679615625E-07, -0.00126968802532741
1.76798109375E-07, -0.00117701718176251
1.768000625E-07, -0.00107034656769969
1.76802015625E-07, -0.000758087829107963
1.7680396875E-07, -0.000902042671857801
1.76805921875E-07, -0.000696939330811972
1.76807875E-07, -0.000512380532823925
1.76809828125E-07, -0.000376855215548278
1.7681178125E-07, -0.00017844887961921
1.76813734375E-07, 0.000939478578615113
1.768156875E-07, 0.000682766319132541
1.76817640625E-07, 0.00113140418095562
1.7681959375E-07, 0.000509585746927825
1.76821546875E-07, 0.000415528208779892
1.768235E-07, 0.00131692565106705
1.76825453125E-07, 0.00235174076265769
1.7682740625E-07, 0.00157242982902252
1.76829359375E-07, 0.00210168365780937
1.768313125E-07, 0.00187345542398834
1.76833265625E-07, 0.00303380665765642
1.7683521875E-07, 0.00320391319715861
1.76837171875E-07, 0.0030663327600069
1.76839125E-07, 0.00369111253085473
1.76841078125E-07, 0.00405818236966666
1.7684303125E-07, 0.00422942639348458
1.76844984375E-07, 0.00435093051899248
1.768469375E-07, 0.00383639686463459
1.76848890625E-07, 0.00438784531800379
1.7685084375E-07, 0.00487736351368412
1.76852796875E-07, 0.00528826385515268
1.7685475E-07, 0.00504110190268612
1.76856703125E-07, 0.00510406775245738
1.7685865625E-07, 0.005161553410782
1.76860609375E-07, 0.00473186615118728
1.768625625E-07, 0.00595769552630918
1.76864515625E-07, 0.00569240388511258
1.7686646875E-07, 0.00544962430415125
1.76868421875E-07, 0.0055697539180036
1.76870375E-07, 0.00596023713853908
1.76872328125E-07, 0.00572277960639073
1.7687428125E-07, 0.00538117774721378
1.76876234375E-07, 0.00532604717334298
1.768781875E-07, 0.00551863790820761
1.76880140625E-07, 0.00524462343342863
1.7688209375E-07, 0.00494240946699254
1.76884046875E-07, 0.00508979262592188
1.76886E-07, 0.00505407077093278
1.76887953125E-07, 0.00466892773765689
1.7688990625E-07, 0.00483369174079313
1.76891859375E-07, 0.00429149391228832
1.768938125E-07, 0.00365923149275339
1.76895765625E-07, 0.00407905910041518
1.7689771875E-07, 0.00379996492722105
1.76899671875E-07, 0.0031539720878486
1.76901625E-07, 0.00394279393062036
1.76903578125E-07, 0.00333079482980445
1.7690553125E-07, 0.00258939614734854
1.76907484375E-07, 0.00276467569110247
1.769094375E-07, 0.00291466158907505
1.76911390625E-07, 0.00285595926992147
1.7691334375E-07, 0.00153494319908973
1.76915296875E-07, 0.00075360041141277
1.7691725E-07, 0.00143361565052797
1.76919203125E-07, 0.00124070895618979
1.7692115625E-07, 0.00165437362919394
1.76923109375E-07, 0.000450683271311316
1.769250625E-07, -0.000425219235791182
1.76927015625E-07, -0.000206699714205413
1.7692896875E-07, 8.62051024191264E-05
1.76930921875E-07, -0.000451329106831184
1.76932875E-07, -0.00043398829956996
1.76934828125E-07, -0.00140300829023906
1.7693678125E-07, -0.00112586673269009
1.76938734375E-07, -0.00145846913371937
1.769406875E-07, -0.0015691981173241
1.76942640625E-07, -0.00201341002050485
1.7694459375E-07, -0.00156024408923206
1.76946546875E-07, -0.00203758983935063
1.769485E-07, -0.00192687396423148
1.76950453125E-07, -0.00201324465082379
1.7695240625E-07, -0.00251660093279552
1.76954359375E-07, -0.00252941201071143
1.769563125E-07, -0.00302055304980854
1.76958265625E-07, -0.00198420565480904
1.7696021875E-07, -0.00253825182892397
1.76962171875E-07, -0.00254469714019769
1.76964125E-07, -0.00229445847181643
1.76966078125E-07, -0.00230228807773783
1.7696803125E-07, -0.00269806804264807
1.76969984375E-07, -0.00283039057649989
1.769719375E-07, -0.00187089643512023
1.76973890625E-07, -0.0019239443359933
1.7697584375E-07, -0.00201499626940378
1.76977796875E-07, -0.00211967509533819
1.7697975E-07, -0.00231964418747968
1.76981703125E-07, -0.00187137829889785
1.7698365625E-07, -0.00184000919271229
1.76985609375E-07, -0.00102778240129165
1.769875625E-07, -0.0013570783826452
1.76989515625E-07, -0.00148885024482456
1.7699146875E-07, -0.000735021548156167
1.76993421875E-07, -0.000981836909992718
1.76995375E-07, -0.00102975654360994
1.76997328125E-07, -0.00016149831737175
1.7699928125E-07, -0.000340065538082892
1.77001234375E-07, -0.000641316123465561
1.770031875E-07, 0.000971803057698655
1.77005140625E-07, 0.000936165161160966
1.7700709375E-07, 0.000734026400858688
1.77009046875E-07, -0.000245268109043498
1.77011E-07, 0.000752479618778526
1.77012953125E-07, 0.00161687708308145
1.7701490625E-07, 0.00193879414229138
1.77016859375E-07, 0.00116370812925799
1.770188125E-07, 0.00134280971351211
1.77020765625E-07, 0.00200343252924237
1.7702271875E-07, 0.00251453155879831
1.77024671875E-07, 0.00271022303154915
1.77026625E-07, 0.00203944264311018
1.77028578125E-07, 0.00343650273505661
1.7703053125E-07, 0.00343577508521493
1.77032484375E-07, 0.00300262030414025
1.770344375E-07, 0.00307341441860896
1.77036390625E-07, 0.00341021292246959
1.7703834375E-07, 0.0044134599251769
1.77040296875E-07, 0.00395855607108579
1.7704225E-07, 0.00467118996271714
1.77044203125E-07, 0.00382241601331757
1.7704615625E-07, 0.00376624253373588
1.77048109375E-07, 0.00460904822528151
1.770500625E-07, 0.00522245114152589
1.77052015625E-07, 0.00494852512840041
1.7705396875E-07, 0.00479895037723734
1.77055921875E-07, 0.00518179123045953
1.77057875E-07, 0.00519966225860587
1.77059828125E-07, 0.00550361767200518
1.7706178125E-07, 0.00486967463765439
1.77063734375E-07, 0.00553403603369518
1.770656875E-07, 0.00544122298614317
1.77067640625E-07, 0.00497600482595344
1.7706959375E-07, 0.00613877036834733
1.77071546875E-07, 0.00615743539231397
1.770735E-07, 0.00528894129546611
1.77075453125E-07, 0.0052927689302436
1.7707740625E-07, 0.00547528154021348
1.77079359375E-07, 0.00523595449251996
1.770813125E-07, 0.00520596706183984
1.77083265625E-07, 0.00572650966338355
1.7708521875E-07, 0.00579857479707318
1.77087171875E-07, 0.00583437687204887
1.77089125E-07, 0.00558618727751605
1.77091078125E-07, 0.00551909483319391
1.7709303125E-07, 0.00564978612616736
1.77094984375E-07, 0.00595964083799848
1.770969375E-07, 0.00557866476229531
1.77098890625E-07, 0.00538683924984662
1.7710084375E-07, 0.00546005366185129
1.77102796875E-07, 0.00497994687041007
1.7710475E-07, 0.00545238695239002
1.77106703125E-07, 0.00534452343102563
1.7710865625E-07, 0.00565284443628435
1.77110609375E-07, 0.00517286547292776
1.771125625E-07, 0.00479336854763282
1.77114515625E-07, 0.00543764958192829
1.7711646875E-07, 0.00476656153342724
1.77118421875E-07, 0.00499295085226184
1.77120375E-07, 0.00535022849603696
1.77122328125E-07, 0.00489325612263308
1.7712428125E-07, 0.00514779017226696
1.77126234375E-07, 0.00536689479769896
1.771281875E-07, 0.00520246613361268
1.77130140625E-07, 0.00517991161553934
1.7713209375E-07, 0.00526378186671363
1.77134046875E-07, 0.00522264118285768
1.77136E-07, 0.00554727887458881
1.77137953125E-07, 0.00547868508716069
1.7713990625E-07, 0.00555171508275638
1.77141859375E-07, 0.00487326244625115
1.771438125E-07, 0.00507176982803895
1.77145765625E-07, 0.00566368982379987
1.7714771875E-07, 0.00539750693450275
1.77149671875E-07, 0.00562833019130944
1.77151625E-07, 0.00572798316675468
1.77153578125E-07, 0.00578753622311838
1.7715553125E-07, 0.00560558551084921
1.77157484375E-07, 0.00608520816133327
1.771594375E-07, 0.00596197459369627
1.77161390625E-07, 0.00557200610745949
1.7716334375E-07, 0.00584500683066157
1.77165296875E-07, 0.00616861871889105
1.7716725E-07, 0.00653480053146612
1.77169203125E-07, 0.00590031580370336
1.7717115625E-07, 0.00605545261569642
1.77173109375E-07, 0.00634399574003679
1.771750625E-07, 0.00672249852548589
1.77177015625E-07, 0.00616020202464901
1.7717896875E-07, 0.00653123766871946
1.77180921875E-07, 0.00692126804487023
1.77182875E-07, 0.00617875208113734
1.77184828125E-07, 0.00620180207232136
1.7718678125E-07, 0.00626992522277772
1.77188734375E-07, 0.00643025826380442
1.771906875E-07, 0.00675092753400637
1.77192640625E-07, 0.00636364224997925
1.7719459375E-07, 0.00607960227989516
1.77196546875E-07, 0.00661323756427183
1.771985E-07, 0.00637504496053137
1.77200453125E-07, 0.00612397198141826
1.7720240625E-07, 0.00607476121906987
1.77204359375E-07, 0.00652339728886843
1.772063125E-07, 0.00590968583297962
1.77208265625E-07, 0.00620273596014291
1.7721021875E-07, 0.00636517920206279
1.77212171875E-07, 0.005888006612743
1.77214125E-07, 0.00613389475126033
1.77216078125E-07, 0.00602177012610864
1.7721803125E-07, 0.00586586018907478
1.77219984375E-07, 0.00580336088678787
1.772219375E-07, 0.00583888972045854
1.77223890625E-07, 0.00542816481007655
1.7722584375E-07, 0.00561948655259779
1.77227796875E-07, 0.00582311301087072
1.7722975E-07, 0.00526308276433463
1.77231703125E-07, 0.00586724060014474
1.7723365625E-07, 0.00513771364875984
1.77235609375E-07, 0.00502507813843246
1.772375625E-07, 0.00477375106528115
1.77239515625E-07, 0.00467018723187497
1.7724146875E-07, 0.00495240767320674
1.77243421875E-07, 0.00445572689297113
1.77245375E-07, 0.0044161871053284
1.77247328125E-07, 0.00486505686555794
1.7724928125E-07, 0.00485261740370288
1.77251234375E-07, 0.00414479887134465
1.772531875E-07, 0.00430344644821759
1.77255140625E-07, 0.00402417120866839
1.7725709375E-07, 0.00409964178545047
1.77259046875E-07, 0.00450840781910951
1.77261E-07, 0.00403591939808997
1.77262953125E-07, 0.00346820550660873
1.7726490625E-07, 0.00394254931125022
1.77266859375E-07, 0.00373873431333267
1.772688125E-07, 0.00358277890804523
1.77270765625E-07, 0.00306744842648168
1.7727271875E-07, 0.00318021420383948
1.77274671875E-07, 0.00304335708502581
1.77276625E-07, 0.00332718373087019
1.77278578125E-07, 0.00305537316781265
1.7728053125E-07, 0.00277265027267343
1.77282484375E-07, 0.00309832205642405
1.772844375E-07, 0.00327400713457232
1.77286390625E-07, 0.00338275495227407
1.7728834375E-07, 0.00282353207003036
1.77290296875E-07, 0.00282390170358832
1.7729225E-07, 0.00304315850630841
1.77294203125E-07, 0.00283104886583564
1.7729615625E-07, 0.00312805503249553
1.77298109375E-07, 0.00210237567952804
1.773000625E-07, 0.00170526298139167
1.77302015625E-07, 0.00236891383324362
1.7730396875E-07, 0.00232196599528913
1.77305921875E-07, 0.00191109016632166
1.77307875E-07, 0.00172968526551057
1.77309828125E-07, 0.00222303325547076
1.7731178125E-07, 0.00274656006549553
1.77313734375E-07, 0.00222914512007815
1.773156875E-07, 0.00219083110951953
1.77317640625E-07, 0.00221816932378222
1.7731959375E-07, 0.00155518743067074
1.77321546875E-07, 0.00246258496540901
1.773235E-07, 0.00177911124589763
1.77325453125E-07, 0.00152779630433638
1.7732740625E-07, 0.00176496275848698
1.77329359375E-07, 0.00182555856563376
1.773313125E-07, 0.00199487179517678
1.77333265625E-07, 0.00172776917300786
1.7733521875E-07, 0.00117803357078824
1.77337171875E-07, 0.0017302715739483
1.77339125E-07, 0.0017044420574114
1.77341078125E-07, 0.00143729206856053
1.7734303125E-07, 0.00153801142045399
1.77344984375E-07, 0.000911356694259893
1.773469375E-07, 0.00165543429609756
1.77348890625E-07, 0.00118388336853744
1.7735084375E-07, 0.00164126626040621
1.77352796875E-07, 0.00135577899075291
1.7735475E-07, 0.00145677837354533
1.77356703125E-07, 0.00123816373541343
1.7735865625E-07, 0.000451686345947795
1.77360609375E-07, 0.00138740352368924
1.773625625E-07, 0.00176145773899872
1.77364515625E-07, 0.000265976174280764
1.7736646875E-07, 0.000956891738460542
1.77368421875E-07, 0.000995084458765541
1.77370375E-07, 0.000724497548339251
1.77372328125E-07, 0.000755082970743591
1.7737428125E-07, 0.000493432590350151
1.77376234375E-07, 0.000245953188306072
1.773781875E-07, 0.000472352030522378
1.77380140625E-07, 0.000474994540763635
1.7738209375E-07, 0.000877657551035558
1.77384046875E-07, 0.000592574561689105
1.77386E-07, 0.000475265673405399
1.77387953125E-07, 0.000602328280897187
1.7738990625E-07, 0.000435898683844489
1.77391859375E-07, 0.000672264112291539
1.773938125E-07, 0.000600026238698047
1.77395765625E-07, 7.25618437561647E-05
1.7739771875E-07, 0.000424986424619658
1.77399671875E-07, 7.46721597865105E-05
1.77401625E-07, 0.000525788644351395
1.77403578125E-07, -0.000152449150690539
1.7740553125E-07, -0.00045893765644352
1.77407484375E-07, 8.07809446784109E-05
1.774094375E-07, 0.000109057320817488
1.77411390625E-07, -0.000416261275536659
1.7741334375E-07, -0.00064766445802604
1.77415296875E-07, -0.000271406228942553
1.7741725E-07, -0.000535541539181974
1.77419203125E-07, -0.000239324869789846
1.7742115625E-07, -0.000307402183392011
1.77423109375E-07, -0.000708210718630576
1.774250625E-07, -0.000723996868529682
1.77427015625E-07, -0.000570885731968798
1.7742896875E-07, -0.000611530090117656
1.77430921875E-07, -0.000515011354751692
1.77432875E-07, -0.00114286330254372
1.77434828125E-07, -0.00145752270514418
1.7743678125E-07, -0.00103961178923332
1.77438734375E-07, -0.00136189436277341
1.774406875E-07, -0.00153179072346183
1.77442640625E-07, -0.00108425284437194
1.7744459375E-07, -0.00119360351098257
1.77446546875E-07, -0.00111130205118533
1.774485E-07, -0.00161818436282486
1.77450453125E-07, -0.00124509620556067
1.7745240625E-07, -0.00154951009385544
1.77454359375E-07, -0.00168312807801325
1.774563125E-07, -0.00211584872028777
1.77458265625E-07, -0.00175906910682589
1.7746021875E-07, -0.00195802977899047
1.77462171875E-07, -0.00186686145925596
1.77464125E-07, -0.00239271101041814
1.77466078125E-07, -0.00250589798306523
1.7746803125E-07, -0.00193137523196687
1.77469984375E-07, -0.00212280469601719
1.774719375E-07, -0.00196023688124782
1.77473890625E-07, -0.00268853615275715
1.7747584375E-07, -0.00260000899164206
1.77477796875E-07, -0.0022894586949231
1.7747975E-07, -0.00222935877520889
1.77481703125E-07, -0.00257207737298821
1.7748365625E-07, -0.00297017548742534
1.77485609375E-07, -0.00283101802600669
1.774875625E-07, -0.00266684166099346
1.77489515625E-07, -0.00287742069891022
1.7749146875E-07, -0.00303609459131876
1.77493421875E-07, -0.00310658641209519
1.77495375E-07, -0.00296197152743685
1.77497328125E-07, -0.00323943726537635
1.7749928125E-07, -0.003196529798312
1.77501234375E-07, -0.00336578466935841
1.775031875E-07, -0.00414580488514083
1.77505140625E-07, -0.00344397038104537
1.7750709375E-07, -0.00324689406455079
1.77509046875E-07, -0.00372058573072951
1.77511E-07, -0.00371581971150182
1.77512953125E-07, -0.0037824973500944
1.7751490625E-07, -0.00390053745134497
1.77516859375E-07, -0.00399519693989554
1.775188125E-07, -0.00396974109346686
1.77520765625E-07, -0.0039571289762361
1.7752271875E-07, -0.00387155847693725
1.77524671875E-07, -0.00394677608558858
1.77526625E-07, -0.00356824117335032
1.77528578125E-07, -0.00438644588661397
1.7753053125E-07, -0.00420025776236551
1.77532484375E-07, -0.00401035055105186
1.775344375E-07, -0.0039099207610423
1.77536390625E-07, -0.00415799399441383
1.7753834375E-07, -0.00478403685304708
1.77540296875E-07, -0.00422082294638059
1.7754225E-07, -0.00427011338220477
1.77544203125E-07, -0.00405594254293242
1.7754615625E-07, -0.00482826850902566
1.77548109375E-07, -0.0043220901948784
1.775500625E-07, -0.0044157364148056
1.77552015625E-07, -0.00449599642994031
1.7755396875E-07, -0.00432246586643292
1.77555921875E-07, -0.00425931272819336
1.77557875E-07, -0.00450142904243471
1.77559828125E-07, -0.00402745785393764
1.7756178125E-07, -0.00465714514738633
1.77563734375E-07, -0.00444892121144961
1.775656875E-07, -0.00470696202097295
1.77567640625E-07, -0.00431818919620806
1.7756959375E-07, -0.00468222056821725
1.77571546875E-07, -0.00449281498617073
1.775735E-07, -0.00471186855086809
1.77575453125E-07, -0.00497998700411853
1.7757740625E-07, -0.0042497405803066
1.77579359375E-07, -0.00439306430354818
1.775813125E-07, -0.00416535585671968
1.77583265625E-07, -0.0043863413240948
1.7758521875E-07, -0.00448839369103887
1.77587171875E-07, -0.00455668185295538
1.77589125E-07, -0.00408989194578278
1.77591078125E-07, -0.00393503593035585
1.7759303125E-07, -0.00402733226335325
1.77594984375E-07, -0.0044518470527413
1.775969375E-07, -0.00389206388660211
1.77598890625E-07, -0.00395273743730099
1.7760084375E-07, -0.00368526581717873
1.77602796875E-07, -0.00427336012475497
1.7760475E-07, -0.00434969515121194
1.77606703125E-07, -0.00369429894034526
1.7760865625E-07, -0.00391142677614853
1.77610609375E-07, -0.00386821986515561
1.776125625E-07, -0.00398955475542696
1.77614515625E-07, -0.00371890755841028
1.7761646875E-07, -0.00299530947921577
1.77618421875E-07, -0.0034228814306375
1.77620375E-07, -0.00332293771150762
1.77622328125E-07, -0.00364198357366866
1.7762428125E-07, -0.00319199664255742
1.77626234375E-07, -0.00308010126380878
1.776281875E-07, -0.00330607026048659
1.77630140625E-07, -0.00306906555031247
1.7763209375E-07, -0.00344031009247886
1.77634046875E-07, -0.00302927459609386


