File Format, WaveformXYValues
Format Version, 1
Instrument, N1045A,04F,LOJ
SwVersion, A.06.71.21
SerialNumber, MY56260108
Date, 11/29/2023 14:35:06 GMT+08:00

Source Name, Channel 1A

Points, 2048
Signal Type, Unspecified
Channel Bandwidth, 2E+10
Channel Noise, 6.66857143682292E-05
X Units, Second
Y Units, Volt
Data, 
1.73636E-07, -0.0014739350382991
1.73637953125E-07, -0.0013737745823405
1.7363990625E-07, -0.0012568790145848
1.73641859375E-07, -0.00117109438643857
1.736438125E-07, -0.00162159971933934
1.73645765625E-07, -0.00145196973015944
1.7364771875E-07, -0.00133473808253807
1.73649671875E-07, -0.00153588385616363
1.73651625E-07, -0.00125041811253511
1.73653578125E-07, -0.00113157049148526
1.7365553125E-07, -0.00144912146218128
1.73657484375E-07, -0.00135657916174935
1.736594375E-07, -0.0014421594743576
1.73661390625E-07, -0.00179760307428289
1.7366334375E-07, -0.00139746629526991
1.73665296875E-07, -0.00115325684302454
1.7366725E-07, -0.00147121864572173
1.73669203125E-07, -0.00161400179745746
1.7367115625E-07, -0.00142573759559893
1.73673109375E-07, -0.00177021788565015
1.736750625E-07, -0.00165453137692816
1.73677015625E-07, -0.00156294796071078
1.7367896875E-07, -0.00156084185652995
1.73680921875E-07, -0.00138318544197567
1.73682875E-07, -0.00144330593587366
1.73684828125E-07, -0.00145327390764233
1.7368678125E-07, -0.00179840702678463
1.73688734375E-07, -0.00162612805904424
1.736906875E-07, -0.00162923696894784
1.73692640625E-07, -0.00149144592563926
1.7369459375E-07, -0.00144288353098827
1.73696546875E-07, -0.00153152563517624
1.736985E-07, -0.00145750142927889
1.73700453125E-07, -0.00160609541102216
1.7370240625E-07, -0.0018760206747799
1.73704359375E-07, -0.00173254828344074
1.737063125E-07, -0.00167217439744388
1.73708265625E-07, -0.00129528198232654
1.7371021875E-07, -0.00186318631885631
1.73712171875E-07, -0.00163364477903841
1.73714125E-07, -0.00160118267317099
1.73716078125E-07, -0.00145187126174592
1.7371803125E-07, -0.0017460427285762
1.73719984375E-07, -0.00165416986628304
1.737219375E-07, -0.00182997529846206
1.73723890625E-07, -0.00177931937354288
1.7372584375E-07, -0.00202664109092044
1.73727796875E-07, -0.00191803933538729
1.7372975E-07, -0.00184816978355554
1.73731703125E-07, -0.0013643685613827
1.7373365625E-07, -0.00194544539867554
1.73735609375E-07, -0.00176731839110824
1.737375625E-07, -0.00191371182122138
1.73739515625E-07, -0.0019948620480411
1.7374146875E-07, -0.00175737683480347
1.73743421875E-07, -0.00161557833339114
1.73745375E-07, -0.00194954594779719
1.73747328125E-07, -0.0020810642778566
1.7374928125E-07, -0.00172422336364393
1.73751234375E-07, -0.00191989115623289
1.737531875E-07, -0.0019357710081388
1.73755140625E-07, -0.00154423283406444
1.7375709375E-07, -0.00154845670832827
1.73759046875E-07, -0.00134306997070443
1.73761E-07, -0.00208414482090845
1.73762953125E-07, -0.00212083807347348
1.7376490625E-07, -0.00175932596369699
1.73766859375E-07, -0.00105299075656909
1.737688125E-07, -0.00143096762839358
1.73770765625E-07, -0.00186644567861596
1.7377271875E-07, -0.00173348865579427
1.73774671875E-07, -0.00236279727453054
1.73776625E-07, -0.00256316321906636
1.73778578125E-07, -0.00200689335088176
1.7378053125E-07, -0.00241995797771243
1.73782484375E-07, -0.00205267385298159
1.737844375E-07, -0.00206145467951347
1.73786390625E-07, -0.00166510118407493
1.7378834375E-07, -0.00184635391267682
1.73790296875E-07, -0.0019605219729059
1.7379225E-07, -0.00212759138429443
1.73794203125E-07, -0.00195938605372394
1.7379615625E-07, -0.0015691642125011
1.73798109375E-07, -0.00247466418947577
1.738000625E-07, -0.00226817891574459
1.73802015625E-07, -0.00228071698522153
1.7380396875E-07, -0.00290472101477287
1.73805921875E-07, -0.00243538504769581
1.73807875E-07, -0.00228075685605902
1.73809828125E-07, -0.00258631174787641
1.7381178125E-07, -0.00223531583671301
1.73813734375E-07, -0.00222090565812194
1.738156875E-07, -0.00252360281919976
1.73817640625E-07, -0.00274835273560443
1.7381959375E-07, -0.00256326366234484
1.73821546875E-07, -0.00229547060730467
1.738235E-07, -0.00323762653096272
1.73825453125E-07, -0.00192476654607218
1.7382740625E-07, -0.00271647263563014
1.73829359375E-07, -0.00265191820427727
1.738313125E-07, -0.00296052144384678
1.73833265625E-07, -0.00342359465813479
1.7383521875E-07, -0.00240063987218779
1.73837171875E-07, -0.00307244722386849
1.73839125E-07, -0.00328077758612216
1.73841078125E-07, -0.00215778512648312
1.7384303125E-07, -0.00308029038640654
1.73844984375E-07, -0.00315040221671663
1.738469375E-07, -0.00269350508887832
1.73848890625E-07, -0.00345245899458369
1.7385084375E-07, -0.00331408451880814
1.73852796875E-07, -0.00342821585149922
1.7385475E-07, -0.00317293185868661
1.73856703125E-07, -0.0035557896975785
1.7385865625E-07, -0.00349695098675561
1.73860609375E-07, -0.00351861867807
1.738625625E-07, -0.00332755791577606
1.73864515625E-07, -0.00388186182045724
1.7386646875E-07, -0.00375355554701825
1.73868421875E-07, -0.00387809888800535
1.73870375E-07, -0.00393834182766809
1.73872328125E-07, -0.00427246899101525
1.7387428125E-07, -0.00406797344315801
1.73876234375E-07, -0.00379194941588996
1.738781875E-07, -0.00405648554238088
1.73880140625E-07, -0.0039066828853489
1.7388209375E-07, -0.00425710605240106
1.73884046875E-07, -0.00401883645679186
1.73886E-07, -0.00418074499292278
1.73887953125E-07, -0.0044704540390855
1.7388990625E-07, -0.00459775294379999
1.73891859375E-07, -0.00480312336871504
1.738938125E-07, -0.00297079195836136
1.73895765625E-07, -0.00465214821922046
1.7389771875E-07, -0.00457912637570177
1.73899671875E-07, -0.00466083219061012
1.73901625E-07, -0.00476707852493048
1.73903578125E-07, -0.00513938361683895
1.7390553125E-07, -0.00469009237135995
1.73907484375E-07, -0.00499440313239085
1.739094375E-07, -0.0048410755939815
1.73911390625E-07, -0.00498100313227824
1.7391334375E-07, -0.00524068861827527
1.73915296875E-07, -0.00530005173583063
1.7391725E-07, -0.00551019765822729
1.73919203125E-07, -0.00565125490047265
1.7392115625E-07, -0.005466640272985
1.73923109375E-07, -0.00524735959836932
1.739250625E-07, -0.00573066235259394
1.73927015625E-07, -0.00578564999908687
1.7392896875E-07, -0.0054587022739613
1.73930921875E-07, -0.00532893518640053
1.73932875E-07, -0.00566380236906154
1.73934828125E-07, -0.00564282888268146
1.7393678125E-07, -0.00577704518444354
1.73938734375E-07, -0.00347296908243622
1.739406875E-07, -0.00545341424067892
1.73942640625E-07, -0.00548300649260861
1.7394459375E-07, -0.00550315326140581
1.73946546875E-07, -0.00577264342441086
1.739485E-07, -0.00526360153846082
1.73950453125E-07, -0.0058586531786092
1.7395240625E-07, -0.00599513525770956
1.73954359375E-07, -0.00522362427895898
1.739563125E-07, -0.00536708537543687
1.73958265625E-07, -0.00471996415857624
1.7396021875E-07, -0.00529728827023627
1.73962171875E-07, -0.00503473462973473
1.73964125E-07, -0.00554352488462363
1.73966078125E-07, -0.00570587610924837
1.7396803125E-07, -0.00535332293277691
1.73969984375E-07, -0.00520231257840595
1.739719375E-07, -0.0052343793235448
1.73973890625E-07, -0.00520915584761109
1.7397584375E-07, -0.00462607176957054
1.73977796875E-07, -0.00475304933235912
1.7397975E-07, -0.00456168901806679
1.73981703125E-07, -0.00463272818898544
1.7398365625E-07, -0.00488487947474486
1.73985609375E-07, -0.00455954017368196
1.739875625E-07, -0.00482831107737036
1.73989515625E-07, -0.00491541206955504
1.7399146875E-07, -0.00379326675873052
1.73993421875E-07, -0.0039056892793162
1.73995375E-07, -0.00385901380581834
1.73997328125E-07, -0.00331613165288948
1.7399928125E-07, -0.0033139747867401
1.74001234375E-07, -0.00390966950476728
1.740031875E-07, -0.00330155674495046
1.74005140625E-07, -0.00267616422244363
1.7400709375E-07, -0.00292174940393463
1.74009046875E-07, -0.00152027638084542
1.74011E-07, -0.00255029470499944
1.74012953125E-07, -0.00186546376479045
1.7401490625E-07, -0.00227852606341751
1.74016859375E-07, -0.00233806919656345
1.740188125E-07, -0.00058708058649079
1.74020765625E-07, -0.000523171568607539
1.7402271875E-07, -0.000569162597700118
1.74024671875E-07, -0.000991997556819668
1.74026625E-07, 0.000411481615478161
1.74028578125E-07, -0.000405800602733377
1.7403053125E-07, -0.0006007144465126
1.74032484375E-07, 0.000359155657541711
1.740344375E-07, 0.000768132793706009
1.74036390625E-07, 0.0023393176799872
1.7403834375E-07, 0.00148669908418996
1.74040296875E-07, 0.000952408375313525
1.7404225E-07, 0.00243751956009048
1.74044203125E-07, 0.00360622278288746
1.7404615625E-07, 0.00315159660521812
1.74048109375E-07, 0.00327163936313732
1.740500625E-07, 0.00346196153063063
1.74052015625E-07, 0.00374101215248911
1.7405396875E-07, 0.0068023251137237
1.74055921875E-07, 0.00503645759760927
1.74057875E-07, 0.00574354888041845
1.74059828125E-07, 0.00429451473805268
1.7406178125E-07, 0.00668586969433227
1.74063734375E-07, 0.00646079228450853
1.740656875E-07, 0.00588152738481122
1.74067640625E-07, 0.00558823245495256
1.7406959375E-07, 0.00857825780706907
1.74071546875E-07, 0.00932091582278211
1.740735E-07, 0.00968571267670162
1.74075453125E-07, 0.0104894714089053
1.7407740625E-07, 0.00923481060315919
1.74079359375E-07, 0.011005578762202
1.740813125E-07, 0.0118524972830691
1.74083265625E-07, 0.0120377879988539
1.7408521875E-07, 0.0109287058120103
1.74087171875E-07, 0.011412034972152
1.74089125E-07, 0.0143915264953475
1.74091078125E-07, 0.0132829202847058
1.7409303125E-07, 0.0116357289802602
1.74094984375E-07, 0.0146419309188962
1.740969375E-07, 0.0138988079188643
1.74098890625E-07, 0.0155065546898039
1.7410084375E-07, 0.0157052864990401
1.74102796875E-07, 0.0158003186444496
1.7410475E-07, 0.0172503634698759
1.74106703125E-07, 0.0175844585602234
1.7410865625E-07, 0.0167831965898744
1.74110609375E-07, 0.016999913771389
1.741125625E-07, 0.0185821246441118
1.74114515625E-07, 0.0199019332372498
1.7411646875E-07, 0.021438694950595
1.74118421875E-07, 0.0226216744806463
1.74120375E-07, 0.0212329200744303
1.74122328125E-07, 0.0216701431873839
1.7412428125E-07, 0.0239817175024414
1.74126234375E-07, 0.022119837647366
1.741281875E-07, 0.0246989418638536
1.74130140625E-07, 0.0223262880297732
1.7413209375E-07, 0.0263422050576443
1.74134046875E-07, 0.025694304870348
1.74136E-07, 0.0249951575053048
1.74137953125E-07, 0.0256021861348566
1.7413990625E-07, 0.0251907639905699
1.74141859375E-07, 0.0265447041909181
1.741438125E-07, 0.0287787898568879
1.74145765625E-07, 0.028003598823429
1.7414771875E-07, 0.0287767990484833
1.74149671875E-07, 0.0284567624606771
1.74151625E-07, 0.0257339613065412
1.74153578125E-07, 0.0303149619960888
1.7415553125E-07, 0.0310077867476263
1.74157484375E-07, 0.0302988704183517
1.741594375E-07, 0.0325469973174026
1.74161390625E-07, 0.0322404030800055
1.7416334375E-07, 0.0326942046207665
1.74165296875E-07, 0.0311678581942716
1.7416725E-07, 0.0322395613432221
1.74169203125E-07, 0.0334742248815489
1.7417115625E-07, 0.0339996895743573
1.74173109375E-07, 0.0339656691817605
1.741750625E-07, 0.0326532012969513
1.74177015625E-07, 0.0315565025906853
1.7417896875E-07, 0.0346321964209756
1.74180921875E-07, 0.0318833235268288
1.74182875E-07, 0.0342793287089221
1.74184828125E-07, 0.0350396746803989
1.7418678125E-07, 0.0323951897971969
1.74188734375E-07, 0.0343865723814251
1.741906875E-07, 0.0333651615711544
1.74192640625E-07, 0.0345790664721496
1.7419459375E-07, 0.0347306358101309
1.74196546875E-07, 0.0339027224853135
1.741985E-07, 0.0297857566064389
1.74200453125E-07, 0.0346679496401079
1.7420240625E-07, 0.033658175495646
1.74204359375E-07, 0.0307105379358986
1.742063125E-07, 0.0334305654938974
1.74208265625E-07, 0.0299270440036777
1.7421021875E-07, 0.0336788551293001
1.74212171875E-07, 0.0312365636686193
1.74214125E-07, 0.0305274743111237
1.74216078125E-07, 0.0303925304948854
1.7421803125E-07, 0.0294519007081541
1.74219984375E-07, 0.0296421377007971
1.742219375E-07, 0.0274694000544604
1.74223890625E-07, 0.0253002612776013
1.7422584375E-07, 0.0267354179102558
1.74227796875E-07, 0.0262628607681592
1.7422975E-07, 0.0203787582834418
1.74231703125E-07, 0.0250753364403288
1.7423365625E-07, 0.0187050594359415
1.74235609375E-07, 0.0244247968028812
1.742375625E-07, 0.0236360216740464
1.74239515625E-07, 0.0191610740433536
1.7424146875E-07, 0.0161181596537117
1.74243421875E-07, 0.0189733853718551
1.74245375E-07, 0.0219249509340582
1.74247328125E-07, 0.0151066797564922
1.7424928125E-07, 0.0134838916375317
1.74251234375E-07, 0.00923628661406929
1.742531875E-07, 0.0154278115160764
1.74255140625E-07, 0.0084442939934449
1.7425709375E-07, 0.0113233731769939
1.74259046875E-07, 0.004597849176956
1.74261E-07, 0.0106218285300172
1.74262953125E-07, 0.00644101185246737
1.7426490625E-07, 0.00690931875674151
1.74266859375E-07, 0.00136782140610114
1.742688125E-07, 0.000184237390772858
1.74270765625E-07, -0.000651657942747643
1.7427271875E-07, -0.00425002377921089
1.74274671875E-07, -0.00806690200505567
1.74276625E-07, -0.00898445644899395
1.74278578125E-07, -0.0148664972001922
1.7428053125E-07, -0.00585145780335446
1.74282484375E-07, -0.00965316998159283
1.742844375E-07, -0.014385078745377
1.74286390625E-07, -0.0132055046549561
1.7428834375E-07, -0.0251205600789682
1.74290296875E-07, -0.0158295288948458
1.7429225E-07, -0.0219770630426567
1.74294203125E-07, -0.0256248604485047
1.7429615625E-07, -0.0203546300303839
1.74298109375E-07, -0.029654582017491
1.743000625E-07, -0.0278410756495601
1.74302015625E-07, -0.0342974745078016
1.7430396875E-07, -0.0412858155347002
1.74305921875E-07, -0.0298457680665159
1.74307875E-07, -0.0397546350354774
1.74309828125E-07, -0.0410119606279092
1.7431178125E-07, -0.0434462850185604
1.74313734375E-07, -0.0470723816218937
1.743156875E-07, -0.0479430419307742
1.74317640625E-07, -0.0504474043336493
1.7431959375E-07, -0.0514472405941981
1.74321546875E-07, -0.0525658023212525
1.743235E-07, -0.0537238260624243
1.74325453125E-07, -0.0582387221867096
1.7432740625E-07, -0.0630847552020929
1.74329359375E-07, -0.0612882850758875
1.743313125E-07, -0.0663573914673405
1.74333265625E-07, -0.0709612631230666
1.7433521875E-07, -0.0753853079880826
1.74337171875E-07, -0.0736636901994248
1.74339125E-07, -0.0768506164337387
1.74341078125E-07, -0.0737896661468691
1.7434303125E-07, -0.0711914757245973
1.74344984375E-07, -0.086650869105062
1.743469375E-07, -0.0886480105236758
1.74348890625E-07, -0.0889863992668256
1.7435084375E-07, -0.090198054377846
1.74352796875E-07, -0.0887368011019154
1.7435475E-07, -0.0957176468415112
1.74356703125E-07, -0.0964627386350731
1.7435865625E-07, -0.101076629947502
1.74360609375E-07, -0.0929888298076071
1.743625625E-07, -0.0960032027512324
1.74364515625E-07, -0.10555242615155
1.7436646875E-07, -0.100304475182438
1.74368421875E-07, -0.109743825224184
1.74370375E-07, -0.0956097316140005
1.74372328125E-07, -0.11015659718317
1.7437428125E-07, -0.112683508249381
1.74376234375E-07, -0.112285335467156
1.743781875E-07, -0.113846801702455
1.74380140625E-07, -0.116398875208877
1.7438209375E-07, -0.118305204905368
1.74384046875E-07, -0.119686028071849
1.74386E-07, -0.119264198779939
1.74387953125E-07, -0.119183849129651
1.7438990625E-07, -0.123250690059836
1.74391859375E-07, -0.120929393157678
1.743938125E-07, -0.120757849294382
1.74395765625E-07, -0.11998704174433
1.7439771875E-07, -0.118025408191506
1.74399671875E-07, -0.123182198343405
1.74401625E-07, -0.124098055053937
1.74403578125E-07, -0.122819335971193
1.7440553125E-07, -0.122372154592293
1.74407484375E-07, -0.114477511748995
1.744094375E-07, -0.118814210668562
1.74411390625E-07, -0.1197880456455
1.7441334375E-07, -0.11665239464757
1.74415296875E-07, -0.118102331236227
1.7441725E-07, -0.114613694928572
1.74419203125E-07, -0.110036125376639
1.7442115625E-07, -0.110423223152484
1.74423109375E-07, -0.116034361273076
1.744250625E-07, -0.104496366081454
1.74427015625E-07, -0.105690452367132
1.7442896875E-07, -0.102933924922717
1.74430921875E-07, -0.109768264062789
1.74432875E-07, -0.103623840736436
1.74434828125E-07, -0.0971795639668873
1.7443678125E-07, -0.095775641424799
1.74438734375E-07, -0.0920747911650869
1.744406875E-07, -0.0934514695771991
1.74442640625E-07, -0.0816572151620683
1.7444459375E-07, -0.0725758565819845
1.74446546875E-07, -0.0851407145407093
1.744485E-07, -0.0809682561904756
1.74450453125E-07, -0.07316320295449
1.7445240625E-07, -0.0686649514823797
1.74454359375E-07, -0.0596276749649694
1.744563125E-07, -0.0649357675141905
1.74458265625E-07, -0.0545465486215747
1.7446021875E-07, -0.0518123288476732
1.74462171875E-07, -0.0454018498617744
1.74464125E-07, -0.0393207783453306
1.74466078125E-07, -0.055614971438759
1.7446803125E-07, -0.0350776885541065
1.74469984375E-07, -0.0340350181119948
1.744719375E-07, -0.0235324549750198
1.74473890625E-07, -0.0226278100321781
1.7447584375E-07, -0.0207281024737756
1.74477796875E-07, -0.0147854609193157
1.7447975E-07, 0.00066361585211834
1.74481703125E-07, -0.00664828175270101
1.7448365625E-07, 0.00191021345062971
1.74485609375E-07, -0.000168183061098549
1.744875625E-07, 0.0124443415237529
1.74489515625E-07, 0.0252107205843832
1.7449146875E-07, 0.00730087055331203
1.74493421875E-07, 0.0124065054622983
1.74495375E-07, 0.0222748679838843
1.74497328125E-07, 0.024595728130261
1.7449928125E-07, 0.0389704278046543
1.74501234375E-07, 0.0295455515590675
1.745031875E-07, 0.0401072914485729
1.74505140625E-07, 0.0358574519827506
1.7450709375E-07, 0.05172944101303
1.74509046875E-07, 0.0566469016722926
1.74511E-07, 0.0482428724050996
1.74512953125E-07, 0.0607127512805427
1.7451490625E-07, 0.0551382931763974
1.74516859375E-07, 0.0645201929022509
1.745188125E-07, 0.0744633033053431
1.74520765625E-07, 0.0662209916661142
1.7452271875E-07, 0.0784842395544542
1.74524671875E-07, 0.0793166193239227
1.74526625E-07, 0.0835064490406474
1.74528578125E-07, 0.0839944928278649
1.7453053125E-07, 0.0814208367320628
1.74532484375E-07, 0.0933277114025175
1.745344375E-07, 0.0925560928176335
1.74536390625E-07, 0.0917574263073371
1.7453834375E-07, 0.0884251488350932
1.74540296875E-07, 0.0926682356411496
1.7454225E-07, 0.0961498382941495
1.74544203125E-07, 0.0944312741751391
1.7454615625E-07, 0.0930967001794791
1.74548109375E-07, 0.0927191992349828
1.745500625E-07, 0.0932302737354673
1.74552015625E-07, 0.0941603677049328
1.7455396875E-07, 0.101561829266143
1.74555921875E-07, 0.0973521404368789
1.74557875E-07, 0.101639685398457
1.74559828125E-07, 0.0972378207114094
1.7456178125E-07, 0.0980917439381371
1.74563734375E-07, 0.0847185133934833
1.745656875E-07, 0.088272088823372
1.74567640625E-07, 0.0942144089254349
1.7456959375E-07, 0.0930000297393114
1.74571546875E-07, 0.0922905459659205
1.745735E-07, 0.0923541903135006
1.74575453125E-07, 0.092413267354799
1.7457740625E-07, 0.0923877817129533
1.74579359375E-07, 0.0919847418502139
1.745813125E-07, 0.087495139598018
1.74583265625E-07, 0.0884744504861903
1.7458521875E-07, 0.0863931723224129
1.74587171875E-07, 0.0825872298563716
1.74589125E-07, 0.0792156638310547
1.74591078125E-07, 0.0849436763048096
1.7459303125E-07, 0.0824042260836297
1.74594984375E-07, 0.0784799630376302
1.745969375E-07, 0.0754575136480934
1.74598890625E-07, 0.0757174373500426
1.7460084375E-07, 0.0739849207283091
1.74602796875E-07, 0.0706581103870011
1.7460475E-07, 0.0612752301173699
1.74606703125E-07, 0.0676602873535907
1.7460865625E-07, 0.0617524673381053
1.74610609375E-07, 0.0666971552732736
1.746125625E-07, 0.0576627115192156
1.74614515625E-07, 0.0587863854828984
1.7461646875E-07, 0.0609313011524838
1.74618421875E-07, 0.0519470050181918
1.74620375E-07, 0.055350709413694
1.74622328125E-07, 0.0518965327642425
1.7462428125E-07, 0.0464453930571309
1.74626234375E-07, 0.0517933594961496
1.746281875E-07, 0.0469866466256903
1.74630140625E-07, 0.0421578926327988
1.7463209375E-07, 0.0362179848555148
1.74634046875E-07, 0.0404232619984769
1.74636E-07, 0.0402337449464861
1.74637953125E-07, 0.0334233112105394
1.7463990625E-07, 0.0328912825133291
1.74641859375E-07, 0.0304779126072016
1.746438125E-07, 0.030718616369041
1.74645765625E-07, 0.0309701331795589
1.7464771875E-07, 0.033612002157251
1.74649671875E-07, 0.0269924495049315
1.74651625E-07, 0.0291484711036992
1.74653578125E-07, 0.0278443755126438
1.7465553125E-07, 0.0246482890963728
1.74657484375E-07, 0.0227376944296234
1.746594375E-07, 0.0253419577748749
1.74661390625E-07, 0.0242271309347715
1.7466334375E-07, 0.0225843554637787
1.74665296875E-07, 0.021302712940924
1.7466725E-07, 0.0213303476481209
1.74669203125E-07, 0.0202114037705469
1.7467115625E-07, 0.026230345533864
1.74673109375E-07, 0.019544644963172
1.746750625E-07, 0.0212366136291335
1.74677015625E-07, 0.0227176913748367
1.7467896875E-07, 0.0185611775145997
1.74680921875E-07, 0.0193111116179567
1.74682875E-07, 0.020334105301312
1.74684828125E-07, 0.0204586752158968
1.7468678125E-07, 0.0211298825179197
1.74688734375E-07, 0.0252266361682183
1.746906875E-07, 0.018654774017509
1.74692640625E-07, 0.0220546913325695
1.7469459375E-07, 0.0209959916799617
1.74696546875E-07, 0.0185535874150089
1.746985E-07, 0.0198104791521106
1.74700453125E-07, 0.0190617933720298
1.7470240625E-07, 0.0192772566146023
1.74704359375E-07, 0.0200778523209279
1.747063125E-07, 0.0209824910981229
1.74708265625E-07, 0.0242294786810274
1.7471021875E-07, 0.0190458782975049
1.74712171875E-07, 0.0198084150409166
1.74714125E-07, 0.0204077640677074
1.74716078125E-07, 0.0177726083954729
1.7471803125E-07, 0.0196568837380192
1.74719984375E-07, 0.0214835276302802
1.747219375E-07, 0.0197476963956006
1.74723890625E-07, 0.0205935931944658
1.7472584375E-07, 0.02005257602765
1.74727796875E-07, 0.0198959427049695
1.7472975E-07, 0.019542940514021
1.74731703125E-07, 0.0188591979574416
1.7473365625E-07, 0.0188875953266285
1.74735609375E-07, 0.0205361200843035
1.747375625E-07, 0.0188220788553206
1.74739515625E-07, 0.0179412096285791
1.7474146875E-07, 0.0189903293883403
1.74743421875E-07, 0.0184897197008244
1.74745375E-07, 0.0173324621113385
1.74747328125E-07, 0.0162841411087667
1.7474928125E-07, 0.0153062805042128
1.74751234375E-07, 0.01755711657744
1.747531875E-07, 0.0173656347075041
1.74755140625E-07, 0.015429880235617
1.7475709375E-07, 0.0147916972218289
1.74759046875E-07, 0.0140450806971316
1.74761E-07, 0.0118287662138062
1.74762953125E-07, 0.0142669637894025
1.7476490625E-07, 0.0120323161478305
1.74766859375E-07, 0.0127624915214337
1.747688125E-07, 0.0118789143290399
1.74770765625E-07, 0.0126640140765729
1.7477271875E-07, 0.0112010456296628
1.74774671875E-07, 0.0074399499820518
1.74776625E-07, 0.0108271729879929
1.74778578125E-07, 0.0109139606904314
1.7478053125E-07, 0.00853472893724142
1.74782484375E-07, 0.00625906353434072
1.747844375E-07, 0.00669906464706694
1.74786390625E-07, 0.00737065252465739
1.7478834375E-07, 0.00527127574897028
1.74790296875E-07, 0.00514494025890628
1.7479225E-07, 0.00261594148129504
1.74794203125E-07, 0.00360927633539603
1.7479615625E-07, 0.00713313954877036
1.74798109375E-07, 0.0023880901676731
1.748000625E-07, 0.00277402038266473
1.74802015625E-07, 0.000394113654726131
1.7480396875E-07, 0.000199539699683325
1.74805921875E-07, 0.00156650993260927
1.74807875E-07, -0.000152422305921472
1.74809828125E-07, -0.00258219656449341
1.7481178125E-07, -0.00176211356021304
1.74813734375E-07, -0.00308941224480155
1.748156875E-07, -0.00301046323864375
1.74817640625E-07, -0.00421429061995737
1.7481959375E-07, -0.00342996619032945
1.74821546875E-07, -0.00216283993530093
1.748235E-07, -0.00548741253810036
1.74825453125E-07, -0.00516844980897581
1.7482740625E-07, -0.00569362615869905
1.74829359375E-07, -0.00622178384230934
1.748313125E-07, -0.00497247989218282
1.74833265625E-07, -0.00565987703705027
1.7483521875E-07, -0.00700351239048957
1.74837171875E-07, -0.00818727843612687
1.74839125E-07, -0.00749602832213954
1.74841078125E-07, -0.00716363392891185
1.7484303125E-07, -0.00803984828745451
1.74844984375E-07, -0.00884551512850068
1.748469375E-07, -0.00841341508407296
1.74848890625E-07, -0.00642888043236448
1.7485084375E-07, -0.00808267654294902
1.74852796875E-07, -0.0082453936073014
1.7485475E-07, -0.008769298267424
1.74856703125E-07, -0.0085449340622863
1.7485865625E-07, -0.00658823078047285
1.74860609375E-07, -0.00733812041125056
1.748625625E-07, -0.00864451605054576
1.74864515625E-07, -0.00836846139647594
1.7486646875E-07, -0.00783624141833717
1.74868421875E-07, -0.00793722428704848
1.74870375E-07, -0.00513519902008091
1.74872328125E-07, -0.00810171543568578
1.7487428125E-07, -0.0072482321365825
1.74876234375E-07, -0.0074803436457873
1.748781875E-07, -0.00759588789431945
1.74880140625E-07, -0.00647144872312157
1.7488209375E-07, -0.0071441769500166
1.74884046875E-07, -0.00598848786668598
1.74886E-07, -0.00669722453148554
1.74887953125E-07, -0.00498846924921442
1.7488990625E-07, -0.00455300300438772
1.74891859375E-07, -0.00530696598380789
1.748938125E-07, -0.00454986186684121
1.74895765625E-07, -0.00531072418028294
1.7489771875E-07, -0.00408481151460306
1.74899671875E-07, -0.00394762206586351
1.74901625E-07, -0.00461671649450573
1.74903578125E-07, -0.00350301972341945
1.7490553125E-07, -0.00372017654573608
1.74907484375E-07, -0.00267027015552882
1.749094375E-07, -0.00257212341297919
1.74911390625E-07, -0.00363587796898899
1.7491334375E-07, -0.00221597441751572
1.74915296875E-07, -0.00208140292416002
1.7491725E-07, -0.00158834998465277
1.74919203125E-07, -0.00219549185859487
1.7492115625E-07, -0.00191457701854796
1.74923109375E-07, -0.000688363747585625
1.749250625E-07, -0.000337235505734676
1.74927015625E-07, -0.000157503708676461
1.7492896875E-07, -3.99648356014698E-05
1.74930921875E-07, -0.000447116048707998
1.74932875E-07, -4.55180686841417E-05
1.74934828125E-07, 0.000596277233379919
1.7493678125E-07, -3.38438066871672E-05
1.74938734375E-07, 0.000612746744071564
1.749406875E-07, 0.000778444156286231
1.74942640625E-07, 0.00056401607865545
1.7494459375E-07, 0.00206888618669448
1.74946546875E-07, 0.000272380009108782
1.749485E-07, 0.000917891030966353
1.74950453125E-07, 0.00157430244126213
1.7495240625E-07, 0.00158133382179981
1.74954359375E-07, 0.00144557894019778
1.749563125E-07, 0.000233939993113445
1.74958265625E-07, 0.00118883162024069
1.7496021875E-07, 0.00150099223953564
1.74962171875E-07, 0.00189690009137614
1.74964125E-07, 0.00167652287105605
1.74966078125E-07, 0.00208111595171844
1.7496803125E-07, 0.00121328686427623
1.74969984375E-07, 0.00165007223187319
1.749719375E-07, -0.000380281808954508
1.74973890625E-07, 0.00144536806529419
1.7497584375E-07, 0.00166496216147216
1.74977796875E-07, 0.0010219776430455
1.7497975E-07, 0.000216958708750253
1.74981703125E-07, 0.00115992532556088
1.7498365625E-07, 0.00114817362598735
1.74985609375E-07, -0.000980129138365124
1.749875625E-07, 0.00101728633691192
1.74989515625E-07, -0.000646362656684915
1.7499146875E-07, -0.000161016655656478
1.74993421875E-07, 0.000837106014631735
1.74995375E-07, 0.000463425418050513
1.74997328125E-07, 0.000443184671411301
1.7499928125E-07, -0.000383896507800859
1.75001234375E-07, -0.000589032649945065
1.750031875E-07, -0.000167774579565252
1.75005140625E-07, -0.00131697662238987
1.7500709375E-07, 0.000433943127611443
1.75009046875E-07, -0.00138583610963354
1.75011E-07, -0.00100876213083602
1.75012953125E-07, -0.00138137553071188
1.7501490625E-07, -0.00208783860460406
1.75016859375E-07, -0.00159629854740338
1.750188125E-07, -0.00199821839205463
1.75020765625E-07, -0.00234349672470126
1.7502271875E-07, -0.0032244116614019
1.75024671875E-07, -0.00336369302569709
1.75026625E-07, -0.00243163613160683
1.75028578125E-07, -0.00397048955851501
1.7503053125E-07, -0.00401142359837524
1.75032484375E-07, -0.00501136095015647
1.750344375E-07, -0.0057629137746473
1.75036390625E-07, -0.00396231779942908
1.7503834375E-07, -0.00522602573204736
1.75040296875E-07, -0.00572938747842446
1.7504225E-07, -0.00637936698096593
1.75044203125E-07, -0.00721821153321273
1.7504615625E-07, -0.0076026449437616
1.75048109375E-07, -0.00889451340779281
1.750500625E-07, -0.00883880847224892
1.75052015625E-07, -0.00830585786703739
1.7505396875E-07, -0.00976308424085552
1.75055921875E-07, -0.0105971708662146
1.75057875E-07, -0.0107995758066715
1.75059828125E-07, -0.0114789344144681
1.7506178125E-07, -0.00958182852217803
1.75063734375E-07, -0.0110532217931241
1.750656875E-07, -0.0122150476990641
1.75067640625E-07, -0.0123203907519664
1.7506959375E-07, -0.0130888023751311
1.75071546875E-07, -0.0113951442704537
1.750735E-07, -0.0147283170515394
1.75075453125E-07, -0.0155189050520551
1.7507740625E-07, -0.0150306669107728
1.75079359375E-07, -0.0156028807829732
1.750813125E-07, -0.0159560401066713
1.75083265625E-07, -0.0165647786064526
1.7508521875E-07, -0.0161432431029055
1.75087171875E-07, -0.0178160821482882
1.75089125E-07, -0.018896606498515
1.75091078125E-07, -0.0182415085471793
1.7509303125E-07, -0.0198530323365128
1.75094984375E-07, -0.0197928721263722
1.750969375E-07, -0.0195612466925225
1.75098890625E-07, -0.0205911003119285
1.7510084375E-07, -0.0211533644123285
1.75102796875E-07, -0.0223583959366369
1.7510475E-07, -0.0234406612526378
1.75106703125E-07, -0.0218981235857655
1.7510865625E-07, -0.0230279541640547
1.75110609375E-07, -0.0237665370392566
1.751125625E-07, -0.0246120044712167
1.75114515625E-07, -0.0254308801723887
1.7511646875E-07, -0.0230899257897308
1.75118421875E-07, -0.0259829727712611
1.75120375E-07, -0.0261896864945987
1.75122328125E-07, -0.0258253832397336
1.7512428125E-07, -0.0282508939147943
1.75126234375E-07, -0.0281826152869499
1.751281875E-07, -0.0282092997610785
1.75130140625E-07, -0.0288072130083023
1.7513209375E-07, -0.0288820428423081
1.75134046875E-07, -0.029396672322132
1.75136E-07, -0.0296938686014315
1.75137953125E-07, -0.0305927748017033
1.7513990625E-07, -0.0311008447085667
1.75141859375E-07, -0.0301633961692533
1.751438125E-07, -0.0306173934258584
1.75145765625E-07, -0.0319087992104795
1.7514771875E-07, -0.0298178443448703
1.75149671875E-07, -0.0326251163866374
1.75151625E-07, -0.0312536047353648
1.75153578125E-07, -0.0321543458067921
1.7515553125E-07, -0.0313941594835037
1.75157484375E-07, -0.0328710489228864
1.751594375E-07, -0.0312879559156876
1.75161390625E-07, -0.0332099928076699
1.7516334375E-07, -0.0333306411373318
1.75165296875E-07, -0.0328532554505352
1.7516725E-07, -0.0333452131160351
1.75169203125E-07, -0.032429455539252
1.7517115625E-07, -0.0330380152384946
1.75173109375E-07, -0.0325035367028747
1.751750625E-07, -0.0319596430287206
1.75177015625E-07, -0.0334536956294367
1.7517896875E-07, -0.0325337735112897
1.75180921875E-07, -0.031892255119841
1.75182875E-07, -0.0324456452068394
1.75184828125E-07, -0.032286648120826
1.7518678125E-07, -0.0316241415836361
1.75188734375E-07, -0.0321862615645551
1.751906875E-07, -0.0308954885836913
1.75192640625E-07, -0.0318777138081492
1.7519459375E-07, -0.0309607576078453
1.75196546875E-07, -0.0309569189944663
1.751985E-07, -0.0312601445775413
1.75200453125E-07, -0.030329271045569
1.7520240625E-07, -0.028799099951654
1.75204359375E-07, -0.0294598066147692
1.752063125E-07, -0.0303737830274385
1.75208265625E-07, -0.0300441097585117
1.7521021875E-07, -0.0293617872866492
1.75212171875E-07, -0.0298162403235546
1.75214125E-07, -0.0292766036046446
1.75216078125E-07, -0.0285739873544928
1.7521803125E-07, -0.0283513007628196
1.75219984375E-07, -0.027516824217386
1.752219375E-07, -0.0294018614505104
1.75223890625E-07, -0.0275840840384096
1.7522584375E-07, -0.0272578748420094
1.75227796875E-07, -0.0274973654125428
1.7522975E-07, -0.0262815176860316
1.75231703125E-07, -0.0263345314439848
1.7523365625E-07, -0.0257759406909234
1.75235609375E-07, -0.0247215850286565
1.752375625E-07, -0.0260801011895202
1.75239515625E-07, -0.0250526362358333
1.7524146875E-07, -0.0258200153205491
1.75243421875E-07, -0.0258364380030386
1.75245375E-07, -0.0232348359114291
1.75247328125E-07, -0.0240541198824422
1.7524928125E-07, -0.0242465001434683
1.75251234375E-07, -0.0227559121040618
1.752531875E-07, -0.0223759329393128
1.75255140625E-07, -0.0219568058433558
1.7525709375E-07, -0.0222577550294012
1.75259046875E-07, -0.0233642421888114
1.75261E-07, -0.0210097487690959
1.75262953125E-07, -0.0190986038122651
1.7526490625E-07, -0.0202885653614158
1.75266859375E-07, -0.0214782861189212
1.752688125E-07, -0.0206005180897063
1.75270765625E-07, -0.0182234948588056
1.7527271875E-07, -0.0196207873402189
1.75274671875E-07, -0.0189995933048578
1.75276625E-07, -0.020063435309371
1.75278578125E-07, -0.0186866916746319
1.7528053125E-07, -0.0169741155855843
1.75282484375E-07, -0.0179716706597695
1.752844375E-07, -0.0163857968698092
1.75286390625E-07, -0.0166361256740379
1.7528834375E-07, -0.0149780821781164
1.75290296875E-07, -0.0150853058143596
1.7529225E-07, -0.0148640296901257
1.75294203125E-07, -0.0144756788330282
1.7529615625E-07, -0.0146894498314824
1.75298109375E-07, -0.0136661253156335
1.753000625E-07, -0.0124905392021187
1.75302015625E-07, -0.0131157156876814
1.7530396875E-07, -0.0117523561798851
1.75305921875E-07, -0.0120978671448438
1.75307875E-07, -0.011512759574812
1.75309828125E-07, -0.0109726058737543
1.7531178125E-07, -0.00954659611913044
1.75313734375E-07, -0.00979756999658171
1.753156875E-07, -0.00929124610428462
1.75317640625E-07, -0.00920266386418543
1.7531959375E-07, -0.00856531608111415
1.75321546875E-07, -0.0106348012937788
1.753235E-07, -0.00815814200654073
1.75325453125E-07, -0.0074110728500779
1.7532740625E-07, -0.00678027856321493
1.75329359375E-07, -0.00756380922082082
1.753313125E-07, -0.00600306974388429
1.75333265625E-07, -0.00575880054028985
1.7533521875E-07, -0.00484344722625675
1.75337171875E-07, -0.00594443214314102
1.75339125E-07, -0.00421404402822018
1.75341078125E-07, -0.00442365698515313
1.7534303125E-07, -0.00299001373501422
1.75344984375E-07, -0.00255983057898829
1.753469375E-07, -0.00387681844581594
1.75348890625E-07, -0.00281700791881779
1.7535084375E-07, -0.00189102055369969
1.75352796875E-07, -0.00198909859429141
1.7535475E-07, -0.00201769095459083
1.75356703125E-07, -0.00341870181726007
1.7535865625E-07, -0.0012712835852897
1.75360609375E-07, -0.000638143488047873
1.753625625E-07, -0.000841762409965281
1.75364515625E-07, -0.000342798846212659
1.7536646875E-07, -0.00193246981821364
1.75368421875E-07, 0.000677822677561153
1.75370375E-07, 0.00116986537149227
1.75372328125E-07, 0.000252507922414989
1.7537428125E-07, 0.00230184516897862
1.75376234375E-07, 0.000367358565574434
1.753781875E-07, 0.00125280002502403
1.75380140625E-07, 0.00251307012398435
1.7538209375E-07, 0.00138014384042191
1.75384046875E-07, 0.00273709947753656
1.75386E-07, 0.00186164484925372
1.75387953125E-07, 0.00292172358887549
1.7538990625E-07, 0.00266890504513657
1.75391859375E-07, 0.00236059764453326
1.753938125E-07, 0.00323056506530656
1.75395765625E-07, 0.00428428700701653
1.7539771875E-07, 0.00373080578441027
1.75399671875E-07, 0.00412921528061574
1.75401625E-07, 0.00372665121596538
1.75403578125E-07, 0.003892993957714
1.7540553125E-07, 0.0034980473227252
1.75407484375E-07, 0.00436967396165731
1.754094375E-07, 0.0042620864132171
1.75411390625E-07, 0.00361158409009487
1.7541334375E-07, 0.00437906238166396
1.75415296875E-07, 0.00506028407805187
1.7541725E-07, 0.00509358043069786
1.75419203125E-07, 0.00493043028571727
1.7542115625E-07, 0.00665006709265582
1.75423109375E-07, 0.00468265610532786
1.754250625E-07, 0.00656271116066121
1.75427015625E-07, 0.0056620211204543
1.7542896875E-07, 0.00624345004724212
1.75430921875E-07, 0.00660470225174103
1.75432875E-07, 0.00623296495254046
1.75434828125E-07, 0.00712828915442555
1.7543678125E-07, 0.00662106433268701
1.75438734375E-07, 0.0065609640892999
1.754406875E-07, 0.00758393152487856
1.75442640625E-07, 0.00792105560091829
1.7544459375E-07, 0.00757438248062427
1.75446546875E-07, 0.00683652469207612
1.754485E-07, 0.00781673823497497
1.75450453125E-07, 0.00837764118336171
1.7545240625E-07, 0.0083328985661634
1.75454359375E-07, 0.00868272362763603
1.754563125E-07, 0.00775697510050469
1.75458265625E-07, 0.00927551676302714
1.7546021875E-07, 0.00920722060184167
1.75462171875E-07, 0.00837054581723543
1.75464125E-07, 0.00940476031841151
1.75466078125E-07, 0.0103773013657504
1.7546803125E-07, 0.0101900150931974
1.75469984375E-07, 0.00991241817561302
1.754719375E-07, 0.00920255054116031
1.75473890625E-07, 0.0104208502906851
1.7547584375E-07, 0.0111021965038045
1.75477796875E-07, 0.0115239714141373
1.7547975E-07, 0.0113431085961095
1.75481703125E-07, 0.0109369286786574
1.7548365625E-07, 0.012372845390577
1.75485609375E-07, 0.0122546185037155
1.754875625E-07, 0.0128267829271031
1.75489515625E-07, 0.012586632735685
1.7549146875E-07, 0.0131803629951885
1.75493421875E-07, 0.0130396266626528
1.75495375E-07, 0.0137910184100269
1.75497328125E-07, 0.0130151034080638
1.7549928125E-07, 0.0125877707481439
1.75501234375E-07, 0.0125187459521891
1.755031875E-07, 0.0142794849313984
1.75505140625E-07, 0.0143131005438561
1.7550709375E-07, 0.0137752368605347
1.75509046875E-07, 0.0144008779072457
1.75511E-07, 0.014582119490672
1.75512953125E-07, 0.0144885415751684
1.7551490625E-07, 0.0144193935356571
1.75516859375E-07, 0.0144670156611592
1.755188125E-07, 0.0146519435753162
1.75520765625E-07, 0.014905351981676
1.7552271875E-07, 0.0148622156597596
1.75524671875E-07, 0.0146391216623946
1.75526625E-07, 0.0149411967092422
1.75528578125E-07, 0.0146218308194562
1.7553053125E-07, 0.0152137719513611
1.75532484375E-07, 0.0151692283591025
1.755344375E-07, 0.0146430824342462
1.75536390625E-07, 0.0146951280620016
1.7553834375E-07, 0.0146199015806863
1.75540296875E-07, 0.013807186871091
1.7554225E-07, 0.0146741610591296
1.75544203125E-07, 0.0139702617575047
1.7554615625E-07, 0.0148581025105019
1.75548109375E-07, 0.0141986313201928
1.755500625E-07, 0.0138622103066831
1.75552015625E-07, 0.0139383206952002
1.7555396875E-07, 0.0141191834109791
1.75555921875E-07, 0.013098417952512
1.75557875E-07, 0.0132089230436919
1.75559828125E-07, 0.012844739889656
1.7556178125E-07, 0.0135056048790697
1.75563734375E-07, 0.0130282572168593
1.755656875E-07, 0.0127180728372586
1.75567640625E-07, 0.0121422276172864
1.7556959375E-07, 0.0120747436882475
1.75571546875E-07, 0.0123315000863787
1.755735E-07, 0.0120475821780506
1.75575453125E-07, 0.0106095208734158
1.7557740625E-07, 0.0111823622665203
1.75579359375E-07, 0.0112509589511941
1.755813125E-07, 0.0102943644531495
1.75583265625E-07, 0.00924903646931428
1.7558521875E-07, 0.00932388911342033
1.75587171875E-07, 0.0100843990351758
1.75589125E-07, 0.00938408240715613
1.75591078125E-07, 0.0087453298387429
1.7559303125E-07, 0.00891784842506002
1.75594984375E-07, 0.00737057052739102
1.755969375E-07, 0.00886473031331494
1.75598890625E-07, 0.008107952305397
1.7560084375E-07, 0.00737429942031494
1.75602796875E-07, 0.00808727862184783
1.7560475E-07, 0.00752364951372588
1.75606703125E-07, 0.00704027984417543
1.7560865625E-07, 0.00719820026455539
1.75610609375E-07, 0.00624646109252359
1.756125625E-07, 0.00674380721033739
1.75614515625E-07, 0.00666051422039036
1.7561646875E-07, 0.00604412341659704
1.75618421875E-07, 0.00566890327820745
1.75620375E-07, 0.00582944483309531
1.75622328125E-07, 0.00552207300454334
1.7562428125E-07, 0.00456406608596888
1.75626234375E-07, 0.00522660372507161
1.756281875E-07, 0.00504247810723798
1.75630140625E-07, 0.00530849984596042
1.7563209375E-07, 0.00574028503382397
1.75634046875E-07, 0.00457461152353626
1.75636E-07, 0.0056347648381728
1.75637953125E-07, 0.00435576861785015
1.7563990625E-07, 0.00388713650120485
1.75641859375E-07, 0.00401602856127247
1.756438125E-07, 0.00404732352145839
1.75645765625E-07, 0.00382055615629774
1.7564771875E-07, 0.00391899629968389
1.75649671875E-07, 0.00419845312953543
1.75651625E-07, 0.00382414731816394
1.75653578125E-07, 0.00366120959274756
1.7565553125E-07, 0.003710699686183
1.75657484375E-07, 0.0042432838757382
1.756594375E-07, 0.00405891653130822
1.75661390625E-07, 0.00386657648222958
1.7566334375E-07, 0.00421098337017751
1.75665296875E-07, 0.00394566681763978
1.7566725E-07, 0.00406746334681895
1.75669203125E-07, 0.00410255941022075
1.7567115625E-07, 0.00444086982761868
1.75673109375E-07, 0.00429292862904799
1.756750625E-07, 0.00492347952588436
1.75677015625E-07, 0.00461627381802352
1.7567896875E-07, 0.00399980363053537
1.75680921875E-07, 0.00486079239552876
1.75682875E-07, 0.00481478860168174
1.75684828125E-07, 0.00496183490826814
1.7568678125E-07, 0.0054707993763884
1.75688734375E-07, 0.00475942601770223
1.756906875E-07, 0.00514838279964528
1.75692640625E-07, 0.00549426674305468
1.7569459375E-07, 0.00582483117838041
1.75696546875E-07, 0.00568478756576879
1.756985E-07, 0.00580003470588171
1.75700453125E-07, 0.00588924883648033
1.7570240625E-07, 0.00561620189612624
1.75704359375E-07, 0.00645120040793662
1.757063125E-07, 0.00634015129555493
1.75708265625E-07, 0.00617404223289754
1.7571021875E-07, 0.00676073156729508
1.75712171875E-07, 0.00637891358581445
1.75714125E-07, 0.00717752350955524
1.75716078125E-07, 0.00712506887682076
1.7571803125E-07, 0.00712438176142291
1.75719984375E-07, 0.00755450286715086
1.757219375E-07, 0.0071414534640499
1.75723890625E-07, 0.00777995422163718
1.7572584375E-07, 0.00806061727818759
1.75727796875E-07, 0.00852879579424227
1.7572975E-07, 0.00751050994372358
1.75731703125E-07, 0.00803623465314569
1.7573365625E-07, 0.0071233021097323
1.75735609375E-07, 0.00792067270643805
1.757375625E-07, 0.00826706443553098
1.75739515625E-07, 0.00830380139759022
1.7574146875E-07, 0.00856069809447286
1.75743421875E-07, 0.00896306195878687
1.75745375E-07, 0.00905238414849788
1.75747328125E-07, 0.0086423404462359
1.7574928125E-07, 0.00903852169693768
1.75751234375E-07, 0.00917159642701227
1.757531875E-07, 0.00903348312892467
1.75755140625E-07, 0.00920716023779067
1.7575709375E-07, 0.00913632763255405
1.75759046875E-07, 0.00938842730298695
1.75761E-07, 0.00960126607661747
1.75762953125E-07, 0.00920608972990077
1.7576490625E-07, 0.00953550409872105
1.75766859375E-07, 0.0100232109861796
1.757688125E-07, 0.00954909445564667
1.75770765625E-07, 0.00956850307683335
1.7577271875E-07, 0.00938802574349686
1.75774671875E-07, 0.00975136114992425
1.75776625E-07, 0.0102899917930652
1.75778578125E-07, 0.0101768888530461
1.7578053125E-07, 0.010687217601027
1.75782484375E-07, 0.01047224094246
1.757844375E-07, 0.0107430514905061
1.75786390625E-07, 0.0108653659840437
1.7578834375E-07, 0.0106272850328521
1.75790296875E-07, 0.0108341632249839
1.7579225E-07, 0.0108886020796175
1.75794203125E-07, 0.0110364634242318
1.7579615625E-07, 0.0109261215411019
1.75798109375E-07, 0.0112897444024669
1.758000625E-07, 0.0111724667575256
1.75802015625E-07, 0.0106493072314514
1.7580396875E-07, 0.0110331313557671
1.75805921875E-07, 0.0114669379765241
1.75807875E-07, 0.0114814265330923
1.75809828125E-07, 0.0116800262382683
1.7581178125E-07, 0.0111842857029486
1.75813734375E-07, 0.0112723190866332
1.758156875E-07, 0.0123061210352931
1.75817640625E-07, 0.0115518098619392
1.7581959375E-07, 0.0116858759608079
1.75821546875E-07, 0.0120319384241533
1.758235E-07, 0.0116917427577066
1.75825453125E-07, 0.0118284535830753
1.7582740625E-07, 0.0117212345107456
1.75829359375E-07, 0.0122817151199693
1.758313125E-07, 0.0120381517223819
1.75833265625E-07, 0.0119536154705103
1.7583521875E-07, 0.0106876224302708
1.75837171875E-07, 0.0122739956774521
1.75839125E-07, 0.0122796624112326
1.75841078125E-07, 0.0119943175903902
1.7584303125E-07, 0.0126627422898933
1.75844984375E-07, 0.0119438554211271
1.758469375E-07, 0.0128072609758252
1.75848890625E-07, 0.0126050000285481
1.7585084375E-07, 0.0124160761648429
1.75852796875E-07, 0.0130836268804751
1.7585475E-07, 0.0129134343066948
1.75856703125E-07, 0.0129255637349703
1.7585865625E-07, 0.012873444836772
1.75860609375E-07, 0.0130247487908188
1.758625625E-07, 0.0129580223027061
1.75864515625E-07, 0.0128395133707901
1.7586646875E-07, 0.0129663112099399
1.75868421875E-07, 0.013169487024451
1.75870375E-07, 0.0130621719493756
1.75872328125E-07, 0.0131326237144808
1.7587428125E-07, 0.013306798026719
1.75876234375E-07, 0.0131924945261891
1.758781875E-07, 0.0129234850083466
1.75880140625E-07, 0.0130748030258982
1.7588209375E-07, 0.0128783278633445
1.75884046875E-07, 0.0132195946569697
1.75886E-07, 0.0130599852473786
1.75887953125E-07, 0.0133192400364475
1.7588990625E-07, 0.0130711396921055
1.75891859375E-07, 0.0129825025881013
1.758938125E-07, 0.0128933509827484
1.75895765625E-07, 0.0127618249708927
1.7589771875E-07, 0.0129483791558176
1.75899671875E-07, 0.0126400977965151
1.75901625E-07, 0.0122060336569096
1.75903578125E-07, 0.0132083869370299
1.7590553125E-07, 0.0124165558072744
1.75907484375E-07, 0.0126286491408111
1.759094375E-07, 0.012433090192348
1.75911390625E-07, 0.0122919781315852
1.7591334375E-07, 0.0122821258361538
1.75915296875E-07, 0.012309526475051
1.7591725E-07, 0.0121573627597867
1.75919203125E-07, 0.0120345092283823
1.7592115625E-07, 0.011444197134744
1.75923109375E-07, 0.0112345263406849
1.759250625E-07, 0.0117379976633697
1.75927015625E-07, 0.0111221231572326
1.7592896875E-07, 0.0102028835285662
1.75930921875E-07, 0.00991074482232504
1.75932875E-07, 0.0101562752405177
1.75934828125E-07, 0.0105626105099576
1.7593678125E-07, 0.00957180358083403
1.75938734375E-07, 0.00974634392650007
1.759406875E-07, 0.00766927672688901
1.75942640625E-07, 0.00963267769675801
1.7594459375E-07, 0.0100919901888146
1.75946546875E-07, 0.00881594024743405
1.759485E-07, 0.00827015341692831
1.75950453125E-07, 0.0085964737811161
1.7595240625E-07, 0.00960725240804302
1.75954359375E-07, 0.00726590168116225
1.759563125E-07, 0.00535114195373477
1.75958265625E-07, 0.00624433854298126
1.7596021875E-07, 0.00612852438974414
1.75962171875E-07, 0.00652804745261367
1.75964125E-07, 0.00597264770612802
1.75966078125E-07, 0.00508735951282124
1.7596803125E-07, 0.00471257442005327
1.75969984375E-07, 0.00512804471868489
1.759719375E-07, 0.00474339367481893
1.75973890625E-07, 0.00412684558648899
1.7597584375E-07, 0.00216422224990076
1.75977796875E-07, 0.00166850038656235
1.7597975E-07, 0.00293322364551986
1.75981703125E-07, 0.00303372009995561
1.7598365625E-07, 0.00177005687297639
1.75985609375E-07, 0.000212441880791604
1.759875625E-07, 0.00135354623030737
1.75989515625E-07, 0.000188080534146038
1.7599146875E-07, -0.00120419537583597
1.75993421875E-07, -0.000479410818005766
1.75995375E-07, -0.000873452440338427
1.75997328125E-07, -0.000375061935534455
1.7599928125E-07, -0.00197426804220818
1.76001234375E-07, -0.00375612212297404
1.760031875E-07, -0.001729409507988
1.76005140625E-07, -0.00206705370348364
1.7600709375E-07, -0.00226763105422572
1.76009046875E-07, -0.00389513255798292
1.76011E-07, -0.0046228310873042
1.76012953125E-07, -0.00606815632341575
1.7601490625E-07, -0.0044612330527588
1.76016859375E-07, -0.0048406410597653
1.760188125E-07, -0.00510844372774324
1.76020765625E-07, -0.00703346926046388
1.7602271875E-07, -0.00674657296720919
1.76024671875E-07, -0.00700381239280814
1.76026625E-07, -0.00725727739708941
1.76028578125E-07, -0.00876786507241449
1.7603053125E-07, -0.00923921498438819
1.76032484375E-07, -0.00838945083629886
1.760344375E-07, -0.00976808974088654
1.76036390625E-07, -0.0110322567088708
1.7603834375E-07, -0.0101366966281711
1.76040296875E-07, -0.0114538705597148
1.7604225E-07, -0.0102637457945864
1.76044203125E-07, -0.0111523358516388
1.7604615625E-07, -0.01255609073407
1.76048109375E-07, -0.0130570174206478
1.760500625E-07, -0.0120776788845004
1.76052015625E-07, -0.0124726906480215
1.7605396875E-07, -0.0137235088054737
1.76055921875E-07, -0.0129008742695511
1.76057875E-07, -0.0128020426122352
1.76059828125E-07, -0.0141713164579837
1.7606178125E-07, -0.0149254401434155
1.76063734375E-07, -0.0141287800157425
1.760656875E-07, -0.015936390136704
1.76067640625E-07, -0.0155026136231509
1.7606959375E-07, -0.0163378103966744
1.76071546875E-07, -0.0157099953050079
1.760735E-07, -0.015673697284378
1.76075453125E-07, -0.0152081265964759
1.7607740625E-07, -0.0157180844398791
1.76079359375E-07, -0.016202757275685
1.760813125E-07, -0.0166002412570557
1.76083265625E-07, -0.0168219778494597
1.7608521875E-07, -0.0160283525667338
1.76087171875E-07, -0.0157603791843148
1.76089125E-07, -0.016694631290425
1.76091078125E-07, -0.0167716091544495
1.7609303125E-07, -0.0170379488731067
1.76094984375E-07, -0.0160073938209587
1.760969375E-07, -0.0154024565923415
1.76098890625E-07, -0.0154440466349135
1.7610084375E-07, -0.0156467101432764
1.76102796875E-07, -0.0162324561922388
1.7610475E-07, -0.0159566690849892
1.76106703125E-07, -0.0156313497110137
1.7610865625E-07, -0.0152846868556087
1.76110609375E-07, -0.0153672444310762
1.761125625E-07, -0.015111437135851
1.76114515625E-07, -0.0148061825875672
1.7611646875E-07, -0.014479187977479
1.76118421875E-07, -0.014175748359683
1.76120375E-07, -0.0133467169060492
1.76122328125E-07, -0.0143173444556212
1.7612428125E-07, -0.0127359500414409
1.76126234375E-07, -0.012905659543634
1.761281875E-07, -0.0123204424867058
1.76130140625E-07, -0.0124608881012293
1.7613209375E-07, -0.0126768940071597
1.76134046875E-07, -0.0121436153928998
1.76136E-07, -0.0109922766615796
1.76137953125E-07, -0.0119326286130629
1.7613990625E-07, -0.0113089517880335
1.76141859375E-07, -0.0110259670447709
1.761438125E-07, -0.0102046119570781
1.76145765625E-07, -0.0103180602566684
1.7614771875E-07, -0.0107586535929032
1.76149671875E-07, -0.00899868790896621
1.76151625E-07, -0.008846234183462
1.76153578125E-07, -0.00908972032221529
1.7615553125E-07, -0.0088196933697763
1.76157484375E-07, -0.00913337706915021
1.761594375E-07, -0.0078059520929931
1.76161390625E-07, -0.00715321499092469
1.7616334375E-07, -0.00753872435915951
1.76165296875E-07, -0.00697244586312856
1.7616725E-07, -0.00812909085473927
1.76169203125E-07, -0.00695384866196969
1.7617115625E-07, -0.0060615620297977
1.76173109375E-07, -0.0062094998324864
1.761750625E-07, -0.00570224911501233
1.76177015625E-07, -0.00613734915598894
1.7617896875E-07, -0.00632514382932752
1.76180921875E-07, -0.00586293258894676
1.76182875E-07, -0.00579352515923355
1.76184828125E-07, -0.00620479997937785
1.7618678125E-07, -0.00515021473153005
1.76188734375E-07, -0.00556987637452634
1.761906875E-07, -0.00541053892313463
1.76192640625E-07, -0.00533316410106627
1.7619459375E-07, -0.00490175739803559
1.76196546875E-07, -0.00546256086101621
1.761985E-07, -0.00555587323760112
1.76200453125E-07, -0.00572495618689575
1.7620240625E-07, -0.00601808956458236
1.76204359375E-07, -0.00597419923908912
1.762063125E-07, -0.00717533642936966
1.76208265625E-07, -0.00599488705924245
1.7621021875E-07, -0.00575973874673506
1.76212171875E-07, -0.0057519379090706
1.76214125E-07, -0.00626060699485067
1.76216078125E-07, -0.00596929377555487
1.7621803125E-07, -0.00618715273022702
1.76219984375E-07, -0.00636575069304951
1.762219375E-07, -0.00631566965171034
1.76223890625E-07, -0.00631082299815815
1.7622584375E-07, -0.00698834339471558
1.76227796875E-07, -0.00698268649076792
1.7622975E-07, -0.00719577017521079
1.76231703125E-07, -0.00804526195243452
1.7623365625E-07, -0.00778995745374869
1.76235609375E-07, -0.00731511788240189
1.762375625E-07, -0.00698606798701708
1.76239515625E-07, -0.00724925297943856
1.7624146875E-07, -0.00860698084851554
1.76243421875E-07, -0.00816349416935024
1.76245375E-07, -0.00857493212560681
1.76247328125E-07, -0.00876777372408041
1.7624928125E-07, -0.00841602193608288
1.76251234375E-07, -0.00919040119044348
1.762531875E-07, -0.00889031816254446
1.76255140625E-07, -0.00923312164842757
1.7625709375E-07, -0.00958821181152209
1.76259046875E-07, -0.00992485700085582
1.76261E-07, -0.00969110221800478
1.76262953125E-07, -0.0101759001743361
1.7626490625E-07, -0.00972158161773315
1.76266859375E-07, -0.0100154284673644
1.762688125E-07, -0.0101814700612655
1.76270765625E-07, -0.00970667049583227
1.7627271875E-07, -0.0100401320603946
1.76274671875E-07, -0.00990898490580863
1.76276625E-07, -0.0101981692041244
1.76278578125E-07, -0.0104773845817449
1.7628053125E-07, -0.0102637781155806
1.76282484375E-07, -0.0098674800168018
1.762844375E-07, -0.0103085995540794
1.76286390625E-07, -0.00979504493199981
1.7628834375E-07, -0.010366349633573
1.76290296875E-07, -0.0101445524993023
1.7629225E-07, -0.0100910650583729
1.76294203125E-07, -0.0103382242901731
1.7629615625E-07, -0.0102059687840866
1.76298109375E-07, -0.0102506342044244
1.763000625E-07, -0.0100838394311673
1.76302015625E-07, -0.00898400205350227
1.7630396875E-07, -0.00988104175346159
1.76305921875E-07, -0.00984995887208895
1.76307875E-07, -0.00948479146929531
1.76309828125E-07, -0.00978339766909766
1.7631178125E-07, -0.00928255954294278
1.76313734375E-07, -0.00939359029205998
1.763156875E-07, -0.00935817751541604
1.76317640625E-07, -0.00948302889368837
1.7631959375E-07, -0.00899545971040728
1.76321546875E-07, -0.00876817417001661
1.763235E-07, -0.00855899211957793
1.76325453125E-07, -0.00873254934845435
1.7632740625E-07, -0.0088900843829227
1.76329359375E-07, -0.00838834119874818
1.763313125E-07, -0.00695658760079284
1.76333265625E-07, -0.00796338757280129
1.7633521875E-07, -0.00759137264595407
1.76337171875E-07, -0.00823510960163329
1.76339125E-07, -0.00697781254424227
1.76341078125E-07, -0.00725625373216799
1.7634303125E-07, -0.00728180437775822
1.76344984375E-07, -0.00686062798216064
1.763469375E-07, -0.00686366295883607
1.76348890625E-07, -0.00686970066485262
1.7635084375E-07, -0.00583678931167256
1.76352796875E-07, -0.0062445978448437
1.7635475E-07, -0.00627028439989881
1.76356703125E-07, -0.00573849371626876
1.7635865625E-07, -0.00556931160880185
1.76360609375E-07, -0.00555113352052162
1.763625625E-07, -0.00541640459263141
1.76364515625E-07, -0.00553559568077755
1.7636646875E-07, -0.00491722602188965
1.76368421875E-07, -0.00531832295764443
1.76370375E-07, -0.00562564374703281
1.76372328125E-07, -0.00522942769411717
1.7637428125E-07, -0.00482977348026373
1.76376234375E-07, -0.00485961688990325
1.763781875E-07, -0.00480107524719182
1.76380140625E-07, -0.00478032522970488
1.7638209375E-07, -0.00482479071491427
1.76384046875E-07, -0.00470618441290341
1.76386E-07, -0.00436177493866343
1.76387953125E-07, -0.00447282959966165
1.7638990625E-07, -0.00385767233481349
1.76391859375E-07, -0.00418862779304789
1.763938125E-07, -0.00382981678542682
1.76395765625E-07, -0.00397579642532795
1.7639771875E-07, -0.00437772861848741
1.76399671875E-07, -0.00386162542330336
1.76401625E-07, -0.00429709116264608
1.76403578125E-07, -0.00352054588097999
1.7640553125E-07, -0.00394225310243953
1.76407484375E-07, -0.00363030023312005
1.764094375E-07, -0.0039640123528952
1.76411390625E-07, -0.00416353915353019
1.7641334375E-07, -0.00417466653724082
1.76415296875E-07, -0.00439057737855174
1.7641725E-07, -0.00361027437978221
1.76419203125E-07, -0.00391798604854994
1.7642115625E-07, -0.00367993148571299
1.76423109375E-07, -0.00390745581929135
1.764250625E-07, -0.00348370651572685
1.76427015625E-07, -0.00365754331180798
1.7642896875E-07, -0.00379196192202247
1.76430921875E-07, -0.00362324861628056
1.76432875E-07, -0.00366606115973934
1.76434828125E-07, -0.00430395537541067
1.7643678125E-07, -0.00390319167547894
1.76438734375E-07, -0.00369601648379018
1.764406875E-07, -0.00399236729558187
1.76442640625E-07, -0.0038354339378069
1.7644459375E-07, -0.00375536610969028
1.76446546875E-07, -0.00437020923762915
1.764485E-07, -0.0036650278766351
1.76450453125E-07, -0.00393748008276651
1.7645240625E-07, -0.00374913565539489
1.76454359375E-07, -0.00430374837321618
1.764563125E-07, -0.00376055814284586
1.76458265625E-07, -0.00419649803657053
1.7646021875E-07, -0.00396192757031183
1.76462171875E-07, -0.00367966084293331
1.76464125E-07, -0.00373530584154895
1.76466078125E-07, -0.00377697826108009
1.7646803125E-07, -0.00376735649062703
1.76469984375E-07, -0.00330271970224538
1.764719375E-07, -0.0035437273865012
1.76473890625E-07, -0.00355983160077583
1.7647584375E-07, -0.00353976202866171
1.76477796875E-07, -0.00366464838502938
1.7647975E-07, -0.00374581956881429
1.76481703125E-07, -0.00387573466520874
1.7648365625E-07, -0.00436283534337811
1.76485609375E-07, -0.00375522646536385
1.764875625E-07, -0.00325462307680666
1.76489515625E-07, -0.00352524802406515
1.7649146875E-07, -0.00336034724390498
1.76493421875E-07, -0.0036924066019425
1.76495375E-07, -0.00363316565197813
1.76497328125E-07, -0.00375746327238054
1.7649928125E-07, -0.0033173798824214
1.76501234375E-07, -0.00318457455933043
1.765031875E-07, -0.00340242386615029
1.76505140625E-07, -0.00316076621348325
1.7650709375E-07, -0.00325723496939826
1.76509046875E-07, -0.00323241882419769
1.76511E-07, -0.00325646341854208
1.76512953125E-07, -0.00343226115740818
1.7651490625E-07, -0.00343101353123103
1.76516859375E-07, -0.00313081806559193
1.765188125E-07, -0.00318686464590475
1.76520765625E-07, -0.00376853153813907
1.7652271875E-07, -0.00300140408526583
1.76524671875E-07, -0.00324726284766359
1.76526625E-07, -0.0031354389377468
1.76528578125E-07, -0.00340855250045315
1.7653053125E-07, -0.00282332490564984
1.76532484375E-07, -0.00270819724183058
1.765344375E-07, -0.00287633941052444
1.76536390625E-07, -0.00298752351986182
1.7653834375E-07, -0.00285945485639017
1.76540296875E-07, -0.00315615300899579
1.7654225E-07, -0.0028598322732277
1.76544203125E-07, -0.00298647659878069
1.7654615625E-07, -0.00256926223199566
1.76548109375E-07, -0.00292751807707139
1.765500625E-07, -0.00295102502641675
1.76552015625E-07, -0.00280373005029279
1.7655396875E-07, -0.00264723115546317
1.76555921875E-07, -0.00292593595159357
1.76557875E-07, -0.00266757022620004
1.76559828125E-07, -0.00304984652382709
1.7656178125E-07, -0.00262374338545813
1.76563734375E-07, -0.00269770111918228
1.765656875E-07, -0.00287367821110125
1.76567640625E-07, -0.00258776103177226
1.7656959375E-07, -0.003154825998412
1.76571546875E-07, -0.0031240505882502
1.765735E-07, -0.00241641678216473
1.76575453125E-07, -0.00309898972979349
1.7657740625E-07, -0.00289078375991542
1.76579359375E-07, -0.0026547367441251
1.765813125E-07, -0.00301979164130725
1.76583265625E-07, -0.00293126503015545
1.7658521875E-07, -0.00309336373766217
1.76587171875E-07, -0.00323590194258901
1.76589125E-07, -0.00297150683384689
1.76591078125E-07, -0.00354438217319296
1.7659303125E-07, -0.00308438849385534
1.76594984375E-07, -0.00291058698420552
1.765969375E-07, -0.00320673871028846
1.76598890625E-07, -0.00298764861125087
1.7660084375E-07, -0.00286749363616623
1.76602796875E-07, -0.0030910778834815
1.7660475E-07, -0.00306896449171596
1.76606703125E-07, -0.00316569173542097
1.7660865625E-07, -0.00311242287571436
1.76610609375E-07, -0.00309353384045617
1.766125625E-07, -0.00314332602820578
1.76614515625E-07, -0.00303319543021963
1.7661646875E-07, -0.00295590392383964
1.76618421875E-07, -0.00313158513320482
1.76620375E-07, -0.00291249480590346
1.76622328125E-07, -0.00290417137346066
1.7662428125E-07, -0.00287430186399282
1.76626234375E-07, -0.00255150987029087
1.766281875E-07, -0.00284375962202229
1.76630140625E-07, -0.00273528803237629
1.7663209375E-07, -0.00267538759475268
1.76634046875E-07, -0.00319760719372963
1.76636E-07, -0.0030741467805023
1.76637953125E-07, -0.00202799297442794
1.7663990625E-07, -0.00274140877444027
1.76641859375E-07, -0.00251085344829041
1.766438125E-07, -0.00252472337903039
1.76645765625E-07, -0.00294043729834062
1.7664771875E-07, -0.00264285016363231
1.76649671875E-07, -0.00279404365913158
1.76651625E-07, -0.00233995496402114
1.76653578125E-07, -0.00244955282724732
1.7665553125E-07, -0.00234228943266665
1.76657484375E-07, -0.00247969421937625
1.766594375E-07, -0.00241047916979216
1.76661390625E-07, -0.00226708978939685
1.7666334375E-07, -0.00280737642108865
1.76665296875E-07, -0.00217860134938105
1.7666725E-07, -0.00197903284377147
1.76669203125E-07, -0.00206172180292126
1.7667115625E-07, -0.00167123356106285
1.76673109375E-07, -0.00188133684143914
1.766750625E-07, -0.00179690565498928
1.76677015625E-07, -0.0015823895207972
1.7667896875E-07, -0.00206086140878908
1.76680921875E-07, -0.00188420099244152
1.76682875E-07, -0.00139866334703803
1.76684828125E-07, -0.00124983950841133
1.7668678125E-07, -0.00167454206421988
1.76688734375E-07, -0.00173741779153387
1.766906875E-07, -0.00133851949485613
1.76692640625E-07, -0.00163301642782424
1.7669459375E-07, -0.00172827777792221
1.76696546875E-07, -0.00174101910187113
1.766985E-07, -0.0016109966982214
1.76700453125E-07, -0.00155824156860004
1.7670240625E-07, -0.00174155975970256
1.76704359375E-07, -0.00224209361775877
1.767063125E-07, -0.00149750100775154
1.76708265625E-07, -0.002132219869509
1.7671021875E-07, -0.0020013426543181
1.76712171875E-07, -0.00251214503628418
1.76714125E-07, -0.00121328035381584
1.76716078125E-07, -0.00187457023278872
1.7671803125E-07, -0.00208556947721296
1.76719984375E-07, -0.00246754684911783
1.767219375E-07, -0.00247505236132059
1.76723890625E-07, -0.00252875492751634
1.7672584375E-07, -0.00215035829767933
1.76727796875E-07, -0.00180736896559565
1.7672975E-07, -0.00139654805732861
1.76731703125E-07, -0.00152952106594357
1.7673365625E-07, -0.00166249171513727
1.76735609375E-07, -0.00201195234811685
1.767375625E-07, -0.00182697035352809
1.76739515625E-07, -0.00245629287127067
1.7674146875E-07, -0.00288526837819693
1.76743421875E-07, -0.00144607013471851
1.76745375E-07, -0.00244339841578493
1.76747328125E-07, -0.0023763904149358
1.7674928125E-07, -0.00171261625061534
1.76751234375E-07, -0.00277855778321533
1.767531875E-07, -0.0019961673343035
1.76755140625E-07, -0.00192970634873561
1.7675709375E-07, -0.0026854671592885
1.76759046875E-07, -0.00228607134057692
1.76761E-07, -0.00223951562646939
1.76762953125E-07, -0.00225334830369409
1.7676490625E-07, -0.00198456343885719
1.76766859375E-07, -0.00223344714698202
1.767688125E-07, -0.00117471558157151
1.76770765625E-07, -0.00227311606475733
1.7677271875E-07, -0.001954820117462
1.76774671875E-07, -0.00203798000822273
1.76776625E-07, -0.00229329840414716
1.76778578125E-07, -0.00204510596171434
1.7678053125E-07, -0.00229869039911396
1.76782484375E-07, -0.00183347370672107
1.767844375E-07, -0.00170886531725402
1.76786390625E-07, -0.00143174296579377
1.7678834375E-07, -0.00151531046637356
1.76790296875E-07, -0.00095307912286483
1.7679225E-07, -0.00100099117943112
1.76794203125E-07, -0.000890214029346225
1.7679615625E-07, -0.00111483398673766
1.76798109375E-07, -0.00068740033984899
1.768000625E-07, -0.000256363073569556
1.76802015625E-07, -2.7060700419771E-05
1.7680396875E-07, 0.000111273130312074
1.76805921875E-07, 0.000214688634952642
1.76807875E-07, 0.000256566370165759
1.76809828125E-07, 0.000114341787839521
1.7681178125E-07, 0.00151659907806819
1.76813734375E-07, 0.000825934380011881
1.768156875E-07, 0.0012847446554058
1.76817640625E-07, 0.000941819136989288
1.7681959375E-07, 0.00247846271938261
1.76821546875E-07, 0.00285489822299846
1.768235E-07, 0.00211479360696046
1.76825453125E-07, 0.00260485923815146
1.7682740625E-07, 0.00285054536867124
1.76829359375E-07, 0.00343946689940789
1.768313125E-07, 0.00407326158575358
1.76833265625E-07, 0.00352129868647629
1.7683521875E-07, 0.00392783094863074
1.76837171875E-07, 0.0041837825214669
1.76839125E-07, 0.00451938447551487
1.76841078125E-07, 0.00487577784491081
1.7684303125E-07, 0.00432511985146222
1.76844984375E-07, 0.00527419918105846
1.768469375E-07, 0.00551798589641505
1.76848890625E-07, 0.00518011400325189
1.7685084375E-07, 0.00576108610132992
1.76852796875E-07, 0.00526071913990724
1.7685475E-07, 0.00567661089154146
1.76856703125E-07, 0.0061886532686705
1.7685865625E-07, 0.00623381544036963
1.76860609375E-07, 0.00501380333305981
1.768625625E-07, 0.00545553623182627
1.76864515625E-07, 0.00602837284499427
1.7686646875E-07, 0.00591854414642013
1.76868421875E-07, 0.00618059851656387
1.76870375E-07, 0.00633677499372392
1.76872328125E-07, 0.00573460162348739
1.7687428125E-07, 0.00568592395506103
1.76876234375E-07, 0.00560044986562811
1.768781875E-07, 0.00467699885170776
1.76880140625E-07, 0.00527844102450435
1.7688209375E-07, 0.00414870972412917
1.76884046875E-07, 0.00551017548990724
1.76886E-07, 0.00458338379322511
1.76887953125E-07, 0.0051878357609339
1.7688990625E-07, 0.00382236489829676
1.76891859375E-07, 0.00337079944101269
1.768938125E-07, 0.00459134364159043
1.76895765625E-07, 0.0039947830967994
1.7689771875E-07, 0.00345318664928773
1.76899671875E-07, 0.00266142463902453
1.76901625E-07, 0.00198792700834587
1.76903578125E-07, 0.00315058160290185
1.7690553125E-07, 0.00231941484834649
1.76907484375E-07, 0.00142450240236719
1.769094375E-07, 0.00145768345642071
1.76911390625E-07, 0.00146227204287526
1.7691334375E-07, 0.00159386283320148
1.76915296875E-07, 0.00163027822177641
1.7691725E-07, 0.000121442667551868
1.76919203125E-07, 0.000354428084759759
1.7692115625E-07, 0.000236629470832842
1.76923109375E-07, 0.00108896003502191
1.769250625E-07, -0.000356623999172157
1.76927015625E-07, -0.000509893835091943
1.7692896875E-07, -0.000388253008909785
1.76930921875E-07, -0.000674634439038226
1.76932875E-07, -0.000262982885543134
1.76934828125E-07, -0.000812987311934911
1.7693678125E-07, -0.00121349323800993
1.76938734375E-07, -0.00135283715185422
1.769406875E-07, -0.00225410087437912
1.76942640625E-07, -0.00175263896426474
1.7694459375E-07, -0.00189904821216564
1.76946546875E-07, -0.00248623639543162
1.769485E-07, -0.00236306630347224
1.76950453125E-07, -0.00307757569857237
1.7695240625E-07, -0.00318390481456886
1.76954359375E-07, -0.00229588718293179
1.769563125E-07, -0.00274407079483737
1.76958265625E-07, -0.00293876569343644
1.7696021875E-07, -0.0028323604547245
1.76962171875E-07, -0.00226117474160636
1.76964125E-07, -0.0022174155091929
1.76966078125E-07, -0.00221659924396628
1.7696803125E-07, -0.00227736783994419
1.76969984375E-07, -0.00309368858302765
1.769719375E-07, -0.00251476354055861
1.76973890625E-07, -0.00243326058115912
1.7697584375E-07, -0.00211420183042425
1.76977796875E-07, -0.00210495544811265
1.7697975E-07, -0.00143491955053461
1.76981703125E-07, -0.00103237574542353
1.7698365625E-07, -0.00170185273690971
1.76985609375E-07, -0.00121678678676616
1.769875625E-07, -0.00103719155944346
1.76989515625E-07, -0.00109078865858936
1.7699146875E-07, -0.000738896804594802
1.76993421875E-07, -0.00132327079296999
1.76995375E-07, -0.00101980159061868
1.76997328125E-07, -0.000337823206016501
1.7699928125E-07, 0.000158036879413013
1.77001234375E-07, 0.000907110442340312
1.770031875E-07, -0.000120896770391566
1.77005140625E-07, 0.000856768934274631
1.7700709375E-07, 0.0013748234520969
1.77009046875E-07, 0.00122194713477084
1.77011E-07, 0.00134542023229132
1.77012953125E-07, 0.00128324235343041
1.7701490625E-07, 0.00264385435196475
1.77016859375E-07, 0.00142412691320991
1.770188125E-07, 0.00203015738681017
1.77020765625E-07, 0.00273755083296561
1.7702271875E-07, 0.00283221647966639
1.77024671875E-07, 0.00294178414813844
1.77026625E-07, 0.00368349323707885
1.77028578125E-07, 0.00276043036852809
1.7703053125E-07, 0.00331852818553108
1.77032484375E-07, 0.00386221252432617
1.770344375E-07, 0.00423750065008844
1.77036390625E-07, 0.00374542375366288
1.7703834375E-07, 0.00423645960176278
1.77040296875E-07, 0.00407925684620026
1.7704225E-07, 0.00467913870976204
1.77044203125E-07, 0.00437586479751773
1.7704615625E-07, 0.00403582199648922
1.77048109375E-07, 0.0047732588621352
1.770500625E-07, 0.0057156004052641
1.77052015625E-07, 0.00537948094830083
1.7705396875E-07, 0.00537693462928826
1.77055921875E-07, 0.00522355878683132
1.77057875E-07, 0.005316613020311
1.77059828125E-07, 0.00574025078187578
1.7706178125E-07, 0.00577300134919252
1.77063734375E-07, 0.0056027710501832
1.770656875E-07, 0.00564282419855714
1.77067640625E-07, 0.00575083653942471
1.7706959375E-07, 0.00605143213625118
1.77071546875E-07, 0.00601994380558148
1.770735E-07, 0.00553532609943278
1.77075453125E-07, 0.00555411665266826
1.7707740625E-07, 0.00570515388049092
1.77079359375E-07, 0.00569657484670135
1.770813125E-07, 0.00510050017198467
1.77083265625E-07, 0.00567700665480487
1.7708521875E-07, 0.00561395161203897
1.77087171875E-07, 0.00554525454687272
1.77089125E-07, 0.00572629896264571
1.77091078125E-07, 0.00554056587199818
1.7709303125E-07, 0.00582253775148978
1.77094984375E-07, 0.00556807365572349
1.770969375E-07, 0.0054094475739479
1.77098890625E-07, 0.00577587870452465
1.7710084375E-07, 0.00563149885916895
1.77102796875E-07, 0.00591156958798878
1.7710475E-07, 0.0052213098166226
1.77106703125E-07, 0.00553708000603922
1.7710865625E-07, 0.00522835565531562
1.77110609375E-07, 0.00583213260222958
1.771125625E-07, 0.00566025565706085
1.77114515625E-07, 0.00547795854250102
1.7711646875E-07, 0.00564886121460083
1.77118421875E-07, 0.00566375272293764
1.77120375E-07, 0.00601430468456569
1.77122328125E-07, 0.00546901824208961
1.7712428125E-07, 0.00559586909788757
1.77126234375E-07, 0.00570619546615878
1.771281875E-07, 0.00566679776969445
1.77130140625E-07, 0.00568980760951424
1.7713209375E-07, 0.00594212042880942
1.77134046875E-07, 0.00513698329664191
1.77136E-07, 0.00572105235572979
1.77137953125E-07, 0.00546131172804619
1.7713990625E-07, 0.00665850387802743
1.77141859375E-07, 0.00606607952033314
1.771438125E-07, 0.00591770882279875
1.77145765625E-07, 0.00507862296332754
1.7714771875E-07, 0.00563107114094455
1.77149671875E-07, 0.0054325298722248
1.77151625E-07, 0.00598401536839849
1.77153578125E-07, 0.00562624579263632
1.7715553125E-07, 0.00666591155542895
1.77157484375E-07, 0.00597949947538092
1.771594375E-07, 0.00586946664257494
1.77161390625E-07, 0.00613264162080696
1.7716334375E-07, 0.00607635865503383
1.77165296875E-07, 0.00598127669695711
1.7716725E-07, 0.00588532182737497
1.77169203125E-07, 0.00586084827029536
1.7717115625E-07, 0.00618673521467474
1.77173109375E-07, 0.0064975427770973
1.771750625E-07, 0.00656374199180089
1.77177015625E-07, 0.00659496455543825
1.7717896875E-07, 0.00658335490154732
1.77180921875E-07, 0.00621527591643877
1.77182875E-07, 0.00585978425220182
1.77184828125E-07, 0.00597551561151864
1.7718678125E-07, 0.00606568996616446
1.77188734375E-07, 0.00606942585536877
1.771906875E-07, 0.00632311759472225
1.77192640625E-07, 0.00583223005853292
1.7719459375E-07, 0.00582025237993683
1.77196546875E-07, 0.00631141196518219
1.771985E-07, 0.00512619432154045
1.77200453125E-07, 0.00590982071822643
1.7720240625E-07, 0.00515358009480428
1.77204359375E-07, 0.00584218421651471
1.772063125E-07, 0.0038995748629496
1.77208265625E-07, 0.0058935412816476
1.7721021875E-07, 0.00582364406479697
1.77212171875E-07, 0.00515577111587387
1.77214125E-07, 0.00534220186151969
1.77216078125E-07, 0.00508289574959701
1.7721803125E-07, 0.00516257433766816
1.77219984375E-07, 0.00491966472818024
1.772219375E-07, 0.00402995261270284
1.77223890625E-07, 0.00475398331096108
1.7722584375E-07, 0.00406400214278719
1.77227796875E-07, 0.00391593465917083
1.7722975E-07, 0.0040399879884217
1.77231703125E-07, 0.00384247746787599
1.7723365625E-07, 0.00471387918164833
1.77235609375E-07, 0.00363288247468256
1.772375625E-07, 0.00305804299985159
1.77239515625E-07, 0.00332110467505993
1.7724146875E-07, 0.0032356379016897
1.77243421875E-07, 0.00346298118389054
1.77245375E-07, 0.00319600715704167
1.77247328125E-07, 0.00262605040131757
1.7724928125E-07, 0.00250479405141231
1.77251234375E-07, 0.00261039471932106
1.772531875E-07, 0.00326427893700805
1.77255140625E-07, 0.00270019367602073
1.7725709375E-07, 0.00234971126973619
1.77259046875E-07, 0.00278349884518577
1.77261E-07, 0.00246281146525979
1.77262953125E-07, 0.00247433654649986
1.7726490625E-07, 0.00220511630130407
1.77266859375E-07, 0.0022209335890214
1.772688125E-07, 0.00240843383790773
1.77270765625E-07, 0.00235455696879897
1.7727271875E-07, 0.00228144371008061
1.77274671875E-07, 0.00185635312557458
1.77276625E-07, 0.00254577893403594
1.77278578125E-07, 0.00215207884614014
1.7728053125E-07, 0.00231521856237266
1.77282484375E-07, 0.00247793049398551
1.772844375E-07, 0.00255336694983396
1.77286390625E-07, 0.00193690002963677
1.7728834375E-07, 0.00216445562592947
1.77290296875E-07, 0.00234652142033718
1.7729225E-07, 0.00273610748423436
1.77294203125E-07, 0.00217829848646333
1.7729615625E-07, 0.00240509012189557
1.77298109375E-07, 0.00221407907071711
1.773000625E-07, 0.00228331197320812
1.77302015625E-07, 0.00255171130206128
1.7730396875E-07, 0.00241173928620112
1.77305921875E-07, 0.00213546251499119
1.77307875E-07, 0.00228401112193403
1.77309828125E-07, 0.00255507321476556
1.7731178125E-07, 0.00220426211245171
1.77313734375E-07, 0.00235355079579772
1.773156875E-07, 0.00257498017571344
1.77317640625E-07, 0.00216530209322248
1.7731959375E-07, 0.0024910519225909
1.77321546875E-07, 0.00292986362291713
1.773235E-07, 0.00273443252178549
1.77325453125E-07, 0.00265984115871175
1.7732740625E-07, 0.00275279004462147
1.77329359375E-07, 0.00306919209495449
1.773313125E-07, 0.00270004585034649
1.77333265625E-07, 0.00243240779193367
1.7733521875E-07, 0.00266533202075347
1.77337171875E-07, 0.00220049159706481
1.77339125E-07, 0.00275339877852788
1.77341078125E-07, 0.00279476796431294
1.7734303125E-07, 0.00239106093179525
1.77344984375E-07, 0.00278980079941042
1.773469375E-07, 0.00256643331613846
1.77348890625E-07, 0.00316227776617412
1.7735084375E-07, 0.00265205388943065
1.77352796875E-07, 0.00295731706734419
1.7735475E-07, 0.00276410187189078
1.77356703125E-07, 0.00251741854644912
1.7735865625E-07, 0.00232234187588067
1.77360609375E-07, 0.00226747137216662
1.773625625E-07, 0.00245265454174671
1.77364515625E-07, 0.00244670532423284
1.7736646875E-07, 0.0019800775477604
1.77368421875E-07, 0.00182918499300458
1.77370375E-07, 0.00245747072275383
1.77372328125E-07, 0.00180484480783493
1.7737428125E-07, 0.00240166060038107
1.77376234375E-07, 0.00231561602495826
1.773781875E-07, 0.00202052508243062
1.77380140625E-07, 0.0020450390988284
1.7738209375E-07, 0.00182517299189945
1.77384046875E-07, 0.00155513117302667
1.77386E-07, 0.00158787153781964
1.77387953125E-07, 0.00124158536423984
1.7738990625E-07, 0.00169795788499322
1.77391859375E-07, 0.00150564882002364
1.773938125E-07, 0.00204117429730801
1.77395765625E-07, 0.00139172031368653
1.7739771875E-07, 0.00109675000540598
1.77399671875E-07, 0.00151289560108942
1.77401625E-07, 0.00148649294969988
1.77403578125E-07, 0.00076709784590654
1.7740553125E-07, 0.000605125055880874
1.77407484375E-07, 0.00147135706621036
1.774094375E-07, 0.00128934300078297
1.77411390625E-07, 0.000724436765669501
1.7741334375E-07, 0.000670959132517461
1.77415296875E-07, 0.00018873507480253
1.7741725E-07, 0.000268270180472473
1.77419203125E-07, -0.000242484821843036
1.7742115625E-07, -8.20018943890396E-05
1.77423109375E-07, 0.000294428699972234
1.774250625E-07, -0.000782980774433721
1.77427015625E-07, -0.000846755212666662
1.7742896875E-07, -0.000620850444330126
1.77430921875E-07, -0.000244946431733104
1.77432875E-07, -0.00187610354360433
1.77434828125E-07, -0.00107662125482655
1.7743678125E-07, -0.0018299141967978
1.77438734375E-07, -0.0020750354250353
1.774406875E-07, -0.0012941602581592
1.77442640625E-07, -0.00200396305472132
1.7744459375E-07, -0.00156570605483804
1.77446546875E-07, -0.00127184238676312
1.774485E-07, -0.0020942799181045
1.77450453125E-07, -0.00195064380413952
1.7745240625E-07, -0.0030751025911431
1.77454359375E-07, -0.00222082675071556
1.774563125E-07, -0.00237638241818379
1.77458265625E-07, -0.00166765612737318
1.7746021875E-07, -0.00302801399070264
1.77462171875E-07, -0.00313033460233105
1.77464125E-07, -0.00274574622720623
1.77466078125E-07, -0.00318738166355818
1.7746803125E-07, -0.00242245891417087
1.77469984375E-07, -0.00256069288235395
1.774719375E-07, -0.00316754915376417
1.77473890625E-07, -0.00338032475598115
1.7747584375E-07, -0.00273376041974056
1.77477796875E-07, -0.00339551433324784
1.7747975E-07, -0.00303988366369446
1.77481703125E-07, -0.00302965856499062
1.7748365625E-07, -0.00315418591907915
1.77485609375E-07, -0.00323845527693711
1.774875625E-07, -0.00331755682646464
1.77489515625E-07, -0.00351132536500973
1.7749146875E-07, -0.00316711226328988
1.77493421875E-07, -0.0035742231510384
1.77495375E-07, -0.00364743386229879
1.77497328125E-07, -0.00330328993992041
1.7749928125E-07, -0.00360321419587864
1.77501234375E-07, -0.00359126964662558
1.775031875E-07, -0.00355560305225922
1.77505140625E-07, -0.00382691753523834
1.7750709375E-07, -0.00390154424342849
1.77509046875E-07, -0.00326966950000181
1.77511E-07, -0.0037166257486546
1.77512953125E-07, -0.00351031461789156
1.7751490625E-07, -0.00357750781160653
1.77516859375E-07, -0.00301921977928463
1.775188125E-07, -0.00336161225764259
1.77520765625E-07, -0.00370683849735787
1.7752271875E-07, -0.00373797736771711
1.77524671875E-07, -0.00339961231558027
1.77526625E-07, -0.00392802127596954
1.77528578125E-07, -0.00345984974716785
1.7753053125E-07, -0.00389600049693373
1.77532484375E-07, -0.00384047474074084
1.775344375E-07, -0.00405932880585797
1.77536390625E-07, -0.00364408703533153
1.7753834375E-07, -0.00379174939702143
1.77540296875E-07, -0.00359159885785385
1.7754225E-07, -0.00359215317264015
1.77544203125E-07, -0.00355955077029561
1.7754615625E-07, -0.0037686430060925
1.77548109375E-07, -0.00365857849920262
1.775500625E-07, -0.00352440124983757
1.77552015625E-07, -0.00364640640058073
1.7755396875E-07, -0.00350542417827973
1.77555921875E-07, -0.00381937779845469
1.77557875E-07, -0.00376141276435455
1.77559828125E-07, -0.00372789987505891
1.7756178125E-07, -0.003872300533542
1.77563734375E-07, -0.00348911332900836
1.775656875E-07, -0.00381235338213043
1.77567640625E-07, -0.00366223354313036
1.7756959375E-07, -0.0040361014518333
1.77571546875E-07, -0.0036606186748745
1.775735E-07, -0.00379363277120228
1.77575453125E-07, -0.00403257943826276
1.7757740625E-07, -0.00382250154459815
1.77579359375E-07, -0.00376964774843462
1.775813125E-07, -0.00406462563446792
1.77583265625E-07, -0.00372623957144968
1.7758521875E-07, -0.00357896758997682
1.77587171875E-07, -0.00380734758486996
1.77589125E-07, -0.00380960303535014
1.77591078125E-07, -0.00388239799298835
1.7759303125E-07, -0.00367353721775586
1.77594984375E-07, -0.0036794675147479
1.775969375E-07, -0.00354733603381531
1.77598890625E-07, -0.00352893793063713
1.7760084375E-07, -0.00373550498257061
1.77602796875E-07, -0.00363343895992356
1.7760475E-07, -0.00362803144115191
1.77606703125E-07, -0.00378464855456843
1.7760865625E-07, -0.00300970681293363
1.77610609375E-07, -0.0033311769314963
1.776125625E-07, -0.00330528572144936
1.77614515625E-07, -0.00329282401311871
1.7761646875E-07, -0.00365250584845659
1.77618421875E-07, -0.00378677144213277
1.77620375E-07, -0.003823649912614
1.77622328125E-07, -0.00324999570017026
1.7762428125E-07, -0.00338403082620834
1.77626234375E-07, -0.00343253033658633
1.776281875E-07, -0.00326505593838018
1.77630140625E-07, -0.00331636522330494
1.7763209375E-07, -0.00339037663653598
1.77634046875E-07, -0.00343711045096746


