File Format, WaveformXYValues
Format Version, 1
Instrument, N1045A,04F,LOJ
SwVersion, A.06.71.21
SerialNumber, MY56260108
Date, 11/29/2023 14:35:51 GMT+08:00

Source Name, Channel 1A

Points, 2048
Signal Type, Unspecified
Channel Bandwidth, 2E+10
Channel Noise, 6.66857143682292E-05
X Units, Second
Y Units, Volt
Data, 
1.73636E-07, -0.00169991706516226
1.73637953125E-07, -0.00174720233572987
1.7363990625E-07, -0.00175139310324048
1.73641859375E-07, -0.00117904121516255
1.736438125E-07, -0.000849243836707922
1.73645765625E-07, -0.00085471171718844
1.7364771875E-07, -0.00148028893690376
1.73649671875E-07, -0.00143194587721352
1.73651625E-07, -0.00157754013539561
1.73653578125E-07, -0.00156959302882068
1.7365553125E-07, -0.00159863218251248
1.73657484375E-07, -0.00148373540330116
1.736594375E-07, -0.00124740099828161
1.73661390625E-07, -0.00163275022246886
1.7366334375E-07, -0.00158296664034263
1.73665296875E-07, -0.00124285393420245
1.7366725E-07, -0.00177182904301573
1.73669203125E-07, -0.0010426451341259
1.7367115625E-07, -0.00168776989033474
1.73673109375E-07, -0.00197714904491102
1.736750625E-07, -0.00129813278654652
1.73677015625E-07, -0.00140033755114894
1.7367896875E-07, -0.00130543470939496
1.73680921875E-07, -0.00177828203896933
1.73682875E-07, -0.00158810866511522
1.73684828125E-07, -0.00145259003952561
1.7368678125E-07, -0.00131329195375024
1.73688734375E-07, -0.00153677786101505
1.736906875E-07, -0.00147937467740144
1.73692640625E-07, -0.001389396813786
1.7369459375E-07, -0.00184726139452804
1.73696546875E-07, -0.00164681764282888
1.736985E-07, -0.00158737838679721
1.73700453125E-07, -0.00162593387912095
1.7370240625E-07, -0.00130476423225138
1.73704359375E-07, -0.00155227511499322
1.737063125E-07, -0.00155300035210264
1.73708265625E-07, -0.00206513978740792
1.7371021875E-07, -0.00186758827623076
1.73712171875E-07, -0.00171981328114948
1.73714125E-07, -0.00132006720938975
1.73716078125E-07, -0.00154517565021949
1.7371803125E-07, -0.000773444251797596
1.73719984375E-07, -0.00186162572604328
1.737219375E-07, -0.00187033205390183
1.73723890625E-07, -0.00140165482560918
1.7372584375E-07, -0.00222529710934195
1.73727796875E-07, -0.00198734448250586
1.7372975E-07, -0.00199364739474009
1.73731703125E-07, -0.00154501984030802
1.7373365625E-07, -0.00157479589727152
1.73735609375E-07, -0.00169501785385237
1.737375625E-07, -0.00126042487634673
1.73739515625E-07, -0.00152777478596727
1.7374146875E-07, -0.00141090008767451
1.73743421875E-07, -0.0013462050048887
1.73745375E-07, -0.00058705842313461
1.73747328125E-07, -0.00151508699894827
1.7374928125E-07, -0.00221232485304234
1.73751234375E-07, -0.00210114822076045
1.737531875E-07, -0.00263801172768042
1.73755140625E-07, -0.00223103773042459
1.7375709375E-07, -0.00187238974684897
1.73759046875E-07, -0.00175764611984286
1.73761E-07, -0.00264666850203452
1.73762953125E-07, -0.00280134076724925
1.7376490625E-07, -0.00195253304487715
1.73766859375E-07, -0.00200784446802657
1.737688125E-07, -0.00191746617479726
1.73770765625E-07, -0.00137399772871139
1.7377271875E-07, -0.00193409524855701
1.73774671875E-07, -0.00295063559774241
1.73776625E-07, -0.00229134886526201
1.73778578125E-07, -0.00112330728455464
1.7378053125E-07, -0.00240279758972309
1.73782484375E-07, -0.000547873494750668
1.737844375E-07, -0.00101624501457819
1.73786390625E-07, -0.00127597464258139
1.7378834375E-07, -0.00187990802223266
1.73790296875E-07, -0.00350603641421362
1.7379225E-07, -0.00170728295107712
1.73794203125E-07, -0.00182239516888957
1.7379615625E-07, -0.00117733875482577
1.73798109375E-07, -0.00173998266854921
1.738000625E-07, -0.00151729179574989
1.73802015625E-07, -0.00279894404890243
1.7380396875E-07, -0.000966755807114986
1.73805921875E-07, -0.00197272489787102
1.73807875E-07, -0.00105856765648462
1.73809828125E-07, -0.00353002597430765
1.7381178125E-07, -0.00216247231201845
1.73813734375E-07, -0.00170656052412479
1.738156875E-07, -0.00117100929499413
1.73817640625E-07, -0.0026235075757868
1.7381959375E-07, -0.00207829497402556
1.73821546875E-07, -0.00357618845368095
1.738235E-07, -0.00385743826142647
1.73825453125E-07, -0.00212751769647228
1.7382740625E-07, -0.00173334669281646
1.73829359375E-07, -0.00294642890058941
1.738313125E-07, -0.00320109480952826
1.73833265625E-07, -0.00198299669156968
1.7383521875E-07, -0.00327253990582895
1.73837171875E-07, -0.00264400760855053
1.73839125E-07, -0.00280595832050905
1.73841078125E-07, -0.00218789894540745
1.7384303125E-07, -0.00203710152998175
1.73844984375E-07, -0.00238094504285655
1.738469375E-07, -0.00299041503284326
1.73848890625E-07, -0.00334007474716595
1.7385084375E-07, -0.00243391960048839
1.73852796875E-07, -0.00346463399020718
1.7385475E-07, -0.00386763584946514
1.73856703125E-07, -0.00399299247559697
1.7385865625E-07, -0.00399500761590406
1.73860609375E-07, -0.00339104028250698
1.738625625E-07, -0.00425235879160792
1.73864515625E-07, -0.00301521735608717
1.7386646875E-07, -0.00348931864950825
1.73868421875E-07, -0.00375395460160781
1.73870375E-07, -0.00303360709724531
1.73872328125E-07, -0.00322511513917819
1.7387428125E-07, -0.00429402817690895
1.73876234375E-07, -0.00378890494892983
1.738781875E-07, -0.00431066766160013
1.73880140625E-07, -0.00329637012531352
1.7388209375E-07, -0.00490647097394929
1.73884046875E-07, -0.00426688603807284
1.73886E-07, -0.00505407749128467
1.73887953125E-07, -0.00431208692559252
1.7388990625E-07, -0.00485022648504395
1.73891859375E-07, -0.00355390359533701
1.738938125E-07, -0.00478185391891578
1.73895765625E-07, -0.00467853329220621
1.7389771875E-07, -0.00472600201169803
1.73899671875E-07, -0.0058812635937141
1.73901625E-07, -0.00357623184543107
1.73903578125E-07, -0.00484998706411555
1.7390553125E-07, -0.00494217654045287
1.73907484375E-07, -0.005298164915568
1.739094375E-07, -0.00489150435593054
1.73911390625E-07, -0.00617068190547035
1.7391334375E-07, -0.00487667959079516
1.73915296875E-07, -0.00431984292908762
1.7391725E-07, -0.00516167480000759
1.73919203125E-07, -0.00512272725917022
1.7392115625E-07, -0.00449692652059405
1.73923109375E-07, -0.0049024017337661
1.739250625E-07, -0.00535717288836874
1.73927015625E-07, -0.00330536697884025
1.7392896875E-07, -0.00516251791151187
1.73930921875E-07, -0.00567229496765202
1.73932875E-07, -0.00550788622513165
1.73934828125E-07, -0.00584611175579592
1.7393678125E-07, -0.0047360441851032
1.73938734375E-07, -0.00553664166851145
1.739406875E-07, -0.00473061635994293
1.73942640625E-07, -0.00505731209486584
1.7394459375E-07, -0.00582107540037093
1.73946546875E-07, -0.00522345394955725
1.739485E-07, -0.00556280955765613
1.73950453125E-07, -0.00628964638269836
1.7395240625E-07, -0.00666634282154293
1.73954359375E-07, -0.00477464656239485
1.739563125E-07, -0.00554790489984834
1.73958265625E-07, -0.00589131717882834
1.7396021875E-07, -0.00601121533464146
1.73962171875E-07, -0.00485108161145392
1.73964125E-07, -0.00493892423758407
1.73966078125E-07, -0.0050555404214988
1.7396803125E-07, -0.00452316917454492
1.73969984375E-07, -0.00489780584394074
1.739719375E-07, -0.00461858137673315
1.73973890625E-07, -0.004000951769422
1.7397584375E-07, -0.00396726107959248
1.73977796875E-07, -0.00460355517749386
1.7397975E-07, -0.00533024353422613
1.73981703125E-07, -0.00438609674409563
1.7398365625E-07, -0.00394106015316942
1.73985609375E-07, -0.00454934687065202
1.739875625E-07, -0.00383579768949868
1.73989515625E-07, -0.0027143640265876
1.7399146875E-07, -0.00294831384959284
1.73993421875E-07, -0.0040205291400855
1.73995375E-07, -0.00319249966933978
1.73997328125E-07, -0.00290782961671846
1.7399928125E-07, -0.00220383739511314
1.74001234375E-07, -0.00335627485125147
1.740031875E-07, -0.00268323806909659
1.74005140625E-07, -0.000946935596047131
1.7400709375E-07, -0.00186946972560368
1.74009046875E-07, -0.00216804624882222
1.74011E-07, -0.00233215940566027
1.74012953125E-07, -0.00303304966155544
1.7401490625E-07, -0.000851504159170004
1.74016859375E-07, -0.000331688189539407
1.740188125E-07, -0.00098862332435353
1.74020765625E-07, 0.000768756069941445
1.7402271875E-07, -0.000340685439119603
1.74024671875E-07, 0.00283572937961646
1.74026625E-07, 0.000713257732013281
1.74028578125E-07, 0.00127345002819678
1.7403053125E-07, 0.000543544794855678
1.74032484375E-07, 0.000832466970870488
1.740344375E-07, 0.00119256393648032
1.74036390625E-07, 0.0016404298144832
1.7403834375E-07, 0.00208765530918141
1.74040296875E-07, 0.00347081540970405
1.7404225E-07, 0.00306031324391426
1.74044203125E-07, 0.00349262086906619
1.7404615625E-07, 0.00373843592647102
1.74048109375E-07, 0.00309267995353867
1.740500625E-07, 0.00396582724855325
1.74052015625E-07, 0.00673617293847674
1.7405396875E-07, 0.00649414335006343
1.74055921875E-07, 0.00607144927098092
1.74057875E-07, 0.00485797931895519
1.74059828125E-07, 0.00632870932238608
1.7406178125E-07, 0.0069789475330623
1.74063734375E-07, 0.00805010663894097
1.740656875E-07, 0.0080112375054832
1.74067640625E-07, 0.00871814845113988
1.7406959375E-07, 0.00951442873184859
1.74071546875E-07, 0.00952976044710713
1.740735E-07, 0.0092647775900457
1.74075453125E-07, 0.0117842266854337
1.7407740625E-07, 0.0108480419438275
1.74079359375E-07, 0.0115050453615726
1.740813125E-07, 0.0126098055058706
1.74083265625E-07, 0.0123296530995867
1.7408521875E-07, 0.0122501559663894
1.74087171875E-07, 0.0128775413207893
1.74089125E-07, 0.0140023075189051
1.74091078125E-07, 0.0140788273807736
1.7409303125E-07, 0.0162023253500302
1.74094984375E-07, 0.0169696156302294
1.740969375E-07, 0.0158886579708073
1.74098890625E-07, 0.0172089521892996
1.7410084375E-07, 0.0176237070333475
1.74102796875E-07, 0.0196732724072645
1.7410475E-07, 0.0205820847805045
1.74106703125E-07, 0.018417826923589
1.7410865625E-07, 0.0201648911864135
1.74110609375E-07, 0.0204474463220232
1.741125625E-07, 0.0209932437289887
1.74114515625E-07, 0.0228253649004399
1.7411646875E-07, 0.0211851311365834
1.74118421875E-07, 0.0221020853867793
1.74120375E-07, 0.0229504242042066
1.74122328125E-07, 0.0224766278539442
1.7412428125E-07, 0.0214610060495733
1.74126234375E-07, 0.0240038980701749
1.741281875E-07, 0.024288035140452
1.74130140625E-07, 0.0258516564529509
1.7413209375E-07, 0.0229232459583882
1.74134046875E-07, 0.0265218159492983
1.74136E-07, 0.0246857183873564
1.74137953125E-07, 0.0284834078747052
1.7413990625E-07, 0.027936376585181
1.74141859375E-07, 0.0215804032755885
1.741438125E-07, 0.0293636644077586
1.74145765625E-07, 0.0296698907574306
1.7414771875E-07, 0.0303535651069071
1.74149671875E-07, 0.0302788367025808
1.74151625E-07, 0.0297562476649822
1.74153578125E-07, 0.0282480000453541
1.7415553125E-07, 0.0317194706904349
1.74157484375E-07, 0.0316640751450684
1.741594375E-07, 0.032356335210592
1.74161390625E-07, 0.0300602321773692
1.7416334375E-07, 0.0328474411745942
1.74165296875E-07, 0.0310608759670617
1.7416725E-07, 0.031687953613203
1.74169203125E-07, 0.033675060381812
1.7417115625E-07, 0.0341389664287978
1.74173109375E-07, 0.0349112468783997
1.741750625E-07, 0.0347303114862452
1.74177015625E-07, 0.0346860760063001
1.7417896875E-07, 0.0344660335969046
1.74180921875E-07, 0.03355504151131
1.74182875E-07, 0.0223604944388952
1.74184828125E-07, 0.0338768872056218
1.7418678125E-07, 0.0343059856821024
1.74188734375E-07, 0.0313820533458555
1.741906875E-07, 0.0342669667328827
1.74192640625E-07, 0.0333080720965476
1.7419459375E-07, 0.0337701285528909
1.74196546875E-07, 0.0323437547977596
1.741985E-07, 0.032652468660583
1.74200453125E-07, 0.0292459043687845
1.7420240625E-07, 0.0298539214222023
1.74204359375E-07, 0.0307513823794415
1.742063125E-07, 0.0285878884795577
1.74208265625E-07, 0.0315520760598997
1.7421021875E-07, 0.0280163153409914
1.74212171875E-07, 0.0291525707503001
1.74214125E-07, 0.02886139581431
1.74216078125E-07, 0.0280907425812926
1.7421803125E-07, 0.0291851192927579
1.74219984375E-07, 0.0281127391777214
1.742219375E-07, 0.0197963242157421
1.74223890625E-07, 0.0255980010420182
1.7422584375E-07, 0.0262037466141112
1.74227796875E-07, 0.020939211424992
1.7422975E-07, 0.023117984075808
1.74231703125E-07, 0.0223598535878425
1.7423365625E-07, 0.0229312041737829
1.74235609375E-07, 0.0177674970248272
1.742375625E-07, 0.0216257528732112
1.74239515625E-07, 0.0197409251028845
1.7424146875E-07, 0.0138191589706363
1.74243421875E-07, 0.0174576056981818
1.74245375E-07, 0.015270319703217
1.74247328125E-07, 0.0117899559866203
1.7424928125E-07, 0.0120882535553094
1.74251234375E-07, 0.0123559262475675
1.742531875E-07, 0.0106624662483277
1.74255140625E-07, 0.00590390376818745
1.7425709375E-07, 0.00806320708857756
1.74259046875E-07, 0.00433339443181621
1.74261E-07, 0.00129476684792535
1.74262953125E-07, 0.00418154939224106
1.7426490625E-07, -0.00863253981766846
1.74266859375E-07, -0.000467067189882645
1.742688125E-07, -0.00308124199679168
1.74270765625E-07, -0.00600865283462309
1.7427271875E-07, -0.00399365416957598
1.74274671875E-07, -0.00316178262894182
1.74276625E-07, -0.00953142141586082
1.74278578125E-07, -0.0137598570742025
1.7428053125E-07, -0.0159519949708592
1.74282484375E-07, -0.0190074545773464
1.742844375E-07, -0.01835453990716
1.74286390625E-07, -0.0193767243036843
1.7428834375E-07, -0.0210245557732479
1.74290296875E-07, -0.0243842414473345
1.7429225E-07, -0.030542510047316
1.74294203125E-07, -0.029360493465137
1.7429615625E-07, -0.029823953488895
1.74298109375E-07, -0.0302591226858159
1.743000625E-07, -0.042153405021392
1.74302015625E-07, -0.0406919572637784
1.7430396875E-07, -0.0396488262509889
1.74305921875E-07, -0.0403878091678667
1.74307875E-07, -0.0460562414343793
1.74309828125E-07, -0.0475377266944739
1.7431178125E-07, -0.0506074517363802
1.74313734375E-07, -0.0542979822318874
1.743156875E-07, -0.0496267418239859
1.74317640625E-07, -0.061287153336734
1.7431959375E-07, -0.061588911833623
1.74321546875E-07, -0.0563469601316224
1.743235E-07, -0.049979250992071
1.74325453125E-07, -0.0745775217864496
1.7432740625E-07, -0.065211650323702
1.74329359375E-07, -0.0722014106970618
1.743313125E-07, -0.0689991387628515
1.74333265625E-07, -0.073280634775286
1.7433521875E-07, -0.0856751871462668
1.74337171875E-07, -0.0742246122300448
1.74339125E-07, -0.0825160588197332
1.74341078125E-07, -0.0881533737805683
1.7434303125E-07, -0.0799963203917148
1.74344984375E-07, -0.0944477785225984
1.743469375E-07, -0.0938687305197159
1.74348890625E-07, -0.0940776331242096
1.7435084375E-07, -0.0979889278369228
1.74352796875E-07, -0.0937625813068349
1.7435475E-07, -0.103979607580586
1.74356703125E-07, -0.105914533152491
1.7435865625E-07, -0.0994275880666912
1.74360609375E-07, -0.100977683659275
1.743625625E-07, -0.10009972178086
1.74364515625E-07, -0.104875354343584
1.7436646875E-07, -0.110918938196946
1.74368421875E-07, -0.111444904149354
1.74370375E-07, -0.110619366133483
1.74372328125E-07, -0.114168434809746
1.7437428125E-07, -0.118180133447163
1.74376234375E-07, -0.113904815629487
1.743781875E-07, -0.116029005307396
1.74380140625E-07, -0.11165061426346
1.7438209375E-07, -0.113825611869965
1.74384046875E-07, -0.120399600307409
1.74386E-07, -0.119137814054379
1.74387953125E-07, -0.114475511720119
1.7438990625E-07, -0.1198982907007
1.74391859375E-07, -0.11360101881759
1.743938125E-07, -0.118917157464063
1.74395765625E-07, -0.110675896965861
1.7439771875E-07, -0.11769313486885
1.74399671875E-07, -0.121608122074931
1.74401625E-07, -0.117230617660808
1.74403578125E-07, -0.119869645340583
1.7440553125E-07, -0.1196921157798
1.74407484375E-07, -0.114239438545222
1.744094375E-07, -0.116179749610633
1.74411390625E-07, -0.110273011025389
1.7441334375E-07, -0.117034985795484
1.74415296875E-07, -0.108527926544418
1.7441725E-07, -0.110706984290286
1.74419203125E-07, -0.1070535592975
1.7442115625E-07, -0.103779189076086
1.74423109375E-07, -0.108119468082648
1.744250625E-07, -0.0940620003387606
1.74427015625E-07, -0.093241140880533
1.7442896875E-07, -0.0964553871591125
1.74430921875E-07, -0.0958989624393729
1.74432875E-07, -0.0913850514748798
1.74434828125E-07, -0.0836671276021228
1.7443678125E-07, -0.0825809631077627
1.74438734375E-07, -0.0852059855037454
1.744406875E-07, -0.079917250306228
1.74442640625E-07, -0.0758397960051885
1.7444459375E-07, -0.0739188214811931
1.74446546875E-07, -0.0709767337500761
1.744485E-07, -0.0540977222051204
1.74450453125E-07, -0.0492899057448888
1.7445240625E-07, -0.0473939276204257
1.74454359375E-07, -0.0458150041456976
1.744563125E-07, -0.0576316714877493
1.74458265625E-07, -0.0367118686423342
1.7446021875E-07, -0.0398346435184216
1.74462171875E-07, -0.0319784030092873
1.74464125E-07, -0.0364356396152351
1.74466078125E-07, -0.0316317273141679
1.7446803125E-07, -0.0201234948839335
1.74469984375E-07, -0.0140291911303451
1.744719375E-07, -0.0231716961164542
1.74473890625E-07, -0.00119228058273032
1.7447584375E-07, -0.000819047473736587
1.74477796875E-07, -0.00238377859195643
1.7447975E-07, 0.00446659060299911
1.74481703125E-07, 0.0144677813558873
1.7448365625E-07, 0.00607688624799489
1.74485609375E-07, 0.0204189050190971
1.744875625E-07, 0.016871175900306
1.74489515625E-07, 0.0181641990614076
1.7449146875E-07, 0.0315151285678506
1.74493421875E-07, 0.0196376902326607
1.74495375E-07, 0.0416230672342263
1.74497328125E-07, 0.0357350202521254
1.7449928125E-07, 0.0507298980703008
1.74501234375E-07, 0.049135840893715
1.745031875E-07, 0.0411862794584081
1.74505140625E-07, 0.0489628670461316
1.7450709375E-07, 0.0555571696649325
1.74509046875E-07, 0.0591777132147644
1.74511E-07, 0.0665009516484611
1.74512953125E-07, 0.0647360138527085
1.7451490625E-07, 0.0672081414675918
1.74516859375E-07, 0.0693528874470268
1.745188125E-07, 0.0742501387084993
1.74520765625E-07, 0.0777779665460436
1.7452271875E-07, 0.07270445668264
1.74524671875E-07, 0.0898363040243092
1.74526625E-07, 0.0854379253544671
1.74528578125E-07, 0.0792748782247442
1.7453053125E-07, 0.0939968863633799
1.74532484375E-07, 0.0917378481508205
1.745344375E-07, 0.0851477969731889
1.74536390625E-07, 0.0948885527475887
1.7453834375E-07, 0.0886306764173161
1.74540296875E-07, 0.0956458620075555
1.7454225E-07, 0.0998428712523712
1.74544203125E-07, 0.0975720225277167
1.7454615625E-07, 0.0983709340390425
1.74548109375E-07, 0.0961886115768853
1.745500625E-07, 0.101173732315138
1.74552015625E-07, 0.0963388052965672
1.7455396875E-07, 0.0989733725007693
1.74555921875E-07, 0.0990567778158661
1.74557875E-07, 0.0923872546747519
1.74559828125E-07, 0.0941187975395199
1.7456178125E-07, 0.0935751304778962
1.74563734375E-07, 0.0978208912580298
1.745656875E-07, 0.0960243576577387
1.74567640625E-07, 0.0866141981852265
1.7456959375E-07, 0.0936208046925076
1.74571546875E-07, 0.0912147172797142
1.745735E-07, 0.0911947321675322
1.74575453125E-07, 0.0912302289808028
1.7457740625E-07, 0.0872397934791367
1.74579359375E-07, 0.0883160254696266
1.745813125E-07, 0.0862877493661082
1.74583265625E-07, 0.0857436925100239
1.7458521875E-07, 0.079354256229406
1.74587171875E-07, 0.0807437178567542
1.74589125E-07, 0.0783168703929008
1.74591078125E-07, 0.07543834626238
1.7459303125E-07, 0.0731441767647715
1.74594984375E-07, 0.0749625818953015
1.745969375E-07, 0.0663823775226713
1.74598890625E-07, 0.0644071062090575
1.7460084375E-07, 0.0617775465246953
1.74602796875E-07, 0.0647860233738142
1.7460475E-07, 0.0664291392818084
1.74606703125E-07, 0.0627468952452172
1.7460865625E-07, 0.0531752114502315
1.74610609375E-07, 0.0518207571478089
1.746125625E-07, 0.0523258731311893
1.74614515625E-07, 0.0477751503424725
1.7461646875E-07, 0.0516749260691306
1.74618421875E-07, 0.0479505254779417
1.74620375E-07, 0.0426200693537618
1.74622328125E-07, 0.0440849488222763
1.7462428125E-07, 0.0461723831892028
1.74626234375E-07, 0.0420937641238613
1.746281875E-07, 0.0413404657467402
1.74630140625E-07, 0.0370902664300612
1.7463209375E-07, 0.0373202271597538
1.74634046875E-07, 0.0352227338357641
1.74636E-07, 0.0334727329872742
1.74637953125E-07, 0.0313897610697801
1.7463990625E-07, 0.027695247841735
1.74641859375E-07, 0.0311566131178286
1.746438125E-07, 0.0330604593072557
1.74645765625E-07, 0.0268830604467324
1.7464771875E-07, 0.0252865647517846
1.74649671875E-07, 0.0263412753264521
1.74651625E-07, 0.0250554720424939
1.74653578125E-07, 0.0324236576171309
1.7465553125E-07, 0.0226713510719937
1.74657484375E-07, 0.0228889933649738
1.746594375E-07, 0.0213834075105952
1.74661390625E-07, 0.0223648358483684
1.7466334375E-07, 0.0211206243937483
1.74665296875E-07, 0.0192665971256464
1.7466725E-07, 0.0225247652892226
1.74669203125E-07, 0.0217471598816671
1.7467115625E-07, 0.0204607311947242
1.74673109375E-07, 0.0197383570199449
1.746750625E-07, 0.0193195458077337
1.74677015625E-07, 0.0194586630120002
1.7467896875E-07, 0.0188381316185792
1.74680921875E-07, 0.0195202336099
1.74682875E-07, 0.0193726991635984
1.74684828125E-07, 0.0188328496494029
1.7468678125E-07, 0.0188839085227317
1.74688734375E-07, 0.021380180606971
1.746906875E-07, 0.0196907297640593
1.74692640625E-07, 0.0196531777370055
1.7469459375E-07, 0.0181216531976255
1.74696546875E-07, 0.0198127876480114
1.746985E-07, 0.0190592955126871
1.74700453125E-07, 0.0198484244068684
1.7470240625E-07, 0.0192974641318455
1.74704359375E-07, 0.019807479461939
1.747063125E-07, 0.0230180022624261
1.74708265625E-07, 0.0198149022971178
1.7471021875E-07, 0.0187506791682203
1.74712171875E-07, 0.0188917837958141
1.74714125E-07, 0.0200433973744519
1.74716078125E-07, 0.0186648140047123
1.7471803125E-07, 0.0200224278459528
1.74719984375E-07, 0.0199942890670422
1.747219375E-07, 0.0190645045617103
1.74723890625E-07, 0.0199252174388199
1.7472584375E-07, 0.0193020268599909
1.74727796875E-07, 0.0168609219001113
1.7472975E-07, 0.0184736661517795
1.74731703125E-07, 0.0184945514230809
1.7473365625E-07, 0.0192033412536125
1.74735609375E-07, 0.0181764431445839
1.747375625E-07, 0.017879614596647
1.74739515625E-07, 0.0183241338465607
1.7474146875E-07, 0.0181882670662506
1.74743421875E-07, 0.0163563387878952
1.74745375E-07, 0.0165661898992936
1.74747328125E-07, 0.0165787684695983
1.7474928125E-07, 0.0154615565374444
1.74751234375E-07, 0.0152551868570487
1.747531875E-07, 0.0149995140448386
1.74755140625E-07, 0.0147776095236925
1.7475709375E-07, 0.0115671974159498
1.74759046875E-07, 0.0141157850559259
1.74761E-07, 0.011239901005688
1.74762953125E-07, 0.0111737901141344
1.7476490625E-07, 0.012707958296604
1.74766859375E-07, 0.0118977902551652
1.747688125E-07, 0.010566438064464
1.74770765625E-07, 0.00746783257176381
1.7477271875E-07, 0.0079573442911728
1.74774671875E-07, 0.00708800453582925
1.74776625E-07, 0.00672143475879365
1.74778578125E-07, 0.00593339769691699
1.7478053125E-07, 0.00518080657408853
1.74782484375E-07, 0.005193800601228
1.747844375E-07, 0.00440260539999569
1.74786390625E-07, 0.00623267433739971
1.7478834375E-07, 0.00646519746060378
1.74790296875E-07, 0.00356304797114837
1.7479225E-07, 0.00346937300403215
1.74794203125E-07, 0.0033776955291957
1.7479615625E-07, 0.000296604108127392
1.74798109375E-07, 0.00209275926343602
1.748000625E-07, -0.00116756248833612
1.74802015625E-07, -0.00124817055575753
1.7480396875E-07, -9.06044103540596E-05
1.74805921875E-07, -0.00304674963374017
1.74807875E-07, -0.00264367930552538
1.74809828125E-07, -0.00336503554874564
1.7481178125E-07, -0.00175744763691211
1.74813734375E-07, -0.00335575642024649
1.748156875E-07, -0.00487307637603758
1.74817640625E-07, -0.00419506700963271
1.7481959375E-07, -0.0050362111555072
1.74821546875E-07, -0.00579615820476923
1.748235E-07, -0.00355236514799923
1.74825453125E-07, -0.00765572079398937
1.7482740625E-07, -0.0061490282071889
1.74829359375E-07, -0.00566377404599366
1.748313125E-07, -0.00663874631949146
1.74833265625E-07, -0.00635727842996262
1.7483521875E-07, -0.00849127078891773
1.74837171875E-07, -0.00796029217106398
1.74839125E-07, -0.00733390772734612
1.74841078125E-07, -0.00828823292803105
1.7484303125E-07, -0.00759385440124242
1.74844984375E-07, -0.00876921980649486
1.748469375E-07, -0.00836668115123728
1.74848890625E-07, -0.00787055930784965
1.7485084375E-07, -0.00844710856219354
1.74852796875E-07, -0.00755391932031007
1.7485475E-07, -0.00679159287185293
1.74856703125E-07, -0.00775740213380908
1.7485865625E-07, -0.00902244597167224
1.74860609375E-07, -0.00762063220727821
1.748625625E-07, -0.00657355701921897
1.74864515625E-07, -0.00757292570059185
1.7486646875E-07, -0.00768203847645018
1.74868421875E-07, -0.00648504944518921
1.74870375E-07, -0.00683493239297301
1.74872328125E-07, -0.00680687619044453
1.7487428125E-07, -0.0059716635085167
1.74876234375E-07, -0.00705538932255245
1.748781875E-07, -0.00675041744153184
1.74880140625E-07, -0.005061041359954
1.7488209375E-07, -0.00435732359417793
1.74884046875E-07, -0.00540640459646121
1.74886E-07, -0.00508433091119424
1.74887953125E-07, -0.00492336953241559
1.7488990625E-07, -0.00486691274899376
1.74891859375E-07, -0.00446156392898423
1.748938125E-07, -0.00485682349089424
1.74895765625E-07, -0.00349215097911273
1.7489771875E-07, -0.00410422062419235
1.74899671875E-07, -0.00327930012374958
1.74901625E-07, -0.00345480707428768
1.74903578125E-07, -0.00311963528076465
1.7490553125E-07, -0.00242755293144405
1.74907484375E-07, -0.00248844602782411
1.749094375E-07, -0.00193466957490262
1.74911390625E-07, -0.00133563748247841
1.7491334375E-07, -0.00100197338560002
1.74915296875E-07, -0.000828101921324229
1.7491725E-07, -0.0006061329533837
1.74919203125E-07, -0.000501643366292646
1.7492115625E-07, -0.0006796641255342
1.74923109375E-07, -4.74479306039476E-05
1.749250625E-07, -0.000479082577113777
1.74927015625E-07, -0.000380962746597581
1.7492896875E-07, 0.00153864487403403
1.74930921875E-07, 0.000522714529668303
1.74932875E-07, 0.000639728923676144
1.74934828125E-07, 0.000596280819999636
1.7493678125E-07, 0.000423154304273184
1.74938734375E-07, 0.00131277248817031
1.749406875E-07, 0.00101740328831597
1.74942640625E-07, 0.00142689678256762
1.7494459375E-07, 0.000772736494846822
1.74946546875E-07, 0.00128232197350582
1.749485E-07, 0.00154565706457676
1.74950453125E-07, 0.00173665039005953
1.7495240625E-07, 0.00158632155805727
1.74954359375E-07, 0.00176365336367001
1.749563125E-07, 0.0016409656836401
1.74958265625E-07, 0.00104542732177993
1.7496021875E-07, 0.00174181031284567
1.74962171875E-07, 0.00125342811783892
1.74964125E-07, 0.00158618747429643
1.74966078125E-07, 0.0019943080804789
1.7496803125E-07, 0.00200448457006321
1.74969984375E-07, 0.002018590845817
1.749719375E-07, 0.00176644642931458
1.74973890625E-07, 0.000911822545597722
1.7497584375E-07, 0.000390514521906653
1.74977796875E-07, 0.00161874501685621
1.7497975E-07, 0.000185336275376284
1.74981703125E-07, 0.0010556139974972
1.7498365625E-07, 0.000876810927256992
1.74985609375E-07, 0.000507369423587623
1.749875625E-07, 0.000643682198771103
1.74989515625E-07, 0.000941337310489314
1.7499146875E-07, 9.83221860233553E-05
1.74993421875E-07, -0.00113037589260518
1.74995375E-07, -0.00072816403639279
1.74997328125E-07, -0.000294531141624682
1.7499928125E-07, -0.000590537592443308
1.75001234375E-07, -0.00160624302401772
1.750031875E-07, -0.000993928547736819
1.75005140625E-07, -0.00171026048693406
1.7500709375E-07, -0.00161813343190447
1.75009046875E-07, -0.00187544371013784
1.75011E-07, -0.0040797899875492
1.75012953125E-07, -0.00294445299844714
1.7501490625E-07, -0.00272813023834024
1.75016859375E-07, -0.00243563731867746
1.750188125E-07, -0.00242339964576977
1.75020765625E-07, -0.00414903841950169
1.7502271875E-07, -0.00520386967194914
1.75024671875E-07, -0.00264135033001945
1.75026625E-07, -0.0042959391408172
1.75028578125E-07, -0.00445793322467252
1.7503053125E-07, -0.00548957412521562
1.75032484375E-07, -0.00680885002915862
1.750344375E-07, -0.00590652664914769
1.75036390625E-07, -0.00606244884319037
1.7503834375E-07, -0.00734727853506744
1.75040296875E-07, -0.00648193310730914
1.7504225E-07, -0.00681592589827699
1.75044203125E-07, -0.0072394788691708
1.7504615625E-07, -0.00888891323966984
1.75048109375E-07, -0.00938503003209872
1.750500625E-07, -0.00742607354811324
1.75052015625E-07, -0.0106338526153161
1.7505396875E-07, -0.00992582324597527
1.75055921875E-07, -0.0111824776974811
1.75057875E-07, -0.00983269232174062
1.75059828125E-07, -0.0110533994100203
1.7506178125E-07, -0.0141050686037431
1.75063734375E-07, -0.0126417575822166
1.750656875E-07, -0.0136475720380074
1.75067640625E-07, -0.0137612644415077
1.7506959375E-07, -0.0134148578117564
1.75071546875E-07, -0.0147223381516778
1.750735E-07, -0.0164807715172922
1.75075453125E-07, -0.0157462745712142
1.7507740625E-07, -0.0162226758637826
1.75079359375E-07, -0.0166490558839874
1.750813125E-07, -0.0174238533343607
1.75083265625E-07, -0.0182489386522536
1.7508521875E-07, -0.0200422212043321
1.75087171875E-07, -0.0182302672705367
1.75089125E-07, -0.0199798554282499
1.75091078125E-07, -0.0213533218025493
1.7509303125E-07, -0.0217438361534795
1.75094984375E-07, -0.0216683408950701
1.750969375E-07, -0.021891052040493
1.75098890625E-07, -0.0232461437872666
1.7510084375E-07, -0.0243324254993756
1.75102796875E-07, -0.0237217586643603
1.7510475E-07, -0.0236306447859367
1.75106703125E-07, -0.0248423975190022
1.7510865625E-07, -0.0250496040058601
1.75110609375E-07, -0.0262200253709759
1.751125625E-07, -0.027232044426717
1.75114515625E-07, -0.0241458133490649
1.7511646875E-07, -0.0273998444239935
1.75118421875E-07, -0.0260660182642654
1.75120375E-07, -0.0249494801511678
1.75122328125E-07, -0.0285141776342813
1.7512428125E-07, -0.0274204215561836
1.75126234375E-07, -0.0294804281770189
1.751281875E-07, -0.029271753290159
1.75130140625E-07, -0.0296369431598712
1.7513209375E-07, -0.027903095765427
1.75134046875E-07, -0.031286729434992
1.75136E-07, -0.029768012844724
1.75137953125E-07, -0.0308135511481341
1.7513990625E-07, -0.0304136273434953
1.75141859375E-07, -0.0312963581014379
1.751438125E-07, -0.0309381273320969
1.75145765625E-07, -0.0309926946705877
1.7514771875E-07, -0.0317230225517584
1.75149671875E-07, -0.0310598807111513
1.75151625E-07, -0.0327637045240449
1.75153578125E-07, -0.0318311772158075
1.7515553125E-07, -0.0320489307223096
1.75157484375E-07, -0.0318614000141813
1.751594375E-07, -0.0314583127123366
1.75161390625E-07, -0.0317175989867413
1.7516334375E-07, -0.0307156885188564
1.75165296875E-07, -0.032571499565277
1.7516725E-07, -0.033262925605768
1.75169203125E-07, -0.0324656933501566
1.7517115625E-07, -0.0310550653028698
1.75173109375E-07, -0.0319891490011906
1.751750625E-07, -0.0317772079554526
1.75177015625E-07, -0.03146266762099
1.7517896875E-07, -0.0311713885004097
1.75180921875E-07, -0.0313810623552699
1.75182875E-07, -0.0319093368450016
1.75184828125E-07, -0.0308131665374175
1.7518678125E-07, -0.0319936067437077
1.75188734375E-07, -0.0315557200840166
1.751906875E-07, -0.0305736927282569
1.75192640625E-07, -0.0308574261604858
1.7519459375E-07, -0.0309947140080043
1.75196546875E-07, -0.0298024826230137
1.751985E-07, -0.0297690452105113
1.75200453125E-07, -0.0304990798765103
1.7520240625E-07, -0.0299140059615606
1.75204359375E-07, -0.0280233384868997
1.752063125E-07, -0.0287330465840659
1.75208265625E-07, -0.0293936176071592
1.7521021875E-07, -0.0282973222859995
1.75212171875E-07, -0.0289982440705055
1.75214125E-07, -0.0270879030470473
1.75216078125E-07, -0.027429914236005
1.7521803125E-07, -0.027298853933435
1.75219984375E-07, -0.0273436915797744
1.752219375E-07, -0.0260303377666129
1.75223890625E-07, -0.0279838804843358
1.7522584375E-07, -0.0246939510144754
1.75227796875E-07, -0.0264530521765134
1.7522975E-07, -0.0263949087734182
1.75231703125E-07, -0.025966966214057
1.7523365625E-07, -0.025326917785972
1.75235609375E-07, -0.0259901745655147
1.752375625E-07, -0.0230114472557897
1.75239515625E-07, -0.0247434379698775
1.7524146875E-07, -0.0235264122456742
1.75243421875E-07, -0.0228912399049041
1.75245375E-07, -0.0209960214226642
1.75247328125E-07, -0.0234299040230973
1.7524928125E-07, -0.0229692070111977
1.75251234375E-07, -0.0215187630212885
1.752531875E-07, -0.0209581877672729
1.75255140625E-07, -0.0219586558979915
1.7525709375E-07, -0.0212370204995818
1.75259046875E-07, -0.0192343131703376
1.75261E-07, -0.0200284065110825
1.75262953125E-07, -0.0192703886313416
1.7526490625E-07, -0.0189707169890421
1.75266859375E-07, -0.0204956027970904
1.752688125E-07, -0.0191488871694093
1.75270765625E-07, -0.0177010189302727
1.7527271875E-07, -0.0174976248396059
1.75274671875E-07, -0.0162746275117371
1.75276625E-07, -0.017727068113802
1.75278578125E-07, -0.018096985002045
1.7528053125E-07, -0.0156850042539647
1.75282484375E-07, -0.016149670906934
1.752844375E-07, -0.0160492294897055
1.75286390625E-07, -0.0149870519544352
1.7528834375E-07, -0.0144192920713455
1.75290296875E-07, -0.0128188642318054
1.7529225E-07, -0.0136662856531785
1.75294203125E-07, -0.0140387301533695
1.7529615625E-07, -0.0133766936579655
1.75298109375E-07, -0.0129458783412406
1.753000625E-07, -0.0122407574994867
1.75302015625E-07, -0.0112019342813047
1.7530396875E-07, -0.0109864497304921
1.75305921875E-07, -0.00986873099427539
1.75307875E-07, -0.00893316911566726
1.75309828125E-07, -0.00977473044430567
1.7531178125E-07, -0.00941779155054113
1.75313734375E-07, -0.00966281570953413
1.753156875E-07, -0.00778681555414696
1.75317640625E-07, -0.00717249881072672
1.7531959375E-07, -0.00887162776029136
1.75321546875E-07, -0.00647939860618501
1.753235E-07, -0.00732157236939579
1.75325453125E-07, -0.00566754092855942
1.7532740625E-07, -0.00553643100137965
1.75329359375E-07, -0.0054256104844906
1.753313125E-07, -0.0044204827291422
1.75333265625E-07, -0.00567645433672083
1.7533521875E-07, -0.0045208084986764
1.75337171875E-07, -0.00290922598872306
1.75339125E-07, -0.00434959146973718
1.75341078125E-07, -0.00261692298851527
1.7534303125E-07, -0.00320812114213651
1.75344984375E-07, -0.00241861033279782
1.753469375E-07, -0.0025700693788408
1.75348890625E-07, -0.0017473188228118
1.7535084375E-07, -0.00124905259054783
1.75352796875E-07, -0.00041488277521358
1.7535475E-07, -0.00154037663088519
1.75356703125E-07, -0.000101728882400627
1.7535865625E-07, -0.00167768383510028
1.75360609375E-07, -0.0011792589302144
1.753625625E-07, 0.000390653742172254
1.75364515625E-07, -0.000319146119476612
1.7536646875E-07, 0.000667268857661003
1.75368421875E-07, 0.00110903366800552
1.75370375E-07, 0.00134651519042236
1.75372328125E-07, 0.00137517618013892
1.7537428125E-07, 0.00163098146211011
1.75376234375E-07, 0.000168370409065592
1.753781875E-07, 0.00208822426435037
1.75380140625E-07, 0.0025426176206944
1.7538209375E-07, 0.00287221537729689
1.75384046875E-07, 0.00218372567737331
1.75386E-07, 0.00282589196310889
1.75387953125E-07, 0.00299391973443608
1.7538990625E-07, 0.00304795503254536
1.75391859375E-07, 0.00303122142105932
1.753938125E-07, 0.00345578269182402
1.75395765625E-07, 0.00334478242067988
1.7539771875E-07, 0.00375765384429221
1.75399671875E-07, 0.00317436328095982
1.75401625E-07, 0.00432162210433478
1.75403578125E-07, 0.00402603666550253
1.7540553125E-07, 0.0038655282509115
1.75407484375E-07, 0.00467896878135091
1.754094375E-07, 0.00446038955361066
1.75411390625E-07, 0.00458036611228322
1.7541334375E-07, 0.00489790278114411
1.75415296875E-07, 0.00593810003703985
1.7541725E-07, 0.00511662883322151
1.75419203125E-07, 0.00575379481389707
1.7542115625E-07, 0.00543442972770882
1.75423109375E-07, 0.00585466502564872
1.754250625E-07, 0.00529790741072813
1.75427015625E-07, 0.00602762700521116
1.7542896875E-07, 0.00640586007286157
1.75430921875E-07, 0.00598499624248168
1.75432875E-07, 0.00656296736096202
1.75434828125E-07, 0.00682192193190034
1.7543678125E-07, 0.00745790379831707
1.75438734375E-07, 0.00832176981399177
1.754406875E-07, 0.0075392748450211
1.75442640625E-07, 0.00801093263435007
1.7544459375E-07, 0.0078945152568086
1.75446546875E-07, 0.00759518292258241
1.754485E-07, 0.00670924646995954
1.75450453125E-07, 0.00827209777443221
1.7545240625E-07, 0.00871082043855391
1.75454359375E-07, 0.00912712913195471
1.754563125E-07, 0.00950264036690664
1.75458265625E-07, 0.010085850326092
1.7546021875E-07, 0.00968070649481626
1.75462171875E-07, 0.00936069968753659
1.75464125E-07, 0.00943799208101753
1.75466078125E-07, 0.0110818844480233
1.7546803125E-07, 0.0110761562551923
1.75469984375E-07, 0.0107534489909087
1.754719375E-07, 0.0109366254048105
1.75473890625E-07, 0.0115435340463525
1.7547584375E-07, 0.0115814833904067
1.75477796875E-07, 0.0121656664205906
1.7547975E-07, 0.0110875591452633
1.75481703125E-07, 0.0125968642876003
1.7548365625E-07, 0.0126891099842222
1.75485609375E-07, 0.012685106232815
1.754875625E-07, 0.0123166112814809
1.75489515625E-07, 0.0128779089204154
1.7549146875E-07, 0.0143443500886617
1.75493421875E-07, 0.0128051374155322
1.75495375E-07, 0.0136483648245554
1.75497328125E-07, 0.0138085145251218
1.7549928125E-07, 0.0140891452395489
1.75501234375E-07, 0.0139752455426862
1.755031875E-07, 0.0136142913277512
1.75505140625E-07, 0.013910615041984
1.7550709375E-07, 0.0143146850594778
1.75509046875E-07, 0.0148878326094642
1.75511E-07, 0.0142424391410324
1.75512953125E-07, 0.0145801138793574
1.7551490625E-07, 0.0154130187479165
1.75516859375E-07, 0.0141673112431211
1.755188125E-07, 0.0146598467079964
1.75520765625E-07, 0.0145490750915185
1.7552271875E-07, 0.014984963341465
1.75524671875E-07, 0.01515926603919
1.75526625E-07, 0.0143311500288368
1.75528578125E-07, 0.0150806716949765
1.7553053125E-07, 0.0149919315039921
1.75532484375E-07, 0.0146697659049314
1.755344375E-07, 0.0152046487831261
1.75536390625E-07, 0.0138313871694514
1.7553834375E-07, 0.0141051172270916
1.75540296875E-07, 0.0144686803899935
1.7554225E-07, 0.0149253408131038
1.75544203125E-07, 0.0143917013714993
1.7554615625E-07, 0.0140253351391572
1.75548109375E-07, 0.0137767966964627
1.755500625E-07, 0.0140161926848583
1.75552015625E-07, 0.0130532071781454
1.7555396875E-07, 0.0128745670269107
1.75555921875E-07, 0.0134935705004154
1.75557875E-07, 0.0125436097599841
1.75559828125E-07, 0.0122917222701435
1.7556178125E-07, 0.0113965144532605
1.75563734375E-07, 0.0120319607260933
1.755656875E-07, 0.0130342281462708
1.75567640625E-07, 0.0117508070437901
1.7556959375E-07, 0.0113419868598509
1.75571546875E-07, 0.0113614256752203
1.755735E-07, 0.0107557673304392
1.75575453125E-07, 0.0100527272675651
1.7557740625E-07, 0.0109434007233819
1.75579359375E-07, 0.010116796492726
1.755813125E-07, 0.00879071179849067
1.75583265625E-07, 0.00953390669866771
1.7558521875E-07, 0.0097291984469574
1.75587171875E-07, 0.00940882590705177
1.75589125E-07, 0.00877051550920683
1.75591078125E-07, 0.00726253968502568
1.7559303125E-07, 0.00792950050155252
1.75594984375E-07, 0.008231811485693
1.755969375E-07, 0.00715538934667751
1.75598890625E-07, 0.00772930381149517
1.7560084375E-07, 0.00697901715053841
1.75602796875E-07, 0.00708280474132576
1.7560475E-07, 0.0064791726125659
1.75606703125E-07, 0.00623924958724339
1.7560865625E-07, 0.00588273189907272
1.75610609375E-07, 0.00639196728851403
1.756125625E-07, 0.0057665345592859
1.75614515625E-07, 0.0062126717645197
1.7561646875E-07, 0.00514066509009044
1.75618421875E-07, 0.0054180125209063
1.75620375E-07, 0.00600897181383114
1.75622328125E-07, 0.0051287541898364
1.7562428125E-07, 0.00514238058467634
1.75626234375E-07, 0.00412690068029481
1.756281875E-07, 0.0045504624481719
1.75630140625E-07, 0.00454431614827251
1.7563209375E-07, 0.00507658558206059
1.75634046875E-07, 0.00466565574314799
1.75636E-07, 0.00437327696596776
1.75637953125E-07, 0.00427796588379969
1.7563990625E-07, 0.00381679653458897
1.75641859375E-07, 0.00488172676424593
1.756438125E-07, 0.0037504405189159
1.75645765625E-07, 0.00377691251611634
1.7564771875E-07, 0.00453852956604485
1.75649671875E-07, 0.00424639433195785
1.75651625E-07, 0.00435003503496811
1.75653578125E-07, 0.00448805423958068
1.7565553125E-07, 0.00434357426549885
1.75657484375E-07, 0.00392496208006355
1.756594375E-07, 0.00427652313688115
1.75661390625E-07, 0.00439384037646555
1.7566334375E-07, 0.00457807778020436
1.75665296875E-07, 0.00481991629035971
1.7566725E-07, 0.00513662168029874
1.75669203125E-07, 0.00473238663768158
1.7567115625E-07, 0.00509745078049075
1.75673109375E-07, 0.00537437469528829
1.756750625E-07, 0.00495562919568211
1.75677015625E-07, 0.00549390584641017
1.7567896875E-07, 0.00506876690070023
1.75680921875E-07, 0.00545787451255305
1.75682875E-07, 0.00539979737081985
1.75684828125E-07, 0.00535369105102079
1.7568678125E-07, 0.00577530384440729
1.75688734375E-07, 0.00527915967488594
1.756906875E-07, 0.00545331171997977
1.75692640625E-07, 0.0067805498508483
1.7569459375E-07, 0.00606412226383954
1.75696546875E-07, 0.0062111537276652
1.756985E-07, 0.00693620399942283
1.75700453125E-07, 0.00585814646919257
1.7570240625E-07, 0.00658752689681695
1.75704359375E-07, 0.00720840626015123
1.757063125E-07, 0.00731313813425009
1.75708265625E-07, 0.00688040288493283
1.7571021875E-07, 0.00693854612775152
1.75712171875E-07, 0.00756641137318443
1.75714125E-07, 0.00760503229134933
1.75716078125E-07, 0.00771469170053767
1.7571803125E-07, 0.00749035513886563
1.75719984375E-07, 0.00784991173043459
1.757219375E-07, 0.00835806429504353
1.75723890625E-07, 0.00809397200620364
1.7572584375E-07, 0.00869273987271099
1.75727796875E-07, 0.00787073932005003
1.7572975E-07, 0.00821868795738957
1.75731703125E-07, 0.0086909373850831
1.7573365625E-07, 0.00899501298157742
1.75735609375E-07, 0.00858311370782865
1.757375625E-07, 0.00869480434807936
1.75739515625E-07, 0.00879553680936076
1.7574146875E-07, 0.00936488303748845
1.75743421875E-07, 0.00927415455256609
1.75745375E-07, 0.00933743383670073
1.75747328125E-07, 0.00910121393166351
1.7574928125E-07, 0.00944530795257746
1.75751234375E-07, 0.00991662935695072
1.757531875E-07, 0.00949953400485639
1.75755140625E-07, 0.0094779347757651
1.7575709375E-07, 0.0103619962802109
1.75759046875E-07, 0.0101677114987903
1.75761E-07, 0.0101250790864128
1.75762953125E-07, 0.01006065038867
1.7576490625E-07, 0.0100328308734108
1.75766859375E-07, 0.00992311968308335
1.757688125E-07, 0.0109038083568182
1.75770765625E-07, 0.0106760856521288
1.7577271875E-07, 0.0101827676309276
1.75774671875E-07, 0.01028516164928
1.75776625E-07, 0.0104912420382624
1.75778578125E-07, 0.0105880748303914
1.7578053125E-07, 0.0107516237235089
1.75782484375E-07, 0.0109309320979147
1.757844375E-07, 0.0108171634670326
1.75786390625E-07, 0.0107145550768659
1.7578834375E-07, 0.0112380219890273
1.75790296875E-07, 0.0113395786423296
1.7579225E-07, 0.0108342459760888
1.75794203125E-07, 0.0118730877742792
1.7579615625E-07, 0.0112823750269252
1.75798109375E-07, 0.0107636208947031
1.758000625E-07, 0.0114511622610296
1.75802015625E-07, 0.0121760655594304
1.7580396875E-07, 0.0117044924650444
1.75805921875E-07, 0.0114695885572263
1.75807875E-07, 0.0115169349689695
1.75809828125E-07, 0.0119074181945358
1.7581178125E-07, 0.0118394199585535
1.75813734375E-07, 0.0124198767604609
1.758156875E-07, 0.0124192753098804
1.75817640625E-07, 0.0120115842920059
1.7581959375E-07, 0.0124528609657159
1.75821546875E-07, 0.012506425751434
1.758235E-07, 0.012560775270397
1.75825453125E-07, 0.0119953389889823
1.7582740625E-07, 0.0126927538391164
1.75829359375E-07, 0.0126862128808013
1.758313125E-07, 0.012754289905345
1.75833265625E-07, 0.0122490705634702
1.7583521875E-07, 0.0121462605498285
1.75837171875E-07, 0.0127812228901512
1.75839125E-07, 0.0128363966185826
1.75841078125E-07, 0.0130087705026678
1.7584303125E-07, 0.0124407646727712
1.75844984375E-07, 0.0128377154857893
1.758469375E-07, 0.0134580357106235
1.75848890625E-07, 0.0128647547367881
1.7585084375E-07, 0.0133390293986116
1.75852796875E-07, 0.0128831059558567
1.7585475E-07, 0.0133141532595325
1.75856703125E-07, 0.0131107082069229
1.7585865625E-07, 0.0129788254893776
1.75860609375E-07, 0.0131943917217955
1.758625625E-07, 0.0137808064968769
1.75864515625E-07, 0.0119472370842913
1.7586646875E-07, 0.0137088760440621
1.75868421875E-07, 0.0133655967831144
1.75870375E-07, 0.0136212320699647
1.75872328125E-07, 0.0139085420032509
1.7587428125E-07, 0.0133215521449452
1.75876234375E-07, 0.0130003604594648
1.758781875E-07, 0.0127582298097204
1.75880140625E-07, 0.0126103909719492
1.7588209375E-07, 0.0127912066204793
1.75884046875E-07, 0.0132846267174775
1.75886E-07, 0.0131706316722979
1.75887953125E-07, 0.0128819635048286
1.7588990625E-07, 0.0128294528547185
1.75891859375E-07, 0.0117233849072603
1.758938125E-07, 0.0125790509483809
1.75895765625E-07, 0.0123213861616405
1.7589771875E-07, 0.0127420425997437
1.75899671875E-07, 0.0123248177547404
1.75901625E-07, 0.0129070258481853
1.75903578125E-07, 0.0122905404390448
1.7590553125E-07, 0.01074744428567
1.75907484375E-07, 0.0124785406071713
1.759094375E-07, 0.0124841503772721
1.75911390625E-07, 0.011322297001618
1.7591334375E-07, 0.0115934959704106
1.75915296875E-07, 0.0115284536585596
1.7591725E-07, 0.0115918776321426
1.75919203125E-07, 0.0115779261843978
1.7592115625E-07, 0.0110092542839994
1.75923109375E-07, 0.0110796213301491
1.759250625E-07, 0.0115376788422619
1.75927015625E-07, 0.010526003052332
1.7592896875E-07, 0.010600079728663
1.75930921875E-07, 0.00952504239702891
1.75932875E-07, 0.0104010516170919
1.75934828125E-07, 0.00996198711375248
1.7593678125E-07, 0.00881453809763732
1.75938734375E-07, 0.00782554662982423
1.759406875E-07, 0.00876329134221202
1.75942640625E-07, 0.00927697128135004
1.7594459375E-07, 0.00771262741451208
1.75946546875E-07, 0.00790218422553745
1.759485E-07, 0.00605065768665659
1.75950453125E-07, 0.00639768216197366
1.7595240625E-07, 0.00747569649940346
1.75954359375E-07, 0.00677595904913085
1.759563125E-07, 0.00578318928270473
1.75958265625E-07, 0.00652552161121142
1.7596021875E-07, 0.00578190692632712
1.75962171875E-07, 0.00434645026204393
1.75964125E-07, 0.00489922986489021
1.75966078125E-07, 0.00383728107751296
1.7596803125E-07, 0.00467630831859343
1.75969984375E-07, 0.00298774690863507
1.759719375E-07, 0.00288090161686178
1.75973890625E-07, 0.00322704901469032
1.7597584375E-07, 0.00187078570054417
1.75977796875E-07, 0.00249632979033335
1.7597975E-07, 0.00194825410432309
1.75981703125E-07, -0.000108042808350631
1.7598365625E-07, 0.000820171811627811
1.75985609375E-07, 0.000779091263807432
1.759875625E-07, -0.000135714277139529
1.75989515625E-07, -0.000498344572234967
1.7599146875E-07, -0.00109857367237841
1.75993421875E-07, -0.00134861506453264
1.75995375E-07, -0.00233244533292878
1.75997328125E-07, -0.0037281332597284
1.7599928125E-07, -0.00435190838225336
1.76001234375E-07, -0.00217928145288062
1.760031875E-07, -0.00286559496448418
1.76005140625E-07, -0.00298809708081315
1.7600709375E-07, -0.00445499325518576
1.76009046875E-07, -0.00448477251343987
1.76011E-07, -0.00434014307939674
1.76012953125E-07, -0.00523358917523029
1.7601490625E-07, -0.00710320656046045
1.76016859375E-07, -0.00702558254290632
1.760188125E-07, -0.00766765980531157
1.76020765625E-07, -0.00793409031891026
1.7602271875E-07, -0.00828786092198623
1.76024671875E-07, -0.00862073981865838
1.76026625E-07, -0.00979283441916417
1.76028578125E-07, -0.0105123411798676
1.7603053125E-07, -0.0100346435274497
1.76032484375E-07, -0.0110106518975687
1.760344375E-07, -0.0102783065958983
1.76036390625E-07, -0.0118158949957954
1.7603834375E-07, -0.0117838782967328
1.76040296875E-07, -0.0121554947537277
1.7604225E-07, -0.0123206136146994
1.76044203125E-07, -0.0133611252935566
1.7604615625E-07, -0.0132011840376397
1.76048109375E-07, -0.0143481077655088
1.760500625E-07, -0.0127728298113472
1.76052015625E-07, -0.0143786365055348
1.7605396875E-07, -0.014141968429847
1.76055921875E-07, -0.0124527108984313
1.76057875E-07, -0.0132881564682514
1.76059828125E-07, -0.0145385679153817
1.7606178125E-07, -0.0152672767504687
1.76063734375E-07, -0.0149467183964319
1.760656875E-07, -0.0159914684518344
1.76067640625E-07, -0.0153113121842187
1.7606959375E-07, -0.0158061796621984
1.76071546875E-07, -0.016024305128697
1.760735E-07, -0.0166660862523853
1.76075453125E-07, -0.0167373066608413
1.7607740625E-07, -0.0161641901948836
1.76079359375E-07, -0.0166169093376362
1.760813125E-07, -0.0167446907862465
1.76083265625E-07, -0.0163817372134399
1.7608521875E-07, -0.0160734265768166
1.76087171875E-07, -0.0170184802976494
1.76089125E-07, -0.0158583204924196
1.76091078125E-07, -0.0155162098281517
1.7609303125E-07, -0.0147089637140558
1.76094984375E-07, -0.0157656873694482
1.760969375E-07, -0.0159275158566091
1.76098890625E-07, -0.015124559994794
1.7610084375E-07, -0.0162899032239932
1.76102796875E-07, -0.0151978212379926
1.7610475E-07, -0.0148531685737066
1.76106703125E-07, -0.0143750898361986
1.7610865625E-07, -0.0140891866601982
1.76110609375E-07, -0.0141805123019171
1.761125625E-07, -0.0140574682953435
1.76114515625E-07, -0.0143665977684319
1.7611646875E-07, -0.0129405723143347
1.76118421875E-07, -0.0126713401531873
1.76120375E-07, -0.0133288432726553
1.76122328125E-07, -0.0115208208685305
1.7612428125E-07, -0.0118741741024188
1.76126234375E-07, -0.0115818124477908
1.761281875E-07, -0.010642050992408
1.76130140625E-07, -0.0112462205499685
1.7613209375E-07, -0.0105649628453204
1.76134046875E-07, -0.0110734774764102
1.76136E-07, -0.010477003379881
1.76137953125E-07, -0.00988769877050856
1.7613990625E-07, -0.0102565264577845
1.76141859375E-07, -0.00890880806688757
1.761438125E-07, -0.00785779580057914
1.76145765625E-07, -0.00851247769708145
1.7614771875E-07, -0.00854096497914708
1.76149671875E-07, -0.00875753595266597
1.76151625E-07, -0.00872952915721483
1.76153578125E-07, -0.00735629309779853
1.7615553125E-07, -0.00799604533175
1.76157484375E-07, -0.00737498280222367
1.761594375E-07, -0.00665118892817686
1.76161390625E-07, -0.00628943035686977
1.7616334375E-07, -0.00698509285065818
1.76165296875E-07, -0.00625578278169131
1.7616725E-07, -0.00606042255899907
1.76169203125E-07, -0.00596581016137469
1.7617115625E-07, -0.00606602028605264
1.76173109375E-07, -0.00450077546251088
1.761750625E-07, -0.00590078310396524
1.76177015625E-07, -0.0052027307562683
1.7617896875E-07, -0.00502314190649032
1.76180921875E-07, -0.00577448996205784
1.76182875E-07, -0.00516584948658896
1.76184828125E-07, -0.0051101716994425
1.7618678125E-07, -0.0057227478974333
1.76188734375E-07, -0.0049050271088577
1.761906875E-07, -0.00532644225949845
1.76192640625E-07, -0.00505220885518668
1.7619459375E-07, -0.00546142348178787
1.76196546875E-07, -0.00549571792669768
1.761985E-07, -0.00502244270903806
1.76200453125E-07, -0.00593650502753225
1.7620240625E-07, -0.00535244181246634
1.76204359375E-07, -0.00524498728636463
1.762063125E-07, -0.00642695796972215
1.76208265625E-07, -0.00549486695220097
1.7621021875E-07, -0.00668489717060764
1.76212171875E-07, -0.00666258939770763
1.76214125E-07, -0.00569862366518677
1.76216078125E-07, -0.00633102527391538
1.7621803125E-07, -0.00627558703629812
1.76219984375E-07, -0.00639534109589225
1.762219375E-07, -0.00702082696401492
1.76223890625E-07, -0.00730418229606511
1.7622584375E-07, -0.00694610366102236
1.76227796875E-07, -0.00754681000724786
1.7622975E-07, -0.00726822333936705
1.76231703125E-07, -0.00808874884453252
1.7623365625E-07, -0.00757299284832872
1.76235609375E-07, -0.00733675959924358
1.762375625E-07, -0.00785835563735449
1.76239515625E-07, -0.00819499213625762
1.7624146875E-07, -0.00802875550172872
1.76243421875E-07, -0.00875266723289386
1.76245375E-07, -0.00844584050930236
1.76247328125E-07, -0.00882739054017346
1.7624928125E-07, -0.00916313566491722
1.76251234375E-07, -0.00893035286368349
1.762531875E-07, -0.00912471765949695
1.76255140625E-07, -0.00864114061420061
1.7625709375E-07, -0.00942166373054055
1.76259046875E-07, -0.00954129499359723
1.76261E-07, -0.00958081445696755
1.76262953125E-07, -0.00907965216905098
1.7626490625E-07, -0.00919226322775234
1.76266859375E-07, -0.0101923960787575
1.762688125E-07, -0.00955098236184044
1.76270765625E-07, -0.00960998371431456
1.7627271875E-07, -0.0102212976860793
1.76274671875E-07, -0.00958496063412806
1.76276625E-07, -0.0104119977442251
1.76278578125E-07, -0.0104744095430745
1.7628053125E-07, -0.00952755491284527
1.76282484375E-07, -0.00992613422160446
1.762844375E-07, -0.00969321397314572
1.76286390625E-07, -0.00991433023291204
1.7628834375E-07, -0.0102559386561786
1.76290296875E-07, -0.0095851245796234
1.7629225E-07, -0.00936098539397862
1.76294203125E-07, -0.00965452377505341
1.7629615625E-07, -0.0100560406497505
1.76298109375E-07, -0.00974337545352569
1.763000625E-07, -0.00973570283981992
1.76302015625E-07, -0.0093124740727159
1.7630396875E-07, -0.00879369125258614
1.76305921875E-07, -0.00932237539862341
1.76307875E-07, -0.00954640089828741
1.76309828125E-07, -0.009182741788664
1.7631178125E-07, -0.00905399226580682
1.76313734375E-07, -0.00851849626427832
1.763156875E-07, -0.00894208412410426
1.76317640625E-07, -0.0082483553792727
1.7631959375E-07, -0.00828695981265802
1.76321546875E-07, -0.00817982565655825
1.763235E-07, -0.00809650284653005
1.76325453125E-07, -0.00810304187356732
1.7632740625E-07, -0.00775522916294648
1.76329359375E-07, -0.00713306839394756
1.763313125E-07, -0.00741758673970615
1.76333265625E-07, -0.00760508339818472
1.7633521875E-07, -0.00725746657876852
1.76337171875E-07, -0.00632713113096806
1.76339125E-07, -0.00707290873566283
1.76341078125E-07, -0.0069920948585395
1.7634303125E-07, -0.00635408710315991
1.76344984375E-07, -0.00578186335738458
1.763469375E-07, -0.00552074812749192
1.76348890625E-07, -0.00774933587637493
1.7635084375E-07, -0.00679245984266795
1.76352796875E-07, -0.00592087124394578
1.7635475E-07, -0.00532182831944501
1.76356703125E-07, -0.00557456130962261
1.7635865625E-07, -0.00499149373026782
1.76360609375E-07, -0.00594889490260521
1.763625625E-07, -0.00461206763405379
1.76364515625E-07, -0.00355531632451634
1.7636646875E-07, -0.00508695362890265
1.76368421875E-07, -0.00450394226394377
1.76370375E-07, -0.00403749165443846
1.76372328125E-07, -0.00484128868685052
1.7637428125E-07, -0.00571310329728643
1.76376234375E-07, -0.00455056970767867
1.763781875E-07, -0.00657453551311585
1.76380140625E-07, -0.00543329519464819
1.7638209375E-07, -0.00353916756066605
1.76384046875E-07, -0.00523675241248393
1.76386E-07, -0.00540107381610187
1.76387953125E-07, -0.00388545246489248
1.7638990625E-07, -0.00478138813297055
1.76391859375E-07, -0.00412736901695969
1.763938125E-07, -0.0053029858192341
1.76395765625E-07, -0.00348539394727816
1.7639771875E-07, -0.00388052207741149
1.76399671875E-07, -0.00326281855540357
1.76401625E-07, -0.00385996970812143
1.76403578125E-07, -0.00350944679884427
1.7640553125E-07, -0.00328656517879691
1.76407484375E-07, -0.00300327200340271
1.764094375E-07, -0.00352780416189177
1.76411390625E-07, -0.00305789005225991
1.7641334375E-07, -0.00352931205321729
1.76415296875E-07, -0.00261253378234623
1.7641725E-07, -0.00272073507550429
1.76419203125E-07, -0.00367239933389283
1.7642115625E-07, -0.00290157708141124
1.76423109375E-07, -0.00498656060446417
1.764250625E-07, -0.00297355356645392
1.76427015625E-07, -0.00343491508475148
1.7642896875E-07, -0.0027310606644597
1.76430921875E-07, -0.00313843538516657
1.76432875E-07, -0.00436951836488672
1.76434828125E-07, -0.00390760115739274
1.7643678125E-07, -0.00251280734590925
1.76438734375E-07, -0.00322660787064919
1.764406875E-07, -0.00353265309036003
1.76442640625E-07, -0.00312898233963285
1.7644459375E-07, -0.0031019677161328
1.76446546875E-07, -0.00413563805661428
1.764485E-07, -0.00337969107965441
1.76450453125E-07, -0.00387522671642415
1.7645240625E-07, -0.00467748505366113
1.76454359375E-07, -0.0034698352524504
1.764563125E-07, -0.00366365006370949
1.76458265625E-07, -0.0039911475862671
1.7646021875E-07, -0.00340009021064186
1.76462171875E-07, -0.00317334384672089
1.76464125E-07, -0.00405979945504568
1.76466078125E-07, -0.00334827213724157
1.7646803125E-07, -0.00317051009797425
1.76469984375E-07, -0.003372190774832
1.764719375E-07, -0.00278732971248288
1.76473890625E-07, -0.00419666254204645
1.7647584375E-07, -0.00358968153892794
1.76477796875E-07, -0.00353740266985418
1.7647975E-07, -0.00400136987360016
1.76481703125E-07, -0.00389735943742205
1.7648365625E-07, -0.00322486366629752
1.76485609375E-07, -0.00365675927748651
1.764875625E-07, -0.00386511949478608
1.76489515625E-07, -0.00263177595863525
1.7649146875E-07, -0.00272208688014181
1.76493421875E-07, -0.00347594851609739
1.76495375E-07, -0.00240071012849585
1.76497328125E-07, -0.00298434884811164
1.7649928125E-07, -0.00297378622773301
1.76501234375E-07, -0.00377949605479037
1.765031875E-07, -0.0038808601894997
1.76505140625E-07, -0.00313048657324276
1.7650709375E-07, -0.00315435938713359
1.76509046875E-07, -0.00251098067808119
1.76511E-07, -0.00390232231182954
1.76512953125E-07, -0.00250423641101979
1.7651490625E-07, -0.0029373386699515
1.76516859375E-07, -0.00307361933460465
1.765188125E-07, -0.00320342738142945
1.76520765625E-07, -0.00252685462272064
1.7652271875E-07, -0.00273303901875849
1.76524671875E-07, -0.00300740314439606
1.76526625E-07, -0.00277588408503887
1.76528578125E-07, -0.00247149360642338
1.7653053125E-07, -0.00198595647000739
1.76532484375E-07, -0.0019242414945066
1.765344375E-07, -0.0027541774054929
1.76536390625E-07, -0.00241936305193828
1.7653834375E-07, -0.00220897531124
1.76540296875E-07, -0.00188023561021658
1.7654225E-07, -0.0018514185752868
1.76544203125E-07, -0.00258732251712308
1.7654615625E-07, -0.00251960713441989
1.76548109375E-07, -0.00287614354338817
1.765500625E-07, -0.00276595306390151
1.76552015625E-07, -0.00226632761223327
1.7655396875E-07, -0.00319322944255766
1.76555921875E-07, -0.00206155690736674
1.76557875E-07, -0.00276108556704042
1.76559828125E-07, -0.0027091597832488
1.7656178125E-07, -0.00280106963215441
1.76563734375E-07, -0.00229329714778083
1.765656875E-07, -0.00223684792120037
1.76567640625E-07, -0.00249760878364376
1.7656959375E-07, -0.00190830075593766
1.76571546875E-07, -0.00263561373569651
1.765735E-07, -0.00273934135691574
1.76575453125E-07, -0.00253135258152398
1.7657740625E-07, -0.00197246365199708
1.76579359375E-07, -0.00285676619703335
1.765813125E-07, -0.00278829176379892
1.76583265625E-07, -0.00281798336239275
1.7658521875E-07, -0.00274576111374426
1.76587171875E-07, -0.00285293618922293
1.76589125E-07, -0.00261104750783477
1.76591078125E-07, -0.00272556948804726
1.7659303125E-07, -0.00300826324745168
1.76594984375E-07, -0.00252163639087699
1.765969375E-07, -0.00292353613343838
1.76598890625E-07, -0.0025564971319014
1.7660084375E-07, -0.00284350929200935
1.76602796875E-07, -0.00305282724059227
1.7660475E-07, -0.00238231534718961
1.76606703125E-07, -0.00247367733284696
1.7660865625E-07, -0.00229581707786275
1.76610609375E-07, -0.00231848728751814
1.766125625E-07, -0.00227438342146178
1.76614515625E-07, -0.00284582366514463
1.7661646875E-07, -0.00207736640845139
1.76618421875E-07, -0.00202927412819714
1.76620375E-07, -0.00207026460362129
1.76622328125E-07, -0.00305793521597941
1.7662428125E-07, -0.00215133585869468
1.76626234375E-07, -0.00172202669769737
1.766281875E-07, -0.00232409617965256
1.76630140625E-07, -0.00317430600229042
1.7663209375E-07, -0.00223862603101108
1.76634046875E-07, -0.0030868544295503
1.76636E-07, -0.0021278979100119
1.76637953125E-07, -0.00236126328231357
1.7663990625E-07, -0.00161106233980524
1.76641859375E-07, -0.00168913591536633
1.766438125E-07, -0.00200781695948365
1.76645765625E-07, -0.0023265339127611
1.7664771875E-07, -0.00244025302747238
1.76649671875E-07, -0.00321986184861154
1.76651625E-07, -0.00175591308439831
1.76653578125E-07, -0.00237016037475948
1.7665553125E-07, -0.00268289788032933
1.76657484375E-07, -0.00225252888090915
1.766594375E-07, -0.00222257917865792
1.76661390625E-07, -0.00281290158641665
1.7666334375E-07, -0.00158551591872828
1.76665296875E-07, -0.00189470831886784
1.7666725E-07, -0.00176037280809163
1.76669203125E-07, -0.00213357351639325
1.7667115625E-07, -0.00264191400973839
1.76673109375E-07, -0.00133324236536706
1.766750625E-07, -0.00164557701301486
1.76677015625E-07, -0.0020201135757063
1.7667896875E-07, -0.00256535287236972
1.76680921875E-07, -0.00180687707929903
1.76682875E-07, -0.00122394946514769
1.76684828125E-07, -0.00242101848786074
1.7668678125E-07, -0.00199845284528362
1.76688734375E-07, -0.00126635956068837
1.766906875E-07, -0.00241001021536903
1.76692640625E-07, -0.00161404330224593
1.7669459375E-07, -0.00131235059957339
1.76696546875E-07, -0.00173814859998384
1.766985E-07, -0.00170395646576335
1.76700453125E-07, -0.00182256555370651
1.7670240625E-07, -0.00164601936683524
1.76704359375E-07, -0.00161810357439643
1.767063125E-07, -0.00171107047559276
1.76708265625E-07, -0.00197877965537304
1.7671021875E-07, -0.00196654930183301
1.76712171875E-07, -0.00195660086395744
1.76714125E-07, -0.00183009803201588
1.76716078125E-07, -0.00192936500844683
1.7671803125E-07, -0.00173427540571818
1.76719984375E-07, -0.00167460740970671
1.767219375E-07, -0.00216320326377872
1.76723890625E-07, -0.00178936789701582
1.7672584375E-07, -0.00171615343070805
1.76727796875E-07, -0.00195126915589726
1.7672975E-07, -0.00187298634894049
1.76731703125E-07, -0.00254833504840543
1.7673365625E-07, -0.00208212448964284
1.76735609375E-07, -0.00194021283692943
1.767375625E-07, -0.00198012965441333
1.76739515625E-07, -0.00216748319463814
1.7674146875E-07, -0.00206246962363124
1.76743421875E-07, -0.00195646266935621
1.76745375E-07, -0.00211044821097423
1.76747328125E-07, -0.00205008315191616
1.7674928125E-07, -0.0019529341519085
1.76751234375E-07, -0.00241969820097045
1.767531875E-07, -0.00165352889727908
1.76755140625E-07, -0.00223876765926963
1.7675709375E-07, -0.0020408426492434
1.76759046875E-07, -0.00176243776199214
1.76761E-07, -0.00212211060171971
1.76762953125E-07, -0.00205563888979635
1.7676490625E-07, -0.00154276401238343
1.76766859375E-07, -0.00177487175627408
1.767688125E-07, -0.00161230613090044
1.76770765625E-07, -0.0018433367332835
1.7677271875E-07, -0.00133450825587936
1.76774671875E-07, -0.00154012274050865
1.76776625E-07, -0.000611763478224266
1.76778578125E-07, -0.00144920514258582
1.7678053125E-07, -0.000624717438235544
1.76782484375E-07, -0.000422691283315262
1.767844375E-07, -0.000775768242616587
1.76786390625E-07, -0.000625917823465939
1.7678834375E-07, -0.000550369747181477
1.76790296875E-07, 0.000467147712890457
1.7679225E-07, -0.000148164977641959
1.76794203125E-07, 0.000675667432563337
1.7679615625E-07, 0.00016853973014476
1.76798109375E-07, 0.000559076458585658
1.768000625E-07, 0.000950718458792804
1.76802015625E-07, 0.00128237895050862
1.7680396875E-07, 0.00149751871053988
1.76805921875E-07, 0.00183640592675562
1.76807875E-07, 0.0017091260038215
1.76809828125E-07, 0.00108845344372499
1.7681178125E-07, 0.00267635672423223
1.76813734375E-07, 0.00283496672596417
1.768156875E-07, 0.00237554617721771
1.76817640625E-07, 0.00349618500546774
1.7681959375E-07, 0.00317341639888258
1.76821546875E-07, 0.0020690776312095
1.768235E-07, 0.00348255413044241
1.76825453125E-07, 0.00392539131527495
1.7682740625E-07, 0.00452209031847738
1.76829359375E-07, 0.0042565703155277
1.768313125E-07, 0.0044292427983901
1.76833265625E-07, 0.0048926332293186
1.7683521875E-07, 0.00548867856795367
1.76837171875E-07, 0.0052683075222654
1.76839125E-07, 0.00489038965815793
1.76841078125E-07, 0.00501277552963655
1.7684303125E-07, 0.00598153133236014
1.76844984375E-07, 0.00592247236932682
1.768469375E-07, 0.00596500587015358
1.76848890625E-07, 0.00487817606787906
1.7685084375E-07, 0.00544844757299546
1.76852796875E-07, 0.00530489055606214
1.7685475E-07, 0.00532930346689054
1.76856703125E-07, 0.00591553215332553
1.7685865625E-07, 0.00511246344782264
1.76860609375E-07, 0.00532425151530679
1.768625625E-07, 0.00562965181405548
1.76864515625E-07, 0.00596511011360968
1.7686646875E-07, 0.00597950250820127
1.76868421875E-07, 0.00484377598205539
1.76870375E-07, 0.00483906672282919
1.76872328125E-07, 0.00476920446475151
1.7687428125E-07, 0.00507864914790981
1.76876234375E-07, 0.00497177497404155
1.768781875E-07, 0.00410685678708679
1.76880140625E-07, 0.00439871034926128
1.7688209375E-07, 0.00363952860622223
1.76884046875E-07, 0.00363917510401232
1.76886E-07, 0.00333650579216062
1.76887953125E-07, 0.00318427254890215
1.7688990625E-07, 0.00275426618372915
1.76891859375E-07, 0.00266687827068484
1.768938125E-07, 0.0024708546774081
1.76895765625E-07, 0.00279189443028904
1.7689771875E-07, 0.00276959482071326
1.76899671875E-07, 0.00181020653494654
1.76901625E-07, 0.00195826714565543
1.76903578125E-07, 0.00131986535888712
1.7690553125E-07, 0.00139927750308148
1.76907484375E-07, 0.000910663023031241
1.769094375E-07, 0.000480614874378291
1.76911390625E-07, 0.000146384917197114
1.7691334375E-07, 0.000331323252641524
1.76915296875E-07, -0.000314791961219036
1.7691725E-07, -0.000711351952211943
1.76919203125E-07, -0.00110109269782744
1.7692115625E-07, -0.000411097365757289
1.76923109375E-07, -0.000120724078619038
1.769250625E-07, -0.00172174537758888
1.76927015625E-07, -0.00194868852704289
1.7692896875E-07, -0.00120763905172098
1.76930921875E-07, -0.00172922872747473
1.76932875E-07, -0.00213815496601248
1.76934828125E-07, -0.00214737103043203
1.7693678125E-07, -0.00255464863645517
1.76938734375E-07, -0.00227794133605464
1.769406875E-07, -0.00140102304628561
1.76942640625E-07, -0.00170893836346061
1.7694459375E-07, -0.00252547317120207
1.76946546875E-07, -0.00230155202797425
1.769485E-07, -0.00335099025247452
1.76950453125E-07, -0.00275538879183179
1.7695240625E-07, -0.00178746173621505
1.76954359375E-07, -0.00230564687403321
1.769563125E-07, -0.00210049128039452
1.76958265625E-07, -0.00185346751767536
1.7696021875E-07, -0.00233719085462951
1.76962171875E-07, -0.00189239633997455
1.76964125E-07, -0.00171099557053358
1.76966078125E-07, -0.00221722055285695
1.7696803125E-07, -0.000810264615856039
1.76969984375E-07, -0.00183040447751254
1.769719375E-07, -0.000749702916041222
1.76973890625E-07, -0.00045014098164525
1.7697584375E-07, -0.000904591590873996
1.76977796875E-07, -0.00132922735831653
1.7697975E-07, -0.00066116701999774
1.76981703125E-07, 0.000175854919491791
1.7698365625E-07, 6.08538190179804E-05
1.76985609375E-07, 0.000552611308157453
1.769875625E-07, 0.00111083492303262
1.76989515625E-07, 0.000784068256666588
1.7699146875E-07, 3.14544298930778E-05
1.76993421875E-07, 0.000865042646769992
1.76995375E-07, 2.74560523090888E-05
1.76997328125E-07, 0.000693832667468743
1.7699928125E-07, 0.000361548647672694
1.77001234375E-07, 0.00172501749673591
1.770031875E-07, 0.00275952282838798
1.77005140625E-07, 0.00247865773803517
1.7700709375E-07, 0.00135980530924726
1.77009046875E-07, 0.00298660934766017
1.77011E-07, 0.00276440429152949
1.77012953125E-07, 0.00276602032771078
1.7701490625E-07, 0.00290533490028059
1.77016859375E-07, 0.00279206868846693
1.770188125E-07, 0.00313643763843457
1.77020765625E-07, 0.00291079156433934
1.7702271875E-07, 0.00364477023602058
1.77024671875E-07, 0.00323823875447114
1.77026625E-07, 0.00430339683778616
1.77028578125E-07, 0.00341972727635496
1.7703053125E-07, 0.0043545859650371
1.77032484375E-07, 0.00375512151399103
1.770344375E-07, 0.00390284699638152
1.77036390625E-07, 0.00360929348841413
1.7703834375E-07, 0.0038000542367242
1.77040296875E-07, 0.00484119756543284
1.7704225E-07, 0.0039198271263897
1.77044203125E-07, 0.00433564550527862
1.7704615625E-07, 0.00384689843399579
1.77048109375E-07, 0.00520468195936784
1.770500625E-07, 0.00407391527171894
1.77052015625E-07, 0.00433370744006199
1.7705396875E-07, 0.00477392584025611
1.77055921875E-07, 0.00455335655485979
1.77057875E-07, 0.0038149519221928
1.77059828125E-07, 0.00448860863062969
1.7706178125E-07, 0.00423669060759075
1.77063734375E-07, 0.00446823321551908
1.770656875E-07, 0.00435946354067459
1.77067640625E-07, 0.00448114337699538
1.7706959375E-07, 0.00437819533659335
1.77071546875E-07, 0.00449196697755684
1.770735E-07, 0.00403663014937328
1.77075453125E-07, 0.00380501779008812
1.7707740625E-07, 0.00370834816641266
1.77079359375E-07, 0.00418708760867057
1.770813125E-07, 0.00417809926470397
1.77083265625E-07, 0.00407728806678799
1.7708521875E-07, 0.00438652380670763
1.77087171875E-07, 0.00430314558948838
1.77089125E-07, 0.00459647420190622
1.77091078125E-07, 0.00466917889305674
1.7709303125E-07, 0.00400749423735484
1.77094984375E-07, 0.00440480704173053
1.770969375E-07, 0.00434015773183063
1.77098890625E-07, 0.00501164970533805
1.7710084375E-07, 0.00468602856794117
1.77102796875E-07, 0.00462470172402731
1.7710475E-07, 0.00516639423825973
1.77106703125E-07, 0.00381569034443427
1.7710865625E-07, 0.00531725459118445
1.77110609375E-07, 0.00455977931704639
1.771125625E-07, 0.00475092632959214
1.77114515625E-07, 0.00457259932029736
1.7711646875E-07, 0.00550909359281259
1.77118421875E-07, 0.0050793961576473
1.77120375E-07, 0.00585417170170535
1.77122328125E-07, 0.00569140229407699
1.7712428125E-07, 0.00559085286919341
1.77126234375E-07, 0.00533972571762536
1.771281875E-07, 0.00684480195555085
1.77130140625E-07, 0.00566462175599526
1.7713209375E-07, 0.00580914323017729
1.77134046875E-07, 0.00712204615353646
1.77136E-07, 0.0068278807090031
1.77137953125E-07, 0.00657651258902458
1.7713990625E-07, 0.00699849466803423
1.77141859375E-07, 0.006331537082669
1.771438125E-07, 0.0073153147402159
1.77145765625E-07, 0.00722444311512122
1.7714771875E-07, 0.00775435862331413
1.77149671875E-07, 0.00713217260732827
1.77151625E-07, 0.00672414092776144
1.77153578125E-07, 0.00784281528297112
1.7715553125E-07, 0.00833080568383766
1.77157484375E-07, 0.00857862636694532
1.771594375E-07, 0.008076113601668
1.77161390625E-07, 0.00737327311768127
1.7716334375E-07, 0.00808986884394298
1.77165296875E-07, 0.00818216014130128
1.7716725E-07, 0.00821969198306686
1.77169203125E-07, 0.00952084010580918
1.7717115625E-07, 0.00815649758156828
1.77173109375E-07, 0.00899031828770792
1.771750625E-07, 0.0088327857737566
1.77177015625E-07, 0.00983604944110862
1.7717896875E-07, 0.00960674568961507
1.77180921875E-07, 0.00896479874809298
1.77182875E-07, 0.00919673618228316
1.77184828125E-07, 0.0098601342402459
1.7718678125E-07, 0.00894235467298691
1.77188734375E-07, 0.00905296368945947
1.771906875E-07, 0.0095246092546742
1.77192640625E-07, 0.00950597864791903
1.7719459375E-07, 0.0100641767791404
1.77196546875E-07, 0.00910110683744015
1.771985E-07, 0.00966512421207904
1.77200453125E-07, 0.00850189515272422
1.7720240625E-07, 0.00907373536422951
1.77204359375E-07, 0.00822807890638675
1.772063125E-07, 0.00960209969658644
1.77208265625E-07, 0.00851380668163196
1.7721021875E-07, 0.00896682453809933
1.77212171875E-07, 0.00928795849628873
1.77214125E-07, 0.0096193962686069
1.77216078125E-07, 0.00817546560324443
1.7721803125E-07, 0.00893146811060587
1.77219984375E-07, 0.00838798396766107
1.772219375E-07, 0.00873619977913308
1.77223890625E-07, 0.00789554691832945
1.7722584375E-07, 0.00823617320105696
1.77227796875E-07, 0.00884949564228824
1.7722975E-07, 0.00789747634117558
1.77231703125E-07, 0.00828168639699053
1.7723365625E-07, 0.00780135166338316
1.77235609375E-07, 0.00826712555459211
1.772375625E-07, 0.00758501317424536
1.77239515625E-07, 0.00824284439507122
1.7724146875E-07, 0.00704865550405335
1.77243421875E-07, 0.00673687693100682
1.77245375E-07, 0.00753788850911697
1.77247328125E-07, 0.00702315317360565
1.7724928125E-07, 0.00751513171785525
1.77251234375E-07, 0.00574106780174805
1.772531875E-07, 0.00678390947733339
1.77255140625E-07, 0.00678580934186818
1.7725709375E-07, 0.00757771589834462
1.77259046875E-07, 0.00588091536570813
1.77261E-07, 0.00603967434633815
1.77262953125E-07, 0.00593108728488589
1.7726490625E-07, 0.00584134943981884
1.77266859375E-07, 0.00558600113403475
1.772688125E-07, 0.00552706387484109
1.77270765625E-07, 0.00562479036832752
1.7727271875E-07, 0.00502837345863163
1.77274671875E-07, 0.00553008149445491
1.77276625E-07, 0.00556094798039109
1.77278578125E-07, 0.00501613530981632
1.7728053125E-07, 0.00464772534081796
1.77282484375E-07, 0.00455035267295509
1.772844375E-07, 0.0048018392929348
1.77286390625E-07, 0.00490263860154886
1.7728834375E-07, 0.00401612812223835
1.77290296875E-07, 0.0041727643890256
1.7729225E-07, 0.00369307886762966
1.77294203125E-07, 0.00356699317128557
1.7729615625E-07, 0.0040435804873751
1.77298109375E-07, 0.00354325563905978
1.773000625E-07, 0.00345579213651562
1.77302015625E-07, 0.0034291830146632
1.7730396875E-07, 0.00268362429152107
1.77305921875E-07, 0.00320803905272577
1.77307875E-07, 0.00231785043647885
1.77309828125E-07, 0.00322291924833418
1.7731178125E-07, 0.00164385594690357
1.77313734375E-07, 0.00241497147909097
1.773156875E-07, 0.000497796285353789
1.77317640625E-07, 0.00155298990093354
1.7731959375E-07, 0.00228853543471471
1.77321546875E-07, 0.00174628845027776
1.773235E-07, 0.00119497680001093
1.77325453125E-07, 0.00140044619708566
1.7732740625E-07, 0.00120131498575441
1.77329359375E-07, 0.00092256075391431
1.773313125E-07, 0.00114739098974522
1.77333265625E-07, 0.000871183279985451
1.7733521875E-07, 0.00105637227513458
1.77337171875E-07, 0.000362950566958589
1.77339125E-07, -0.000232384131445727
1.77341078125E-07, -0.000184551823412222
1.7734303125E-07, -0.000501467866817286
1.77344984375E-07, 0.000797612434477992
1.773469375E-07, 0.000827837274362654
1.77348890625E-07, -0.000645051104972355
1.7735084375E-07, -0.00130391597308353
1.77352796875E-07, -0.000505290709050081
1.7735475E-07, -0.000671908915710641
1.77356703125E-07, -0.000837463035484591
1.7735865625E-07, -0.00167750385098856
1.77360609375E-07, -0.00162533588068708
1.773625625E-07, -0.000643395998349219
1.77364515625E-07, -0.00177819627006433
1.7736646875E-07, -0.0015698218485523
1.77368421875E-07, -0.00237538655544031
1.77370375E-07, -0.0017025709509746
1.77372328125E-07, -0.000260859829621939
1.7737428125E-07, -0.00142969879302763
1.77376234375E-07, -0.00192814566159171
1.773781875E-07, -0.00232423056683001
1.77380140625E-07, -0.00306602431059794
1.7738209375E-07, -0.00115345570050093
1.77384046875E-07, -0.00207992061468372
1.77386E-07, -0.00248305500319591
1.77387953125E-07, -0.00346841317552395
1.7738990625E-07, -0.00361319851676582
1.77391859375E-07, -0.00225748039224101
1.773938125E-07, -0.00345601220315083
1.77395765625E-07, -0.00262166029213953
1.7739771875E-07, -0.00314767173232992
1.77399671875E-07, -0.00235582791119229
1.77401625E-07, -0.0042148991560743
1.77403578125E-07, -0.00257062075817413
1.7740553125E-07, -0.00339853589897529
1.77407484375E-07, -0.00267547927178831
1.774094375E-07, -0.00406678702203795
1.77411390625E-07, -0.00391262641084724
1.7741334375E-07, -0.00366031875167737
1.77415296875E-07, -0.00304489726599979
1.7741725E-07, -0.00346353750282605
1.77419203125E-07, -0.00330014347490421
1.7742115625E-07, -0.00433225026196535
1.77423109375E-07, -0.00311998904103825
1.774250625E-07, -0.00397790333197723
1.77427015625E-07, -0.00413271796020673
1.7742896875E-07, -0.00329562724033883
1.77430921875E-07, -0.00356732222692961
1.77432875E-07, -0.00483835358914353
1.77434828125E-07, -0.00416956873118626
1.7743678125E-07, -0.0037017386968747
1.77438734375E-07, -0.00415345600211498
1.774406875E-07, -0.00399394874483044
1.77442640625E-07, -0.0045885059547171
1.7744459375E-07, -0.00489801640879832
1.77446546875E-07, -0.00443403887731863
1.774485E-07, -0.00411074066571725
1.77450453125E-07, -0.0036945479250577
1.7745240625E-07, -0.00426490574895303
1.77454359375E-07, -0.00404064250237097
1.774563125E-07, -0.00480276223705847
1.77458265625E-07, -0.00404645153442767
1.7746021875E-07, -0.00493762760615936
1.77462171875E-07, -0.00409220242866714
1.77464125E-07, -0.00469427670561946
1.77466078125E-07, -0.00508313106932256
1.7746803125E-07, -0.00396149271567678
1.77469984375E-07, -0.00432886814411602
1.774719375E-07, -0.00487842118089
1.77473890625E-07, -0.00463943287432144
1.7747584375E-07, -0.00437821386367871
1.77477796875E-07, -0.00412306899703941
1.7747975E-07, -0.00340131165675702
1.77481703125E-07, -0.00461209273646491
1.7748365625E-07, -0.00428704755631355
1.77485609375E-07, -0.00452036247489453
1.774875625E-07, -0.00395791975292462
1.77489515625E-07, -0.0033619199086788
1.7749146875E-07, -0.00450677783421838
1.77493421875E-07, -0.00392367321311084
1.77495375E-07, -0.00391849520466085
1.77497328125E-07, -0.00436954528658972
1.7749928125E-07, -0.00385042123113687
1.77501234375E-07, -0.00443446452767949
1.775031875E-07, -0.00416019278769768
1.77505140625E-07, -0.00427373639990904
1.7750709375E-07, -0.00415409159018554
1.77509046875E-07, -0.00435973199140556
1.77511E-07, -0.00370426608590697
1.77512953125E-07, -0.004713015896802
1.7751490625E-07, -0.00486980699494141
1.77516859375E-07, -0.00414019996757226
1.775188125E-07, -0.00399453580813003
1.77520765625E-07, -0.00407486315518594
1.7752271875E-07, -0.00481044930285195
1.77524671875E-07, -0.00401752222507651
1.77526625E-07, -0.00432508102839131
1.77528578125E-07, -0.00328149260488114
1.7753053125E-07, -0.00345466188184072
1.77532484375E-07, -0.00381954680677657
1.775344375E-07, -0.00454519440986599
1.77536390625E-07, -0.00326662765768836
1.7753834375E-07, -0.00460811821522074
1.77540296875E-07, -0.00388561866403429
1.7754225E-07, -0.00338080286694916
1.77544203125E-07, -0.00286345240149589
1.7754615625E-07, -0.00335447129590657
1.77548109375E-07, -0.00319821457052138
1.775500625E-07, -0.00377480767234632
1.77552015625E-07, -0.00269382809124756
1.7755396875E-07, -0.00376786153026432
1.77555921875E-07, -0.00368200965298222
1.77557875E-07, -0.00394601172911456
1.77559828125E-07, -0.00330099252610346
1.7756178125E-07, -0.00299889316698317
1.77563734375E-07, -0.00228926794471069
1.775656875E-07, -0.00333437217156794
1.77567640625E-07, -0.00335749655529584
1.7756959375E-07, -0.00339805119227058
1.77571546875E-07, -0.00269641985156955
1.775735E-07, -0.00271072145228474
1.77575453125E-07, -0.00315265446134684
1.7757740625E-07, -0.0031799453263246
1.77579359375E-07, -0.0032142900077772
1.775813125E-07, -0.00306788162638479
1.77583265625E-07, -0.0026246196556006
1.7758521875E-07, -0.00276633060851371
1.77587171875E-07, -0.00334462769157066
1.77589125E-07, -0.00258325930812106
1.77591078125E-07, -0.00277502780617395
1.7759303125E-07, -0.00291034655431197
1.77594984375E-07, -0.002787747000972
1.775969375E-07, -0.00291785880967216
1.77598890625E-07, -0.00285475639229126
1.7760084375E-07, -0.00274262688688468
1.77602796875E-07, -0.00306375714258066
1.7760475E-07, -0.00287702861844472
1.77606703125E-07, -0.00251613631588663
1.7760865625E-07, -0.00282288896264035
1.77610609375E-07, -0.00211958152598501
1.776125625E-07, -0.00214995157958065
1.77614515625E-07, -0.00284195643804098
1.7761646875E-07, -0.00181313069535963
1.77618421875E-07, -0.00232711100172956
1.77620375E-07, -0.00291644396347608
1.77622328125E-07, -0.00315766214662237
1.7762428125E-07, -0.0024434090990539
1.77626234375E-07, -0.00258813798036346
1.776281875E-07, -0.0032110291943716
1.77630140625E-07, -0.00258058888405655
1.7763209375E-07, -0.00322196927402008
1.77634046875E-07, -0.00302045042880998


