File Format, WaveformXYValues
Format Version, 1
Instrument, N1045A,04F,LOJ
SwVersion, A.06.71.21
SerialNumber, MY56260108
Date, 11/29/2023 14:36:59 GMT+08:00

Source Name, Channel 1A

Points, 2048
Signal Type, Unspecified
Channel Bandwidth, 2E+10
Channel Noise, 6.66857143682292E-05
X Units, Second
Y Units, Volt
Data, 
1.73636E-07, -0.00128281203362094
1.73637953125E-07, -0.000974163234056894
1.7363990625E-07, -0.00124236109594144
1.73641859375E-07, -0.00178257000994073
1.736438125E-07, -0.00188341861359184
1.73645765625E-07, -0.00174038282357517
1.7364771875E-07, -0.00135591914759345
1.73649671875E-07, -0.00136490570238166
1.73651625E-07, -0.00152376729200759
1.73653578125E-07, -0.00178527181800243
1.7365553125E-07, -0.00132561605740257
1.73657484375E-07, -0.0018379067258064
1.736594375E-07, -0.00118225634385256
1.73661390625E-07, -0.00199506330414487
1.7366334375E-07, -0.00154096954505821
1.73665296875E-07, -0.00177992008990054
1.7366725E-07, -0.00176671642607424
1.73669203125E-07, -0.00171839154285149
1.7367115625E-07, -0.00145845078470866
1.73673109375E-07, -0.00160444277410128
1.736750625E-07, -0.00187234967631258
1.73677015625E-07, -0.00157387990475454
1.7367896875E-07, -0.00111210968249111
1.73680921875E-07, -0.00177369097455807
1.73682875E-07, -0.00184246573407216
1.73684828125E-07, -0.00167301535315545
1.7368678125E-07, -0.00155378171087267
1.73688734375E-07, -0.00153565181444611
1.736906875E-07, -0.00152683400419264
1.73692640625E-07, -0.0015548318732945
1.7369459375E-07, -0.0015880209750106
1.73696546875E-07, -0.00143928733690235
1.736985E-07, -0.00160930827364022
1.73700453125E-07, -0.00139822671758246
1.7370240625E-07, -0.00178752667261149
1.73704359375E-07, -0.00174212241520162
1.737063125E-07, -0.00141354673480742
1.73708265625E-07, -0.001605532921758
1.7371021875E-07, -0.00155905251062452
1.73712171875E-07, -0.00150626173829705
1.73714125E-07, -0.00168766007091372
1.73716078125E-07, -0.00193809092602876
1.7371803125E-07, -0.00120429991060264
1.73719984375E-07, -0.00158886740623006
1.737219375E-07, -0.00169912533767076
1.73723890625E-07, -0.0014557830534946
1.7372584375E-07, -0.00136929483090276
1.73727796875E-07, -0.0017937335295889
1.7372975E-07, -0.00191945662373099
1.73731703125E-07, -0.00180528322579111
1.7373365625E-07, -0.0013472873297691
1.73735609375E-07, -0.00181946219475416
1.737375625E-07, -0.00159301970846244
1.73739515625E-07, -0.00151963229008846
1.7374146875E-07, -0.00193048603065046
1.73743421875E-07, -0.00196970413094013
1.73745375E-07, -0.00185483939315996
1.73747328125E-07, -0.00161490340299566
1.7374928125E-07, -0.00214820740957842
1.73751234375E-07, -0.00175160448032911
1.737531875E-07, -0.00147935060837043
1.73755140625E-07, -0.00157973542428819
1.7375709375E-07, -0.00161729372737812
1.73759046875E-07, -0.00122253340698983
1.73761E-07, -0.00161711329403185
1.73762953125E-07, -0.00173652086190108
1.7376490625E-07, -0.0015363853183522
1.73766859375E-07, -0.00188382913697205
1.737688125E-07, -0.00135286108018268
1.73770765625E-07, -0.00158783487676181
1.7377271875E-07, -0.00168064408614568
1.73774671875E-07, -0.00176139853877314
1.73776625E-07, -0.00153549971194153
1.73778578125E-07, -0.0019536262770887
1.7378053125E-07, -0.00162564770483409
1.73782484375E-07, -0.00163164830848772
1.737844375E-07, -0.00149372601687053
1.73786390625E-07, -0.00191878457094624
1.7378834375E-07, -0.00142372887978124
1.73790296875E-07, -0.00150741108203917
1.7379225E-07, -0.00224777478993474
1.73794203125E-07, -0.00211559513555549
1.7379615625E-07, -0.00168495389325787
1.73798109375E-07, -0.00173168566507522
1.738000625E-07, -0.00172048984922449
1.73802015625E-07, -0.00138956632112167
1.7380396875E-07, -0.00188883299742119
1.73805921875E-07, -0.00177978186301472
1.73807875E-07, -0.00169770012343592
1.73809828125E-07, -0.00174963204022537
1.7381178125E-07, -0.00145158428978622
1.73813734375E-07, -0.0019572609397184
1.738156875E-07, -0.00193088449238813
1.73817640625E-07, -0.00174943617635564
1.7381959375E-07, -0.00140760742985379
1.73821546875E-07, -0.00180070795306027
1.738235E-07, -0.00197652787438114
1.73825453125E-07, -0.00195625761186556
1.7382740625E-07, -0.00220036150224884
1.73829359375E-07, -0.0020264765485783
1.738313125E-07, -0.00212408205781153
1.73833265625E-07, -0.00168592601076874
1.7383521875E-07, -0.0019257752176289
1.73837171875E-07, -0.00188390294801792
1.73839125E-07, -0.00241821381524058
1.73841078125E-07, -0.00172026314049608
1.7384303125E-07, -0.00209859100142147
1.73844984375E-07, -0.00246117121710557
1.738469375E-07, -0.002436724218321
1.73848890625E-07, -0.00237336797957098
1.7385084375E-07, -0.00255112255681288
1.73852796875E-07, -0.00220603542663582
1.7385475E-07, -0.0023591383345542
1.73856703125E-07, -0.0021552011472608
1.7385865625E-07, -0.00256934108453709
1.73860609375E-07, -0.00274713635966974
1.738625625E-07, -0.00255505716700385
1.73864515625E-07, -0.00274633029587297
1.7386646875E-07, -0.00259168891685505
1.73868421875E-07, -0.00275094909751219
1.73870375E-07, -0.00288109443655501
1.73872328125E-07, -0.00298958407669715
1.7387428125E-07, -0.00284688630164152
1.73876234375E-07, -0.00290346308786936
1.738781875E-07, -0.00284907860407816
1.73880140625E-07, -0.00287259446285773
1.7388209375E-07, -0.00311816588063051
1.73884046875E-07, -0.00290499454668087
1.73886E-07, -0.0036024075319268
1.73887953125E-07, -0.00313845901934195
1.7388990625E-07, -0.00356938186022769
1.73891859375E-07, -0.00241079057628451
1.738938125E-07, -0.0036047437020917
1.73895765625E-07, -0.00332069079094905
1.7389771875E-07, -0.00405621856293776
1.73899671875E-07, -0.00394436571023625
1.73901625E-07, -0.00364927581114504
1.73903578125E-07, -0.00377581549601573
1.7390553125E-07, -0.00388648534635446
1.73907484375E-07, -0.00382376652105867
1.739094375E-07, -0.00395481048405457
1.73911390625E-07, -0.00399871114980271
1.7391334375E-07, -0.00405145581253528
1.73915296875E-07, -0.00408833137236402
1.7391725E-07, -0.00421092387661701
1.73919203125E-07, -0.00441348691728534
1.7392115625E-07, -0.00456172892312793
1.73923109375E-07, -0.00444108198562826
1.739250625E-07, -0.00462180886337539
1.73927015625E-07, -0.00475037245852219
1.7392896875E-07, -0.00441228838867213
1.73930921875E-07, -0.00481519911395435
1.73932875E-07, -0.00496804527505415
1.73934828125E-07, -0.00489711099476298
1.7393678125E-07, -0.00472290710643468
1.73938734375E-07, -0.00515938929045198
1.739406875E-07, -0.00479838271268922
1.73942640625E-07, -0.00519140014251696
1.7394459375E-07, -0.00510171884136583
1.73946546875E-07, -0.00510133427143526
1.739485E-07, -0.00503775717433334
1.73950453125E-07, -0.00529576458946633
1.7395240625E-07, -0.0055967932796892
1.73954359375E-07, -0.00530745842073119
1.739563125E-07, -0.0056016228096094
1.73958265625E-07, -0.00541786234968817
1.7396021875E-07, -0.00596343262486874
1.73962171875E-07, -0.00547849691188243
1.73964125E-07, -0.0057886200346313
1.73966078125E-07, -0.0055245635470188
1.7396803125E-07, -0.0057266660780536
1.73969984375E-07, -0.00578541466349702
1.739719375E-07, -0.00584056476230371
1.73973890625E-07, -0.00566913244393431
1.7397584375E-07, -0.00589840473374879
1.73977796875E-07, -0.00567115306551833
1.7397975E-07, -0.00599500341689105
1.73981703125E-07, -0.00577254762761869
1.7398365625E-07, -0.00577550147486885
1.73985609375E-07, -0.00579383509285453
1.739875625E-07, -0.00563304176151708
1.73989515625E-07, -0.00582956811627917
1.7399146875E-07, -0.00583095943864904
1.73993421875E-07, -0.00565012387312972
1.73995375E-07, -0.00559652620501698
1.73997328125E-07, -0.00533469845795035
1.7399928125E-07, -0.00503600662770828
1.74001234375E-07, -0.00530477229834195
1.740031875E-07, -0.00553777563698298
1.74005140625E-07, -0.0051558467038304
1.7400709375E-07, -0.00505673273792152
1.74009046875E-07, -0.00519827383570313
1.74011E-07, -0.00498811939442307
1.74012953125E-07, -0.00393923409156098
1.7401490625E-07, -0.00524134518017
1.74016859375E-07, -0.00492535964080737
1.740188125E-07, -0.00479828274105661
1.74020765625E-07, -0.00450028987472787
1.7402271875E-07, -0.00412317876841654
1.74024671875E-07, -0.00377585554728681
1.74026625E-07, -0.00451876055897581
1.74028578125E-07, -0.00386460266283442
1.7403053125E-07, -0.00311867338841298
1.74032484375E-07, -0.00318420158457483
1.740344375E-07, -0.00351263818410793
1.74036390625E-07, -0.00322064188900182
1.7403834375E-07, -0.00332083165792302
1.74040296875E-07, -0.0032430942172138
1.7404225E-07, -0.00218771781719191
1.74044203125E-07, -0.00233660256863823
1.7404615625E-07, -0.00167267989935494
1.74048109375E-07, -0.00191577868815047
1.740500625E-07, -0.00143919001483247
1.74052015625E-07, -0.00226269808667423
1.7405396875E-07, -0.0013514263725089
1.74055921875E-07, -0.000712900212982787
1.74057875E-07, -0.00155775922128226
1.74059828125E-07, -0.000396513462216762
1.7406178125E-07, 3.13545177488115E-06
1.74063734375E-07, 0.00083342115452714
1.740656875E-07, 0.00176779741976653
1.74067640625E-07, 0.000779675598709004
1.7406959375E-07, 0.00211620518059232
1.74071546875E-07, 0.00158403076877583
1.740735E-07, 0.00128028892178967
1.74075453125E-07, 0.00443591593282954
1.7407740625E-07, 0.0027084202270714
1.74079359375E-07, 0.00383452023673262
1.740813125E-07, 0.00281823961795728
1.74083265625E-07, 0.00241953719817765
1.7408521875E-07, 0.00451717175331807
1.74087171875E-07, 0.00414430960820207
1.74089125E-07, 0.00477808204749262
1.74091078125E-07, 0.00516336483127334
1.7409303125E-07, 0.00550254377707069
1.74094984375E-07, 0.0058249753962415
1.740969375E-07, 0.00625715933178716
1.74098890625E-07, 0.00661453247531642
1.7410084375E-07, 0.00688197841961091
1.74102796875E-07, 0.00921752306426042
1.7410475E-07, 0.00886421752407306
1.74106703125E-07, 0.00836158016607211
1.7410865625E-07, 0.00825285303331424
1.74110609375E-07, 0.00935282692258487
1.741125625E-07, 0.0104051741903774
1.74114515625E-07, 0.0104338993655332
1.7411646875E-07, 0.0123416098725763
1.74118421875E-07, 0.0110975280936067
1.74120375E-07, 0.0133731909247558
1.74122328125E-07, 0.0118369516119834
1.7412428125E-07, 0.012336689758605
1.74126234375E-07, 0.0143913158795693
1.741281875E-07, 0.0143812150394627
1.74130140625E-07, 0.0153960139592162
1.7413209375E-07, 0.0140442599702582
1.74134046875E-07, 0.0151936766459261
1.74136E-07, 0.0178622992283084
1.74137953125E-07, 0.0167346406561531
1.7413990625E-07, 0.0177635745726592
1.74141859375E-07, 0.0181753317091003
1.741438125E-07, 0.0184670578618223
1.74145765625E-07, 0.0197926663752465
1.7414771875E-07, 0.0203533899741892
1.74149671875E-07, 0.0201686511758154
1.74151625E-07, 0.0210010779000803
1.74153578125E-07, 0.0231268296213494
1.7415553125E-07, 0.0215766425788879
1.74157484375E-07, 0.0235510821306291
1.741594375E-07, 0.0244420275678001
1.74161390625E-07, 0.024119738159493
1.7416334375E-07, 0.0244016955598811
1.74165296875E-07, 0.022169839503493
1.7416725E-07, 0.0249431568118907
1.74169203125E-07, 0.02494216952824
1.7417115625E-07, 0.0278213058808267
1.74173109375E-07, 0.0260664584264858
1.741750625E-07, 0.0278680363432236
1.74177015625E-07, 0.0278096887560055
1.7417896875E-07, 0.0284836818852799
1.74180921875E-07, 0.0282472444012091
1.74182875E-07, 0.0289884443665585
1.74184828125E-07, 0.030646610657672
1.7418678125E-07, 0.0283557421563304
1.74188734375E-07, 0.0309589749370902
1.741906875E-07, 0.0302516918842897
1.74192640625E-07, 0.0316156119988851
1.7419459375E-07, 0.0324138722518978
1.74196546875E-07, 0.032764213836776
1.741985E-07, 0.0312683213825683
1.74200453125E-07, 0.0322881819067855
1.7420240625E-07, 0.0327106341536514
1.74204359375E-07, 0.033377025269901
1.742063125E-07, 0.0336258699630469
1.74208265625E-07, 0.0329379501823399
1.7421021875E-07, 0.0323081914920001
1.74212171875E-07, 0.0334016814901397
1.74214125E-07, 0.0334374738537068
1.74216078125E-07, 0.0337485697610501
1.7421803125E-07, 0.0333216963337057
1.74219984375E-07, 0.0334599646320708
1.742219375E-07, 0.0329130972723672
1.74223890625E-07, 0.0323024622423136
1.7422584375E-07, 0.032341606959803
1.74227796875E-07, 0.0326746826070787
1.7422975E-07, 0.0326388976426085
1.74231703125E-07, 0.0324035830669609
1.7423365625E-07, 0.0316850587647219
1.74235609375E-07, 0.0304982090738695
1.742375625E-07, 0.0305329684770775
1.74239515625E-07, 0.0322482527950164
1.7424146875E-07, 0.0292792825368941
1.74243421875E-07, 0.0296082755896099
1.74245375E-07, 0.0291939902754771
1.74247328125E-07, 0.027911911783281
1.7424928125E-07, 0.0290243244098536
1.74251234375E-07, 0.0287182789684355
1.742531875E-07, 0.0265288214399336
1.74255140625E-07, 0.0240863072518342
1.7425709375E-07, 0.023969042950695
1.74259046875E-07, 0.0245559353190693
1.74261E-07, 0.0233874310174772
1.74262953125E-07, 0.0236420248930659
1.7426490625E-07, 0.0170278215584035
1.74266859375E-07, 0.0238554923403645
1.742688125E-07, 0.017847331637877
1.74270765625E-07, 0.0202152803266261
1.7427271875E-07, 0.0184222470244838
1.74274671875E-07, 0.0171579512155577
1.74276625E-07, 0.0167080512503945
1.74278578125E-07, 0.0148473266149572
1.7428053125E-07, 0.0132655149286521
1.74282484375E-07, 0.0134706326327644
1.742844375E-07, 0.0128442550408798
1.74286390625E-07, 0.0142334573783578
1.7428834375E-07, 0.00599967321697488
1.74290296875E-07, 0.00329853739363943
1.7429225E-07, 0.0106435118957864
1.74294203125E-07, 0.00673484349991707
1.7429615625E-07, -0.00310902050722798
1.74298109375E-07, -0.00490431207852991
1.743000625E-07, 0.000399829990663474
1.74302015625E-07, -0.000541255941221691
1.7430396875E-07, -0.00176363584950567
1.74305921875E-07, -0.00848743566767216
1.74307875E-07, -0.00463436007200995
1.74309828125E-07, -0.0113640373414466
1.7431178125E-07, -0.00815995185949266
1.74313734375E-07, -0.0171333212087033
1.743156875E-07, -0.0143514877164896
1.74317640625E-07, -0.0180261351153681
1.7431959375E-07, -0.0203434764679908
1.74321546875E-07, -0.0196689205870832
1.743235E-07, -0.0260938388763314
1.74325453125E-07, -0.0303129354148996
1.7432740625E-07, -0.0214466947986368
1.74329359375E-07, -0.0272938645971747
1.743313125E-07, -0.0280097890240427
1.74333265625E-07, -0.0331244269630501
1.7433521875E-07, -0.0365813686358448
1.74337171875E-07, -0.0401879148581114
1.74339125E-07, -0.0389732453317889
1.74341078125E-07, -0.0453970263687825
1.7434303125E-07, -0.0426296242779722
1.74344984375E-07, -0.0533153284050873
1.743469375E-07, -0.0496140081674155
1.74348890625E-07, -0.0485030836484778
1.7435084375E-07, -0.059219097458803
1.74352796875E-07, -0.0606196474728296
1.7435475E-07, -0.062845141992581
1.74356703125E-07, -0.0631984440966816
1.7435865625E-07, -0.0650939808102356
1.74360609375E-07, -0.0689160876652217
1.743625625E-07, -0.0742964834914185
1.74364515625E-07, -0.0709126102751992
1.7436646875E-07, -0.0743779086650541
1.74368421875E-07, -0.0757934341129537
1.74370375E-07, -0.0809436323036315
1.74372328125E-07, -0.0773104647554346
1.7437428125E-07, -0.081809855326677
1.74376234375E-07, -0.0828340431993669
1.743781875E-07, -0.0888885400827692
1.74380140625E-07, -0.0904551565213643
1.7438209375E-07, -0.0871930948362273
1.74384046875E-07, -0.0877710739962189
1.74386E-07, -0.0968232100729963
1.74387953125E-07, -0.100016430706327
1.7438990625E-07, -0.0960008620598591
1.74391859375E-07, -0.104376817831802
1.743938125E-07, -0.104074620381444
1.74395765625E-07, -0.109935657520013
1.7439771875E-07, -0.111004172774936
1.74399671875E-07, -0.111380813922212
1.74401625E-07, -0.11299999095775
1.74403578125E-07, -0.112424150032545
1.7440553125E-07, -0.115618186951871
1.74407484375E-07, -0.119457966246759
1.744094375E-07, -0.113080976627287
1.74411390625E-07, -0.114339433870333
1.7441334375E-07, -0.11808093115077
1.74415296875E-07, -0.12265996193502
1.7441725E-07, -0.121917848342687
1.74419203125E-07, -0.112498118210675
1.7442115625E-07, -0.123311533428285
1.74423109375E-07, -0.122418466385347
1.744250625E-07, -0.123536690138273
1.74427015625E-07, -0.121107153310358
1.7442896875E-07, -0.123235766237948
1.74430921875E-07, -0.122021880952302
1.74432875E-07, -0.124278679625113
1.74434828125E-07, -0.12443452425055
1.7443678125E-07, -0.117380427277884
1.74438734375E-07, -0.120542312973852
1.744406875E-07, -0.119569731434483
1.74442640625E-07, -0.117359147262784
1.7444459375E-07, -0.110782733869159
1.74446546875E-07, -0.113204786042547
1.744485E-07, -0.111607847490867
1.74450453125E-07, -0.107327780121014
1.7445240625E-07, -0.114090273443873
1.74454359375E-07, -0.108449826804197
1.744563125E-07, -0.108623700935598
1.74458265625E-07, -0.1056956664432
1.7446021875E-07, -0.0911143227119349
1.74462171875E-07, -0.105918760124691
1.74464125E-07, -0.0901351532032591
1.74466078125E-07, -0.0929808394901336
1.7446803125E-07, -0.0864766011378875
1.74469984375E-07, -0.0883246903544085
1.744719375E-07, -0.0905236033577545
1.74473890625E-07, -0.085001594787785
1.7447584375E-07, -0.0814657651185796
1.74477796875E-07, -0.0759116968043393
1.7447975E-07, -0.0734135585354367
1.74481703125E-07, -0.0808162969874608
1.7448365625E-07, -0.051499856020101
1.74485609375E-07, -0.0555992819845744
1.744875625E-07, -0.0559812461980164
1.74489515625E-07, -0.0584934349788546
1.7449146875E-07, -0.0444600793398676
1.74493421875E-07, -0.0375435595352038
1.74495375E-07, -0.0531833096343406
1.74497328125E-07, -0.0387978833987967
1.7449928125E-07, -0.0344477163657744
1.74501234375E-07, -0.0199355563957026
1.745031875E-07, -0.0233695363558037
1.74505140625E-07, -0.0285288774562439
1.7450709375E-07, -0.0179717404410909
1.74509046875E-07, -0.00910507750918182
1.74511E-07, 0.0037013978382199
1.74512953125E-07, -0.0165085330447058
1.7451490625E-07, 0.0018425379647592
1.74516859375E-07, 0.0119551186812338
1.745188125E-07, 0.0111350652439803
1.74520765625E-07, 0.0102423476149577
1.7452271875E-07, 0.0206119197458529
1.74524671875E-07, 0.0245070588955931
1.74526625E-07, 0.0319876041764707
1.74528578125E-07, 0.0214874715427611
1.7453053125E-07, 0.0436311373956972
1.74532484375E-07, 0.0334798939480344
1.745344375E-07, 0.0406616364973603
1.74536390625E-07, 0.0410781269833108
1.7453834375E-07, 0.0519165858460821
1.74540296875E-07, 0.0613118926657468
1.7454225E-07, 0.05105834172453
1.74544203125E-07, 0.0611665600250681
1.7454615625E-07, 0.0640825337693331
1.74548109375E-07, 0.0722298029702489
1.745500625E-07, 0.0684706249928493
1.74552015625E-07, 0.0722879776833207
1.7455396875E-07, 0.0764086312598947
1.74555921875E-07, 0.0789007051555981
1.74557875E-07, 0.0830850348589788
1.74559828125E-07, 0.0900887008358234
1.7456178125E-07, 0.0782692332535744
1.74563734375E-07, 0.0942105843983144
1.745656875E-07, 0.0915936587905955
1.74567640625E-07, 0.0890759315910692
1.7456959375E-07, 0.0927974484307149
1.74571546875E-07, 0.0971758359947003
1.745735E-07, 0.097932293901176
1.74575453125E-07, 0.0973006402518879
1.7457740625E-07, 0.0981733257723705
1.74579359375E-07, 0.0980709390760339
1.745813125E-07, 0.0954610761676471
1.74583265625E-07, 0.101488711458482
1.7458521875E-07, 0.0984620417152233
1.74587171875E-07, 0.0994554296417599
1.74589125E-07, 0.0994443678663515
1.74591078125E-07, 0.100648252146369
1.7459303125E-07, 0.0976040731987107
1.74594984375E-07, 0.0990459576113849
1.745969375E-07, 0.0962151927823917
1.74598890625E-07, 0.0958706581038527
1.7460084375E-07, 0.0955990114804971
1.74602796875E-07, 0.0938911968627635
1.7460475E-07, 0.0946474235600503
1.74606703125E-07, 0.0960687985950484
1.7460865625E-07, 0.0937165597516524
1.74610609375E-07, 0.0895819922699821
1.746125625E-07, 0.0842424464578881
1.74614515625E-07, 0.0880940292192456
1.7461646875E-07, 0.0881974246615629
1.74618421875E-07, 0.0826860806122178
1.74620375E-07, 0.0807014819385881
1.74622328125E-07, 0.0816260820154515
1.7462428125E-07, 0.0812161050952555
1.74626234375E-07, 0.0796469638553114
1.746281875E-07, 0.0671082172597174
1.74630140625E-07, 0.0700929318890867
1.7463209375E-07, 0.0708602499671132
1.74634046875E-07, 0.0719491099346448
1.74636E-07, 0.0660843059554442
1.74637953125E-07, 0.0615852146222522
1.7463990625E-07, 0.0600390427550565
1.74641859375E-07, 0.0646002983565711
1.746438125E-07, 0.0580537432183053
1.74645765625E-07, 0.0528023646398971
1.7464771875E-07, 0.054094907676616
1.74649671875E-07, 0.053487236198302
1.74651625E-07, 0.0492730619181232
1.74653578125E-07, 0.049018610562876
1.7465553125E-07, 0.0432023662036186
1.74657484375E-07, 0.0473398116971206
1.746594375E-07, 0.0405567964694188
1.74661390625E-07, 0.041913736252969
1.7466334375E-07, 0.0400441552576633
1.74665296875E-07, 0.0356982019522966
1.7466725E-07, 0.0374168864413811
1.74669203125E-07, 0.0343484438262329
1.7467115625E-07, 0.0347659499799555
1.74673109375E-07, 0.0344276042826643
1.746750625E-07, 0.0273887782564488
1.74677015625E-07, 0.0333595740578925
1.7467896875E-07, 0.0286885531551951
1.74680921875E-07, 0.0334811441402814
1.74682875E-07, 0.0253672754849033
1.74684828125E-07, 0.0272256258151024
1.7468678125E-07, 0.0258547069607876
1.74688734375E-07, 0.0233112474757593
1.746906875E-07, 0.0244447155263665
1.74692640625E-07, 0.0228540282132604
1.7469459375E-07, 0.0246346401366982
1.74696546875E-07, 0.0216224485165389
1.746985E-07, 0.0218493932012936
1.74700453125E-07, 0.0197478392024186
1.7470240625E-07, 0.0199010095232138
1.74704359375E-07, 0.0198231355387617
1.747063125E-07, 0.0204309388573368
1.74708265625E-07, 0.0186565225338496
1.7471021875E-07, 0.0191557356547607
1.74712171875E-07, 0.0189043789918875
1.74714125E-07, 0.0228121543688096
1.74716078125E-07, 0.018402433032326
1.7471803125E-07, 0.0184653260210964
1.74719984375E-07, 0.0185411568465861
1.747219375E-07, 0.0186672346087344
1.74723890625E-07, 0.0184918114872452
1.7472584375E-07, 0.0186922924584812
1.74727796875E-07, 0.0190741835466275
1.7472975E-07, 0.018907968122977
1.74731703125E-07, 0.0193745460337201
1.7473365625E-07, 0.0188777448236561
1.74735609375E-07, 0.0218462960471674
1.747375625E-07, 0.0212593839423221
1.74739515625E-07, 0.019189621751569
1.7474146875E-07, 0.0194829227637405
1.74743421875E-07, 0.0178428727782401
1.74745375E-07, 0.019148995115023
1.74747328125E-07, 0.0232228091730813
1.7474928125E-07, 0.0193700678158632
1.74751234375E-07, 0.0214285341734919
1.747531875E-07, 0.019479039304175
1.74755140625E-07, 0.0204413359573435
1.7475709375E-07, 0.0196089330393548
1.74759046875E-07, 0.0190675564328471
1.74761E-07, 0.0189520408112881
1.74762953125E-07, 0.0173322940353303
1.7476490625E-07, 0.0188178859128798
1.74766859375E-07, 0.0184366061358235
1.747688125E-07, 0.0181182855736008
1.74770765625E-07, 0.018238212626127
1.7477271875E-07, 0.0178244406834094
1.74774671875E-07, 0.0172086768193981
1.74776625E-07, 0.0176069334297414
1.74778578125E-07, 0.0162320129181169
1.7478053125E-07, 0.0160619668769792
1.74782484375E-07, 0.0164489804124633
1.747844375E-07, 0.0148675916086036
1.74786390625E-07, 0.0142962989905397
1.7478834375E-07, 0.0139627301246773
1.74790296875E-07, 0.0126029750223121
1.7479225E-07, 0.0144585307820874
1.74794203125E-07, 0.0122593285909317
1.7479615625E-07, 0.0124147715834821
1.74798109375E-07, 0.0121328652024569
1.748000625E-07, 0.010093360657169
1.74802015625E-07, 0.0104827307239089
1.7480396875E-07, 0.0102562322302613
1.74805921875E-07, 0.0101497025717215
1.74807875E-07, 0.0076761160664217
1.74809828125E-07, 0.00936904964872133
1.7481178125E-07, 0.00597023629825803
1.74813734375E-07, 0.00629000597676573
1.748156875E-07, 0.00496121360543903
1.74817640625E-07, 0.00546702490676707
1.7481959375E-07, 0.0040519719036364
1.74821546875E-07, 0.0046621015433397
1.748235E-07, 0.0027715884310906
1.74825453125E-07, 0.000807976144461909
1.7482740625E-07, 0.0028552940864015
1.74829359375E-07, 0.000874508550375299
1.748313125E-07, 0.000546660304837782
1.74833265625E-07, -1.89434925390382E-05
1.7483521875E-07, -0.000814130421610361
1.74837171875E-07, -0.00157577093205197
1.74839125E-07, 0.000324909244566311
1.74841078125E-07, -0.00306000616796156
1.7484303125E-07, -0.00377558273497896
1.74844984375E-07, -0.00464724101996911
1.748469375E-07, -0.00306911311676746
1.74848890625E-07, -0.00444180716673487
1.7485084375E-07, -0.00503553726673189
1.74852796875E-07, -0.00510777460564358
1.7485475E-07, -0.00557782954063276
1.74856703125E-07, -0.00548930701691169
1.7485865625E-07, -0.00684506143842704
1.74860609375E-07, -0.00746415818780788
1.748625625E-07, -0.00580588151263157
1.74864515625E-07, -0.00693486881313114
1.7486646875E-07, -0.00768868068856303
1.74868421875E-07, -0.00854334461965931
1.74870375E-07, -0.00768196003560758
1.74872328125E-07, -0.00751998926910625
1.7487428125E-07, -0.00606916544455387
1.74876234375E-07, -0.00823333414971258
1.748781875E-07, -0.00835397855649027
1.74880140625E-07, -0.00820319757455538
1.7488209375E-07, -0.00852914621443563
1.74884046875E-07, -0.00912933748289016
1.74886E-07, -0.00873655672877623
1.74887953125E-07, -0.00867590333154721
1.7488990625E-07, -0.0085463506783312
1.74891859375E-07, -0.00814580326235672
1.748938125E-07, -0.00876384325034173
1.74895765625E-07, -0.00837739714634041
1.7489771875E-07, -0.00666186137276795
1.74899671875E-07, -0.00845866487888747
1.74901625E-07, -0.0075087886104309
1.74903578125E-07, -0.00789674920083264
1.7490553125E-07, -0.00680647126733601
1.74907484375E-07, -0.00728018323883185
1.749094375E-07, -0.00673097138414
1.74911390625E-07, -0.00654828803162981
1.7491334375E-07, -0.00640659872211125
1.74915296875E-07, -0.00605996329661713
1.7491725E-07, -0.00614583936620201
1.74919203125E-07, -0.00571961888530778
1.7492115625E-07, -0.00511296693333717
1.74923109375E-07, -0.00526733006727934
1.749250625E-07, -0.00445708167171387
1.74927015625E-07, -0.00495476486917699
1.7492896875E-07, -0.00402707668655815
1.74930921875E-07, -0.00383396996220706
1.74932875E-07, -0.00422560371767341
1.74934828125E-07, -0.00343972667814608
1.7493678125E-07, -0.00326344657219164
1.74938734375E-07, -0.00263780299563215
1.749406875E-07, -0.00309631437623542
1.74942640625E-07, -0.00325070987455957
1.7494459375E-07, -0.0024401851754352
1.74946546875E-07, -0.00146426037262666
1.749485E-07, -0.00108389326499529
1.74950453125E-07, -0.00116800137629257
1.7495240625E-07, -0.00163467809147542
1.74954359375E-07, -0.000861314449005661
1.749563125E-07, -0.000688207680684283
1.74958265625E-07, -0.000316776457978528
1.7496021875E-07, -0.000361791144479579
1.74962171875E-07, -0.000305983904971233
1.74964125E-07, 0.000132579325611874
1.74966078125E-07, 0.000685898083086365
1.7496803125E-07, 0.000333191570733332
1.74969984375E-07, 0.000934130151849601
1.749719375E-07, 0.00091802538806246
1.74973890625E-07, 0.00144079558950488
1.7497584375E-07, 0.000907470341605727
1.74977796875E-07, 0.00133448473376422
1.7497975E-07, 0.00131246215599654
1.74981703125E-07, 0.00131586342577416
1.7498365625E-07, 0.00122026199029642
1.74985609375E-07, 0.00171603383942355
1.749875625E-07, 0.00159754696097848
1.74989515625E-07, 0.00173702972353596
1.7499146875E-07, 0.00138001663717713
1.74993421875E-07, 0.00210963386880921
1.74995375E-07, 0.00164816750443618
1.74997328125E-07, 0.00184131674847177
1.7499928125E-07, 0.00199248893912181
1.75001234375E-07, 0.00176347916990207
1.750031875E-07, 0.00117248469850063
1.75005140625E-07, 0.0013441006984404
1.7500709375E-07, 0.00155168873218268
1.75009046875E-07, 0.00126045124918666
1.75011E-07, 0.00184222029147433
1.75012953125E-07, 0.000446929375259187
1.7501490625E-07, 0.00104409007283117
1.75016859375E-07, 0.00106872509527975
1.750188125E-07, 0.00104115456897428
1.75020765625E-07, 0.000552991698931976
1.7502271875E-07, 0.000609941651306735
1.75024671875E-07, 5.6109897812639E-05
1.75026625E-07, 0.000676266794870082
1.75028578125E-07, 0.000126715356922182
1.7503053125E-07, -0.00173609102954358
1.75032484375E-07, -0.00049034814423659
1.750344375E-07, -0.000351634221412229
1.75036390625E-07, -0.00125137032152302
1.7503834375E-07, -0.00106320268886508
1.75040296875E-07, -0.00335231714625106
1.7504225E-07, -0.00133929552451258
1.75044203125E-07, -0.00208576028754754
1.7504615625E-07, -0.00225841997739798
1.75048109375E-07, -0.00162229632628343
1.750500625E-07, -0.00249384201206931
1.75052015625E-07, -0.00314367111946732
1.7505396875E-07, -0.00321948099693079
1.75055921875E-07, -0.00460024946882666
1.75057875E-07, -0.00493209211130368
1.75059828125E-07, -0.00479744004363704
1.7506178125E-07, -0.00310897899805153
1.75063734375E-07, -0.00503383665521625
1.750656875E-07, -0.00680616329553304
1.75067640625E-07, -0.00611762603342247
1.7506959375E-07, -0.00603818967736638
1.75071546875E-07, -0.00826812021371725
1.750735E-07, -0.00651035250166583
1.75075453125E-07, -0.00846258970977889
1.7507740625E-07, -0.00826771726253233
1.75079359375E-07, -0.00798742221493764
1.750813125E-07, -0.00987979698691733
1.75083265625E-07, -0.00927650336013165
1.7508521875E-07, -0.0103480282528661
1.75087171875E-07, -0.0113156227206777
1.75089125E-07, -0.00938110963815859
1.75091078125E-07, -0.0122470917620335
1.7509303125E-07, -0.0119248863584741
1.75094984375E-07, -0.0108319643960383
1.750969375E-07, -0.0124620042701872
1.75098890625E-07, -0.0141060363052152
1.7510084375E-07, -0.0149231879917161
1.75102796875E-07, -0.014834296843998
1.7510475E-07, -0.0145941553214622
1.75106703125E-07, -0.0160080890645631
1.7510865625E-07, -0.0177974332648066
1.75110609375E-07, -0.0171294918248843
1.751125625E-07, -0.0170093885870461
1.75114515625E-07, -0.0169963166500324
1.7511646875E-07, -0.020313370693281
1.75118421875E-07, -0.0202014254796097
1.75120375E-07, -0.0192573255136584
1.75122328125E-07, -0.0206665795418218
1.7512428125E-07, -0.0208019419505088
1.75126234375E-07, -0.0224697405538856
1.751281875E-07, -0.0230142339166527
1.75130140625E-07, -0.0232942632910091
1.7513209375E-07, -0.0226486485947272
1.75134046875E-07, -0.0236964037010908
1.75136E-07, -0.0255925375242417
1.75137953125E-07, -0.0253816764507019
1.7513990625E-07, -0.0266602313871313
1.75141859375E-07, -0.0262001615281736
1.751438125E-07, -0.0273757635203922
1.75145765625E-07, -0.0270698587199094
1.7514771875E-07, -0.0266000524971964
1.75149671875E-07, -0.0284115182236147
1.75151625E-07, -0.0282656488929227
1.75153578125E-07, -0.0277253703898334
1.7515553125E-07, -0.0293219749570217
1.75157484375E-07, -0.0288497725745588
1.751594375E-07, -0.0292729220555171
1.75161390625E-07, -0.0288037611832914
1.7516334375E-07, -0.0303848536761112
1.75165296875E-07, -0.0305989640581724
1.7516725E-07, -0.0283927717686237
1.75169203125E-07, -0.0304497203822307
1.7517115625E-07, -0.0314334654040323
1.75173109375E-07, -0.0304230196373785
1.751750625E-07, -0.0322313927675663
1.75177015625E-07, -0.0320401763394937
1.7517896875E-07, -0.0313095121157013
1.75180921875E-07, -0.0322337438509569
1.75182875E-07, -0.032570571460882
1.75184828125E-07, -0.0318553390617441
1.7518678125E-07, -0.0329658790651331
1.75188734375E-07, -0.0326921346921493
1.751906875E-07, -0.0333271328867514
1.75192640625E-07, -0.0334144957979812
1.7519459375E-07, -0.0331380436435096
1.75196546875E-07, -0.0325839936672975
1.751985E-07, -0.0335915902499628
1.75200453125E-07, -0.0322205425590016
1.7520240625E-07, -0.0331808620751536
1.75204359375E-07, -0.0328603250069576
1.752063125E-07, -0.032860912561002
1.75208265625E-07, -0.0329125609110792
1.7521021875E-07, -0.0336624626042039
1.75212171875E-07, -0.0328023627714061
1.75214125E-07, -0.0328649259660887
1.75216078125E-07, -0.0320546050940561
1.7521803125E-07, -0.0325109586721611
1.75219984375E-07, -0.0319557768120634
1.752219375E-07, -0.0314127722660623
1.75223890625E-07, -0.0316085841576557
1.7522584375E-07, -0.0315161856345544
1.75227796875E-07, -0.0318437261021097
1.7522975E-07, -0.0321163637815155
1.75231703125E-07, -0.03101045590571
1.7523365625E-07, -0.0309914035196644
1.75235609375E-07, -0.0310715990056258
1.752375625E-07, -0.0308467107202854
1.75239515625E-07, -0.0300306935695316
1.7524146875E-07, -0.0296886336059164
1.75243421875E-07, -0.029848017596456
1.75245375E-07, -0.0290124044939591
1.75247328125E-07, -0.0286570010281884
1.7524928125E-07, -0.0290697833472224
1.75251234375E-07, -0.0280784288146559
1.752531875E-07, -0.0286762543732832
1.75255140625E-07, -0.0282677594326974
1.7525709375E-07, -0.0277278327676439
1.75259046875E-07, -0.0276266508887618
1.75261E-07, -0.026832953560663
1.75262953125E-07, -0.027137547765257
1.7526490625E-07, -0.0258773282359799
1.75266859375E-07, -0.0266914505909111
1.752688125E-07, -0.0252218226270044
1.75270765625E-07, -0.0255085306897294
1.7527271875E-07, -0.0241756024181297
1.75274671875E-07, -0.0252111068212279
1.75276625E-07, -0.0245088154300818
1.75278578125E-07, -0.0237654024666949
1.7528053125E-07, -0.0231540485168927
1.75282484375E-07, -0.0239615028637645
1.752844375E-07, -0.0237180490499716
1.75286390625E-07, -0.0233226548149246
1.7528834375E-07, -0.0225854248925434
1.75290296875E-07, -0.0218484441402848
1.7529225E-07, -0.0222194663974448
1.75294203125E-07, -0.0212752795782326
1.7529615625E-07, -0.0205331039061413
1.75298109375E-07, -0.0205988397596075
1.753000625E-07, -0.019976119695848
1.75302015625E-07, -0.0191806941188269
1.7530396875E-07, -0.0194301362740054
1.75305921875E-07, -0.0182336287100319
1.75307875E-07, -0.0203506174510451
1.75309828125E-07, -0.0182969339158374
1.7531178125E-07, -0.0172362956283239
1.75313734375E-07, -0.0178680831484618
1.753156875E-07, -0.0159954092178387
1.75317640625E-07, -0.016264365282853
1.7531959375E-07, -0.01631376956609
1.75321546875E-07, -0.0155340173703465
1.753235E-07, -0.0160421054292277
1.75325453125E-07, -0.015135847980455
1.7532740625E-07, -0.0143090631469544
1.75329359375E-07, -0.0145098925244767
1.753313125E-07, -0.0133475477954073
1.75333265625E-07, -0.0128576148284148
1.7533521875E-07, -0.0120169835859529
1.75337171875E-07, -0.0112939893376103
1.75339125E-07, -0.0117254616164764
1.75341078125E-07, -0.0111348271586508
1.7534303125E-07, -0.0111857362273732
1.75344984375E-07, -0.0102002173755858
1.753469375E-07, -0.00973832758347527
1.75348890625E-07, -0.00966915053892091
1.7535084375E-07, -0.00891337350737945
1.75352796875E-07, -0.00956586552203609
1.7535475E-07, -0.00947288307471814
1.75356703125E-07, -0.0078202913678527
1.7535865625E-07, -0.00788396518118166
1.75360609375E-07, -0.00725820123959765
1.753625625E-07, -0.00674767387167608
1.75364515625E-07, -0.0068699684975059
1.7536646875E-07, -0.00608357831750567
1.75368421875E-07, -0.00505347161355761
1.75370375E-07, -0.0055062438168769
1.75372328125E-07, -0.00415257285092835
1.7537428125E-07, -0.00425614083478462
1.75376234375E-07, -0.00312485080332084
1.753781875E-07, -0.00354327094796493
1.75380140625E-07, -0.00383586997319029
1.7538209375E-07, -0.00275136961968308
1.75384046875E-07, -0.00189351996109159
1.75386E-07, -0.00232952378488412
1.75387953125E-07, -0.00157445710337366
1.7538990625E-07, -0.00190634718656871
1.75391859375E-07, -0.00106893693963566
1.753938125E-07, -0.000431212447891453
1.75395765625E-07, -0.000933686266170265
1.7539771875E-07, -0.000601848326429645
1.75399671875E-07, -0.000759902116793584
1.75401625E-07, 0.000355796211165036
1.75403578125E-07, 0.000704902643669366
1.7540553125E-07, 0.000472989129720082
1.75407484375E-07, 0.000782755679351247
1.754094375E-07, -0.000421303934604363
1.75411390625E-07, 0.0011198513982733
1.7541334375E-07, 0.00103087214844742
1.75415296875E-07, 0.00153184398030946
1.7541725E-07, 0.00161980174287097
1.75419203125E-07, 0.00236596070828402
1.7542115625E-07, 0.00238079952911572
1.75423109375E-07, 0.00236399930906501
1.754250625E-07, 0.00290109149779328
1.75427015625E-07, 0.00244923350815024
1.7542896875E-07, 0.00299198444226051
1.75430921875E-07, 0.00278734808036354
1.75432875E-07, 0.00344105818407392
1.75434828125E-07, 0.00339308175200805
1.7543678125E-07, 0.00312580773843976
1.75438734375E-07, 0.00394258128296718
1.754406875E-07, 0.00424423257035597
1.75442640625E-07, 0.00385545796829967
1.7544459375E-07, 0.00519509009160147
1.75446546875E-07, 0.00429989395231087
1.754485E-07, 0.00480149897731934
1.75450453125E-07, 0.00461898618401972
1.7545240625E-07, 0.00498710682046712
1.75454359375E-07, 0.00359954463526277
1.754563125E-07, 0.00587223865779731
1.75458265625E-07, 0.0052212093358086
1.7546021875E-07, 0.00462833482715662
1.75462171875E-07, 0.0060757846754983
1.75464125E-07, 0.00648806131954375
1.75466078125E-07, 0.00622616373806244
1.7546803125E-07, 0.00500309507332869
1.75469984375E-07, 0.00580997929698538
1.754719375E-07, 0.00668102783719962
1.75473890625E-07, 0.00689922219990843
1.7547584375E-07, 0.00740351810981989
1.75477796875E-07, 0.00718862835374571
1.7547975E-07, 0.00738599819572871
1.75481703125E-07, 0.00783355449501002
1.7548365625E-07, 0.00802596476038241
1.75485609375E-07, 0.00758375311809907
1.754875625E-07, 0.00820171017384363
1.75489515625E-07, 0.00878830319022212
1.7549146875E-07, 0.00866993341037883
1.75493421875E-07, 0.00853735819505432
1.75495375E-07, 0.00954463691891129
1.75497328125E-07, 0.0101233647904235
1.7549928125E-07, 0.0100511021164047
1.75501234375E-07, 0.0103639963768084
1.755031875E-07, 0.0103264323025969
1.75505140625E-07, 0.010004714950783
1.7550709375E-07, 0.010333070192516
1.75509046875E-07, 0.010729482494078
1.75511E-07, 0.0114754002561914
1.75512953125E-07, 0.0113010632823379
1.7551490625E-07, 0.0110367616149253
1.75516859375E-07, 0.011841500753465
1.755188125E-07, 0.0126697891115445
1.75520765625E-07, 0.0119017027380993
1.7552271875E-07, 0.0127203713587089
1.75524671875E-07, 0.0125706733407326
1.75526625E-07, 0.012883982686829
1.75528578125E-07, 0.0129557382579092
1.7553053125E-07, 0.0131905534646697
1.75532484375E-07, 0.0137499953230523
1.755344375E-07, 0.014135369365615
1.75536390625E-07, 0.0137517927621888
1.7553834375E-07, 0.0137763286045446
1.75540296875E-07, 0.014436577165159
1.7554225E-07, 0.0141324512362426
1.75544203125E-07, 0.0138375602388613
1.7554615625E-07, 0.0137320884000526
1.75548109375E-07, 0.014544289122094
1.755500625E-07, 0.0134607160342338
1.75552015625E-07, 0.0144254598158711
1.7555396875E-07, 0.015030570027134
1.75555921875E-07, 0.0143397336912808
1.75557875E-07, 0.0145645437099832
1.75559828125E-07, 0.0147787232439618
1.7556178125E-07, 0.0139223578625111
1.75563734375E-07, 0.0153329731888266
1.755656875E-07, 0.014617556432581
1.75567640625E-07, 0.0149841141115993
1.7556959375E-07, 0.0145936411742537
1.75571546875E-07, 0.0147527456897925
1.755735E-07, 0.014187244787078
1.75575453125E-07, 0.0142857413927402
1.7557740625E-07, 0.013562351995841
1.75579359375E-07, 0.0141810310303555
1.755813125E-07, 0.0144609630722818
1.75583265625E-07, 0.0137454401889784
1.7558521875E-07, 0.0137941550039745
1.75587171875E-07, 0.0133183853571091
1.75589125E-07, 0.0131329223010226
1.75591078125E-07, 0.013294282412487
1.7559303125E-07, 0.0132944908618362
1.75594984375E-07, 0.0133755107029184
1.755969375E-07, 0.0127228296136765
1.75598890625E-07, 0.0118204047176384
1.7560084375E-07, 0.0123828672861519
1.75602796875E-07, 0.0113829532031521
1.7560475E-07, 0.0113842161377691
1.75606703125E-07, 0.0110553969345545
1.7560865625E-07, 0.0111126497427794
1.75610609375E-07, 0.0109481243353438
1.756125625E-07, 0.0111400814944061
1.75614515625E-07, 0.0104606886880223
1.7561646875E-07, 0.0105971004781621
1.75618421875E-07, 0.00997066642509126
1.75620375E-07, 0.00980550450110134
1.75622328125E-07, 0.00948262084753199
1.7562428125E-07, 0.00930855609941467
1.75626234375E-07, 0.00876806596848771
1.756281875E-07, 0.00881208593800402
1.75630140625E-07, 0.00874421132476779
1.7563209375E-07, 0.0079871938407608
1.75634046875E-07, 0.00783663691698541
1.75636E-07, 0.00754532567480159
1.75637953125E-07, 0.00737426920054976
1.7563990625E-07, 0.00762583639197328
1.75641859375E-07, 0.00694254151676966
1.756438125E-07, 0.00718965976225867
1.75645765625E-07, 0.00713919703989978
1.7564771875E-07, 0.00608106576003753
1.75649671875E-07, 0.00684469740801496
1.75651625E-07, 0.0057004442143407
1.75653578125E-07, 0.00615876823042171
1.7565553125E-07, 0.00490867992830651
1.75657484375E-07, 0.00553120785166884
1.756594375E-07, 0.00606501953069268
1.75661390625E-07, 0.00568898106967964
1.7566334375E-07, 0.00598900670357987
1.75665296875E-07, 0.00537086652911274
1.7566725E-07, 0.00507123197340625
1.75669203125E-07, 0.0050880225280117
1.7567115625E-07, 0.00491958404721048
1.75673109375E-07, 0.00500033241760693
1.756750625E-07, 0.00519844549585158
1.75677015625E-07, 0.00494557475249187
1.7567896875E-07, 0.00465887338784783
1.75680921875E-07, 0.00452504170896755
1.75682875E-07, 0.00489267774195769
1.75684828125E-07, 0.00534350488897651
1.7568678125E-07, 0.00492074533990783
1.75688734375E-07, 0.004806527498931
1.756906875E-07, 0.00517924332513285
1.75692640625E-07, 0.0051587857038399
1.7569459375E-07, 0.00495627353185248
1.75696546875E-07, 0.00524876667915087
1.756985E-07, 0.00494483892365565
1.75700453125E-07, 0.00550988766363423
1.7570240625E-07, 0.00521732231704712
1.75704359375E-07, 0.00544757897145814
1.757063125E-07, 0.00552859751221151
1.75708265625E-07, 0.00541007500976413
1.7571021875E-07, 0.005375654203931
1.75712171875E-07, 0.00597188817210867
1.75714125E-07, 0.00671798551623885
1.75716078125E-07, 0.00563060023090895
1.7571803125E-07, 0.00580553226483216
1.75719984375E-07, 0.00603841794332344
1.757219375E-07, 0.0069042565996352
1.75723890625E-07, 0.00751375125762182
1.7572584375E-07, 0.00671984645391197
1.75727796875E-07, 0.00688583278317371
1.7572975E-07, 0.00736512394084967
1.75731703125E-07, 0.00687041655210201
1.7573365625E-07, 0.00724526406654208
1.75735609375E-07, 0.00711037897629447
1.757375625E-07, 0.00730250210114204
1.75739515625E-07, 0.00754024989954639
1.7574146875E-07, 0.00738188990527692
1.75743421875E-07, 0.00792040312998291
1.75745375E-07, 0.00745935695890831
1.75747328125E-07, 0.00787378558498973
1.7574928125E-07, 0.00827418767880228
1.75751234375E-07, 0.00892415782327089
1.757531875E-07, 0.00822985059588761
1.75755140625E-07, 0.00855559135533154
1.7575709375E-07, 0.0087351361326672
1.75759046875E-07, 0.0085177616863836
1.75761E-07, 0.00850693323065304
1.75762953125E-07, 0.00870611308964789
1.7576490625E-07, 0.00874636709704202
1.75766859375E-07, 0.0095204022105529
1.757688125E-07, 0.00872457042077013
1.75770765625E-07, 0.00938640294034815
1.7577271875E-07, 0.00895834129225324
1.75774671875E-07, 0.00889636198447564
1.75776625E-07, 0.00958180195868618
1.75778578125E-07, 0.00993745038124801
1.7578053125E-07, 0.00904228679161596
1.75782484375E-07, 0.00945371316571789
1.757844375E-07, 0.00975545562715541
1.75786390625E-07, 0.00980497512302527
1.7578834375E-07, 0.0100178956009537
1.75790296875E-07, 0.00970790345730897
1.7579225E-07, 0.00952179277566727
1.75794203125E-07, 0.00984051589885025
1.7579615625E-07, 0.0100580337469044
1.75798109375E-07, 0.00962962155626072
1.758000625E-07, 0.0106385299765088
1.75802015625E-07, 0.0107298260965921
1.7580396875E-07, 0.0107846641781793
1.75805921875E-07, 0.010311346078068
1.75807875E-07, 0.0106078203985244
1.75809828125E-07, 0.0104847822002234
1.7581178125E-07, 0.0103921475866604
1.75813734375E-07, 0.0107009830951866
1.758156875E-07, 0.0108477477840099
1.75817640625E-07, 0.0105818940235817
1.7581959375E-07, 0.0102673994285076
1.75821546875E-07, 0.0108571053205691
1.758235E-07, 0.0115371262085619
1.75825453125E-07, 0.0111513575466359
1.7582740625E-07, 0.0107796112472595
1.75829359375E-07, 0.0110160214652075
1.758313125E-07, 0.0107623030640107
1.75833265625E-07, 0.0101743128533972
1.7583521875E-07, 0.0113616797451533
1.75837171875E-07, 0.011130963219569
1.75839125E-07, 0.0116424298002025
1.75841078125E-07, 0.0112686531573182
1.7584303125E-07, 0.011518441255172
1.75844984375E-07, 0.0115207543464148
1.758469375E-07, 0.0115678262477402
1.75848890625E-07, 0.0118868931129069
1.7585084375E-07, 0.0114692316632663
1.75852796875E-07, 0.0121463482293615
1.7585475E-07, 0.0117570631179276
1.75856703125E-07, 0.0112027872371229
1.7585865625E-07, 0.0113935789715239
1.75860609375E-07, 0.0122306882066819
1.758625625E-07, 0.0122925706978968
1.75864515625E-07, 0.0116350416323638
1.7586646875E-07, 0.012121526642522
1.75868421875E-07, 0.0121601502474391
1.75870375E-07, 0.0128497107990005
1.75872328125E-07, 0.0119213478198049
1.7587428125E-07, 0.0120512046272404
1.75876234375E-07, 0.0128026323003028
1.758781875E-07, 0.0121634321865748
1.75880140625E-07, 0.0120435705029473
1.7588209375E-07, 0.0123327851675326
1.75884046875E-07, 0.0130290813604832
1.75886E-07, 0.0118848138050011
1.75887953125E-07, 0.0124208514756508
1.7588990625E-07, 0.0121466133110786
1.75891859375E-07, 0.011978640102395
1.758938125E-07, 0.012500819493207
1.75895765625E-07, 0.0126952579512119
1.7589771875E-07, 0.0123478561173737
1.75899671875E-07, 0.0121286762855514
1.75901625E-07, 0.0124496100940328
1.75903578125E-07, 0.0121540967201842
1.7590553125E-07, 0.0127004147753687
1.75907484375E-07, 0.012644538276437
1.759094375E-07, 0.0129688302425217
1.75911390625E-07, 0.0124676598437646
1.7591334375E-07, 0.0121015644669873
1.75915296875E-07, 0.0119802584585908
1.7591725E-07, 0.0122746214877753
1.75919203125E-07, 0.0118201635556956
1.7592115625E-07, 0.0123298595701304
1.75923109375E-07, 0.0122858808208271
1.759250625E-07, 0.0115437034085736
1.75927015625E-07, 0.0116286394200137
1.7592896875E-07, 0.0124588451194071
1.75930921875E-07, 0.0109844021279141
1.75932875E-07, 0.0117974630104809
1.75934828125E-07, 0.0114722532309134
1.7593678125E-07, 0.0117124219253456
1.75938734375E-07, 0.0119636130125949
1.759406875E-07, 0.0110805905767838
1.75942640625E-07, 0.0110783197714068
1.7594459375E-07, 0.0110083097969522
1.75946546875E-07, 0.0103062163372705
1.759485E-07, 0.00960871488273404
1.75950453125E-07, 0.010362346620206
1.7595240625E-07, 0.010420172932711
1.75954359375E-07, 0.00954359007782786
1.759563125E-07, 0.00945311968773449
1.75958265625E-07, 0.0104699750788584
1.7596021875E-07, 0.00988538458492971
1.75962171875E-07, 0.00928823908846376
1.75964125E-07, 0.00833655903751183
1.75966078125E-07, 0.00764999035878448
1.7596803125E-07, 0.00889938578051392
1.75969984375E-07, 0.0091057264118254
1.759719375E-07, 0.00819052124179754
1.75973890625E-07, 0.00747858880729178
1.7597584375E-07, 0.00782666444716065
1.75977796875E-07, 0.00759336486933077
1.7597975E-07, 0.00720065108561881
1.75981703125E-07, 0.00649017533723625
1.7598365625E-07, 0.00665401084450092
1.75985609375E-07, 0.00671625402305131
1.759875625E-07, 0.00428805115926
1.75989515625E-07, 0.00557178631376159
1.7599146875E-07, 0.00417559923726594
1.75993421875E-07, 0.00478775246085342
1.75995375E-07, 0.00529637243620056
1.75997328125E-07, 0.0040355998784386
1.7599928125E-07, 0.00296131824625107
1.76001234375E-07, 0.00349156572552696
1.760031875E-07, 0.00425192070049335
1.76005140625E-07, 0.00430225709373497
1.7600709375E-07, 0.00247627112942316
1.76009046875E-07, 0.00109538863555849
1.76011E-07, 0.00227451108266644
1.76012953125E-07, 0.00114764634575987
1.7601490625E-07, 0.000235452242132623
1.76016859375E-07, 0.000620507432303114
1.760188125E-07, -0.000638646539685829
1.76020765625E-07, 0.000228909404970779
1.7602271875E-07, -0.000360906973556907
1.76024671875E-07, -0.00132434125083637
1.76026625E-07, -0.00373498664667855
1.76028578125E-07, -0.0028671007194693
1.7603053125E-07, -0.00410641161580169
1.76032484375E-07, -0.00481669647252572
1.760344375E-07, -0.00381263845302814
1.76036390625E-07, -0.00479417909674042
1.7603834375E-07, -0.00524358972031149
1.76040296875E-07, -0.00530495769015651
1.7604225E-07, -0.00562211283176654
1.76044203125E-07, -0.00688774094319335
1.7604615625E-07, -0.00660371785570288
1.76048109375E-07, -0.00753158986245172
1.760500625E-07, -0.00748454530044941
1.76052015625E-07, -0.00657502781374261
1.7605396875E-07, -0.00911748308415686
1.76055921875E-07, -0.00959554777964818
1.76057875E-07, -0.0100953689810772
1.76059828125E-07, -0.00984419852579894
1.7606178125E-07, -0.0122335963780754
1.76063734375E-07, -0.0111873462140304
1.760656875E-07, -0.012077814576833
1.76067640625E-07, -0.0126899722392369
1.7606959375E-07, -0.0133402007951894
1.76071546875E-07, -0.0137136624800833
1.760735E-07, -0.0144559448544636
1.76075453125E-07, -0.0139617616478744
1.7607740625E-07, -0.0137854033150548
1.76079359375E-07, -0.0152045013681796
1.760813125E-07, -0.0156597410004746
1.76083265625E-07, -0.0158463546886767
1.7608521875E-07, -0.0158824441176739
1.76087171875E-07, -0.0166873455597354
1.76089125E-07, -0.0175682422831226
1.76091078125E-07, -0.016846780638937
1.7609303125E-07, -0.0175492213398813
1.76094984375E-07, -0.0174943590652933
1.760969375E-07, -0.0173874894524284
1.76098890625E-07, -0.015723767555627
1.7610084375E-07, -0.0181840451686535
1.76102796875E-07, -0.0185964412095094
1.7610475E-07, -0.0184690013489169
1.76106703125E-07, -0.0181364428044147
1.7610865625E-07, -0.0181871115575983
1.76110609375E-07, -0.0184791821220935
1.761125625E-07, -0.0182108888820285
1.76114515625E-07, -0.0180927704433685
1.7611646875E-07, -0.0187850204049645
1.76118421875E-07, -0.0187391514924859
1.76120375E-07, -0.0185873261560908
1.76122328125E-07, -0.0179779845109206
1.7612428125E-07, -0.0182745842599601
1.76126234375E-07, -0.0182965985245338
1.761281875E-07, -0.0177468607768576
1.76130140625E-07, -0.0176586260508004
1.7613209375E-07, -0.0172725132071984
1.76134046875E-07, -0.0175284032882655
1.76136E-07, -0.0170420511712714
1.76137953125E-07, -0.0174865562196689
1.7613990625E-07, -0.016524664916193
1.76141859375E-07, -0.0167753149261539
1.761438125E-07, -0.0161173422752964
1.76145765625E-07, -0.0158061201965961
1.7614771875E-07, -0.0156341566310008
1.76149671875E-07, -0.0149635288351807
1.76151625E-07, -0.0154115214854558
1.76153578125E-07, -0.0160267162335911
1.7615553125E-07, -0.0157386779914863
1.76157484375E-07, -0.0144759770057179
1.761594375E-07, -0.0141107460944855
1.76161390625E-07, -0.0139298691970358
1.7616334375E-07, -0.0136799048713141
1.76165296875E-07, -0.0137982427310874
1.7616725E-07, -0.0131861690174432
1.76169203125E-07, -0.0118518034904838
1.7617115625E-07, -0.012294856819543
1.76173109375E-07, -0.0117982694892014
1.761750625E-07, -0.0115304591972405
1.76177015625E-07, -0.0109953239008803
1.7617896875E-07, -0.0100735520282215
1.76180921875E-07, -0.0105499869553357
1.76182875E-07, -0.00998572652017436
1.76184828125E-07, -0.0101490368551444
1.7618678125E-07, -0.00938239668898374
1.76188734375E-07, -0.00921111043633688
1.761906875E-07, -0.00978112142051093
1.76192640625E-07, -0.00944627131679748
1.7619459375E-07, -0.00924373822932035
1.76196546875E-07, -0.00836841828235816
1.761985E-07, -0.00811266192536179
1.76200453125E-07, -0.00811798801716746
1.7620240625E-07, -0.00666487404224527
1.76204359375E-07, -0.0070364443126955
1.762063125E-07, -0.00745844673791313
1.76208265625E-07, -0.00758294092721422
1.7621021875E-07, -0.00715923518290186
1.76212171875E-07, -0.00752828063028088
1.76214125E-07, -0.00704487537412546
1.76216078125E-07, -0.0065748971971533
1.7621803125E-07, -0.00720397855289764
1.76219984375E-07, -0.00686479059897949
1.762219375E-07, -0.006774042157717
1.76223890625E-07, -0.00620690251677911
1.7622584375E-07, -0.00638729904721666
1.76227796875E-07, -0.00674256170078384
1.7622975E-07, -0.0061965413101606
1.76231703125E-07, -0.00645212659565898
1.7623365625E-07, -0.0062211489708789
1.76235609375E-07, -0.00625401053075801
1.762375625E-07, -0.00647846405233684
1.76239515625E-07, -0.00662206955753505
1.7624146875E-07, -0.00694087025127762
1.76243421875E-07, -0.00676352946488931
1.76245375E-07, -0.00752105568809131
1.76247328125E-07, -0.00735301333073425
1.7624928125E-07, -0.00756112051533641
1.76251234375E-07, -0.00667185838145026
1.762531875E-07, -0.00711723112519642
1.76255140625E-07, -0.00791355415352619
1.7625709375E-07, -0.00754577393330901
1.76259046875E-07, -0.00796557286578633
1.76261E-07, -0.00834564765995717
1.76262953125E-07, -0.00823996468739537
1.7626490625E-07, -0.00778279338067211
1.76266859375E-07, -0.00876726254732779
1.762688125E-07, -0.00869307255215565
1.76270765625E-07, -0.00859478880385051
1.7627271875E-07, -0.00948350918976
1.76274671875E-07, -0.00878266176215878
1.76276625E-07, -0.0093829619347048
1.76278578125E-07, -0.00909761640757861
1.7628053125E-07, -0.00979368518397527
1.76282484375E-07, -0.00957945253168023
1.762844375E-07, -0.0101477730961213
1.76286390625E-07, -0.0102069928052949
1.7628834375E-07, -0.0101263224501937
1.76290296875E-07, -0.0102401578575707
1.7629225E-07, -0.00989125501197278
1.76294203125E-07, -0.0102620583698389
1.7629615625E-07, -0.0105240162846405
1.76298109375E-07, -0.0110270247922815
1.763000625E-07, -0.0104671845064014
1.76302015625E-07, -0.0105753338715561
1.7630396875E-07, -0.0105648574376527
1.76305921875E-07, -0.0102093716272312
1.76307875E-07, -0.0108992953647934
1.76309828125E-07, -0.0105389885234727
1.7631178125E-07, -0.0109324070602763
1.76313734375E-07, -0.0109606229511268
1.763156875E-07, -0.0106553717571334
1.76317640625E-07, -0.0103869680173378
1.7631959375E-07, -0.0103350187109941
1.76321546875E-07, -0.0108196780378156
1.763235E-07, -0.0109964035119334
1.76325453125E-07, -0.00988310353101325
1.7632740625E-07, -0.0107267492888769
1.76329359375E-07, -0.0106011470107971
1.763313125E-07, -0.010370160065472
1.76333265625E-07, -0.0101505007343073
1.7633521875E-07, -0.0100755137666458
1.76337171875E-07, -0.00926390660317331
1.76339125E-07, -0.00984852443471014
1.76341078125E-07, -0.00943587958394708
1.7634303125E-07, -0.00987664338309833
1.76344984375E-07, -0.0093240410706723
1.763469375E-07, -0.00879590969688209
1.76348890625E-07, -0.00956840123552681
1.7635084375E-07, -0.00911828971296956
1.76352796875E-07, -0.00861571447804554
1.7635475E-07, -0.00856187978518167
1.76356703125E-07, -0.00852651266160607
1.7635865625E-07, -0.0086586893297241
1.76360609375E-07, -0.00859714017424833
1.763625625E-07, -0.00738362571978625
1.76364515625E-07, -0.0075177732336419
1.7636646875E-07, -0.00741857393956831
1.76368421875E-07, -0.00789406879051295
1.76370375E-07, -0.00784181695513943
1.76372328125E-07, -0.00708090537717129
1.7637428125E-07, -0.00688362898389958
1.76376234375E-07, -0.00666210015466589
1.763781875E-07, -0.00697025339606414
1.76380140625E-07, -0.00642951740839918
1.7638209375E-07, -0.00628870225017431
1.76384046875E-07, -0.00616739135541656
1.76386E-07, -0.00587709382293024
1.76387953125E-07, -0.0058123710031995
1.7638990625E-07, -0.00517331153418609
1.76391859375E-07, -0.00557123243625929
1.763938125E-07, -0.00514349044153256
1.76395765625E-07, -0.00514593065837263
1.7639771875E-07, -0.00494210286007355
1.76399671875E-07, -0.00471123109277602
1.76401625E-07, -0.00463384315436287
1.76403578125E-07, -0.00445712860221827
1.7640553125E-07, -0.0045507166821762
1.76407484375E-07, -0.00413098341351706
1.764094375E-07, -0.00402912831323094
1.76411390625E-07, -0.0039521949291197
1.7641334375E-07, -0.00457631400284462
1.76415296875E-07, -0.00409462465695645
1.7641725E-07, -0.0038570737946001
1.76419203125E-07, -0.00397901862438251
1.7642115625E-07, -0.00346791089460392
1.76423109375E-07, -0.00358631596441761
1.764250625E-07, -0.00328422292934964
1.76427015625E-07, -0.00328883413868433
1.7642896875E-07, -0.0033514984235158
1.76430921875E-07, -0.00365991461672192
1.76432875E-07, -0.00341505523983593
1.76434828125E-07, -0.00320413700832276
1.7643678125E-07, -0.00325912130115245
1.76438734375E-07, -0.00308807778598549
1.764406875E-07, -0.00300138014964496
1.76442640625E-07, -0.00369761993971998
1.7644459375E-07, -0.00299269673830498
1.76446546875E-07, -0.00312193306423865
1.764485E-07, -0.00306194201421226
1.76450453125E-07, -0.00323576693657561
1.7645240625E-07, -0.00264299653547729
1.76454359375E-07, -0.00273855084548697
1.764563125E-07, -0.00286088752060921
1.76458265625E-07, -0.00322552272983285
1.7646021875E-07, -0.00308001476320957
1.76462171875E-07, -0.00279723771872917
1.76464125E-07, -0.0026809727759034
1.76466078125E-07, -0.00275449995736569
1.7646803125E-07, -0.00282937288495373
1.76469984375E-07, -0.00281675648235134
1.764719375E-07, -0.00266727876915177
1.76473890625E-07, -0.00266678616467303
1.7647584375E-07, -0.00280712549755582
1.76477796875E-07, -0.00278723018738287
1.7647975E-07, -0.00256049916325108
1.76481703125E-07, -0.00253070597797099
1.7648365625E-07, -0.00286014990833663
1.76485609375E-07, -0.00272071320972426
1.764875625E-07, -0.0022829215582056
1.76489515625E-07, -0.00264393689277153
1.7649146875E-07, -0.00249175809243103
1.76493421875E-07, -0.00270226602216911
1.76495375E-07, -0.00247707870879741
1.76497328125E-07, -0.0024394445177914
1.7649928125E-07, -0.0024500335462375
1.76501234375E-07, -0.00271878557026738
1.765031875E-07, -0.00251855071688587
1.76505140625E-07, -0.0026235491273461
1.7650709375E-07, -0.00271457703714918
1.76509046875E-07, -0.0025721916017991
1.76511E-07, -0.00238845145293233
1.76512953125E-07, -0.00276091348914187
1.7651490625E-07, -0.00212979460025771
1.76516859375E-07, -0.00233424945990947
1.765188125E-07, -0.00231018701631351
1.76520765625E-07, -0.00261767636704103
1.7652271875E-07, -0.00256002409880356
1.76524671875E-07, -0.00224008205680281
1.76526625E-07, -0.00217415748664828
1.76528578125E-07, -0.00222595152048017
1.7653053125E-07, -0.00268751125478634
1.76532484375E-07, -0.00209323398128297
1.765344375E-07, -0.00216031278837073
1.76536390625E-07, -0.00198811135891779
1.7653834375E-07, -0.0021754778933157
1.76540296875E-07, -0.00198244262762384
1.7654225E-07, -0.00197951025890866
1.76544203125E-07, -0.00204900657718127
1.7654615625E-07, -0.00188849478294697
1.76548109375E-07, -0.00190639872546855
1.765500625E-07, -0.00211815957568055
1.76552015625E-07, -0.00174335099820021
1.7655396875E-07, -0.00184333819158626
1.76555921875E-07, -0.00200734666456923
1.76557875E-07, -0.00177189527913577
1.76559828125E-07, -0.00161618484466226
1.7656178125E-07, -0.00179994015895024
1.76563734375E-07, -0.00147640580505722
1.765656875E-07, -0.00176263073214436
1.76567640625E-07, -0.00160161594527605
1.7656959375E-07, -0.00161952857740686
1.76571546875E-07, -0.00196521201911096
1.765735E-07, -0.00165982351125104
1.76575453125E-07, -0.00132765859307265
1.7657740625E-07, -0.0014170452680013
1.76579359375E-07, -0.00134479525355013
1.765813125E-07, -0.00167339315870256
1.76583265625E-07, -0.00105108679103191
1.7658521875E-07, -0.00118906999296085
1.76587171875E-07, -0.0016539643587079
1.76589125E-07, -0.00146548242475753
1.76591078125E-07, -0.00141406236201212
1.7659303125E-07, -0.00134085252311507
1.76594984375E-07, -0.00137733662438623
1.765969375E-07, -0.00127554961126108
1.76598890625E-07, -0.00140197997282882
1.7660084375E-07, -0.00150952620510653
1.76602796875E-07, -0.0013548812011416
1.7660475E-07, -0.00113768966959601
1.76606703125E-07, -0.00131012347576621
1.7660865625E-07, -0.00139225021182195
1.76610609375E-07, -0.0011697236183439
1.766125625E-07, -0.00098964208270575
1.76614515625E-07, -0.00107850491180884
1.7661646875E-07, -0.0012156582913798
1.76618421875E-07, -0.00170183040868238
1.76620375E-07, -0.000884279678857337
1.76622328125E-07, -0.00118508579422112
1.7662428125E-07, -0.00110009866554522
1.76626234375E-07, -0.00104923211670585
1.766281875E-07, -0.00152610773235397
1.76630140625E-07, -0.00134859377964504
1.7663209375E-07, -0.00117904514358329
1.76634046875E-07, -0.00158349181852951
1.76636E-07, -0.00125360563253434
1.76637953125E-07, -0.00109556658332924
1.7663990625E-07, -0.00102503752864762
1.76641859375E-07, -0.00144662740002445
1.766438125E-07, -0.0013272610748934
1.76645765625E-07, -0.00113820821570659
1.7664771875E-07, -0.00137563703046954
1.76649671875E-07, -0.00125653823920959
1.76651625E-07, -0.00165563187325941
1.76653578125E-07, -0.00131634109249461
1.7665553125E-07, -0.000831381996155443
1.76657484375E-07, -0.00102021621819823
1.766594375E-07, -0.00123791735285894
1.76661390625E-07, -0.00136024619401852
1.7666334375E-07, -0.00115368887019252
1.76665296875E-07, -0.00117174786967814
1.7666725E-07, -0.00121390876166405
1.76669203125E-07, -0.0010440326361425
1.7667115625E-07, -0.000849934558558131
1.76673109375E-07, -0.00132015991104691
1.766750625E-07, -0.00106950903974917
1.76677015625E-07, -0.000933056220458262
1.7667896875E-07, -0.00114042927727608
1.76680921875E-07, -0.00118568901052583
1.76682875E-07, -0.00128377379902931
1.76684828125E-07, -0.000989368181688011
1.7668678125E-07, -0.00126269096372718
1.76688734375E-07, -0.00116507960425525
1.766906875E-07, -0.000909916465500249
1.76692640625E-07, -0.000919344415228019
1.7669459375E-07, -0.00106371299002319
1.76696546875E-07, -0.00166231791452842
1.766985E-07, -0.0011649143156097
1.76700453125E-07, -0.0011423923691351
1.7670240625E-07, -0.000942517111351909
1.76704359375E-07, -0.00116724471605451
1.767063125E-07, -0.00122328208295481
1.76708265625E-07, -0.00110694080380259
1.7671021875E-07, -0.00141032863340611
1.76712171875E-07, -0.00138494034635754
1.76714125E-07, -0.001114303004983
1.76716078125E-07, -0.00141625352277351
1.7671803125E-07, -0.00164567152235715
1.76719984375E-07, -0.00149575977258667
1.767219375E-07, -0.00127526644346563
1.76723890625E-07, -0.00149977689253016
1.7672584375E-07, -0.00163102068090589
1.76727796875E-07, -0.00134732601397696
1.7672975E-07, -0.00168022493445663
1.76731703125E-07, -0.00147963502315722
1.7673365625E-07, -0.00180363001910252
1.76735609375E-07, -0.00178654436964182
1.767375625E-07, -0.00169627384466237
1.76739515625E-07, -0.00186773650559116
1.7674146875E-07, -0.00150988551845417
1.76743421875E-07, -0.00186040325628455
1.76745375E-07, -0.00211280381305256
1.76747328125E-07, -0.00223912311885783
1.7674928125E-07, -0.00233274385588473
1.76751234375E-07, -0.00208579314639352
1.767531875E-07, -0.00250488018771166
1.76755140625E-07, -0.00238180729703842
1.7675709375E-07, -0.00240128603577607
1.76759046875E-07, -0.00248800465562083
1.76761E-07, -0.00269522313828851
1.76762953125E-07, -0.00291179015581807
1.7676490625E-07, -0.00267515680928393
1.76766859375E-07, -0.00317747540211007
1.767688125E-07, -0.00300662840699973
1.76770765625E-07, -0.00312050995681667
1.7677271875E-07, -0.00377420592378768
1.76774671875E-07, -0.0031258842241753
1.76776625E-07, -0.00345690640255044
1.76778578125E-07, -0.00383236874412519
1.7678053125E-07, -0.00360160578732175
1.76782484375E-07, -0.00374827703062447
1.767844375E-07, -0.00328139900705989
1.76786390625E-07, -0.00384288957689632
1.7678834375E-07, -0.00379945717743311
1.76790296875E-07, -0.00379327229426008
1.7679225E-07, -0.00400470231386668
1.76794203125E-07, -0.00372980544916813
1.7679615625E-07, -0.00458573464797388
1.76798109375E-07, -0.00408950532630658
1.768000625E-07, -0.00468181489834765
1.76802015625E-07, -0.00478385334190746
1.7680396875E-07, -0.00458400842420876
1.76805921875E-07, -0.00449202600518816
1.76807875E-07, -0.0048279392465622
1.76809828125E-07, -0.00474002799842853
1.7681178125E-07, -0.00445730485825373
1.76813734375E-07, -0.00469877478013163
1.768156875E-07, -0.0046762025096741
1.76817640625E-07, -0.00446017602747148
1.7681959375E-07, -0.0045425690229735
1.76821546875E-07, -0.00480539065793663
1.768235E-07, -0.00455143064862532
1.76825453125E-07, -0.00481914381055777
1.7682740625E-07, -0.00471687291120246
1.76829359375E-07, -0.00397369389852292
1.768313125E-07, -0.00456397388801031
1.76833265625E-07, -0.00409539446713139
1.7683521875E-07, -0.00438048788461581
1.76837171875E-07, -0.00421720748531925
1.76839125E-07, -0.00466515935996932
1.76841078125E-07, -0.00379156665825042
1.7684303125E-07, -0.00363654521751009
1.76844984375E-07, -0.00407092486844435
1.768469375E-07, -0.00339620498894026
1.76848890625E-07, -0.00380310050829718
1.7685084375E-07, -0.00369861848675037
1.76852796875E-07, -0.00236505511225519
1.7685475E-07, -0.00335293849992991
1.76856703125E-07, -0.00251003123433977
1.7685865625E-07, -0.00300252772077483
1.76860609375E-07, -0.00164566962096452
1.768625625E-07, -0.00130526536357096
1.76864515625E-07, -0.00154734718056682
1.7686646875E-07, -0.00215362771417307
1.76868421875E-07, -0.00136548944739374
1.76870375E-07, -0.00112874512992521
1.76872328125E-07, -0.00114834548147877
1.7687428125E-07, -0.000748579631014906
1.76876234375E-07, -0.000673328914061068
1.768781875E-07, -0.000851438613372238
1.76880140625E-07, 0.00032148961316779
1.7688209375E-07, 0.000270535292542271
1.76884046875E-07, 0.000332351979444013
1.76886E-07, 0.000573702029410072
1.76887953125E-07, 0.00115331443318511
1.7688990625E-07, 0.000581624827911673
1.76891859375E-07, 0.000921417350468639
1.768938125E-07, 0.00191468745682113
1.76895765625E-07, 0.0019732351301136
1.7689771875E-07, 0.00192939224453186
1.76899671875E-07, 0.00212204234489055
1.76901625E-07, 0.00176847433950622
1.76903578125E-07, 0.00234361801883069
1.7690553125E-07, 0.00242555127485437
1.76907484375E-07, 0.00225953470725655
1.769094375E-07, 0.00203792802684231
1.76911390625E-07, 0.00248493468490223
1.7691334375E-07, 0.00259723408386093
1.76915296875E-07, 0.00299935019465018
1.7691725E-07, 0.00274546809668452
1.76919203125E-07, 0.00246664699558368
1.7692115625E-07, 0.00236912146970676
1.76923109375E-07, 0.00248148387367536
1.769250625E-07, 0.00201665480980482
1.76927015625E-07, 0.00251805271871201
1.7692896875E-07, 0.0028299426156418
1.76930921875E-07, 0.00180323960528543
1.76932875E-07, 0.00237696627965222
1.76934828125E-07, 0.00194247946284381
1.7693678125E-07, 0.00170323819983222
1.76938734375E-07, 0.00191142377407036
1.769406875E-07, 0.00102579404865888
1.76942640625E-07, 0.000835100570008723
1.7694459375E-07, 0.000974976920399391
1.76946546875E-07, 0.000546263288196126
1.769485E-07, 0.000537943190439399
1.76950453125E-07, 0.000299245076419003
1.7695240625E-07, 0.000296023186652656
1.76954359375E-07, -2.74290288398799E-06
1.769563125E-07, -0.000567135538271608
1.76958265625E-07, -0.00148932370373213
1.7696021875E-07, -0.000661005948013917
1.76962171875E-07, -0.00122686361765004
1.76964125E-07, -0.000860326106462111
1.76966078125E-07, -0.00211591178603412
1.7696803125E-07, -0.00219753986888176
1.76969984375E-07, -0.00224261461667003
1.769719375E-07, -0.00206535112460643
1.76973890625E-07, -0.00278065847260639
1.7697584375E-07, -0.00270581023077084
1.76977796875E-07, -0.00407042520651525
1.7697975E-07, -0.00425866809199836
1.76981703125E-07, -0.00405788514979148
1.7698365625E-07, -0.0048640624370206
1.76985609375E-07, -0.00472065567778064
1.769875625E-07, -0.00501022524731243
1.76989515625E-07, -0.00515947923250228
1.7699146875E-07, -0.00488878582250585
1.76993421875E-07, -0.0058325213174302
1.76995375E-07, -0.00531739170879228
1.76997328125E-07, -0.0060827024721177
1.7699928125E-07, -0.00552904090759414
1.77001234375E-07, -0.00576796035660446
1.770031875E-07, -0.00639115664611267
1.77005140625E-07, -0.00632163932621722
1.7700709375E-07, -0.00713936284510651
1.77009046875E-07, -0.00647175480135048
1.77011E-07, -0.00525324472336067
1.77012953125E-07, -0.00669453735075489
1.7701490625E-07, -0.00557149983074104
1.77016859375E-07, -0.00664426386347656
1.770188125E-07, -0.00668144645826324
1.77020765625E-07, -0.00629677549649519
1.7702271875E-07, -0.00623614050930025
1.77024671875E-07, -0.00586798094491692
1.77026625E-07, -0.00635138025825671
1.77028578125E-07, -0.00634508655554618
1.7703053125E-07, -0.00587227513350874
1.77032484375E-07, -0.00622781970788923
1.770344375E-07, -0.00482289630660833
1.77036390625E-07, -0.00645496490514009
1.7703834375E-07, -0.00570679049297857
1.77040296875E-07, -0.00499739747779117
1.7704225E-07, -0.00508956380927609
1.77044203125E-07, -0.00481556153484942
1.7704615625E-07, -0.00442394289654155
1.77048109375E-07, -0.00445198406452297
1.770500625E-07, -0.00425989973304251
1.77052015625E-07, -0.00410578005846375
1.7705396875E-07, -0.00463027986914874
1.77055921875E-07, -0.00379033079996381
1.77057875E-07, -0.0034054866878586
1.77059828125E-07, -0.0034206744372121
1.7706178125E-07, -0.00261070088043821
1.77063734375E-07, -0.00272189056050427
1.770656875E-07, -0.00264911657692127
1.77067640625E-07, -0.00259281748387904
1.7706959375E-07, -0.00195440748224
1.77071546875E-07, -0.00184847677679832
1.770735E-07, -0.0013857577234627
1.77075453125E-07, -0.00149298414094777
1.7707740625E-07, -0.00129916205373419
1.77079359375E-07, -0.000169906157933913
1.770813125E-07, 0.000299616325414651
1.77083265625E-07, -2.17548269120757E-05
1.7708521875E-07, -0.000296420013490006
1.77087171875E-07, 0.000545831612935343
1.77089125E-07, 0.000822462672824114
1.77091078125E-07, 0.00110293775086812
1.7709303125E-07, 0.000881742074120345
1.77094984375E-07, 0.000939101865768668
1.770969375E-07, 0.00156036263293479
1.77098890625E-07, 0.00212726084248807
1.7710084375E-07, 0.00173796099949525
1.77102796875E-07, 0.00320687220835464
1.7710475E-07, 0.00160159326720466
1.77106703125E-07, 0.00307153852901254
1.7710865625E-07, 0.00395129498052477
1.77110609375E-07, 0.00262993073639629
1.771125625E-07, 0.0032715947221953
1.77114515625E-07, 0.00304928071335681
1.7711646875E-07, 0.00393344352001763
1.77118421875E-07, 0.00488646863735113
1.77120375E-07, 0.0038730639910703
1.77122328125E-07, 0.00511898307148714
1.7712428125E-07, 0.00531348710091059
1.77126234375E-07, 0.00521347841251877
1.771281875E-07, 0.00566430969645307
1.77130140625E-07, 0.00651459514985564
1.7713209375E-07, 0.006169769106151
1.77134046875E-07, 0.00627709824457231
1.77136E-07, 0.00671536733203256
1.77137953125E-07, 0.00744112298722708
1.7713990625E-07, 0.00726858042759484
1.77141859375E-07, 0.00654897935524535
1.771438125E-07, 0.0073544692417956
1.77145765625E-07, 0.00766388943778841
1.7714771875E-07, 0.00780669264109382
1.77149671875E-07, 0.00787348759686281
1.77151625E-07, 0.00769294926092258
1.77153578125E-07, 0.0083125486464905
1.7715553125E-07, 0.00846589835025725
1.77157484375E-07, 0.00909414822088652
1.771594375E-07, 0.00896075300278517
1.77161390625E-07, 0.00865702346482045
1.7716334375E-07, 0.00919575290971287
1.77165296875E-07, 0.00966611701364675
1.7716725E-07, 0.00942809836794926
1.77169203125E-07, 0.00984473806678395
1.7717115625E-07, 0.00980570291391062
1.77173109375E-07, 0.00919707054696605
1.771750625E-07, 0.0101461130313986
1.77177015625E-07, 0.00992145147752295
1.7717896875E-07, 0.0101381190356174
1.77180921875E-07, 0.0102531058371195
1.77182875E-07, 0.0100277772594966
1.77184828125E-07, 0.0105577996073722
1.7718678125E-07, 0.0105828545624271
1.77188734375E-07, 0.0101793911388887
1.771906875E-07, 0.0108869561494522
1.77192640625E-07, 0.0104586520262947
1.7719459375E-07, 0.010086404327998
1.77196546875E-07, 0.0105210138126317
1.771985E-07, 0.0105310649264048
1.77200453125E-07, 0.0102522967633634
1.7720240625E-07, 0.00990305315569576
1.77204359375E-07, 0.0104556066599031
1.772063125E-07, 0.0101513784094087
1.77208265625E-07, 0.0103935749293734
1.7721021875E-07, 0.0102050655825562
1.77212171875E-07, 0.0101208473880778
1.77214125E-07, 0.0102843310867361
1.77216078125E-07, 0.00915347004003678
1.7721803125E-07, 0.00974534085812889
1.77219984375E-07, 0.00937394349321939
1.772219375E-07, 0.00894007400488612
1.77223890625E-07, 0.00973821606162947
1.7722584375E-07, 0.00854889952775637
1.77227796875E-07, 0.00872103986518324
1.7722975E-07, 0.00885926814493798
1.77231703125E-07, 0.0081986709037962
1.7723365625E-07, 0.00872751657756765
1.77235609375E-07, 0.00818837816942951
1.772375625E-07, 0.007937539436409
1.77239515625E-07, 0.008125755635605
1.7724146875E-07, 0.0073269945473065
1.77243421875E-07, 0.00756930599713522
1.77245375E-07, 0.006786348058925
1.77247328125E-07, 0.00702289668813876
1.7724928125E-07, 0.00771925629738073
1.77251234375E-07, 0.00540570575416105
1.772531875E-07, 0.00645092859563643
1.77255140625E-07, 0.00632315604310885
1.7725709375E-07, 0.00551730665211145
1.77259046875E-07, 0.00585784183271311
1.77261E-07, 0.00557443283676827
1.77262953125E-07, 0.00540449579755645
1.7726490625E-07, 0.00443248338188749
1.77266859375E-07, 0.00427197999971225
1.772688125E-07, 0.00419898873852982
1.77270765625E-07, 0.00430514100241462
1.7727271875E-07, 0.00383556575399557
1.77274671875E-07, 0.00373286092154121
1.77276625E-07, 0.00388615214298871
1.77278578125E-07, 0.0031053617200971
1.7728053125E-07, 0.00241223444298131
1.77282484375E-07, 0.00282709292557488
1.772844375E-07, 0.00244131355628827
1.77286390625E-07, 0.00248365464697981
1.7728834375E-07, 0.00178784090260031
1.77290296875E-07, 0.0017077451495287
1.7729225E-07, 0.00173374596179682
1.77294203125E-07, 0.00224344787003936
1.7729615625E-07, 0.00178567154186679
1.77298109375E-07, 0.00118672679023291
1.773000625E-07, 0.00113689341917588
1.77302015625E-07, 0.00148998134516667
1.7730396875E-07, 0.000793780304603746
1.77305921875E-07, 0.00106380828783089
1.77307875E-07, 0.000442024000825638
1.77309828125E-07, 0.000730873704327534
1.7731178125E-07, 0.00111041106945821
1.77313734375E-07, 0.00103871246886627
1.773156875E-07, 0.00109677488332448
1.77317640625E-07, 0.000910495872440624
1.7731959375E-07, 0.000868956682917079
1.77321546875E-07, 0.00108436987071305
1.773235E-07, 0.0010460771436276
1.77325453125E-07, 0.00146077010291302
1.7732740625E-07, 0.00110903240979841
1.77329359375E-07, 0.000655753106452885
1.773313125E-07, 0.000657097648318781
1.77333265625E-07, 0.000833359659651835
1.7733521875E-07, 0.00113590382608795
1.77337171875E-07, 0.00135427548076222
1.77339125E-07, 0.00122617864853948
1.77341078125E-07, 0.00164989342540774
1.7734303125E-07, 0.00113826799282878
1.77344984375E-07, 0.00155450384835364
1.773469375E-07, 0.00156552397680363
1.77348890625E-07, 0.00199103751419673
1.7735084375E-07, 0.00188437816731535
1.77352796875E-07, 0.00165644533852358
1.7735475E-07, 0.00189041842041263
1.77356703125E-07, 0.0015101050545777
1.7735865625E-07, 0.00203365720044655
1.77360609375E-07, 0.00190490072691546
1.773625625E-07, 0.0021783828168539
1.77364515625E-07, 0.00236806537186065
1.7736646875E-07, 0.00253098125499208
1.77368421875E-07, 0.00237445879296216
1.77370375E-07, 0.00262995192277728
1.77372328125E-07, 0.00254766529863067
1.7737428125E-07, 0.00269334692050865
1.77376234375E-07, 0.00314152875548351
1.773781875E-07, 0.00218315672078325
1.77380140625E-07, 0.00227791389329352
1.7738209375E-07, 0.00292568282745212
1.77384046875E-07, 0.00225059926424148
1.77386E-07, 0.0030357669097169
1.77387953125E-07, 0.00318108262535567
1.7738990625E-07, 0.00310100704694736
1.77391859375E-07, 0.00312079516935943
1.773938125E-07, 0.00314385856756438
1.77395765625E-07, 0.00308727871703568
1.7739771875E-07, 0.00334889816556732
1.77399671875E-07, 0.00302584790206332
1.77401625E-07, 0.00332767494769043
1.77403578125E-07, 0.00250342006168093
1.7740553125E-07, 0.00285119764243919
1.77407484375E-07, 0.00268987748936125
1.774094375E-07, 0.00300761580312725
1.77411390625E-07, 0.00259218627824265
1.7741334375E-07, 0.00324561651066587
1.77415296875E-07, 0.00255948651962607
1.7741725E-07, 0.00254563203682073
1.77419203125E-07, 0.002608607435956
1.7742115625E-07, 0.00240958555133207
1.77423109375E-07, 0.0019944686862931
1.774250625E-07, 0.00275366924606652
1.77427015625E-07, 0.00268613022866443
1.7742896875E-07, 0.00183847608614811
1.77430921875E-07, 0.00201676398546927
1.77432875E-07, 0.00158089231528881
1.77434828125E-07, 0.00222283141983363
1.7743678125E-07, 0.00145984557460262
1.77438734375E-07, 0.00134557707006294
1.774406875E-07, 0.000966720619299627
1.77442640625E-07, 0.00195765312694505
1.7744459375E-07, 0.00136444430678003
1.77446546875E-07, 0.00108070694524972
1.774485E-07, 0.000728685259893094
1.77450453125E-07, 0.000752430863035275
1.7745240625E-07, 0.000572442908018656
1.77454359375E-07, 0.00133018302798503
1.774563125E-07, 0.000265692669780441
1.77458265625E-07, 0.000651344982372707
1.7746021875E-07, 0.000253785226093188
1.77462171875E-07, 0.000179572805275223
1.77464125E-07, -8.17401371932687E-05
1.77466078125E-07, 0.000278603503534965
1.7746803125E-07, -6.83743753007321E-05
1.77469984375E-07, 1.61401118862218E-06
1.774719375E-07, -0.000130417621787554
1.77473890625E-07, -0.000487721703721178
1.7747584375E-07, -0.000420453112838699
1.77477796875E-07, -0.000460096890944138
1.7747975E-07, -0.000644909857011656
1.77481703125E-07, -0.000439287586640922
1.7748365625E-07, -0.00102476592522158
1.77485609375E-07, -0.00140526434080604
1.774875625E-07, -0.00140681199404449
1.77489515625E-07, -0.000666726500122559
1.7749146875E-07, -0.000977790950536229
1.77493421875E-07, -0.00158619551154609
1.77495375E-07, -0.00126421513482855
1.77497328125E-07, -0.00130479277936422
1.7749928125E-07, -0.0016955185833352
1.77501234375E-07, -0.00169532684789286
1.775031875E-07, -0.00181361468036685
1.77505140625E-07, -0.00174792397870847
1.7750709375E-07, -0.00154181532518925
1.77509046875E-07, -0.00181302079281461
1.77511E-07, -0.00190496240172605
1.77512953125E-07, -0.00231359230407541
1.7751490625E-07, -0.00201992039700168
1.77516859375E-07, -0.00182572932916658
1.775188125E-07, -0.00219101714449691
1.77520765625E-07, -0.00183301016444733
1.7752271875E-07, -0.00215778483050736
1.77524671875E-07, -0.0018310918605777
1.77526625E-07, -0.00279764803340946
1.77528578125E-07, -0.00230200285199112
1.7753053125E-07, -0.00206823065205262
1.77532484375E-07, -0.00230894197864616
1.775344375E-07, -0.00223386902854633
1.77536390625E-07, -0.00236885082836897
1.7753834375E-07, -0.00243548305139741
1.77540296875E-07, -0.0022667555329855
1.7754225E-07, -0.00226393231053448
1.77544203125E-07, -0.00217937119297273
1.7754615625E-07, -0.00230003156674847
1.77548109375E-07, -0.00265724701760239
1.775500625E-07, -0.0024795035428361
1.77552015625E-07, -0.0023981039912515
1.7755396875E-07, -0.00232449546672051
1.77555921875E-07, -0.00246080746892246
1.77557875E-07, -0.0022154074845914
1.77559828125E-07, -0.00250466119087067
1.7756178125E-07, -0.0024979658827368
1.77563734375E-07, -0.00222233731247551
1.775656875E-07, -0.0020514956794278
1.77567640625E-07, -0.00219371607056912
1.7756959375E-07, -0.00223441958898016
1.77571546875E-07, -0.00222412688505666
1.775735E-07, -0.00219148927996728
1.77575453125E-07, -0.00189047495923351
1.7757740625E-07, -0.00194633811600771
1.77579359375E-07, -0.00191056083448729
1.775813125E-07, -0.00209844243587454
1.77583265625E-07, -0.00202538920639586
1.7758521875E-07, -0.00212922958351216
1.77587171875E-07, -0.00178834811715952
1.77589125E-07, -0.00153230626757037
1.77591078125E-07, -0.00183921324966839
1.7759303125E-07, -0.00169358126394312
1.77594984375E-07, -0.0016292102165657
1.775969375E-07, -0.00136133419003023
1.77598890625E-07, -0.00124157662149958
1.7760084375E-07, -0.00158173665575823
1.77602796875E-07, -0.00141643392491386
1.7760475E-07, -0.00132076969277783
1.77606703125E-07, -0.00141679852397015
1.7760865625E-07, -0.00100975879555119
1.77610609375E-07, -0.00137300554833623
1.776125625E-07, -0.00134951918321403
1.77614515625E-07, -0.00117646529990522
1.7761646875E-07, -0.0012671115103247
1.77618421875E-07, -0.000569395109721794
1.77620375E-07, -0.000878699702561921
1.77622328125E-07, -0.00127167781023639
1.7762428125E-07, -0.000833185340683572
1.77626234375E-07, -0.00093721968090008
1.776281875E-07, -0.000722099689867829
1.77630140625E-07, -0.000883536037111752
1.7763209375E-07, -0.000739969583512016
1.77634046875E-07, -0.000733803796826041


