File Format, WaveformXYValues
Format Version, 1
Instrument, N1045A,04F,LOJ
SwVersion, A.06.71.21
SerialNumber, MY56260108
Date, 11/29/2023 14:41:00 GMT+08:00

Source Name, Channel 1A

Points, 2048
Signal Type, Unspecified
Channel Bandwidth, 2E+10
Channel Noise, 6.66857143682292E-05
X Units, Second
Y Units, Volt
Data, 
1.73636E-07, -0.00132487410999503
1.73637953125E-07, -0.00122158815396322
1.7363990625E-07, -0.00114142635737531
1.73641859375E-07, -0.00125101814097572
1.736438125E-07, -0.00137776891454125
1.73645765625E-07, -0.00127401809822651
1.7364771875E-07, -0.00110672759372406
1.73649671875E-07, -0.00137580087204425
1.73651625E-07, -0.00115904623581421
1.73653578125E-07, -0.00133231216509734
1.7365553125E-07, -0.00134499466115312
1.73657484375E-07, -0.00122348787648458
1.736594375E-07, -0.00140421055610278
1.73661390625E-07, -0.00124986508532868
1.7366334375E-07, -0.00141698986405059
1.73665296875E-07, -0.0014702794348405
1.7366725E-07, -0.00144089790472916
1.73669203125E-07, -0.00124244697273168
1.7367115625E-07, -0.00111178224016491
1.73673109375E-07, -0.00146677935813833
1.736750625E-07, -0.00122387819866861
1.73677015625E-07, -0.00140889487287288
1.7367896875E-07, -0.00122601663058742
1.73680921875E-07, -0.00154410964356963
1.73682875E-07, -0.00151958753648455
1.73684828125E-07, -0.00159197824633611
1.7368678125E-07, -0.00135615673925553
1.73688734375E-07, -0.00156507659826483
1.736906875E-07, -0.00171597397869901
1.73692640625E-07, -0.0012989084186859
1.7369459375E-07, -0.00150988586215324
1.73696546875E-07, -0.00155301378926397
1.736985E-07, -0.0015340796128908
1.73700453125E-07, -0.00137773156412157
1.7370240625E-07, -0.00148234666259093
1.73704359375E-07, -0.00148767817775358
1.737063125E-07, -0.00139211728092778
1.73708265625E-07, -0.000976679567146689
1.7371021875E-07, -0.00149960300868784
1.73712171875E-07, -0.00139976660833054
1.73714125E-07, -0.00141518615179683
1.73716078125E-07, -0.0014529973526267
1.7371803125E-07, -0.00142194038148638
1.73719984375E-07, -0.00110270988186704
1.737219375E-07, -0.00168788327347559
1.73723890625E-07, -0.00135199795953982
1.7372584375E-07, -0.00168936688335364
1.73727796875E-07, -0.00160846838749702
1.7372975E-07, -0.00147740834599377
1.73731703125E-07, -0.00209045867843827
1.7373365625E-07, -0.00152110573868232
1.73735609375E-07, -0.0016503653417891
1.737375625E-07, -0.00179844599320248
1.73739515625E-07, -0.00178255482953375
1.7374146875E-07, -0.00191226492427864
1.73743421875E-07, -0.00154885885449375
1.73745375E-07, -0.0016144471722536
1.73747328125E-07, -0.00182061307564995
1.7374928125E-07, -0.00182478849533091
1.73751234375E-07, -0.0016289722547625
1.737531875E-07, -0.00147876092449717
1.73755140625E-07, -0.00190071666536468
1.7375709375E-07, -0.00197409236926816
1.73759046875E-07, -0.00158737373114013
1.73761E-07, -0.0014391511479988
1.73762953125E-07, -0.00182827286221737
1.7376490625E-07, -0.00195975465762537
1.73766859375E-07, -0.00193602948780359
1.737688125E-07, -0.00198617742527614
1.73770765625E-07, -0.00174559345718584
1.7377271875E-07, -0.00201850349780273
1.73774671875E-07, -0.00169705281813785
1.73776625E-07, -0.00192050449115649
1.73778578125E-07, -0.00177736286108471
1.7378053125E-07, -0.00206189213086965
1.73782484375E-07, -0.00227161904346675
1.737844375E-07, -0.00190262409167833
1.73786390625E-07, -0.00240301528617745
1.7378834375E-07, -0.0021060605430685
1.73790296875E-07, -0.00207621864814225
1.7379225E-07, -0.00183981365385515
1.73794203125E-07, -0.00230700468559141
1.7379615625E-07, -0.00238297168226357
1.73798109375E-07, -0.00232165992199981
1.738000625E-07, -0.0023242747269066
1.73802015625E-07, -0.00199044971879295
1.7380396875E-07, -0.00240631771205805
1.73805921875E-07, -0.00250653767173266
1.73807875E-07, -0.00260782262212034
1.73809828125E-07, -0.0024976204955343
1.7381178125E-07, -0.00250802830435402
1.73813734375E-07, -0.00238660512728859
1.738156875E-07, -0.00224496809622118
1.73817640625E-07, -0.00221785925223193
1.7381959375E-07, -0.00239510986039236
1.73821546875E-07, -0.00272780859842834
1.738235E-07, -0.00263642595490751
1.73825453125E-07, -0.00279827947540668
1.7382740625E-07, -0.00255128759945274
1.73829359375E-07, -0.00276780454626617
1.738313125E-07, -0.00264346233474098
1.73833265625E-07, -0.00291060209497624
1.7383521875E-07, -0.00289478055985485
1.73837171875E-07, -0.00263701794404644
1.73839125E-07, -0.00282251772612532
1.73841078125E-07, -0.00296822257453236
1.7384303125E-07, -0.00288021364266385
1.73844984375E-07, -0.00323844516215301
1.738469375E-07, -0.0033199006016703
1.73848890625E-07, -0.00304155720054028
1.7385084375E-07, -0.00326329533264963
1.73852796875E-07, -0.00333216871305882
1.7385475E-07, -0.0038463084684309
1.73856703125E-07, -0.00329511068017663
1.7385865625E-07, -0.00377832206663245
1.73860609375E-07, -0.00354404730300781
1.738625625E-07, -0.00370952423671384
1.73864515625E-07, -0.00385796904947326
1.7386646875E-07, -0.0035174608225655
1.73868421875E-07, -0.00396940514190139
1.73870375E-07, -0.00346159312425104
1.73872328125E-07, -0.00404266207445754
1.7387428125E-07, -0.00400618562428519
1.73876234375E-07, -0.00408372884998428
1.738781875E-07, -0.00398597933159709
1.73880140625E-07, -0.00413795068275638
1.7388209375E-07, -0.0042174012278792
1.73884046875E-07, -0.00461512224624724
1.73886E-07, -0.0041762725508622
1.73887953125E-07, -0.00506542570102349
1.7388990625E-07, -0.00459990984818495
1.73891859375E-07, -0.00453093062846447
1.738938125E-07, -0.00450635140226763
1.73895765625E-07, -0.00439513623597696
1.7389771875E-07, -0.00463020805045601
1.73899671875E-07, -0.00508011539069331
1.73901625E-07, -0.00470326973959196
1.73903578125E-07, -0.00505397591035179
1.7390553125E-07, -0.00538438031264121
1.73907484375E-07, -0.00507737771403446
1.739094375E-07, -0.00554237860457525
1.73911390625E-07, -0.0049072390181427
1.7391334375E-07, -0.00517196642596969
1.73915296875E-07, -0.00554158327377459
1.7391725E-07, -0.00529695977432347
1.73919203125E-07, -0.00540520981161225
1.7392115625E-07, -0.00525559461130409
1.73923109375E-07, -0.00547076470293625
1.739250625E-07, -0.00522950148371464
1.73927015625E-07, -0.00586362299278594
1.7392896875E-07, -0.00565085310397167
1.73930921875E-07, -0.0052503124087786
1.73932875E-07, -0.00568253409830261
1.73934828125E-07, -0.00587187454874043
1.7393678125E-07, -0.00584042044989679
1.73938734375E-07, -0.00558937674390438
1.739406875E-07, -0.00585495838829717
1.73942640625E-07, -0.00543433731007245
1.7394459375E-07, -0.00589785274186225
1.73946546875E-07, -0.00567230786590758
1.739485E-07, -0.00561219853636622
1.73950453125E-07, -0.00571232613178022
1.7395240625E-07, -0.00577047237886631
1.73954359375E-07, -0.00566083856412675
1.739563125E-07, -0.00573769258265733
1.73958265625E-07, -0.00568700231458172
1.7396021875E-07, -0.0055189789594123
1.73962171875E-07, -0.00547619618921431
1.73964125E-07, -0.00534803177656516
1.73966078125E-07, -0.0053750104111108
1.7396803125E-07, -0.00491942738599634
1.73969984375E-07, -0.00478272356021697
1.739719375E-07, -0.00544355384029527
1.73973890625E-07, -0.00524562335607502
1.7397584375E-07, -0.00515516219179941
1.73977796875E-07, -0.00546587306971672
1.7397975E-07, -0.00447808655367971
1.73981703125E-07, -0.00503452768613724
1.7398365625E-07, -0.00470745405900688
1.73985609375E-07, -0.00474713834322235
1.739875625E-07, -0.00487868359518902
1.73989515625E-07, -0.00443618567486543
1.7399146875E-07, -0.00425593230027211
1.73993421875E-07, -0.00386925868940062
1.73995375E-07, -0.00342725369692623
1.73997328125E-07, -0.00351680402806691
1.7399928125E-07, -0.00252824331694902
1.74001234375E-07, -0.00359166172688907
1.740031875E-07, -0.00231657610800973
1.74005140625E-07, -0.0017789623093719
1.7400709375E-07, -0.00337938872500311
1.74009046875E-07, -0.00259957153495526
1.74011E-07, -0.00309940490337342
1.74012953125E-07, -0.00203241707408238
1.7401490625E-07, -0.00148879487941339
1.74016859375E-07, -0.00153815641879888
1.740188125E-07, -0.00125627482621343
1.74020765625E-07, -0.00182965998750845
1.7402271875E-07, -0.000788198019332138
1.74024671875E-07, -0.000676368702428772
1.74026625E-07, -0.00135025837279365
1.74028578125E-07, 8.7577667639942E-05
1.7403053125E-07, 0.000539755914742736
1.74032484375E-07, 1.3048830020703E-05
1.740344375E-07, 0.00151480138415098
1.74036390625E-07, -0.00077377875825752
1.7403834375E-07, 0.0036854994886028
1.74040296875E-07, 0.00213054027597915
1.7404225E-07, 0.00211539418892745
1.74044203125E-07, 0.00266939342525676
1.7404615625E-07, 0.00214415912041074
1.74048109375E-07, 0.00357496126724119
1.740500625E-07, 0.00483933881924484
1.74052015625E-07, 0.00410748847058715
1.7405396875E-07, 0.00407745723477802
1.74055921875E-07, 0.00463122552333688
1.74057875E-07, 0.00484206023302763
1.74059828125E-07, 0.00764856760713767
1.7406178125E-07, 0.00534621423243019
1.74063734375E-07, 0.00676773622556251
1.740656875E-07, 0.00742838291817384
1.74067640625E-07, 0.00872291221404861
1.7406959375E-07, 0.0083281174992222
1.74071546875E-07, 0.00755988204095048
1.740735E-07, 0.00932230742390894
1.74075453125E-07, 0.00957115719155422
1.7407740625E-07, 0.0118111580091611
1.74079359375E-07, 0.011823042434387
1.740813125E-07, 0.00890332704257968
1.74083265625E-07, 0.0105967593771639
1.7408521875E-07, 0.0125633367738384
1.74087171875E-07, 0.0116687138739355
1.74089125E-07, 0.0140015145870679
1.74091078125E-07, 0.0133610617052797
1.7409303125E-07, 0.0145824154877832
1.74094984375E-07, 0.0143327035784504
1.740969375E-07, 0.0146497807091376
1.74098890625E-07, 0.0167535173991373
1.7410084375E-07, 0.0157927998959565
1.74102796875E-07, 0.0171542985664224
1.7410475E-07, 0.0164595753588674
1.74106703125E-07, 0.0166704992233823
1.7410865625E-07, 0.0183662052398064
1.74110609375E-07, 0.0194813948812914
1.741125625E-07, 0.0202425603290343
1.74114515625E-07, 0.0219158273485874
1.7411646875E-07, 0.0182912271808347
1.74118421875E-07, 0.021037399604113
1.74120375E-07, 0.022970728989959
1.74122328125E-07, 0.0228087434912383
1.7412428125E-07, 0.0239103461164148
1.74126234375E-07, 0.0217172175595425
1.741281875E-07, 0.0230929870132066
1.74130140625E-07, 0.0241175813032692
1.7413209375E-07, 0.0251030648295647
1.74134046875E-07, 0.0254086001288346
1.74136E-07, 0.0252068846765393
1.74137953125E-07, 0.0268855468181041
1.7413990625E-07, 0.0266769013435853
1.74141859375E-07, 0.0267336523457912
1.741438125E-07, 0.0292615018054928
1.74145765625E-07, 0.028821555724438
1.7414771875E-07, 0.0293827344188867
1.74149671875E-07, 0.0298238172185704
1.74151625E-07, 0.0298141346490558
1.74153578125E-07, 0.0298184390521528
1.7415553125E-07, 0.0309297520597239
1.74157484375E-07, 0.0306548021175364
1.741594375E-07, 0.0318909484445373
1.74161390625E-07, 0.0300093486643919
1.7416334375E-07, 0.0327463480544045
1.74165296875E-07, 0.0324868803977163
1.7416725E-07, 0.0325252159585423
1.74169203125E-07, 0.0333370199038117
1.7417115625E-07, 0.0319559752717682
1.74173109375E-07, 0.0329781539145931
1.741750625E-07, 0.0337490183392618
1.74177015625E-07, 0.0338452443518838
1.7417896875E-07, 0.0316854710898258
1.74180921875E-07, 0.0330569869460479
1.74182875E-07, 0.034579943617201
1.74184828125E-07, 0.0341237624428883
1.7418678125E-07, 0.0346514752245422
1.74188734375E-07, 0.0308633880233313
1.741906875E-07, 0.0341534458182821
1.74192640625E-07, 0.0344130395251585
1.7419459375E-07, 0.0339717266283587
1.74196546875E-07, 0.0317561797923698
1.741985E-07, 0.0335073086575241
1.74200453125E-07, 0.0328979359782656
1.7420240625E-07, 0.0332002451875167
1.74204359375E-07, 0.0325892403123303
1.742063125E-07, 0.0322487502717742
1.74208265625E-07, 0.0329440785285592
1.7421021875E-07, 0.0282074563857668
1.74212171875E-07, 0.0326000860481114
1.74214125E-07, 0.0294990397170198
1.74216078125E-07, 0.0288902020701087
1.7421803125E-07, 0.0245958599757185
1.74219984375E-07, 0.0271825540398298
1.742219375E-07, 0.0299073299059452
1.74223890625E-07, 0.0263895419155683
1.7422584375E-07, 0.0252184239183321
1.74227796875E-07, 0.0248031319812196
1.7422975E-07, 0.0227438634659455
1.74231703125E-07, 0.0260622958946197
1.7423365625E-07, 0.0224627034649778
1.74235609375E-07, 0.0192361517118094
1.742375625E-07, 0.0188851279125469
1.74239515625E-07, 0.0206263944438819
1.7424146875E-07, 0.0229278664823721
1.74243421875E-07, 0.0177367250700039
1.74245375E-07, 0.010946055923327
1.74247328125E-07, 0.0147215510704838
1.7424928125E-07, 0.0105391846870035
1.74251234375E-07, 0.0138458509178058
1.742531875E-07, 0.010649474951922
1.74255140625E-07, 0.00683951981320801
1.7425709375E-07, 0.0104522558335875
1.74259046875E-07, 0.00647548376655752
1.74261E-07, 0.00518973768365275
1.74262953125E-07, 0.00349571163070942
1.7426490625E-07, 0.00291147865846512
1.74266859375E-07, 0.000703633723885073
1.742688125E-07, -0.000589971514374749
1.74270765625E-07, -0.00175634160272219
1.7427271875E-07, -0.00359963860455352
1.74274671875E-07, -0.00223911478457932
1.74276625E-07, -0.00356347291189079
1.74278578125E-07, -0.00799109585518495
1.7428053125E-07, -0.0102915665687817
1.74282484375E-07, -0.0116516961733194
1.742844375E-07, -0.0179797960277921
1.74286390625E-07, -0.0156490667455259
1.7428834375E-07, -0.0189321708904795
1.74290296875E-07, -0.0220039981949864
1.7429225E-07, -0.0206602909363261
1.74294203125E-07, -0.021311065184887
1.7429615625E-07, -0.0241244457116039
1.74298109375E-07, -0.0346188666382776
1.743000625E-07, -0.029590183462261
1.74302015625E-07, -0.0328111120125433
1.7430396875E-07, -0.0335722543920302
1.74305921875E-07, -0.0348888533281575
1.74307875E-07, -0.0420482248365774
1.74309828125E-07, -0.0388570702459464
1.7431178125E-07, -0.0381995678838483
1.74313734375E-07, -0.0490709531801553
1.743156875E-07, -0.047344885878699
1.74317640625E-07, -0.0480759328410913
1.7431959375E-07, -0.0528734680125403
1.74321546875E-07, -0.0464869358695733
1.743235E-07, -0.0534490664054924
1.74325453125E-07, -0.0615733473833626
1.7432740625E-07, -0.0625646776793906
1.74329359375E-07, -0.0726545965516851
1.743313125E-07, -0.0714771717566468
1.74333265625E-07, -0.0718711134118725
1.7433521875E-07, -0.076727874968574
1.74337171875E-07, -0.0716496933957524
1.74339125E-07, -0.0805403938618473
1.74341078125E-07, -0.0798157789362774
1.7434303125E-07, -0.0820543433012968
1.74344984375E-07, -0.0888872161109168
1.743469375E-07, -0.0757232909688966
1.74348890625E-07, -0.0911699127317119
1.7435084375E-07, -0.0891095898199312
1.74352796875E-07, -0.0971144404678555
1.7435475E-07, -0.0922304763649814
1.74356703125E-07, -0.0930180065304434
1.7435865625E-07, -0.0975644448603267
1.74360609375E-07, -0.0983456735124298
1.743625625E-07, -0.10836056758679
1.74364515625E-07, -0.102068801726258
1.7436646875E-07, -0.0958244990257519
1.74368421875E-07, -0.10906654578872
1.74370375E-07, -0.111481338965492
1.74372328125E-07, -0.109520540048739
1.7437428125E-07, -0.105213543953421
1.74376234375E-07, -0.108233501509492
1.743781875E-07, -0.114990080580204
1.74380140625E-07, -0.115066841087483
1.7438209375E-07, -0.109178981638945
1.74384046875E-07, -0.118079700658086
1.74386E-07, -0.120489391665143
1.74387953125E-07, -0.11782130907412
1.7438990625E-07, -0.116021198540639
1.74391859375E-07, -0.117435714956469
1.743938125E-07, -0.118363372973338
1.74395765625E-07, -0.120353223027109
1.7439771875E-07, -0.121484430646069
1.74399671875E-07, -0.121213890913221
1.74401625E-07, -0.114558081096255
1.74403578125E-07, -0.117943678666895
1.7440553125E-07, -0.116156764295815
1.74407484375E-07, -0.119266932990579
1.744094375E-07, -0.115488900819562
1.74411390625E-07, -0.117509565401178
1.7441334375E-07, -0.110102824143612
1.74415296875E-07, -0.115199873878967
1.7441725E-07, -0.112951973584435
1.74419203125E-07, -0.110748261741535
1.7442115625E-07, -0.111418417866893
1.74423109375E-07, -0.108888616120192
1.744250625E-07, -0.0911867902884263
1.74427015625E-07, -0.101306086591085
1.7442896875E-07, -0.100687488784159
1.74430921875E-07, -0.101938883688521
1.74432875E-07, -0.0907610505787024
1.74434828125E-07, -0.0900304791769892
1.7443678125E-07, -0.0959607247165521
1.74438734375E-07, -0.0852889144084854
1.744406875E-07, -0.0730362069480019
1.74442640625E-07, -0.0816175005694692
1.7444459375E-07, -0.082265503959492
1.74446546875E-07, -0.0813278147221543
1.744485E-07, -0.0689965015305023
1.74450453125E-07, -0.0643222605879886
1.7445240625E-07, -0.0626249676966162
1.74454359375E-07, -0.0594741126029169
1.744563125E-07, -0.0626685262686304
1.74458265625E-07, -0.0442123440891883
1.7446021875E-07, -0.0430930686200795
1.74462171875E-07, -0.0450391904640803
1.74464125E-07, -0.0465217030851039
1.74466078125E-07, -0.0413934891951513
1.7446803125E-07, -0.0306012885439433
1.74469984375E-07, -0.0228767228505827
1.744719375E-07, -0.0391694779906836
1.74473890625E-07, -0.0156019776213317
1.7447584375E-07, -0.0152888890460774
1.74477796875E-07, -0.00696941062616572
1.7447975E-07, -0.0026987828448609
1.74481703125E-07, -0.0100677593076884
1.7448365625E-07, 0.0107003354693669
1.74485609375E-07, 0.0128248040406131
1.744875625E-07, 0.0106274149739506
1.74489515625E-07, 0.0190965292983032
1.7449146875E-07, 0.0114476837327868
1.74493421875E-07, 0.0163791818142441
1.74495375E-07, 0.0325404757483548
1.74497328125E-07, 0.0316312268315984
1.7449928125E-07, 0.0277314248696767
1.74501234375E-07, 0.0316301900777161
1.745031875E-07, 0.0461120254137666
1.74505140625E-07, 0.0558022722913795
1.7450709375E-07, 0.0367452559343981
1.74509046875E-07, 0.0551384577500633
1.74511E-07, 0.0610315729727804
1.74512953125E-07, 0.0670388687804365
1.7451490625E-07, 0.0700364073105746
1.74516859375E-07, 0.0599108144159482
1.745188125E-07, 0.0732906578735527
1.74520765625E-07, 0.0801234999214951
1.7452271875E-07, 0.077050061117785
1.74524671875E-07, 0.0685467325636117
1.74526625E-07, 0.0682408905537918
1.74528578125E-07, 0.0823319150789103
1.7453053125E-07, 0.0853646032589565
1.74532484375E-07, 0.0886316560497029
1.745344375E-07, 0.0897960442678751
1.74536390625E-07, 0.0890090873671158
1.7453834375E-07, 0.0959103258489608
1.74540296875E-07, 0.0895325824117585
1.7454225E-07, 0.0954560976397595
1.74544203125E-07, 0.0991489902681923
1.7454615625E-07, 0.0970833258892645
1.74548109375E-07, 0.0974549827527093
1.745500625E-07, 0.0987457452625185
1.74552015625E-07, 0.094186322494526
1.7455396875E-07, 0.0975429745403607
1.74555921875E-07, 0.098555511186872
1.74557875E-07, 0.097428352317263
1.74559828125E-07, 0.0831234220292877
1.7456178125E-07, 0.0987933678287746
1.74563734375E-07, 0.0947644453455968
1.745656875E-07, 0.0923880589531977
1.74567640625E-07, 0.0922616126613338
1.7456959375E-07, 0.0922310893047688
1.74571546875E-07, 0.0954826450620625
1.745735E-07, 0.0944287295002265
1.74575453125E-07, 0.0906517053305891
1.7457740625E-07, 0.0917681624747211
1.74579359375E-07, 0.0847452991924684
1.745813125E-07, 0.0852473222004877
1.74583265625E-07, 0.0877243763233743
1.7458521875E-07, 0.0793442171156369
1.74587171875E-07, 0.0849118436922048
1.74589125E-07, 0.0765585922083465
1.74591078125E-07, 0.0781795781874984
1.7459303125E-07, 0.0774099640648635
1.74594984375E-07, 0.0669643018984188
1.745969375E-07, 0.0745260395792492
1.74598890625E-07, 0.0698745536024885
1.7460084375E-07, 0.0668467008410999
1.74602796875E-07, 0.0622828558932132
1.7460475E-07, 0.0660295459816547
1.74606703125E-07, 0.0639547819276311
1.7460865625E-07, 0.0628302776057226
1.74610609375E-07, 0.0546920659168787
1.746125625E-07, 0.0559791546848591
1.74614515625E-07, 0.0540162107222085
1.7461646875E-07, 0.0587718053856941
1.74618421875E-07, 0.0464986378012353
1.74620375E-07, 0.047471212758661
1.74622328125E-07, 0.048178060717852
1.7462428125E-07, 0.0450203680382748
1.74626234375E-07, 0.0428436001794873
1.746281875E-07, 0.0421490973833817
1.74630140625E-07, 0.0408521488636662
1.7463209375E-07, 0.0424987743147029
1.74634046875E-07, 0.0374879548339578
1.74636E-07, 0.0334699668263779
1.74637953125E-07, 0.0348755958160853
1.7463990625E-07, 0.0309102138848129
1.74641859375E-07, 0.036171043927949
1.746438125E-07, 0.0280177662666238
1.74645765625E-07, 0.028218958092389
1.7464771875E-07, 0.0273100524666309
1.74649671875E-07, 0.0240646698090563
1.74651625E-07, 0.027898062339839
1.74653578125E-07, 0.0250415356214219
1.7465553125E-07, 0.0248299523812918
1.74657484375E-07, 0.0271971354346334
1.746594375E-07, 0.0222578195955149
1.74661390625E-07, 0.023191472692369
1.7466334375E-07, 0.0227636157409922
1.74665296875E-07, 0.0221378010707175
1.7466725E-07, 0.0222811573675327
1.74669203125E-07, 0.0198144686792484
1.7467115625E-07, 0.0207053776834456
1.74673109375E-07, 0.0231905773376807
1.746750625E-07, 0.0198278447245239
1.74677015625E-07, 0.0207865241351777
1.7467896875E-07, 0.0208685471271155
1.74680921875E-07, 0.0194962153352253
1.74682875E-07, 0.0199348785728902
1.74684828125E-07, 0.0193518536646503
1.7468678125E-07, 0.0206742938226606
1.74688734375E-07, 0.0196246941561174
1.746906875E-07, 0.0187424240021571
1.74692640625E-07, 0.0191616467117243
1.7469459375E-07, 0.019762825184913
1.74696546875E-07, 0.0191148087360932
1.746985E-07, 0.019357337145311
1.74700453125E-07, 0.0209685876691519
1.7470240625E-07, 0.0194209161451503
1.74704359375E-07, 0.0199698600663248
1.747063125E-07, 0.0199257305553957
1.74708265625E-07, 0.0199248380198848
1.7471021875E-07, 0.0201325173371631
1.74712171875E-07, 0.0251494415442912
1.74714125E-07, 0.0195368213749338
1.74716078125E-07, 0.0230485153069408
1.7471803125E-07, 0.0205689956166663
1.74719984375E-07, 0.0200853412545778
1.747219375E-07, 0.0198881740481063
1.74723890625E-07, 0.0202780287050832
1.7472584375E-07, 0.0196665632209323
1.74727796875E-07, 0.0195178522095804
1.7472975E-07, 0.0184355151449235
1.74731703125E-07, 0.0221395073832056
1.7473365625E-07, 0.0201532181068494
1.74735609375E-07, 0.0188911577892305
1.747375625E-07, 0.0199883284630434
1.74739515625E-07, 0.0177690521461443
1.7474146875E-07, 0.0186618701383317
1.74743421875E-07, 0.018748632420402
1.74745375E-07, 0.0178431346828504
1.74747328125E-07, 0.0187013664212738
1.7474928125E-07, 0.0158436715671055
1.74751234375E-07, 0.0156362959575021
1.747531875E-07, 0.0164111695952614
1.74755140625E-07, 0.0140541817442232
1.7475709375E-07, 0.0168150949513395
1.74759046875E-07, 0.0136675639497639
1.74761E-07, 0.015300558873507
1.74762953125E-07, 0.0126843919196306
1.7476490625E-07, 0.0116588095321069
1.74766859375E-07, 0.0127119513439072
1.747688125E-07, 0.0121852567666941
1.74770765625E-07, 0.0111237891761396
1.7477271875E-07, 0.00957021919338641
1.74774671875E-07, 0.00929035486545412
1.74776625E-07, 0.0101964917863695
1.74778578125E-07, 0.00878708081372127
1.7478053125E-07, 0.00661891606702953
1.74782484375E-07, 0.00668986659038052
1.747844375E-07, 0.00591257145734687
1.74786390625E-07, 0.00563373216405943
1.7478834375E-07, 0.003887500134835
1.74790296875E-07, 0.00378741402420204
1.7479225E-07, 0.00358140168978003
1.74794203125E-07, 0.00349721263413734
1.7479615625E-07, 0.00100348971396102
1.74798109375E-07, 0.00154680293766682
1.748000625E-07, 0.000753675469412689
1.74802015625E-07, 0.00159357025356606
1.7480396875E-07, -0.000390034304312705
1.74805921875E-07, -0.00167165793678063
1.74807875E-07, -0.000892900520175655
1.74809828125E-07, -0.00264457283097809
1.7481178125E-07, -0.00184927797377869
1.74813734375E-07, -0.00378175567069416
1.748156875E-07, -0.00372849720954906
1.74817640625E-07, -0.00411985848709597
1.7481959375E-07, -0.00478310387105053
1.74821546875E-07, -0.00434798004017747
1.748235E-07, -0.00568372265985753
1.74825453125E-07, -0.00512314234721773
1.7482740625E-07, -0.00584949815022859
1.74829359375E-07, -0.00765143075766903
1.748313125E-07, -0.0072564798248332
1.74833265625E-07, -0.00774767251412337
1.7483521875E-07, -0.00680053685352173
1.74837171875E-07, -0.00525382000984537
1.74839125E-07, -0.00727683217422774
1.74841078125E-07, -0.00865418161494464
1.7484303125E-07, -0.00819491540947685
1.74844984375E-07, -0.00753714485973696
1.748469375E-07, -0.00727176917659154
1.74848890625E-07, -0.00844115990144396
1.7485084375E-07, -0.0081876505057829
1.74852796875E-07, -0.00800301103644577
1.7485475E-07, -0.00789530391035002
1.74856703125E-07, -0.00825872984746384
1.7485865625E-07, -0.00895712962452552
1.74860609375E-07, -0.00760371810399292
1.748625625E-07, -0.00792654577425944
1.74864515625E-07, -0.00833977014422574
1.7486646875E-07, -0.00809457413329301
1.74868421875E-07, -0.00773771809519841
1.74870375E-07, -0.00711522238986741
1.74872328125E-07, -0.0077899477471133
1.7487428125E-07, -0.00707212524926569
1.74876234375E-07, -0.00734442886423562
1.748781875E-07, -0.00662234807823726
1.74880140625E-07, -0.00678515335576672
1.7488209375E-07, -0.00691638536654235
1.74884046875E-07, -0.00557678658966156
1.74886E-07, -0.00523058414543532
1.74887953125E-07, -0.00615859136670813
1.7488990625E-07, -0.0054612890242218
1.74891859375E-07, -0.00528644680534382
1.748938125E-07, -0.00513601477829563
1.74895765625E-07, -0.00392288560594923
1.7489771875E-07, -0.00511871709672513
1.74899671875E-07, -0.00477388314966738
1.74901625E-07, -0.00376947308385497
1.74903578125E-07, -0.0039792921460778
1.7490553125E-07, -0.00291393153013004
1.74907484375E-07, -0.0032033643031488
1.749094375E-07, -0.00200869323628509
1.74911390625E-07, -0.00242355284665309
1.7491334375E-07, -0.00223631718720777
1.74915296875E-07, -0.00145104902771757
1.7491725E-07, -0.00271880336221719
1.74919203125E-07, -0.00138998324596504
1.7492115625E-07, -0.00171393255097222
1.74923109375E-07, -0.000517294842327071
1.749250625E-07, -0.000510702606168375
1.74927015625E-07, -0.000845156036975603
1.7492896875E-07, -0.000664103091008672
1.74930921875E-07, -0.000479106830892786
1.74932875E-07, 0.000268827280106665
1.74934828125E-07, 0.000199481865279281
1.7493678125E-07, 0.000116116274293909
1.74938734375E-07, 0.000589847777283629
1.749406875E-07, 0.00103268764768881
1.74942640625E-07, 0.00102566712367757
1.7494459375E-07, 0.00109907429300547
1.74946546875E-07, 0.000694548777313329
1.749485E-07, 0.00123215412369465
1.74950453125E-07, 0.0012954375869418
1.7495240625E-07, 0.00101302933486758
1.74954359375E-07, 0.000851958110711836
1.749563125E-07, 0.00113153064965622
1.74958265625E-07, 0.00114181711704731
1.7496021875E-07, 0.000870959387480888
1.74962171875E-07, 0.00138536672504698
1.74964125E-07, 0.00138659878884063
1.74966078125E-07, 0.00127218265083275
1.7496803125E-07, 0.000679031683380294
1.74969984375E-07, 0.001262672531396
1.749719375E-07, 0.00140748571418333
1.74973890625E-07, 0.00140753647853517
1.7497584375E-07, 0.00120792853592553
1.74977796875E-07, 0.00132858854584604
1.7497975E-07, 0.00123264741795047
1.74981703125E-07, 0.00124962125840745
1.7498365625E-07, 0.00106684749381712
1.74985609375E-07, 0.000459663052258519
1.749875625E-07, 0.00070467862778174
1.74989515625E-07, -0.000596340142396375
1.7499146875E-07, 0.000757290739709063
1.74993421875E-07, 0.00035632345219811
1.74995375E-07, 0.000269720824228421
1.74997328125E-07, 0.000571289754893383
1.7499928125E-07, -0.00189928599788176
1.75001234375E-07, -0.000836232665943987
1.750031875E-07, -0.000366391995353587
1.75005140625E-07, -0.00169994573427676
1.7500709375E-07, -0.000665858982227033
1.75009046875E-07, -0.00119944556702295
1.75011E-07, -0.00220439131863872
1.75012953125E-07, -0.00244813628952134
1.7501490625E-07, -0.00201317413372798
1.75016859375E-07, -0.00253999722756712
1.750188125E-07, -0.00289614209237728
1.75020765625E-07, -0.00236896615023421
1.7502271875E-07, -0.00408678338917615
1.75024671875E-07, -0.00384345822915224
1.75026625E-07, -0.00346494696755051
1.75028578125E-07, -0.00379395341581285
1.7503053125E-07, -0.00530210250939207
1.75032484375E-07, -0.00354405190779992
1.750344375E-07, -0.00574694921394227
1.75036390625E-07, -0.00534891773617729
1.7503834375E-07, -0.00520943655079314
1.75040296875E-07, -0.00658815252153172
1.7504225E-07, -0.00513501373703985
1.75044203125E-07, -0.00804639447889582
1.7504615625E-07, -0.00869551389267323
1.75048109375E-07, -0.00763554389390595
1.750500625E-07, -0.00837003818040032
1.75052015625E-07, -0.00867041916769535
1.7505396875E-07, -0.00819873962918324
1.75055921875E-07, -0.0116572376941865
1.75057875E-07, -0.00968271978906209
1.75059828125E-07, -0.0110235819397447
1.7506178125E-07, -0.0112867503246217
1.75063734375E-07, -0.0105002216393083
1.750656875E-07, -0.0124602184729322
1.75067640625E-07, -0.0125669639929657
1.7506959375E-07, -0.0138894022237713
1.75071546875E-07, -0.0131972501885617
1.750735E-07, -0.0140464433923699
1.75075453125E-07, -0.0149735266395996
1.7507740625E-07, -0.0155040279944321
1.75079359375E-07, -0.0162069759480119
1.750813125E-07, -0.0175885162573402
1.75083265625E-07, -0.0182360494947612
1.7508521875E-07, -0.0176856599727782
1.75087171875E-07, -0.0182975874871658
1.75089125E-07, -0.0185050202838817
1.75091078125E-07, -0.0217347036543908
1.7509303125E-07, -0.020804261628136
1.75094984375E-07, -0.0204541447738458
1.750969375E-07, -0.0190043129281332
1.75098890625E-07, -0.022518262706278
1.7510084375E-07, -0.0230419446886572
1.75102796875E-07, -0.0235314404732039
1.7510475E-07, -0.0217732444057738
1.75106703125E-07, -0.022136107560305
1.7510865625E-07, -0.024904791958498
1.75110609375E-07, -0.0257041126339622
1.751125625E-07, -0.0245634573146
1.75114515625E-07, -0.0267398740314644
1.7511646875E-07, -0.0263779717089313
1.75118421875E-07, -0.0271787188754036
1.75120375E-07, -0.0287016254479021
1.75122328125E-07, -0.0266204470660542
1.7512428125E-07, -0.0281394644165053
1.75126234375E-07, -0.0282820563396458
1.751281875E-07, -0.028008503498817
1.75130140625E-07, -0.0298448456291656
1.7513209375E-07, -0.0287548544497339
1.75134046875E-07, -0.0290769109742563
1.75136E-07, -0.03101245005302
1.75137953125E-07, -0.0301494632522739
1.7513990625E-07, -0.0319406013803094
1.75141859375E-07, -0.0308322801553248
1.751438125E-07, -0.0315077225364783
1.75145765625E-07, -0.0315489307919448
1.7514771875E-07, -0.0310395960248946
1.75149671875E-07, -0.0328220880674619
1.75151625E-07, -0.032231503474629
1.75153578125E-07, -0.0321467411964233
1.7515553125E-07, -0.0327650688306522
1.75157484375E-07, -0.0317086300508517
1.751594375E-07, -0.0329252888894442
1.75161390625E-07, -0.0320663007499331
1.7516334375E-07, -0.0328734054394178
1.75165296875E-07, -0.0330353149627529
1.7516725E-07, -0.032497955249183
1.75169203125E-07, -0.0322918142555214
1.7517115625E-07, -0.031653703838582
1.75173109375E-07, -0.0333248356877859
1.751750625E-07, -0.0324308918065303
1.75177015625E-07, -0.0333652920736619
1.7517896875E-07, -0.0314127063341084
1.75180921875E-07, -0.0306483183613316
1.75182875E-07, -0.0323322429629351
1.75184828125E-07, -0.0319423349855434
1.7518678125E-07, -0.0321187381543777
1.75188734375E-07, -0.0316344132516635
1.751906875E-07, -0.0312762575209793
1.75192640625E-07, -0.0325618078566919
1.7519459375E-07, -0.0309292143651227
1.75196546875E-07, -0.0308147709857459
1.751985E-07, -0.0311398261926592
1.75200453125E-07, -0.0302859457090696
1.7520240625E-07, -0.0312776672126917
1.75204359375E-07, -0.0309722437362502
1.752063125E-07, -0.029630344535604
1.75208265625E-07, -0.030220911299988
1.7521021875E-07, -0.0300722430227845
1.75212171875E-07, -0.029727705034904
1.75214125E-07, -0.0279014851200909
1.75216078125E-07, -0.0275072229680891
1.7521803125E-07, -0.0286257092118878
1.75219984375E-07, -0.0285890288965967
1.752219375E-07, -0.0268565135151759
1.75223890625E-07, -0.0277257160065862
1.7522584375E-07, -0.02769294310807
1.75227796875E-07, -0.0281290277702102
1.7522975E-07, -0.0270615484033146
1.75231703125E-07, -0.0261601866564564
1.7523365625E-07, -0.0273390239188531
1.75235609375E-07, -0.0253405141151064
1.752375625E-07, -0.0263193659840653
1.75239515625E-07, -0.0249961643246759
1.7524146875E-07, -0.023145572266136
1.75243421875E-07, -0.0233331162524744
1.75245375E-07, -0.0234628401958619
1.75247328125E-07, -0.025000490864678
1.7524928125E-07, -0.0223619108311026
1.75251234375E-07, -0.022254220189191
1.752531875E-07, -0.0232884499806074
1.75255140625E-07, -0.0223947513045307
1.7525709375E-07, -0.0226336197914366
1.75259046875E-07, -0.0224233948985639
1.75261E-07, -0.0201663285471838
1.75262953125E-07, -0.0202112643032365
1.7526490625E-07, -0.0204276630934078
1.75266859375E-07, -0.0198112120995512
1.752688125E-07, -0.0189385711350513
1.75270765625E-07, -0.0193849960205741
1.7527271875E-07, -0.0206796762061432
1.75274671875E-07, -0.0185379651022521
1.75276625E-07, -0.0170300886895323
1.75278578125E-07, -0.0172782358780203
1.7528053125E-07, -0.0165662657282832
1.75282484375E-07, -0.0173318126256854
1.752844375E-07, -0.0162534078736902
1.75286390625E-07, -0.0154037570923272
1.7528834375E-07, -0.0157085916047518
1.75290296875E-07, -0.0150701372970067
1.7529225E-07, -0.0142305498737453
1.75294203125E-07, -0.0128615927353225
1.7529615625E-07, -0.013587709101318
1.75298109375E-07, -0.0133507996504461
1.753000625E-07, -0.0126028052950202
1.75302015625E-07, -0.0116190485272773
1.7530396875E-07, -0.0103789133713428
1.75305921875E-07, -0.0108005042532094
1.75307875E-07, -0.0106339138488659
1.75309828125E-07, -0.00941862040740896
1.7531178125E-07, -0.00987015623795224
1.75313734375E-07, -0.00912587011902577
1.753156875E-07, -0.00793912535586028
1.75317640625E-07, -0.00823892772815468
1.7531959375E-07, -0.00599061222672868
1.75321546875E-07, -0.00699972241383294
1.753235E-07, -0.0068076274206024
1.75325453125E-07, -0.00652123583771173
1.7532740625E-07, -0.00800675720253224
1.75329359375E-07, -0.00572892373659015
1.753313125E-07, -0.00478534630576871
1.75333265625E-07, -0.00587563380869073
1.7533521875E-07, -0.00479196052931669
1.75337171875E-07, -0.00686068130477111
1.75339125E-07, -0.00427815620726556
1.75341078125E-07, -0.00273457088049579
1.7534303125E-07, -0.00298053476619349
1.75344984375E-07, -0.00329322313028455
1.753469375E-07, -0.00304494239768062
1.75348890625E-07, -0.00192975787715671
1.7535084375E-07, -0.00038896643034963
1.75352796875E-07, -0.00194207583260981
1.7535475E-07, -0.00214424694825523
1.75356703125E-07, -0.000934489591343536
1.7535865625E-07, -0.000218034427500813
1.75360609375E-07, 0.00054073586176055
1.753625625E-07, -0.000559362120848755
1.75364515625E-07, 0.000372010070134082
1.7536646875E-07, 0.000856840936384463
1.75368421875E-07, 0.00116479467750966
1.75370375E-07, 0.00052915731659795
1.75372328125E-07, 0.00116773938575315
1.7537428125E-07, 0.0017149074879281
1.75376234375E-07, 0.00166122266836019
1.753781875E-07, 0.00183396944253296
1.75380140625E-07, 0.00201845774067213
1.7538209375E-07, 0.0021337727169098
1.75384046875E-07, 0.00215252925675685
1.75386E-07, 0.00304848932411965
1.75387953125E-07, 0.00197909158635886
1.7538990625E-07, 0.00290663653246716
1.75391859375E-07, 0.00348454844087138
1.753938125E-07, 0.00345590596900155
1.75395765625E-07, 0.00378142677217668
1.7539771875E-07, 0.00283605046831531
1.75399671875E-07, 0.00358841382683099
1.75401625E-07, 0.00439872330655619
1.75403578125E-07, 0.00391141739139638
1.7540553125E-07, 0.00438363311626268
1.75407484375E-07, 0.00350126411230428
1.754094375E-07, 0.0048462295996782
1.75411390625E-07, 0.00504070882841973
1.7541334375E-07, 0.00477091864071918
1.75415296875E-07, 0.00454417316168591
1.7541725E-07, 0.00475778794397029
1.75419203125E-07, 0.00558772661525455
1.7542115625E-07, 0.00588797116319497
1.75423109375E-07, 0.00505308082499945
1.754250625E-07, 0.00551864512817291
1.75427015625E-07, 0.00597131139149273
1.7542896875E-07, 0.00655453719113144
1.75430921875E-07, 0.00637458409077309
1.75432875E-07, 0.00646299407797293
1.75434828125E-07, 0.00607369745632847
1.7543678125E-07, 0.00632152198787163
1.75438734375E-07, 0.00648789992575805
1.754406875E-07, 0.00700320738316745
1.75442640625E-07, 0.00657581495705221
1.7544459375E-07, 0.00704250791382794
1.75446546875E-07, 0.00704966823870916
1.754485E-07, 0.00737552761727834
1.75450453125E-07, 0.00747005810139239
1.7545240625E-07, 0.00752340460557932
1.75454359375E-07, 0.00821027584571821
1.754563125E-07, 0.00868429187302804
1.75458265625E-07, 0.0082785997855582
1.7546021875E-07, 0.00947546421911557
1.75462171875E-07, 0.008564938077196
1.75464125E-07, 0.00854358411303943
1.75466078125E-07, 0.0093314188185731
1.7546803125E-07, 0.00925414671472908
1.75469984375E-07, 0.00975201012626028
1.754719375E-07, 0.0103127426956512
1.75473890625E-07, 0.0101372282316581
1.7547584375E-07, 0.0104707350902721
1.75477796875E-07, 0.010603830198794
1.7547975E-07, 0.0114113139963092
1.75481703125E-07, 0.0115471508992087
1.7548365625E-07, 0.01169489024414
1.75485609375E-07, 0.0122696220218519
1.754875625E-07, 0.0107786220522695
1.75489515625E-07, 0.0124176932609081
1.7549146875E-07, 0.0121838668719861
1.75493421875E-07, 0.0122011031877139
1.75495375E-07, 0.0127744302627665
1.75497328125E-07, 0.0119102023242433
1.7549928125E-07, 0.0132045077907929
1.75501234375E-07, 0.0137699039945242
1.755031875E-07, 0.0128066069947818
1.75505140625E-07, 0.0133579926846694
1.7550709375E-07, 0.0128539399160539
1.75509046875E-07, 0.0134460012699306
1.75511E-07, 0.0141780520609097
1.75512953125E-07, 0.0134415449726183
1.7551490625E-07, 0.0141606131089334
1.75516859375E-07, 0.0145186718644621
1.755188125E-07, 0.0140186706107715
1.75520765625E-07, 0.0145551064104181
1.7552271875E-07, 0.0145401837167201
1.75524671875E-07, 0.0145870696332716
1.75526625E-07, 0.0145945476335566
1.75528578125E-07, 0.013621241864801
1.7553053125E-07, 0.0140725727224876
1.75532484375E-07, 0.0149403031594037
1.755344375E-07, 0.0143312159519809
1.75536390625E-07, 0.013837200895048
1.7553834375E-07, 0.014568996196271
1.75540296875E-07, 0.0135350001477374
1.7554225E-07, 0.0143357893708428
1.75544203125E-07, 0.0139115912601792
1.7554615625E-07, 0.0142759815499673
1.75548109375E-07, 0.0136022838298674
1.755500625E-07, 0.0129805685362775
1.75552015625E-07, 0.0137650020354705
1.7555396875E-07, 0.0136918430412004
1.75555921875E-07, 0.0130114587834122
1.75557875E-07, 0.0130107520005433
1.75559828125E-07, 0.0124761490178264
1.7556178125E-07, 0.0120250966739397
1.75563734375E-07, 0.0121717849601556
1.755656875E-07, 0.0119816377403145
1.75567640625E-07, 0.0118655173482295
1.7556959375E-07, 0.0120031420355253
1.75571546875E-07, 0.0114867327543069
1.755735E-07, 0.011168631563396
1.75575453125E-07, 0.0114650183097065
1.7557740625E-07, 0.0103159001519544
1.75579359375E-07, 0.0105079861984262
1.755813125E-07, 0.0100231897869613
1.75583265625E-07, 0.010948591051093
1.7558521875E-07, 0.00970736516425244
1.75587171875E-07, 0.00974422708300998
1.75589125E-07, 0.00892922749440318
1.75591078125E-07, 0.00814682940662885
1.7559303125E-07, 0.00929428341505313
1.75594984375E-07, 0.00807146571633986
1.755969375E-07, 0.00829879673439457
1.75598890625E-07, 0.0075243096408029
1.7560084375E-07, 0.00709042285119738
1.75602796875E-07, 0.00724579770283194
1.7560475E-07, 0.00670327465486697
1.75606703125E-07, 0.00669391097730295
1.7560865625E-07, 0.00617374627004705
1.75610609375E-07, 0.00694072739965554
1.756125625E-07, 0.00708093948233437
1.75614515625E-07, 0.00596040473745689
1.7561646875E-07, 0.00497209980457829
1.75618421875E-07, 0.00581434105050755
1.75620375E-07, 0.00557351140517082
1.75622328125E-07, 0.00475870000672566
1.7562428125E-07, 0.00526562159651549
1.75626234375E-07, 0.00452108852303726
1.756281875E-07, 0.00471508630418785
1.75630140625E-07, 0.00506781733479738
1.7563209375E-07, 0.004216972617692
1.75634046875E-07, 0.00450176824791549
1.75636E-07, 0.00493250035494261
1.75637953125E-07, 0.00503973590935454
1.7563990625E-07, 0.00438157974135116
1.75641859375E-07, 0.00423149565995987
1.756438125E-07, 0.00424424017444697
1.75645765625E-07, 0.00382793616066435
1.7564771875E-07, 0.0042311112220869
1.75649671875E-07, 0.0036272039732866
1.75651625E-07, 0.0048444315906295
1.75653578125E-07, 0.00457911785100943
1.7565553125E-07, 0.00393265360898764
1.75657484375E-07, 0.00390510264510638
1.756594375E-07, 0.00398885132381379
1.75661390625E-07, 0.00448048799362221
1.7566334375E-07, 0.00422672470767669
1.75665296875E-07, 0.00441601720954169
1.7566725E-07, 0.00429206695329785
1.75669203125E-07, 0.0043015639861437
1.7567115625E-07, 0.0041392678552416
1.75673109375E-07, 0.00457303272071239
1.756750625E-07, 0.0054425401200982
1.75677015625E-07, 0.00507581870129426
1.7567896875E-07, 0.00467471491461198
1.75680921875E-07, 0.00525065704864522
1.75682875E-07, 0.0048029642522786
1.75684828125E-07, 0.00525285270633701
1.7568678125E-07, 0.00566846263257775
1.75688734375E-07, 0.00522736799648227
1.756906875E-07, 0.00588072697936583
1.75692640625E-07, 0.00559695307244019
1.7569459375E-07, 0.00587951918858751
1.75696546875E-07, 0.00630747585479106
1.756985E-07, 0.00587353898857118
1.75700453125E-07, 0.00668526459419308
1.7570240625E-07, 0.00628693676744388
1.75704359375E-07, 0.00658246693738446
1.757063125E-07, 0.00692152249950911
1.75708265625E-07, 0.00617952170288798
1.7571021875E-07, 0.00661997832969885
1.75712171875E-07, 0.00724424554355035
1.75714125E-07, 0.00671939946659417
1.75716078125E-07, 0.00755682189534435
1.7571803125E-07, 0.00677399910157326
1.75719984375E-07, 0.00825819413586617
1.757219375E-07, 0.00775662678010345
1.75723890625E-07, 0.00785536788338357
1.7572584375E-07, 0.00780394466669027
1.75727796875E-07, 0.00750056034420141
1.7572975E-07, 0.00784065897669132
1.75731703125E-07, 0.00862391208199033
1.7573365625E-07, 0.0083370098241965
1.75735609375E-07, 0.00848456978721902
1.757375625E-07, 0.00831100667597045
1.75739515625E-07, 0.0087756142939909
1.7574146875E-07, 0.00897008358815458
1.75743421875E-07, 0.00914688733472107
1.75745375E-07, 0.0088461492228373
1.75747328125E-07, 0.00875204147602682
1.7574928125E-07, 0.00948745870132874
1.75751234375E-07, 0.0095739758928852
1.757531875E-07, 0.0092540445932378
1.75755140625E-07, 0.00917115604897603
1.7575709375E-07, 0.00974450740103116
1.75759046875E-07, 0.00983236694290108
1.75761E-07, 0.00985552821569132
1.75762953125E-07, 0.00973951053420365
1.7576490625E-07, 0.0100689319439743
1.75766859375E-07, 0.00992428619943364
1.757688125E-07, 0.00966456648817568
1.75770765625E-07, 0.0101750291501003
1.7577271875E-07, 0.00990353206707967
1.75774671875E-07, 0.0101043500291743
1.75776625E-07, 0.0105359225695362
1.75778578125E-07, 0.0101929397593084
1.7578053125E-07, 0.0105703683660277
1.75782484375E-07, 0.0105916988438083
1.757844375E-07, 0.010872657134736
1.75786390625E-07, 0.0107605280306116
1.7578834375E-07, 0.0107769151574816
1.75790296875E-07, 0.0107473878443875
1.7579225E-07, 0.0109638149028156
1.75794203125E-07, 0.0107614782237644
1.7579615625E-07, 0.0112401296712969
1.75798109375E-07, 0.0112289531286538
1.758000625E-07, 0.011179416447303
1.75802015625E-07, 0.0113968890059406
1.7580396875E-07, 0.0106312041503522
1.75805921875E-07, 0.0109140406449739
1.75807875E-07, 0.0112686187762688
1.75809828125E-07, 0.0117969782601289
1.7581178125E-07, 0.0117640295303628
1.75813734375E-07, 0.0110464673170601
1.758156875E-07, 0.0114623441857492
1.75817640625E-07, 0.0114173862778666
1.7581959375E-07, 0.0117117482592153
1.75821546875E-07, 0.0114433484723085
1.758235E-07, 0.0112385155331626
1.75825453125E-07, 0.0116317273755953
1.7582740625E-07, 0.0124453543229592
1.75829359375E-07, 0.0118244676811798
1.758313125E-07, 0.0123684842190548
1.75833265625E-07, 0.0118626628150201
1.7583521875E-07, 0.0120957198341715
1.75837171875E-07, 0.0125211508080571
1.75839125E-07, 0.0125537685863047
1.75841078125E-07, 0.0123086812820234
1.7584303125E-07, 0.0121289266283185
1.75844984375E-07, 0.0127614030153818
1.758469375E-07, 0.0122331160024099
1.75848890625E-07, 0.0124635631310565
1.7585084375E-07, 0.0125548037958907
1.75852796875E-07, 0.0127702653305382
1.7585475E-07, 0.0122490425065989
1.75856703125E-07, 0.0124186015947478
1.7585865625E-07, 0.0123179164920678
1.75860609375E-07, 0.0130786489125794
1.758625625E-07, 0.0129608752195174
1.75864515625E-07, 0.0128602421675263
1.7586646875E-07, 0.0127155275042782
1.75868421875E-07, 0.0131127931419108
1.75870375E-07, 0.0126574628521582
1.75872328125E-07, 0.0128844073785144
1.7587428125E-07, 0.012597410859348
1.75876234375E-07, 0.0125936534124331
1.758781875E-07, 0.0122170565472249
1.75880140625E-07, 0.0127049563144895
1.7588209375E-07, 0.0126635464142787
1.75884046875E-07, 0.0126530265941985
1.75886E-07, 0.0124742059949915
1.75887953125E-07, 0.0124362521864502
1.7588990625E-07, 0.0126934678702434
1.75891859375E-07, 0.0128510634008006
1.758938125E-07, 0.0127601469778872
1.75895765625E-07, 0.012471089757263
1.7589771875E-07, 0.0121914000683782
1.75899671875E-07, 0.0121946424177629
1.75901625E-07, 0.0126985474159678
1.75903578125E-07, 0.0123557176786429
1.7590553125E-07, 0.0118388610826119
1.75907484375E-07, 0.0124630122865734
1.759094375E-07, 0.0123062916940305
1.75911390625E-07, 0.011779249024866
1.7591334375E-07, 0.0118608652314298
1.75915296875E-07, 0.0114428765157691
1.7591725E-07, 0.0115952600967217
1.75919203125E-07, 0.0107808346686045
1.7592115625E-07, 0.0112392557922058
1.75923109375E-07, 0.0116987861297374
1.759250625E-07, 0.0107150382589318
1.75927015625E-07, 0.0108629758469821
1.7592896875E-07, 0.0112860321401949
1.75930921875E-07, 0.0105067542576064
1.75932875E-07, 0.010619591072615
1.75934828125E-07, 0.00947436095100176
1.7593678125E-07, 0.00945249880873494
1.75938734375E-07, 0.00997321977403762
1.759406875E-07, 0.00914579869724554
1.75942640625E-07, 0.00904358522045735
1.7594459375E-07, 0.00928675038035074
1.75946546875E-07, 0.00775668596747633
1.759485E-07, 0.0075619613764933
1.75950453125E-07, 0.00769388051977808
1.7595240625E-07, 0.00740124559563872
1.75954359375E-07, 0.00651283971374579
1.759563125E-07, 0.00490283264759081
1.75958265625E-07, 0.00706431626764079
1.7596021875E-07, 0.00464568537423459
1.75962171875E-07, 0.00586364214885245
1.75964125E-07, 0.0051106209098825
1.75966078125E-07, 0.00488510786951126
1.7596803125E-07, 0.00415715837741178
1.75969984375E-07, 0.00403638473264679
1.759719375E-07, 0.00308040819241777
1.75973890625E-07, 0.00449384721251784
1.7597584375E-07, 0.00215360763633564
1.75977796875E-07, 0.00214337902641027
1.7597975E-07, 0.00297510764093157
1.75981703125E-07, 0.00181341443790296
1.7598365625E-07, 0.00167929131823941
1.75985609375E-07, 0.000174903254175641
1.759875625E-07, 0.00155807518590437
1.75989515625E-07, 0.000728835429630935
1.7599146875E-07, -0.00116788451690861
1.75993421875E-07, 0.000308089950156266
1.75995375E-07, -0.00276330517750865
1.75997328125E-07, -0.00265242443721889
1.7599928125E-07, -0.00233971837747118
1.76001234375E-07, -0.00324655307333482
1.760031875E-07, -0.00221702016019611
1.76005140625E-07, -0.00353823833752581
1.7600709375E-07, -0.00361492475623093
1.76009046875E-07, -0.00429346557303636
1.76011E-07, -0.00500942599577194
1.76012953125E-07, -0.00437561289667357
1.7601490625E-07, -0.00539697875713955
1.76016859375E-07, -0.00783202924706687
1.760188125E-07, -0.00639667057727723
1.76020765625E-07, -0.00707151350273051
1.7602271875E-07, -0.00703886756839812
1.76024671875E-07, -0.00786501763652509
1.76026625E-07, -0.00814481740240958
1.76028578125E-07, -0.0078154878053497
1.7603053125E-07, -0.00975019801822018
1.76032484375E-07, -0.00810843487147807
1.760344375E-07, -0.010283289048845
1.76036390625E-07, -0.0114113602157615
1.7603834375E-07, -0.010538261575631
1.76040296875E-07, -0.0105928337653609
1.7604225E-07, -0.0117331917489575
1.76044203125E-07, -0.0118743892696779
1.7604615625E-07, -0.0121116460362367
1.76048109375E-07, -0.0120685801913421
1.760500625E-07, -0.0116983135616818
1.76052015625E-07, -0.0144663966831849
1.7605396875E-07, -0.012950368608521
1.76055921875E-07, -0.0144175064168508
1.76057875E-07, -0.0146813926141297
1.76059828125E-07, -0.0144233815247955
1.7606178125E-07, -0.0152605078573074
1.76063734375E-07, -0.015408888079161
1.760656875E-07, -0.0155071165709941
1.76067640625E-07, -0.0154966925137179
1.7606959375E-07, -0.015686621324959
1.76071546875E-07, -0.0159056069838991
1.760735E-07, -0.01613662482969
1.76075453125E-07, -0.0147930042767601
1.7607740625E-07, -0.0158342218620069
1.76079359375E-07, -0.0157506301226236
1.760813125E-07, -0.0163551518217271
1.76083265625E-07, -0.0160773758389751
1.7608521875E-07, -0.0149768779813201
1.76087171875E-07, -0.0166848410130579
1.76089125E-07, -0.0162134026135535
1.76091078125E-07, -0.016355310095871
1.7609303125E-07, -0.0161889029640519
1.76094984375E-07, -0.0165571504257074
1.760969375E-07, -0.0157522155803585
1.76098890625E-07, -0.0157301194784352
1.7610084375E-07, -0.0154846237227505
1.76102796875E-07, -0.0153713174746015
1.7610475E-07, -0.0159649090115182
1.76106703125E-07, -0.0145875255507717
1.7610865625E-07, -0.0156590396909594
1.76110609375E-07, -0.0152367113177036
1.761125625E-07, -0.0142620932243265
1.76114515625E-07, -0.0150312083688822
1.7611646875E-07, -0.0136355218035721
1.76118421875E-07, -0.0137043722158881
1.76120375E-07, -0.0136237126369775
1.76122328125E-07, -0.0130512775431679
1.7612428125E-07, -0.013303791238819
1.76126234375E-07, -0.0123345101222024
1.761281875E-07, -0.012700579521905
1.76130140625E-07, -0.0114673298648993
1.7613209375E-07, -0.012162526119429
1.76134046875E-07, -0.0115566580523566
1.76136E-07, -0.0110930924261535
1.76137953125E-07, -0.0111052412103495
1.7613990625E-07, -0.00961928596967244
1.76141859375E-07, -0.00994984884555934
1.761438125E-07, -0.0111530720867348
1.76145765625E-07, -0.0100207816804767
1.7614771875E-07, -0.00958355625379538
1.76149671875E-07, -0.00893351526645078
1.76151625E-07, -0.00841668957527555
1.76153578125E-07, -0.00949621299543498
1.7615553125E-07, -0.0083234868887296
1.76157484375E-07, -0.00802065949296404
1.761594375E-07, -0.00813772878855533
1.76161390625E-07, -0.00718017297350941
1.7616334375E-07, -0.00734782545009395
1.76165296875E-07, -0.00636159227451682
1.7616725E-07, -0.00638107817204177
1.76169203125E-07, -0.00671159146838481
1.7617115625E-07, -0.00663395106249579
1.76173109375E-07, -0.00625807264714251
1.761750625E-07, -0.00550123287508956
1.76177015625E-07, -0.00536096194416099
1.7617896875E-07, -0.00602013867865831
1.76180921875E-07, -0.00561731585329925
1.76182875E-07, -0.00559675921241432
1.76184828125E-07, -0.00525496035009849
1.7618678125E-07, -0.00447925175489624
1.76188734375E-07, -0.00541427788922063
1.761906875E-07, -0.00513511641602403
1.76192640625E-07, -0.00606382630229635
1.7619459375E-07, -0.00527782444466969
1.76196546875E-07, -0.00491849772573211
1.761985E-07, -0.00581656160083745
1.76200453125E-07, -0.00586967260056613
1.7620240625E-07, -0.00626695104062814
1.76204359375E-07, -0.00520979619302324
1.762063125E-07, -0.00607946170778692
1.76208265625E-07, -0.00567221698514841
1.7621021875E-07, -0.00631345216191471
1.76212171875E-07, -0.00659704683776792
1.76214125E-07, -0.00593382361156272
1.76216078125E-07, -0.00595789492743991
1.7621803125E-07, -0.0067906114819595
1.76219984375E-07, -0.00662607060427157
1.762219375E-07, -0.00632716606663672
1.76223890625E-07, -0.0066573099624628
1.7622584375E-07, -0.00675833844743591
1.76227796875E-07, -0.00743336777286955
1.7622975E-07, -0.00686288326436232
1.76231703125E-07, -0.00800302190644374
1.7623365625E-07, -0.00753290840354204
1.76235609375E-07, -0.00782258565259413
1.762375625E-07, -0.00759334662600562
1.76239515625E-07, -0.00753046194456771
1.7624146875E-07, -0.00804238610168591
1.76243421875E-07, -0.00839260371878476
1.76245375E-07, -0.00818528577157344
1.76247328125E-07, -0.0084544493783928
1.7624928125E-07, -0.00842401691860948
1.76251234375E-07, -0.00884249463085089
1.762531875E-07, -0.00895511081596549
1.76255140625E-07, -0.00880970846194585
1.7625709375E-07, -0.00879255290469753
1.76259046875E-07, -0.00934597025167557
1.76261E-07, -0.00919244619994562
1.76262953125E-07, -0.00913563001839281
1.7626490625E-07, -0.00967409245752535
1.76266859375E-07, -0.010024992103777
1.762688125E-07, -0.00978027003104194
1.76270765625E-07, -0.0100683802888971
1.7627271875E-07, -0.00977186963675816
1.76274671875E-07, -0.00985953435228812
1.76276625E-07, -0.00982560627146936
1.76278578125E-07, -0.00990991732775206
1.7628053125E-07, -0.0100609634565984
1.76282484375E-07, -0.0101030786970601
1.762844375E-07, -0.00979626484385073
1.76286390625E-07, -0.00959921003108398
1.7628834375E-07, -0.00961198380397273
1.76290296875E-07, -0.009558560130195
1.7629225E-07, -0.00927690104240927
1.76294203125E-07, -0.00944782239201107
1.7629615625E-07, -0.00999405408979501
1.76298109375E-07, -0.0094198537290196
1.763000625E-07, -0.00914857891219227
1.76302015625E-07, -0.00932786988361219
1.7630396875E-07, -0.00991689031171523
1.76305921875E-07, -0.00887785008153737
1.76307875E-07, -0.00966199088395623
1.76309828125E-07, -0.00912618781851354
1.7631178125E-07, -0.0086389226786649
1.76313734375E-07, -0.00931298563755452
1.763156875E-07, -0.0084032315124471
1.76317640625E-07, -0.00836515481620829
1.7631959375E-07, -0.00837788385965277
1.76321546875E-07, -0.0079700921114548
1.763235E-07, -0.00747955740533956
1.76325453125E-07, -0.00699330851945154
1.7632740625E-07, -0.00737187105821076
1.76329359375E-07, -0.00749736993175976
1.763313125E-07, -0.00730694391569145
1.76333265625E-07, -0.00717670543312723
1.7633521875E-07, -0.00729062639429741
1.76337171875E-07, -0.00618403481471297
1.76339125E-07, -0.00649453085737122
1.76341078125E-07, -0.0063712873959838
1.7634303125E-07, -0.00634211688199137
1.76344984375E-07, -0.00629220766773362
1.763469375E-07, -0.00513258314979083
1.76348890625E-07, -0.00649788345805051
1.7635084375E-07, -0.00546287001077674
1.76352796875E-07, -0.00556534190600761
1.7635475E-07, -0.00564057983721091
1.76356703125E-07, -0.00475702934097459
1.7635865625E-07, -0.0052702004240297
1.76360609375E-07, -0.00465167351765824
1.763625625E-07, -0.00477933912003733
1.76364515625E-07, -0.00549547593007793
1.7636646875E-07, -0.00457170667914096
1.76368421875E-07, -0.00402396058154363
1.76370375E-07, -0.00421323484807041
1.76372328125E-07, -0.0035948610685097
1.7637428125E-07, -0.00452632069976817
1.76376234375E-07, -0.00393775307352436
1.763781875E-07, -0.00423291100194027
1.76380140625E-07, -0.00405899800836108
1.7638209375E-07, -0.00358785112015108
1.76384046875E-07, -0.00373041855704604
1.76386E-07, -0.00356687841064481
1.76387953125E-07, -0.00331992579481623
1.7638990625E-07, -0.00362349290316918
1.76391859375E-07, -0.00349184692254785
1.763938125E-07, -0.0035966164941658
1.76395765625E-07, -0.00335705688997676
1.7639771875E-07, -0.00354668561960118
1.76399671875E-07, -0.00321835049440528
1.76401625E-07, -0.00331127061113494
1.76403578125E-07, -0.00376507655363886
1.7640553125E-07, -0.00355202481882919
1.76407484375E-07, -0.00299800688344316
1.764094375E-07, -0.00321278682070116
1.76411390625E-07, -0.00333618892678977
1.7641334375E-07, -0.00312907381502723
1.76415296875E-07, -0.00326208232659793
1.7641725E-07, -0.00304760019723731
1.76419203125E-07, -0.00320949026243465
1.7642115625E-07, -0.0037909709330198
1.76423109375E-07, -0.00333592083408418
1.764250625E-07, -0.00312251892273783
1.76427015625E-07, -0.00372287421852996
1.7642896875E-07, -0.00318866821596637
1.76430921875E-07, -0.00329810757373693
1.76432875E-07, -0.00292532430349165
1.76434828125E-07, -0.00379638727522975
1.7643678125E-07, -0.00333474477224413
1.76438734375E-07, -0.00321055958920967
1.764406875E-07, -0.00310934222419747
1.76442640625E-07, -0.00327222882772333
1.7644459375E-07, -0.00322543957296589
1.76446546875E-07, -0.00362221090992669
1.764485E-07, -0.0036307574994897
1.76450453125E-07, -0.0036034536884377
1.7645240625E-07, -0.00358427527352179
1.76454359375E-07, -0.0034862039205897
1.764563125E-07, -0.0039738136352028
1.76458265625E-07, -0.00346918034897567
1.7646021875E-07, -0.00351724070146057
1.76462171875E-07, -0.00333872243265336
1.76464125E-07, -0.00351271933355717
1.76466078125E-07, -0.00348887702797026
1.7646803125E-07, -0.0036607452935334
1.76469984375E-07, -0.00318114615076028
1.764719375E-07, -0.00378938893514936
1.76473890625E-07, -0.00303760029158812
1.7647584375E-07, -0.00388624905763454
1.76477796875E-07, -0.00388434916213105
1.7647975E-07, -0.00388123718878847
1.76481703125E-07, -0.00339511503558792
1.7648365625E-07, -0.0032940622851392
1.76485609375E-07, -0.00330254503880819
1.764875625E-07, -0.00295118416101682
1.76489515625E-07, -0.0035142749623887
1.7649146875E-07, -0.00338476899878672
1.76493421875E-07, -0.00325410879258649
1.76495375E-07, -0.00326640475719991
1.76497328125E-07, -0.00322507077274625
1.7649928125E-07, -0.00342360275608713
1.76501234375E-07, -0.00305839250393394
1.765031875E-07, -0.00329557276359689
1.76505140625E-07, -0.00314628871327809
1.7650709375E-07, -0.00273879220880251
1.76509046875E-07, -0.00286050379691857
1.76511E-07, -0.00338905625501933
1.76512953125E-07, -0.0029753865141134
1.7651490625E-07, -0.00293156189623147
1.76516859375E-07, -0.00250323363683537
1.765188125E-07, -0.00291826566541838
1.76520765625E-07, -0.00275212275411127
1.7652271875E-07, -0.0027410888401096
1.76524671875E-07, -0.00301969195648565
1.76526625E-07, -0.0027031290309071
1.76528578125E-07, -0.0027003393374239
1.7653053125E-07, -0.00248091352458565
1.76532484375E-07, -0.00259069575902944
1.765344375E-07, -0.00252787931407217
1.76536390625E-07, -0.00282381160513947
1.7653834375E-07, -0.00276410721042884
1.76540296875E-07, -0.00285754026435054
1.7654225E-07, -0.0028789811733054
1.76544203125E-07, -0.00283815079071646
1.7654615625E-07, -0.00237324736698775
1.76548109375E-07, -0.00251548295777967
1.765500625E-07, -0.00284442630250664
1.76552015625E-07, -0.00240185725062526
1.7655396875E-07, -0.00249808711696641
1.76555921875E-07, -0.00234549244302326
1.76557875E-07, -0.00234109360218603
1.76559828125E-07, -0.00264869489645698
1.7656178125E-07, -0.00234800084696651
1.76563734375E-07, -0.00218767036391763
1.765656875E-07, -0.00225717292118888
1.76567640625E-07, -0.002724317268502
1.7656959375E-07, -0.00233020064017639
1.76571546875E-07, -0.00288296890611201
1.765735E-07, -0.00226862445502984
1.76575453125E-07, -0.00279473273289486
1.7657740625E-07, -0.00214410038069139
1.76579359375E-07, -0.0029252910972355
1.765813125E-07, -0.00270835690560129
1.76583265625E-07, -0.00206430817112539
1.7658521875E-07, -0.00194621296931308
1.76587171875E-07, -0.00300449596311542
1.76589125E-07, -0.00229254379313452
1.76591078125E-07, -0.00258491989564923
1.7659303125E-07, -0.00289359808834646
1.76594984375E-07, -0.00287772129606678
1.765969375E-07, -0.00269946936668379
1.76598890625E-07, -0.00289195366708606
1.7660084375E-07, -0.00269113970361175
1.76602796875E-07, -0.00226299254785669
1.7660475E-07, -0.00277178068275439
1.76606703125E-07, -0.0026005390210241
1.7660865625E-07, -0.00266541259110963
1.76610609375E-07, -0.00266924282768575
1.766125625E-07, -0.00252275270958725
1.76614515625E-07, -0.00235295642254283
1.7661646875E-07, -0.00253708073096861
1.76618421875E-07, -0.00286996085118086
1.76620375E-07, -0.0026636184993761
1.76622328125E-07, -0.00263434441878927
1.7662428125E-07, -0.00262700716340981
1.76626234375E-07, -0.00229518682927239
1.766281875E-07, -0.00249192295325868
1.76630140625E-07, -0.00250299392345106
1.7663209375E-07, -0.00227307354864619
1.76634046875E-07, -0.00264425831712796
1.76636E-07, -0.00233255222851446
1.76637953125E-07, -0.00239072689468478
1.7663990625E-07, -0.00252981117364429
1.76641859375E-07, -0.00245344401046836
1.766438125E-07, -0.00235039806365808
1.76645765625E-07, -0.00229395046145443
1.7664771875E-07, -0.00242479553942598
1.76649671875E-07, -0.00245322979424744
1.76651625E-07, -0.00242879434633586
1.76653578125E-07, -0.00221113096948877
1.7665553125E-07, -0.00203104155776122
1.76657484375E-07, -0.00202179679978328
1.766594375E-07, -0.00221512303532674
1.76661390625E-07, -0.0023028955170608
1.7666334375E-07, -0.00192427059667604
1.76665296875E-07, -0.00212093340130576
1.7666725E-07, -0.00183074246448983
1.76669203125E-07, -0.0021950493665349
1.7667115625E-07, -0.00203791330420618
1.76673109375E-07, -0.0019976605831777
1.766750625E-07, -0.00193057443109035
1.76677015625E-07, -0.00206681534874348
1.7667896875E-07, -0.00234713097374765
1.76680921875E-07, -0.00191579352557152
1.76682875E-07, -0.00183998509783813
1.76684828125E-07, -0.00207850961987579
1.7668678125E-07, -0.00205978386393227
1.76688734375E-07, -0.00208359440070562
1.766906875E-07, -0.00194579821833379
1.76692640625E-07, -0.00185111631504233
1.7669459375E-07, -0.00203106824558529
1.76696546875E-07, -0.00190511781803218
1.766985E-07, -0.00190744762687188
1.76700453125E-07, -0.00242322797952075
1.7670240625E-07, -0.00184488231347828
1.76704359375E-07, -0.00158784524159743
1.767063125E-07, -0.00200392264079834
1.76708265625E-07, -0.00188678335004336
1.7671021875E-07, -0.0018342845955107
1.76712171875E-07, -0.0021212234622069
1.76714125E-07, -0.00185556756965554
1.76716078125E-07, -0.00243962795604136
1.7671803125E-07, -0.00213794071628526
1.76719984375E-07, -0.00236146736856614
1.767219375E-07, -0.00234478908692448
1.76723890625E-07, -0.0026642385376416
1.7672584375E-07, -0.00233465811003469
1.76727796875E-07, -0.00197188348076268
1.7672975E-07, -0.00195792269586216
1.76731703125E-07, -0.00209866687642878
1.7673365625E-07, -0.002813247390087
1.76735609375E-07, -0.00266913948196115
1.767375625E-07, -0.00243985306703583
1.76739515625E-07, -0.00242713994873861
1.7674146875E-07, -0.00351838807082602
1.76743421875E-07, -0.00285311896053644
1.76745375E-07, -0.00302646227743079
1.76747328125E-07, -0.00280230837113641
1.7674928125E-07, -0.001930427663591
1.76751234375E-07, -0.00289149789290938
1.767531875E-07, -0.00288907448565382
1.76755140625E-07, -0.00268885342619111
1.7675709375E-07, -0.00247783998032916
1.76759046875E-07, -0.00236871977866228
1.76761E-07, -0.00249863657377062
1.76762953125E-07, -0.00221450087604777
1.7676490625E-07, -0.00226041340237115
1.76766859375E-07, -0.00277661397196865
1.767688125E-07, -0.00264875527829485
1.76770765625E-07, -0.00163724678819072
1.7677271875E-07, -0.00259618666011803
1.76774671875E-07, -0.00212249903224543
1.76776625E-07, -0.00244310370396122
1.76778578125E-07, -0.00186540062513575
1.7678053125E-07, -0.00227287885791202
1.76782484375E-07, -0.00149825702053291
1.767844375E-07, -0.00160421700378802
1.76786390625E-07, -0.00168896301080487
1.7678834375E-07, -0.00121278641288815
1.76790296875E-07, -0.00139793059765917
1.7679225E-07, -0.00132460942067805
1.76794203125E-07, -0.00218529615142025
1.7679615625E-07, -0.00123904183705794
1.76798109375E-07, -0.000777654517600016
1.768000625E-07, -0.000703444304406694
1.76802015625E-07, 0.000171755228776147
1.7680396875E-07, -0.000614280915720806
1.76805921875E-07, 0.000206886711298949
1.76807875E-07, 0.000986256748605193
1.76809828125E-07, -7.71698097513632E-05
1.7681178125E-07, 0.000809540258279518
1.76813734375E-07, 0.000386206179282416
1.768156875E-07, 0.000981389300305086
1.76817640625E-07, 0.000951837569849912
1.7681959375E-07, 0.000846550297252875
1.76821546875E-07, 0.00121247893777353
1.768235E-07, 0.00182608678410564
1.76825453125E-07, 0.00172659901258944
1.7682740625E-07, 0.00234443226308034
1.76829359375E-07, 0.00147134439858441
1.768313125E-07, 0.00213566134187409
1.76833265625E-07, 0.00256541328693407
1.7683521875E-07, 0.00264243346811115
1.76837171875E-07, 0.00251184010471103
1.76839125E-07, 0.0023498528133848
1.76841078125E-07, 0.00326293341466703
1.7684303125E-07, 0.0030461943386585
1.76844984375E-07, 0.00232750483713617
1.768469375E-07, 0.00348875581799911
1.76848890625E-07, 0.00362420696926484
1.7685084375E-07, 0.00343557862630857
1.76852796875E-07, 0.00309354964355853
1.7685475E-07, 0.00341955616237333
1.76856703125E-07, 0.00328459426038335
1.7685865625E-07, 0.00299067964351523
1.76860609375E-07, 0.00346502882312228
1.768625625E-07, 0.00347229479233465
1.76864515625E-07, 0.00316059460547665
1.7686646875E-07, 0.00330265040729147
1.76868421875E-07, 0.00352194321974951
1.76870375E-07, 0.00319892137603779
1.76872328125E-07, 0.00284858898405907
1.7687428125E-07, 0.00329241280152755
1.76876234375E-07, 0.00283091927967886
1.768781875E-07, 0.0025903065102987
1.76880140625E-07, 0.00279041337035715
1.7688209375E-07, 0.00255037835040984
1.76884046875E-07, 0.00233818178498305
1.76886E-07, 0.00207609856591709
1.76887953125E-07, 0.00218441667833927
1.7688990625E-07, 0.00159122745619038
1.76891859375E-07, 0.00204168494567085
1.768938125E-07, 0.000986338137954878
1.76895765625E-07, 0.00170082681424709
1.7689771875E-07, 0.000949259954543665
1.76899671875E-07, 0.00151668745049831
1.76901625E-07, 0.00108500361547288
1.76903578125E-07, 0.000441588339079815
1.7690553125E-07, 0.000712510288852308
1.76907484375E-07, -0.00033545555940705
1.769094375E-07, 0.000371974801227241
1.76911390625E-07, 2.21798900528577E-05
1.7691334375E-07, -0.000709371906184873
1.76915296875E-07, -8.12353563644467E-05
1.7691725E-07, -0.00104219697427078
1.76919203125E-07, -0.000470651813776621
1.7692115625E-07, -0.000574584983230934
1.76923109375E-07, -0.00156300840622569
1.769250625E-07, -0.00138890661576884
1.76927015625E-07, -0.00130994299973189
1.7692896875E-07, -0.00123379340367284
1.76930921875E-07, -0.00157724590194249
1.76932875E-07, -0.00198601613624183
1.76934828125E-07, -0.00121355976300012
1.7693678125E-07, -0.00141180492357278
1.76938734375E-07, -0.00130151421272879
1.769406875E-07, -0.00167325689019594
1.76942640625E-07, -0.00199081702988959
1.7694459375E-07, -0.00159346207880445
1.76946546875E-07, -0.00168396248026464
1.769485E-07, -0.00189750852877818
1.76950453125E-07, -0.00150723081465737
1.7695240625E-07, -0.00217950812188764
1.76954359375E-07, -0.00141518788848749
1.769563125E-07, -0.00170382445437977
1.76958265625E-07, -0.00136867010725683
1.7696021875E-07, -0.00107304340861084
1.76962171875E-07, -0.00100985319513712
1.76964125E-07, -0.00110561868064998
1.76966078125E-07, -0.00101977279448678
1.7696803125E-07, -0.000414878692180397
1.76969984375E-07, -0.000647435981720973
1.769719375E-07, 1.65787690951454E-05
1.76973890625E-07, 8.89307932168276E-05
1.7697584375E-07, 0.000139700319607525
1.76977796875E-07, 0.000753904992840464
1.7697975E-07, 0.000187367994433623
1.76981703125E-07, 0.000866171421942256
1.7698365625E-07, 0.000561435131368495
1.76985609375E-07, 0.00126343507438199
1.769875625E-07, 0.00139943170026727
1.76989515625E-07, 0.000898430209647257
1.7699146875E-07, 0.00181862899563583
1.76993421875E-07, 0.00196393189091076
1.76995375E-07, 0.00179301338627915
1.76997328125E-07, 0.00266914886001009
1.7699928125E-07, 0.00169816698607051
1.77001234375E-07, 0.00281977234692446
1.770031875E-07, 0.00265808246765467
1.77005140625E-07, 0.00274431889917174
1.7700709375E-07, 0.00378006845254257
1.77009046875E-07, 0.00357883399807229
1.77011E-07, 0.00385761717333671
1.77012953125E-07, 0.0034549254926314
1.7701490625E-07, 0.00312476594452263
1.77016859375E-07, 0.0040627354759608
1.770188125E-07, 0.00419002699325198
1.77020765625E-07, 0.00373387916794672
1.7702271875E-07, 0.00463954108675027
1.77024671875E-07, 0.0041337641394848
1.77026625E-07, 0.00448343389229079
1.77028578125E-07, 0.00484930032018846
1.7703053125E-07, 0.00438410813015542
1.77032484375E-07, 0.00481411037309272
1.770344375E-07, 0.004519894867237
1.77036390625E-07, 0.00493896483252884
1.7703834375E-07, 0.0043123761176477
1.77040296875E-07, 0.0045205674903783
1.7704225E-07, 0.00446348611957359
1.77044203125E-07, 0.00490349429963931
1.7704615625E-07, 0.00474207022600923
1.77048109375E-07, 0.00442812286056956
1.770500625E-07, 0.00480334068555557
1.77052015625E-07, 0.00475016047915046
1.7705396875E-07, 0.00446878166903777
1.77055921875E-07, 0.00412066260999895
1.77057875E-07, 0.00435530164514733
1.77059828125E-07, 0.00455373350896245
1.7706178125E-07, 0.00445143276076697
1.77063734375E-07, 0.00403581459961762
1.770656875E-07, 0.00389643465927183
1.77067640625E-07, 0.00412363630580075
1.7706959375E-07, 0.00434317640066295
1.77071546875E-07, 0.00410534246563043
1.770735E-07, 0.00413680677823979
1.77075453125E-07, 0.00417958100864053
1.7707740625E-07, 0.00412468474764633
1.77079359375E-07, 0.00378558249259948
1.770813125E-07, 0.00380593297585499
1.77083265625E-07, 0.00373642229007619
1.7708521875E-07, 0.00388153113721319
1.77087171875E-07, 0.00356750360772322
1.77089125E-07, 0.00378011847523325
1.77091078125E-07, 0.00330151331863784
1.7709303125E-07, 0.00338741698122265
1.77094984375E-07, 0.00354032490349272
1.770969375E-07, 0.00353335426840737
1.77098890625E-07, 0.00357210080500525
1.7710084375E-07, 0.00320293628697739
1.77102796875E-07, 0.0035263778168538
1.7710475E-07, 0.00344359079025568
1.77106703125E-07, 0.00348660670465793
1.7710865625E-07, 0.00383505030512417
1.77110609375E-07, 0.00327828517096831
1.771125625E-07, 0.00379722663363881
1.77114515625E-07, 0.00361245398009577
1.7711646875E-07, 0.00355257836143117
1.77118421875E-07, 0.00376810966882623
1.77120375E-07, 0.0037231131574779
1.77122328125E-07, 0.00387677510341805
1.7712428125E-07, 0.00412251373924281
1.77126234375E-07, 0.00412559122950572
1.771281875E-07, 0.00394962022378776
1.77130140625E-07, 0.00381808830639671
1.7713209375E-07, 0.00407654194762594
1.77134046875E-07, 0.00415837470729046
1.77136E-07, 0.00427576422861262
1.77137953125E-07, 0.00414887789425513
1.7713990625E-07, 0.00432120164351962
1.77141859375E-07, 0.00460578920874066
1.771438125E-07, 0.00468117206493999
1.77145765625E-07, 0.00490425695701938
1.7714771875E-07, 0.00495920246148452
1.77149671875E-07, 0.00473512589606417
1.77151625E-07, 0.00493483968843241
1.77153578125E-07, 0.00496460372101396
1.7715553125E-07, 0.00479090442885501
1.77157484375E-07, 0.0051321791802435
1.771594375E-07, 0.00496088689680382
1.77161390625E-07, 0.00502854003427444
1.7716334375E-07, 0.00530035361340629
1.77165296875E-07, 0.0054857338179657
1.7716725E-07, 0.00557887874843382
1.77169203125E-07, 0.00548706438877426
1.7717115625E-07, 0.00538333684329357
1.77173109375E-07, 0.00567910968680104
1.771750625E-07, 0.00562626929627395
1.77177015625E-07, 0.00573152330699585
1.7717896875E-07, 0.00604840832901962
1.77180921875E-07, 0.00594095296264803
1.77182875E-07, 0.00607434081408895
1.77184828125E-07, 0.00563283790232385
1.7718678125E-07, 0.00622690189046118
1.77188734375E-07, 0.00633072414365695
1.771906875E-07, 0.00623694864113288
1.77192640625E-07, 0.00625609487444188
1.7719459375E-07, 0.00624478863496391
1.77196546875E-07, 0.00606895959087876
1.771985E-07, 0.00630099742360739
1.77200453125E-07, 0.00627999272821107
1.7720240625E-07, 0.00649030992153622
1.77204359375E-07, 0.00656028287740776
1.772063125E-07, 0.00660745741205309
1.77208265625E-07, 0.00671197250068919
1.7721021875E-07, 0.00671133824663462
1.77212171875E-07, 0.00667994407939991
1.77214125E-07, 0.00676912404152312
1.77216078125E-07, 0.00664001019602181
1.7721803125E-07, 0.00700783184151188
1.77219984375E-07, 0.00673419729336759
1.772219375E-07, 0.00693174218676722
1.77223890625E-07, 0.007127528102769
1.7722584375E-07, 0.00701753489299938
1.77227796875E-07, 0.00712734270218621
1.7722975E-07, 0.0072582139342194
1.77231703125E-07, 0.00704644890905843
1.7723365625E-07, 0.007093372707405
1.77235609375E-07, 0.00721294950567921
1.772375625E-07, 0.00722341450805874
1.77239515625E-07, 0.00740449114706737
1.7724146875E-07, 0.00729305377846652
1.77243421875E-07, 0.00726457394013992
1.77245375E-07, 0.0074362952993735
1.77247328125E-07, 0.00720353660015377
1.7724928125E-07, 0.0074023217568029
1.77251234375E-07, 0.00722904068270132
1.772531875E-07, 0.00771766973518677
1.77255140625E-07, 0.00784684500946737
1.7725709375E-07, 0.00786203679260792
1.77259046875E-07, 0.00780066388828981
1.77261E-07, 0.00791554742554688
1.77262953125E-07, 0.00765128082539553
1.7726490625E-07, 0.00776381795042408
1.77266859375E-07, 0.0078468097634871
1.772688125E-07, 0.00745938203556847
1.77270765625E-07, 0.007517086169682
1.7727271875E-07, 0.00763640392798654
1.77274671875E-07, 0.00805387022779596
1.77276625E-07, 0.00773150081488481
1.77278578125E-07, 0.00754998461938209
1.7728053125E-07, 0.00759838230550636
1.77282484375E-07, 0.00760425085426079
1.772844375E-07, 0.00736386830353758
1.77286390625E-07, 0.00750230292628007
1.7728834375E-07, 0.00741960538473828
1.77290296875E-07, 0.0076161348819735
1.7729225E-07, 0.00716324516866856
1.77294203125E-07, 0.00735284626392444
1.7729615625E-07, 0.00723467227385372
1.77298109375E-07, 0.00694222760673748
1.773000625E-07, 0.00768574958051648
1.77302015625E-07, 0.00753194676858538
1.7730396875E-07, 0.00643887958955485
1.77305921875E-07, 0.00661689994015724
1.77307875E-07, 0.00628923576989505
1.77309828125E-07, 0.00735519125180706
1.7731178125E-07, 0.00646768251027198
1.77313734375E-07, 0.00643260161111473
1.773156875E-07, 0.00626644590375674
1.77317640625E-07, 0.0061586587990613
1.7731959375E-07, 0.00660680661718776
1.77321546875E-07, 0.00621658334052648
1.773235E-07, 0.00509946993905246
1.77325453125E-07, 0.0055965893894764
1.7732740625E-07, 0.00510013418258385
1.77329359375E-07, 0.00487712782843163
1.773313125E-07, 0.00484655512811855
1.77333265625E-07, 0.00521178689147688
1.7733521875E-07, 0.00503289990571364
1.77337171875E-07, 0.00468713936346198
1.77339125E-07, 0.00460316164468969
1.77341078125E-07, 0.00462491013812325
1.7734303125E-07, 0.00392362160571149
1.77344984375E-07, 0.00448472805595603
1.773469375E-07, 0.00424964257555483
1.77348890625E-07, 0.00352322888010676
1.7735084375E-07, 0.002848299355705
1.77352796875E-07, 0.0039418645700791
1.7735475E-07, 0.00470570830721844
1.77356703125E-07, 0.00392288509205407
1.7735865625E-07, 0.00379102460158154
1.77360609375E-07, 0.00334399517324709
1.773625625E-07, 0.00301366111280378
1.77364515625E-07, 0.00350483022651908
1.7736646875E-07, 0.0031800099681256
1.77368421875E-07, 0.00227453369655043
1.77370375E-07, 0.00251979741406136
1.77372328125E-07, 0.00232194413238635
1.7737428125E-07, 0.00231280996492051
1.77376234375E-07, 0.00196399036081049
1.773781875E-07, 0.00180643198267471
1.77380140625E-07, 0.00223552434672855
1.7738209375E-07, 0.00205331420758196
1.77384046875E-07, 0.00182545603292611
1.77386E-07, 0.00149275455504997
1.77387953125E-07, 0.00180136443684511
1.7738990625E-07, 0.00219674530470319
1.77391859375E-07, 0.00174135070362744
1.773938125E-07, 0.0011235787074345
1.77395765625E-07, 0.00163561114381637
1.7739771875E-07, 0.00159528647878312
1.77399671875E-07, 0.00160567863055924
1.77401625E-07, 0.00112510532822288
1.77403578125E-07, 0.000760192390907895
1.7740553125E-07, 0.000921466031376843
1.77407484375E-07, 0.000665459460551978
1.774094375E-07, 0.000788937867133504
1.77411390625E-07, 0.000863821252697409
1.7741334375E-07, 0.000637290126637716
1.77415296875E-07, 0.000957782657391548
1.7741725E-07, 0.000271529286909548
1.77419203125E-07, -4.44232529785409E-05
1.7742115625E-07, -0.000276709505029824
1.77423109375E-07, -0.000372564103235057
1.774250625E-07, 0.000201087862305541
1.77427015625E-07, -1.91743016462398E-05
1.7742896875E-07, 0.000287660155963586
1.77430921875E-07, 0.000286061589533272
1.77432875E-07, -0.000344232402573963
1.77434828125E-07, 0.000236942266930524
1.7743678125E-07, -1.97576868129129E-05
1.77438734375E-07, -0.000485472248554234
1.774406875E-07, -0.000757559412914706
1.77442640625E-07, -0.00136437011136924
1.7744459375E-07, -0.00100929551253669
1.77446546875E-07, -0.00150713472567402
1.774485E-07, -0.00165302945530457
1.77450453125E-07, -0.00141214569758425
1.7745240625E-07, -0.00232440389364231
1.77454359375E-07, -0.00163804465263334
1.774563125E-07, -0.00220954225807618
1.77458265625E-07, -0.00250021972847721
1.7746021875E-07, -0.00242144923359687
1.77462171875E-07, -0.00279896792104955
1.77464125E-07, -0.00264559601329395
1.77466078125E-07, -0.00339278002630745
1.7746803125E-07, -0.0031067973641895
1.77469984375E-07, -0.00323312516885921
1.774719375E-07, -0.00400231310060134
1.77473890625E-07, -0.0039413586170655
1.7747584375E-07, -0.00415588276066674
1.77477796875E-07, -0.00453742739477535
1.7747975E-07, -0.0044016651379561
1.77481703125E-07, -0.00430553804319568
1.7748365625E-07, -0.00495319934270283
1.77485609375E-07, -0.00449491031251477
1.774875625E-07, -0.00479468540250247
1.77489515625E-07, -0.00481453021010033
1.7749146875E-07, -0.00522817722234836
1.77493421875E-07, -0.00526902743500279
1.77495375E-07, -0.00518309333562285
1.77497328125E-07, -0.00524505910713953
1.7749928125E-07, -0.0058540490469531
1.77501234375E-07, -0.00594590914031573
1.775031875E-07, -0.00581597593419019
1.77505140625E-07, -0.00562689543190018
1.7750709375E-07, -0.00620562976950058
1.77509046875E-07, -0.00665691481092903
1.77511E-07, -0.00684635284366219
1.77512953125E-07, -0.0065315275504376
1.7751490625E-07, -0.00719547233668937
1.77516859375E-07, -0.00639166200657475
1.775188125E-07, -0.00589746112112429
1.77520765625E-07, -0.00678048753328907
1.7752271875E-07, -0.0070680089180074
1.77524671875E-07, -0.00693603580545837
1.77526625E-07, -0.00706050857568016
1.77528578125E-07, -0.0068010515207309
1.7753053125E-07, -0.00703340293795612
1.77532484375E-07, -0.00714367204617673
1.775344375E-07, -0.00702667259349112
1.77536390625E-07, -0.00720381385454248
1.7753834375E-07, -0.00731605603338157
1.77540296875E-07, -0.00709826480020065
1.7754225E-07, -0.00683983626561624
1.77544203125E-07, -0.00713155705346802
1.7754615625E-07, -0.00675209684746032
1.77548109375E-07, -0.00755274584205015
1.775500625E-07, -0.00722690715665398
1.77552015625E-07, -0.00712263953719147
1.7755396875E-07, -0.00708520594299298
1.77555921875E-07, -0.00692314830207146
1.77557875E-07, -0.00702234049538328
1.77559828125E-07, -0.00707059335236382
1.7756178125E-07, -0.00715164619305923
1.77563734375E-07, -0.00684769253821071
1.775656875E-07, -0.00708541671026473
1.77567640625E-07, -0.00680140407633817
1.7756959375E-07, -0.00683522433546679
1.77571546875E-07, -0.00696392706063007
1.775735E-07, -0.00669409189678636
1.77575453125E-07, -0.00684249724411191
1.7757740625E-07, -0.00652861456631327
1.77579359375E-07, -0.00633791452477328
1.775813125E-07, -0.00655660379407496
1.77583265625E-07, -0.0064814386695658
1.7758521875E-07, -0.00637682622314038
1.77587171875E-07, -0.00659578358051803
1.77589125E-07, -0.00700680459481775
1.77591078125E-07, -0.00618905286753894
1.7759303125E-07, -0.00712963887376702
1.77594984375E-07, -0.00653779628257059
1.775969375E-07, -0.00650022818463631
1.77598890625E-07, -0.00614533827490359
1.7760084375E-07, -0.00609883512382008
1.77602796875E-07, -0.00600651777457883
1.7760475E-07, -0.00602712798354139
1.77606703125E-07, -0.00601020038563723
1.7760865625E-07, -0.00665080373353644
1.77610609375E-07, -0.00664338942697185
1.776125625E-07, -0.00623071748738073
1.77614515625E-07, -0.00581343650419716
1.7761646875E-07, -0.00632523194891307
1.77618421875E-07, -0.00608147486630046
1.77620375E-07, -0.00591452813805448
1.77622328125E-07, -0.00615354320730855
1.7762428125E-07, -0.00577572313597308
1.77626234375E-07, -0.00573989465637332
1.776281875E-07, -0.00618029784307115
1.77630140625E-07, -0.00570783651694953
1.7763209375E-07, -0.00594094541750513
1.77634046875E-07, -0.0058653697153136


