File Format, WaveformXYValues
Format Version, 1
Instrument, N1045A,04F,LOJ
SwVersion, A.06.71.21
SerialNumber, MY56260108
Date, 11/29/2023 14:41:15 GMT+08:00

Source Name, Channel 1A

Points, 2048
Signal Type, Unspecified
Channel Bandwidth, 2E+10
Channel Noise, 6.66857143682292E-05
X Units, Second
Y Units, Volt
Data, 
1.73636E-07, -0.00117494118073299
1.73637953125E-07, -0.00110988315629467
1.7363990625E-07, -0.00163216402936032
1.73641859375E-07, -0.00128338122977731
1.736438125E-07, -0.00131204945137371
1.73645765625E-07, -0.00106857406695
1.7364771875E-07, -0.0012634230765121
1.73649671875E-07, -0.00146405730758357
1.73651625E-07, -0.00116959092858602
1.73653578125E-07, -0.00166814711012929
1.7365553125E-07, -0.00131510506101178
1.73657484375E-07, -0.00137900325338673
1.736594375E-07, -0.00128882342326774
1.73661390625E-07, -0.00105142743003463
1.7366334375E-07, -0.00127745511082117
1.73665296875E-07, -0.00177310413221322
1.7366725E-07, -0.00135063604115303
1.73669203125E-07, -0.00122492119336005
1.7367115625E-07, -0.00166624908067256
1.73673109375E-07, -0.00144346170429041
1.736750625E-07, -0.00154979231023052
1.73677015625E-07, -0.00143373216660431
1.7367896875E-07, -0.00147183587968708
1.73680921875E-07, -0.00178827711612075
1.73682875E-07, -0.00156479524338046
1.73684828125E-07, -0.00167948061561397
1.7368678125E-07, -0.00147714696651271
1.73688734375E-07, -0.00117625829948755
1.736906875E-07, -0.00135470955931665
1.73692640625E-07, -0.00132751496858593
1.7369459375E-07, -0.00143763886973772
1.73696546875E-07, -0.00153563717818645
1.736985E-07, -0.00121559027003297
1.73700453125E-07, -0.0015469618639672
1.7370240625E-07, -0.00178795332203848
1.73704359375E-07, -0.00159596806401921
1.737063125E-07, -0.00160879436072642
1.73708265625E-07, -0.00164526939034699
1.7371021875E-07, -0.000963416420211284
1.73712171875E-07, -0.00149857255378106
1.73714125E-07, -0.00169804946053298
1.73716078125E-07, -0.00127641728731651
1.7371803125E-07, -0.0013492658500305
1.73719984375E-07, -0.00161576412335881
1.737219375E-07, -0.00153562972386111
1.73723890625E-07, -0.00112821552955768
1.7372584375E-07, -0.00187019434266157
1.73727796875E-07, -0.00173222192493833
1.7372975E-07, -0.0020581859049649
1.73731703125E-07, -0.00135147712584958
1.7373365625E-07, -0.00173417688587099
1.73735609375E-07, -0.00193179621335112
1.737375625E-07, -0.00191465403221899
1.73739515625E-07, -0.00215978298485331
1.7374146875E-07, -0.00182001155372234
1.73743421875E-07, -0.00188902717234252
1.73745375E-07, -0.00174079441101425
1.73747328125E-07, -0.00145227686194846
1.7374928125E-07, -0.00172721625945675
1.73751234375E-07, -0.00176975739950616
1.737531875E-07, -0.00210265447763641
1.73755140625E-07, -0.00169718629168003
1.7375709375E-07, -0.0018835644185355
1.73759046875E-07, -0.00208720021943463
1.73761E-07, -0.00155650282050275
1.73762953125E-07, -0.00167173910152499
1.7376490625E-07, -0.00177311404974484
1.73766859375E-07, -0.00196088672976226
1.737688125E-07, -0.00145500721886902
1.73770765625E-07, -0.00190794643195897
1.7377271875E-07, -0.00172214336022462
1.73774671875E-07, -0.00194336058073438
1.73776625E-07, -0.00185471405569116
1.73778578125E-07, -0.0021672698688322
1.7378053125E-07, -0.00181951059685789
1.73782484375E-07, -0.00201584926964096
1.737844375E-07, -0.00187211936560473
1.73786390625E-07, -0.00200381873249324
1.7378834375E-07, -0.00193942283071804
1.73790296875E-07, -0.00239917072427312
1.7379225E-07, -0.00207723427604406
1.73794203125E-07, -0.00210163500555489
1.7379615625E-07, -0.00215334582905875
1.73798109375E-07, -0.00200379243075185
1.738000625E-07, -0.00197731947804472
1.73802015625E-07, -0.00222724040225422
1.7380396875E-07, -0.00240286575700767
1.73805921875E-07, -0.00259510257236092
1.73807875E-07, -0.00224188538256091
1.73809828125E-07, -0.00217027435531657
1.7381178125E-07, -0.00217629942961186
1.73813734375E-07, -0.00208324943006086
1.738156875E-07, -0.00223264379170619
1.73817640625E-07, -0.00275190126326833
1.7381959375E-07, -0.00274898066259549
1.73821546875E-07, -0.00255204834425677
1.738235E-07, -0.00228541297123623
1.73825453125E-07, -0.00303892947096689
1.7382740625E-07, -0.00255135331491664
1.73829359375E-07, -0.00261049374666571
1.738313125E-07, -0.00329925635316025
1.73833265625E-07, -0.00262894283556707
1.7383521875E-07, -0.00278226645433271
1.73837171875E-07, -0.00261688701523745
1.73839125E-07, -0.00297542939200342
1.73841078125E-07, -0.00318775415658522
1.7384303125E-07, -0.00301549053558237
1.73844984375E-07, -0.00289399740105352
1.738469375E-07, -0.00313866269382057
1.73848890625E-07, -0.00302917035281408
1.7385084375E-07, -0.00354268445984386
1.73852796875E-07, -0.0034271468608167
1.7385475E-07, -0.00352085258745365
1.73856703125E-07, -0.00363132266538212
1.7385865625E-07, -0.00349285909052255
1.73860609375E-07, -0.00361056978711465
1.738625625E-07, -0.00355367898137601
1.73864515625E-07, -0.00391800997083411
1.7386646875E-07, -0.00361568318669619
1.73868421875E-07, -0.00370585865494252
1.73870375E-07, -0.00412481206592959
1.73872328125E-07, -0.0038332519936753
1.7387428125E-07, -0.00431366040631741
1.73876234375E-07, -0.00409111400515588
1.738781875E-07, -0.00394819482091816
1.73880140625E-07, -0.00385632216188243
1.7388209375E-07, -0.00421921210721748
1.73884046875E-07, -0.00444533560709975
1.73886E-07, -0.00444086403496018
1.73887953125E-07, -0.00435700069441504
1.7388990625E-07, -0.00475914715164877
1.73891859375E-07, -0.00435423060343963
1.738938125E-07, -0.00477547060413309
1.73895765625E-07, -0.00528791707631818
1.7389771875E-07, -0.00420261262963457
1.73899671875E-07, -0.0053097392553008
1.73901625E-07, -0.00458670728619262
1.73903578125E-07, -0.00489095827495251
1.7390553125E-07, -0.00511198350312391
1.73907484375E-07, -0.00498965689857496
1.739094375E-07, -0.00522717384316974
1.73911390625E-07, -0.00490924854103442
1.7391334375E-07, -0.00520635856613984
1.73915296875E-07, -0.00572820874501089
1.7391725E-07, -0.00492229382853716
1.73919203125E-07, -0.00484644233463715
1.7392115625E-07, -0.00567314777757951
1.73923109375E-07, -0.00578323867007095
1.739250625E-07, -0.00563029005169578
1.73927015625E-07, -0.00518889713549429
1.7392896875E-07, -0.00575534776925835
1.73930921875E-07, -0.0059837819049032
1.73932875E-07, -0.00626985758186389
1.73934828125E-07, -0.00542690631090367
1.7393678125E-07, -0.00562434930736065
1.73938734375E-07, -0.00549536304440002
1.739406875E-07, -0.00590350517696324
1.73942640625E-07, -0.00506949697489117
1.7394459375E-07, -0.00555921439045726
1.73946546875E-07, -0.00545485028513121
1.739485E-07, -0.00599551258145609
1.73950453125E-07, -0.00555448823437592
1.7395240625E-07, -0.00616093040899944
1.73954359375E-07, -0.00556430509562155
1.739563125E-07, -0.00493082812581463
1.73958265625E-07, -0.00562740043423132
1.7396021875E-07, -0.0051357174179149
1.73962171875E-07, -0.00591962185757522
1.73964125E-07, -0.0060431758652648
1.73966078125E-07, -0.00539545248537292
1.7396803125E-07, -0.0047436084357245
1.73969984375E-07, -0.00533656424973203
1.739719375E-07, -0.00449371955807204
1.73973890625E-07, -0.00473673943019814
1.7397584375E-07, -0.00485397862471755
1.73977796875E-07, -0.00480776422256725
1.7397975E-07, -0.00445871863084511
1.73981703125E-07, -0.00452111843059444
1.7398365625E-07, -0.00509153820725927
1.73985609375E-07, -0.00364933913385849
1.739875625E-07, -0.00396658398190058
1.73989515625E-07, -0.0042306233203338
1.7399146875E-07, -0.00397238263052963
1.73993421875E-07, -0.00330568008277513
1.73995375E-07, -0.00395524828513078
1.73997328125E-07, -0.00314230569839252
1.7399928125E-07, -0.00359590636181713
1.74001234375E-07, -0.00344927227836855
1.740031875E-07, -0.00311612090341003
1.74005140625E-07, -0.00219319909140718
1.7400709375E-07, -0.0005321080658221
1.74009046875E-07, -0.00278964997190579
1.74011E-07, -0.00225606206590591
1.74012953125E-07, -0.001272711274302
1.7401490625E-07, -0.00196562981287096
1.74016859375E-07, -0.00100742352048929
1.740188125E-07, -0.0016902006056778
1.74020765625E-07, -0.000368997175115749
1.7402271875E-07, -0.00124283850077617
1.74024671875E-07, -0.00024124797835689
1.74026625E-07, 0.000168315899279649
1.74028578125E-07, -0.000135972292757152
1.7403053125E-07, 0.00102595865420899
1.74032484375E-07, 0.000424383248192891
1.740344375E-07, 0.00062051253371389
1.74036390625E-07, 0.00263631075297904
1.7403834375E-07, 0.00386275531164424
1.74040296875E-07, 0.00269068674739612
1.7404225E-07, 0.00241851067003353
1.74044203125E-07, 0.00266006104805341
1.7404615625E-07, 0.00382502887299071
1.74048109375E-07, 0.00380792819502674
1.740500625E-07, 0.00448663603770669
1.74052015625E-07, 0.00459654728297
1.7405396875E-07, 0.00479239245778936
1.74055921875E-07, 0.00520762479019921
1.74057875E-07, 0.00554702540970639
1.74059828125E-07, 0.00650309832701289
1.7406178125E-07, 0.00635292953919248
1.74063734375E-07, 0.007280621172429
1.740656875E-07, 0.00772004837501798
1.74067640625E-07, 0.00739654734231835
1.7406959375E-07, 0.00854367413323515
1.74071546875E-07, 0.00935303333625775
1.740735E-07, 0.00916685636668793
1.74075453125E-07, 0.0111580941546564
1.7407740625E-07, 0.0113643687306512
1.74079359375E-07, 0.0115187030227459
1.740813125E-07, 0.010975476356765
1.74083265625E-07, 0.0117220166297178
1.7408521875E-07, 0.0134195652829666
1.74087171875E-07, 0.0124750300789987
1.74089125E-07, 0.0147409438552413
1.74091078125E-07, 0.0167099442563428
1.7409303125E-07, 0.0150463121722983
1.74094984375E-07, 0.0150231129172846
1.740969375E-07, 0.0162114949539457
1.74098890625E-07, 0.0143236801899105
1.7410084375E-07, 0.0175035316582206
1.74102796875E-07, 0.0178294603223514
1.7410475E-07, 0.0168548581698659
1.74106703125E-07, 0.0194400091831911
1.7410865625E-07, 0.0176757904225253
1.74110609375E-07, 0.020885333170429
1.741125625E-07, 0.0193735136922513
1.74114515625E-07, 0.0209578822377832
1.7411646875E-07, 0.0223750868836242
1.74118421875E-07, 0.0209323939873084
1.74120375E-07, 0.0221815025294136
1.74122328125E-07, 0.0228727214681073
1.7412428125E-07, 0.0235575447844372
1.74126234375E-07, 0.0245958544950048
1.741281875E-07, 0.0241089206597549
1.74130140625E-07, 0.0258749246939198
1.7413209375E-07, 0.0266812323082446
1.74134046875E-07, 0.0251733217346803
1.74136E-07, 0.0274332830308495
1.74137953125E-07, 0.0276289612330447
1.7413990625E-07, 0.025471225034433
1.74141859375E-07, 0.0290091701833628
1.741438125E-07, 0.0288484240245215
1.74145765625E-07, 0.0278832079603117
1.7414771875E-07, 0.0294634640918417
1.74149671875E-07, 0.0305278715107308
1.74151625E-07, 0.0306122678568303
1.74153578125E-07, 0.0315712062712803
1.7415553125E-07, 0.03165697840841
1.74157484375E-07, 0.0325168758473854
1.741594375E-07, 0.0320702250984894
1.74161390625E-07, 0.032459262886926
1.7416334375E-07, 0.0329813478747452
1.74165296875E-07, 0.0304706045374966
1.7416725E-07, 0.0341718631031903
1.74169203125E-07, 0.0331242351885309
1.7417115625E-07, 0.0343688031938303
1.74173109375E-07, 0.0327286300701769
1.741750625E-07, 0.0320247861163151
1.74177015625E-07, 0.0346800792137424
1.7417896875E-07, 0.0321089966617894
1.74180921875E-07, 0.032282014556379
1.74182875E-07, 0.0335064512841663
1.74184828125E-07, 0.0343663558716752
1.7418678125E-07, 0.0339727507944124
1.74188734375E-07, 0.0342742535862859
1.741906875E-07, 0.0333870102991813
1.74192640625E-07, 0.0333492059181503
1.7419459375E-07, 0.0323928277512907
1.74196546875E-07, 0.0329354571498308
1.741985E-07, 0.0329346679002908
1.74200453125E-07, 0.0324322454391878
1.7420240625E-07, 0.0313482621259642
1.74204359375E-07, 0.032064601146948
1.742063125E-07, 0.0312458462752145
1.74208265625E-07, 0.0286602620011691
1.7421021875E-07, 0.0311031367446583
1.74212171875E-07, 0.0299792684879794
1.74214125E-07, 0.0311003187367804
1.74216078125E-07, 0.0297786108744434
1.7421803125E-07, 0.0292468643911687
1.74219984375E-07, 0.0277606274817252
1.742219375E-07, 0.0249809688938449
1.74223890625E-07, 0.0266354805537168
1.7422584375E-07, 0.0258021141618093
1.74227796875E-07, 0.024319805188919
1.7422975E-07, 0.0264096916034947
1.74231703125E-07, 0.0246216089891035
1.7423365625E-07, 0.0219583384134101
1.74235609375E-07, 0.0215413784272884
1.742375625E-07, 0.0199126200927958
1.74239515625E-07, 0.017496768219842
1.7424146875E-07, 0.0178376675476875
1.74243421875E-07, 0.0179299091066308
1.74245375E-07, 0.0155958050196101
1.74247328125E-07, 0.0149510407955994
1.7424928125E-07, 0.0170414960880317
1.74251234375E-07, 0.011845833920728
1.742531875E-07, 0.00759789806442567
1.74255140625E-07, 0.00679340994359198
1.7425709375E-07, 0.0101477551052253
1.74259046875E-07, 0.0076687601750004
1.74261E-07, -0.000496336001396694
1.74262953125E-07, 0.00430082615218391
1.7426490625E-07, 0.00380811193691008
1.74266859375E-07, 0.000739743216735834
1.742688125E-07, -0.000731535077050581
1.74270765625E-07, -0.00313070814689123
1.7427271875E-07, 0.00164229988847518
1.74274671875E-07, -0.00753655534071141
1.74276625E-07, -0.00869198486222507
1.74278578125E-07, -0.011887203765524
1.7428053125E-07, -0.0185398816269567
1.74282484375E-07, -0.00866641562221016
1.742844375E-07, -0.017785883955727
1.74286390625E-07, -0.0161812347476656
1.7428834375E-07, -0.0255564062950713
1.74290296875E-07, -0.0271890732525686
1.7429225E-07, -0.0262511692455132
1.74294203125E-07, -0.0214686315196469
1.7429615625E-07, -0.0335766880671434
1.74298109375E-07, -0.0264075830370093
1.743000625E-07, -0.0308116900013144
1.74302015625E-07, -0.0383280617153576
1.7430396875E-07, -0.0310751941559446
1.74305921875E-07, -0.0451364539411443
1.74307875E-07, -0.036015832959917
1.74309828125E-07, -0.0487980039857318
1.7431178125E-07, -0.057060353587944
1.74313734375E-07, -0.0509004160638705
1.743156875E-07, -0.0548815984060056
1.74317640625E-07, -0.049730464615705
1.7431959375E-07, -0.0551366727454734
1.74321546875E-07, -0.0605641667697463
1.743235E-07, -0.0692532463216396
1.74325453125E-07, -0.0663865142891681
1.7432740625E-07, -0.0621516138920088
1.74329359375E-07, -0.0639142120601205
1.743313125E-07, -0.0734300383691864
1.74333265625E-07, -0.0736958499119336
1.7433521875E-07, -0.0748492554047948
1.74337171875E-07, -0.0783867911266517
1.74339125E-07, -0.0824658404869402
1.74341078125E-07, -0.0925150906591783
1.7434303125E-07, -0.0851759814073417
1.74344984375E-07, -0.0824712472415161
1.743469375E-07, -0.08620506423391
1.74348890625E-07, -0.0927862574923125
1.7435084375E-07, -0.0995296352835152
1.74352796875E-07, -0.0916606419265817
1.7435475E-07, -0.0982166601367312
1.74356703125E-07, -0.0967621483271351
1.7435865625E-07, -0.101019462838259
1.74360609375E-07, -0.093861603541886
1.743625625E-07, -0.103595716402748
1.74364515625E-07, -0.105358464884964
1.7436646875E-07, -0.111683458617691
1.74368421875E-07, -0.111658763635794
1.74370375E-07, -0.115348545349382
1.74372328125E-07, -0.113019153645368
1.7437428125E-07, -0.109434890391256
1.74376234375E-07, -0.115618808243181
1.743781875E-07, -0.114190481131662
1.74380140625E-07, -0.11905694401966
1.7438209375E-07, -0.117098221051577
1.74384046875E-07, -0.114962049326558
1.74386E-07, -0.120008761835982
1.74387953125E-07, -0.119161803971511
1.7438990625E-07, -0.120090647240893
1.74391859375E-07, -0.120896263285074
1.743938125E-07, -0.121623563890994
1.74395765625E-07, -0.12038659815064
1.7439771875E-07, -0.118783802093362
1.74399671875E-07, -0.119089276335864
1.74401625E-07, -0.118269304263198
1.74403578125E-07, -0.117241745602094
1.7440553125E-07, -0.120455651116129
1.74407484375E-07, -0.118500487749101
1.744094375E-07, -0.104595852558245
1.74411390625E-07, -0.10503973118802
1.7441334375E-07, -0.116943235362068
1.74415296875E-07, -0.109712802191194
1.7441725E-07, -0.115411830504631
1.74419203125E-07, -0.111762138866824
1.7442115625E-07, -0.10467497744105
1.74423109375E-07, -0.106391998379512
1.744250625E-07, -0.105193312859787
1.74427015625E-07, -0.100757121174477
1.7442896875E-07, -0.0967158241263684
1.74430921875E-07, -0.0994393667057649
1.74432875E-07, -0.0958895447982703
1.74434828125E-07, -0.0926207634243604
1.7443678125E-07, -0.0887425281725083
1.74438734375E-07, -0.0838883379933282
1.744406875E-07, -0.0735936474611278
1.74442640625E-07, -0.0778082014632209
1.7444459375E-07, -0.0737146715921437
1.74446546875E-07, -0.0791915599646474
1.744485E-07, -0.0675695065745104
1.74450453125E-07, -0.0435977030762633
1.7445240625E-07, -0.0634665861362899
1.74454359375E-07, -0.0682247262017939
1.744563125E-07, -0.0509669872515183
1.74458265625E-07, -0.0443760874862005
1.7446021875E-07, -0.0344311428275618
1.74462171875E-07, -0.0419565110186073
1.74464125E-07, -0.0439452251451635
1.74466078125E-07, -0.0220512576854078
1.7446803125E-07, -0.0274714225060939
1.74469984375E-07, -0.0215277195246404
1.744719375E-07, -0.0130063826431969
1.74473890625E-07, -0.0201833008873848
1.7447584375E-07, -0.0074839754136808
1.74477796875E-07, -0.0158004014460752
1.7447975E-07, 0.00153522582378136
1.74481703125E-07, 0.00945771747413245
1.7448365625E-07, 0.0164083982116607
1.74485609375E-07, 0.0238838929305377
1.744875625E-07, 0.012659895622704
1.74489515625E-07, 0.00772635205654053
1.7449146875E-07, 0.032772621220725
1.74493421875E-07, 0.0221428361052434
1.74495375E-07, 0.02600461923246
1.74497328125E-07, 0.0484996500076611
1.7449928125E-07, 0.0334871743625611
1.74501234375E-07, 0.0541181675468471
1.745031875E-07, 0.0387995262270603
1.74505140625E-07, 0.0574312999261106
1.7450709375E-07, 0.0565869248493287
1.74509046875E-07, 0.0639112488109396
1.74511E-07, 0.0637886398199993
1.74512953125E-07, 0.0602476087969751
1.7451490625E-07, 0.0539929489281025
1.74516859375E-07, 0.0764169216616525
1.745188125E-07, 0.0730097304992147
1.74520765625E-07, 0.0826334533503219
1.7452271875E-07, 0.0737745756353386
1.74524671875E-07, 0.0764787018783154
1.74526625E-07, 0.0864816637180902
1.74528578125E-07, 0.0896222162275096
1.7453053125E-07, 0.0903227886204689
1.74532484375E-07, 0.0810769028755454
1.745344375E-07, 0.0836677644801939
1.74536390625E-07, 0.0961720864602503
1.7453834375E-07, 0.0949476861799054
1.74540296875E-07, 0.0926697095422522
1.7454225E-07, 0.0975008508652642
1.74544203125E-07, 0.0979618919229907
1.7454615625E-07, 0.0997340195314117
1.74548109375E-07, 0.0971950264688334
1.745500625E-07, 0.0998609437021713
1.74552015625E-07, 0.100515408192822
1.7455396875E-07, 0.100018981112416
1.74555921875E-07, 0.0998841180175743
1.74557875E-07, 0.0995464894404968
1.74559828125E-07, 0.0976876085803181
1.7456178125E-07, 0.0991986412318238
1.74563734375E-07, 0.0952499738062687
1.745656875E-07, 0.0943448092653904
1.74567640625E-07, 0.0947758982484567
1.7456959375E-07, 0.0908137371427284
1.74571546875E-07, 0.0932242244897758
1.745735E-07, 0.0922110274320458
1.74575453125E-07, 0.0923806917144229
1.7457740625E-07, 0.0840540722927352
1.74579359375E-07, 0.0915165416084135
1.745813125E-07, 0.083094954217092
1.74583265625E-07, 0.0848889223155659
1.7458521875E-07, 0.0827392286452964
1.74587171875E-07, 0.0785057210119483
1.74589125E-07, 0.0792145155835064
1.74591078125E-07, 0.0719155368170853
1.7459303125E-07, 0.0753518241039159
1.74594984375E-07, 0.0754356953851331
1.745969375E-07, 0.0646043856568203
1.74598890625E-07, 0.0689365385057228
1.7460084375E-07, 0.0593665634834292
1.74602796875E-07, 0.0686760416118052
1.7460475E-07, 0.0622159215941322
1.74606703125E-07, 0.0591331237834514
1.7460865625E-07, 0.0596109687997554
1.74610609375E-07, 0.0542660606904548
1.746125625E-07, 0.0561196508028698
1.74614515625E-07, 0.0559727532247908
1.7461646875E-07, 0.0442349606429045
1.74618421875E-07, 0.050204332211578
1.74620375E-07, 0.0445603042508821
1.74622328125E-07, 0.0433727178197354
1.7462428125E-07, 0.0433759714447543
1.74626234375E-07, 0.0431288546821837
1.746281875E-07, 0.0422600480784096
1.74630140625E-07, 0.0382368640057533
1.7463209375E-07, 0.039597391700748
1.74634046875E-07, 0.039204050244181
1.74636E-07, 0.0341023962027926
1.74637953125E-07, 0.0344412475685112
1.7463990625E-07, 0.0339774581684057
1.74641859375E-07, 0.0300130556728525
1.746438125E-07, 0.0299687896970472
1.74645765625E-07, 0.0279633168430231
1.7464771875E-07, 0.0268632264379357
1.74649671875E-07, 0.0276798482150217
1.74651625E-07, 0.0251272685972295
1.74653578125E-07, 0.0280834212806157
1.7465553125E-07, 0.0243525298826645
1.74657484375E-07, 0.0237393319859283
1.746594375E-07, 0.0253167266357066
1.74661390625E-07, 0.0218266212881286
1.7466334375E-07, 0.0225793709518381
1.74665296875E-07, 0.0208211005532833
1.7466725E-07, 0.0201479256088521
1.74669203125E-07, 0.0230602762654349
1.7467115625E-07, 0.0199385281506218
1.74673109375E-07, 0.0216245346869266
1.746750625E-07, 0.0199988511621268
1.74677015625E-07, 0.0210937963188566
1.7467896875E-07, 0.019490463215648
1.74680921875E-07, 0.0227860587177622
1.74682875E-07, 0.020751468371535
1.74684828125E-07, 0.0189697030661875
1.7468678125E-07, 0.0190344995794727
1.74688734375E-07, 0.0198677670213229
1.746906875E-07, 0.0194456836176866
1.74692640625E-07, 0.0196106054791483
1.7469459375E-07, 0.0195277206747479
1.74696546875E-07, 0.0193959723580783
1.746985E-07, 0.0196361742815248
1.74700453125E-07, 0.0207004211239302
1.7470240625E-07, 0.0201817636287403
1.74704359375E-07, 0.019434073714235
1.747063125E-07, 0.0200488483052561
1.74708265625E-07, 0.0196038738430164
1.7471021875E-07, 0.0201812940641768
1.74712171875E-07, 0.020347213230169
1.74714125E-07, 0.0198776294005794
1.74716078125E-07, 0.0255324073586834
1.7471803125E-07, 0.0200331853513049
1.74719984375E-07, 0.0196165918441362
1.747219375E-07, 0.0197998979514322
1.74723890625E-07, 0.0186692057817998
1.7472584375E-07, 0.0193543572463813
1.74727796875E-07, 0.018989585585517
1.7472975E-07, 0.019308684278458
1.74731703125E-07, 0.019182513190762
1.7473365625E-07, 0.0192902166998026
1.74735609375E-07, 0.0184281466514962
1.747375625E-07, 0.0184350658954611
1.74739515625E-07, 0.0185320172691039
1.7474146875E-07, 0.0168342599920596
1.74743421875E-07, 0.0174653696687295
1.74745375E-07, 0.0175811468583347
1.74747328125E-07, 0.0163088382339831
1.7474928125E-07, 0.0162535856115348
1.74751234375E-07, 0.0144065676836619
1.747531875E-07, 0.0162593992595261
1.74755140625E-07, 0.0154525935833142
1.7475709375E-07, 0.013847741361378
1.74759046875E-07, 0.012853131364119
1.74761E-07, 0.0122249822176952
1.74762953125E-07, 0.0118342988225624
1.7476490625E-07, 0.0116435555334911
1.74766859375E-07, 0.0104811202636098
1.747688125E-07, 0.00987077825622964
1.74770765625E-07, 0.00744306855302299
1.7477271875E-07, 0.0101912502290957
1.74774671875E-07, 0.0102802980940317
1.74776625E-07, 0.00702951631967296
1.74778578125E-07, 0.00705657686546807
1.7478053125E-07, 0.00860797350972576
1.74782484375E-07, 0.0043321444763674
1.747844375E-07, 0.00541190017410962
1.74786390625E-07, 0.00308478736481845
1.7478834375E-07, 0.0055505902522656
1.74790296875E-07, 0.00565901707931547
1.7479225E-07, 0.00134295904193624
1.74794203125E-07, 0.00208512151787032
1.7479615625E-07, 0.000411197729033875
1.74798109375E-07, 0.00170105895092859
1.748000625E-07, 0.0012705457456657
1.74802015625E-07, -0.00156187977451081
1.7480396875E-07, -0.000445980922654071
1.74805921875E-07, -0.0021037492808881
1.74807875E-07, -0.00161651661104449
1.74809828125E-07, -0.00175641807579773
1.7481178125E-07, -0.00399481749606168
1.74813734375E-07, -0.00368813453072018
1.748156875E-07, -0.00533852229948699
1.74817640625E-07, -0.00424573323251568
1.7481959375E-07, -0.00460363815961772
1.74821546875E-07, -0.00505530882457848
1.748235E-07, -0.00627285674894501
1.74825453125E-07, -0.00594171874350053
1.7482740625E-07, -0.00698516533744116
1.74829359375E-07, -0.00535778542562583
1.748313125E-07, -0.00856781854977539
1.74833265625E-07, -0.00622592731433235
1.7483521875E-07, -0.00747847548347145
1.74837171875E-07, -0.00748985149159188
1.74839125E-07, -0.00817488196746778
1.74841078125E-07, -0.00818329196212368
1.7484303125E-07, -0.00596300683430155
1.74844984375E-07, -0.00890048286176271
1.748469375E-07, -0.00866593259907408
1.74848890625E-07, -0.00841732490010328
1.7485084375E-07, -0.0082038110741247
1.74852796875E-07, -0.00762494936329617
1.7485475E-07, -0.00817434958391337
1.74856703125E-07, -0.00832635485804231
1.7485865625E-07, -0.00858400024766434
1.74860609375E-07, -0.00780857882362177
1.748625625E-07, -0.00754697829764019
1.74864515625E-07, -0.00849943028167758
1.7486646875E-07, -0.0078234501188198
1.74868421875E-07, -0.00766690730348195
1.74870375E-07, -0.00799714550153643
1.74872328125E-07, -0.00603407933382268
1.7487428125E-07, -0.00708279972073362
1.74876234375E-07, -0.00676302747487647
1.748781875E-07, -0.00649896409974051
1.74880140625E-07, -0.00713503200879596
1.7488209375E-07, -0.00600999362123896
1.74884046875E-07, -0.00536931657126158
1.74886E-07, -0.00535787499756165
1.74887953125E-07, -0.00534079098356898
1.7488990625E-07, -0.00514563922090452
1.74891859375E-07, -0.00461126337689795
1.748938125E-07, -0.00452855919309475
1.74895765625E-07, -0.00443075323979498
1.7489771875E-07, -0.00413835690763275
1.74899671875E-07, -0.00416908543372996
1.74901625E-07, -0.00391323818233325
1.74903578125E-07, -0.00359897108434705
1.7490553125E-07, -0.00338133574438288
1.74907484375E-07, -0.00257076431657428
1.749094375E-07, -0.00249288479016399
1.74911390625E-07, -0.00125280119893559
1.7491334375E-07, -0.00243932826706527
1.74915296875E-07, -0.0020778788985605
1.7491725E-07, -0.00134688975644463
1.74919203125E-07, -0.00215963884406565
1.7492115625E-07, -0.00105035227004926
1.74923109375E-07, -0.000894025606823707
1.749250625E-07, -0.000697476216680345
1.74927015625E-07, 4.65585890866028E-05
1.7492896875E-07, -0.000243259044175476
1.74930921875E-07, 5.68447776911769E-06
1.74932875E-07, 0.000430711236337249
1.74934828125E-07, 8.26624112834743E-05
1.7493678125E-07, 0.000867501731843407
1.74938734375E-07, -0.000457992362260534
1.749406875E-07, 0.00122605505933333
1.74942640625E-07, 0.00107350554056399
1.7494459375E-07, 0.00116992949365971
1.74946546875E-07, 0.0012795155107578
1.749485E-07, 0.00118944646005542
1.74950453125E-07, 0.00143565576766377
1.7495240625E-07, 0.00130709234445403
1.74954359375E-07, 0.00147176319552606
1.749563125E-07, 0.00110435583167242
1.74958265625E-07, 0.001497118512241
1.7496021875E-07, 0.00190568627350736
1.74962171875E-07, 0.000774008840755122
1.74964125E-07, 0.00163492895673875
1.74966078125E-07, 0.00135098037181435
1.7496803125E-07, 0.00133599582103493
1.74969984375E-07, 0.00141246353096356
1.749719375E-07, 0.00145948797906836
1.74973890625E-07, 0.00126824849295973
1.7497584375E-07, 0.00136851852236021
1.74977796875E-07, 1.2916337958927E-05
1.7497975E-07, 0.00112307873417895
1.74981703125E-07, 0.000894822090918985
1.7498365625E-07, 0.000865673876395915
1.74985609375E-07, 0.00143474319301816
1.749875625E-07, 0.000728658066793297
1.74989515625E-07, 0.000326676929763997
1.7499146875E-07, 0.000188332338611508
1.74993421875E-07, 0.000443707021775317
1.74995375E-07, -0.00137487687151395
1.74997328125E-07, -0.000961688568215695
1.7499928125E-07, -0.000345417640958879
1.75001234375E-07, -0.000899689485589658
1.750031875E-07, -0.000888227253088519
1.75005140625E-07, -0.000447625023233479
1.7500709375E-07, -0.0018949670429597
1.75009046875E-07, -0.00136355770472087
1.75011E-07, -0.00162196004760577
1.75012953125E-07, -0.0020805652953693
1.7501490625E-07, -0.00184280551610377
1.75016859375E-07, -0.00249487517195082
1.750188125E-07, -0.00339460848644516
1.75020765625E-07, -0.00415397318973112
1.7502271875E-07, -0.0036201543957949
1.75024671875E-07, -0.00339160752724316
1.75026625E-07, -0.00509076537964062
1.75028578125E-07, -0.00465017399401671
1.7503053125E-07, -0.00579015210715895
1.75032484375E-07, -0.00532304976088374
1.750344375E-07, -0.00626842622711545
1.75036390625E-07, -0.00578368763485986
1.7503834375E-07, -0.00557277660947952
1.75040296875E-07, -0.00611606439272384
1.7504225E-07, -0.00675265153062306
1.75044203125E-07, -0.00942822311625593
1.7504615625E-07, -0.00801307193282754
1.75048109375E-07, -0.00874491756863653
1.750500625E-07, -0.0095146203765704
1.75052015625E-07, -0.00855174632600287
1.7505396875E-07, -0.0106926558336353
1.75055921875E-07, -0.0117309472193395
1.75057875E-07, -0.0108737223094026
1.75059828125E-07, -0.0111021205830304
1.7506178125E-07, -0.012188336547026
1.75063734375E-07, -0.0116874367268952
1.750656875E-07, -0.0120800002392614
1.75067640625E-07, -0.0155846195517917
1.7506959375E-07, -0.0136327262519654
1.75071546875E-07, -0.0144903364385097
1.750735E-07, -0.0151874710280134
1.75075453125E-07, -0.0152506973121502
1.7507740625E-07, -0.0157630763137678
1.75079359375E-07, -0.0185902150108435
1.750813125E-07, -0.0175686383507879
1.75083265625E-07, -0.0173928003074702
1.7508521875E-07, -0.0172391479450831
1.75087171875E-07, -0.0201060268588634
1.75089125E-07, -0.0188060577193935
1.75091078125E-07, -0.0197887502911665
1.7509303125E-07, -0.0207884446924366
1.75094984375E-07, -0.0197248870067227
1.750969375E-07, -0.0232331158432923
1.75098890625E-07, -0.0218041511173932
1.7510084375E-07, -0.0237507072500698
1.75102796875E-07, -0.0211925515016936
1.7510475E-07, -0.0246851853549028
1.75106703125E-07, -0.0240911643131385
1.7510865625E-07, -0.0245744498339488
1.75110609375E-07, -0.0264751013601152
1.751125625E-07, -0.0268599617419641
1.75114515625E-07, -0.0256774278405225
1.7511646875E-07, -0.0270780725386037
1.75118421875E-07, -0.0273379835072684
1.75120375E-07, -0.0269398548710435
1.75122328125E-07, -0.0281433315927614
1.7512428125E-07, -0.0276595009688108
1.75126234375E-07, -0.0283440952877562
1.751281875E-07, -0.0284943258069626
1.75130140625E-07, -0.0290990885792275
1.7513209375E-07, -0.0294677395794082
1.75134046875E-07, -0.0301258551494094
1.75136E-07, -0.0297495194739215
1.75137953125E-07, -0.0318874103219539
1.7513990625E-07, -0.0303314641466468
1.75141859375E-07, -0.0307907656860601
1.751438125E-07, -0.0300333846360034
1.75145765625E-07, -0.0299675167184604
1.7514771875E-07, -0.032275105742174
1.75149671875E-07, -0.0320485891631428
1.75151625E-07, -0.032627842509716
1.75153578125E-07, -0.0321835124933057
1.7515553125E-07, -0.0322924634853054
1.75157484375E-07, -0.0328258826114947
1.751594375E-07, -0.0327753662251543
1.75161390625E-07, -0.0328553490889656
1.7516334375E-07, -0.0320806896230132
1.75165296875E-07, -0.0328891827145732
1.7516725E-07, -0.0329887732326832
1.75169203125E-07, -0.0325743978016885
1.7517115625E-07, -0.0327061671722662
1.75173109375E-07, -0.0314930246345584
1.751750625E-07, -0.0330282040548462
1.75177015625E-07, -0.0326937206547875
1.7517896875E-07, -0.0324254271881854
1.75180921875E-07, -0.0322891161493242
1.75182875E-07, -0.032318675957098
1.75184828125E-07, -0.0313411103067419
1.7518678125E-07, -0.031686562112637
1.75188734375E-07, -0.031700008763307
1.751906875E-07, -0.0315017251629676
1.75192640625E-07, -0.0306619672773347
1.7519459375E-07, -0.0308622626669812
1.75196546875E-07, -0.0303970685571768
1.751985E-07, -0.0309901469177292
1.75200453125E-07, -0.030271922764389
1.7520240625E-07, -0.0288563535570543
1.75204359375E-07, -0.0296822433132007
1.752063125E-07, -0.0302395836454484
1.75208265625E-07, -0.0293545975190767
1.7521021875E-07, -0.0294493030300028
1.75212171875E-07, -0.0278454283196219
1.75214125E-07, -0.028509868970002
1.75216078125E-07, -0.0278956630075937
1.7521803125E-07, -0.0279725788713016
1.75219984375E-07, -0.028430376046453
1.752219375E-07, -0.0263808822516494
1.75223890625E-07, -0.0268708894131384
1.7522584375E-07, -0.0267391252771584
1.75227796875E-07, -0.0268464848979643
1.7522975E-07, -0.0251646872145052
1.75231703125E-07, -0.0257098705144096
1.7523365625E-07, -0.0256879324043906
1.75235609375E-07, -0.0252641420995881
1.752375625E-07, -0.0242835967241927
1.75239515625E-07, -0.0229767915635243
1.7524146875E-07, -0.024367120791333
1.75243421875E-07, -0.0246550337820775
1.75245375E-07, -0.0240222072518117
1.75247328125E-07, -0.0232147001411844
1.7524928125E-07, -0.0223980128168046
1.75251234375E-07, -0.021942074129732
1.752531875E-07, -0.0215408661570714
1.75255140625E-07, -0.0223775062765708
1.7525709375E-07, -0.02086197230618
1.75259046875E-07, -0.0196014091293321
1.75261E-07, -0.0213520507449108
1.75262953125E-07, -0.0194975120565582
1.7526490625E-07, -0.0190742880459142
1.75266859375E-07, -0.0174859957308489
1.752688125E-07, -0.0196276970711504
1.75270765625E-07, -0.0180906107194904
1.7527271875E-07, -0.0175647726576373
1.75274671875E-07, -0.0166481148110119
1.75276625E-07, -0.0164105563630559
1.75278578125E-07, -0.0168258985258621
1.7528053125E-07, -0.0168282216989399
1.75282484375E-07, -0.0156163397520262
1.752844375E-07, -0.0159704594691957
1.75286390625E-07, -0.013823471640649
1.7528834375E-07, -0.0157152874169709
1.75290296875E-07, -0.0153662484439301
1.7529225E-07, -0.0133968113613958
1.75294203125E-07, -0.0123934457061872
1.7529615625E-07, -0.0120874538932942
1.75298109375E-07, -0.012554043712875
1.753000625E-07, -0.0120103411716996
1.75302015625E-07, -0.0104945496379277
1.7530396875E-07, -0.0110165276887655
1.75305921875E-07, -0.0115401930634227
1.75307875E-07, -0.00844301973948752
1.75309828125E-07, -0.00965480517485907
1.7531178125E-07, -0.00845069250140592
1.75313734375E-07, -0.00970345771890987
1.753156875E-07, -0.00855476632455134
1.75317640625E-07, -0.00905237841455486
1.7531959375E-07, -0.00750865608360069
1.75321546875E-07, -0.00746071628249825
1.753235E-07, -0.0072535845046094
1.75325453125E-07, -0.00765019098582316
1.7532740625E-07, -0.00497359531866516
1.75329359375E-07, -0.00576765361148913
1.753313125E-07, -0.00416575134827508
1.75333265625E-07, -0.00516910539724676
1.7533521875E-07, -0.00584320884205652
1.75337171875E-07, -0.00312421814868542
1.75339125E-07, -0.00342656293757949
1.75341078125E-07, -0.00400157614401272
1.7534303125E-07, -0.00318147024546512
1.75344984375E-07, -0.00349608910356524
1.753469375E-07, -0.00187291470128582
1.75348890625E-07, -0.00296099767956242
1.7535084375E-07, -0.00155881864314209
1.75352796875E-07, -0.000810827273323586
1.7535475E-07, -0.000530504510856504
1.75356703125E-07, -0.00164015447924101
1.7535865625E-07, -0.00146103102357224
1.75360609375E-07, -0.00147598328493916
1.753625625E-07, 0.000225231004779827
1.75364515625E-07, 0.000476472138763318
1.7536646875E-07, 0.000792889141606513
1.75368421875E-07, 0.000530962167964353
1.75370375E-07, -0.0007395004429632
1.75372328125E-07, 0.0016807213643872
1.7537428125E-07, 0.00109109589084587
1.75376234375E-07, 0.00149161801483069
1.753781875E-07, 0.000638605348953676
1.75380140625E-07, 0.00201969473706426
1.7538209375E-07, 0.000451201820304694
1.75384046875E-07, 0.00231508273158358
1.75386E-07, 0.00126686946812986
1.75387953125E-07, 0.00270301672250112
1.7538990625E-07, 0.00282011918320356
1.75391859375E-07, 0.00417326454252443
1.753938125E-07, 0.00242178070467816
1.75395765625E-07, 0.00152250970664929
1.7539771875E-07, 0.0043479918578188
1.75399671875E-07, 0.00462773429169333
1.75401625E-07, 0.00321821292009941
1.75403578125E-07, 0.00334643858293069
1.7540553125E-07, 0.00400419526343023
1.75407484375E-07, 0.00443497231862836
1.754094375E-07, 0.00451162761278271
1.75411390625E-07, 0.00405357735700813
1.7541334375E-07, 0.00423858783512214
1.75415296875E-07, 0.00503137111401468
1.7541725E-07, 0.00541374520418261
1.75419203125E-07, 0.00396199004108276
1.7542115625E-07, 0.00594920816471061
1.75423109375E-07, 0.00524456365122121
1.754250625E-07, 0.00556927731237626
1.75427015625E-07, 0.00585170522713007
1.7542896875E-07, 0.00554439886590536
1.75430921875E-07, 0.00684809804455155
1.75432875E-07, 0.00605867254672044
1.75434828125E-07, 0.00675845586676556
1.7543678125E-07, 0.00690537509486603
1.75438734375E-07, 0.00616107792417162
1.754406875E-07, 0.00699733675136522
1.75442640625E-07, 0.00734542872648317
1.7544459375E-07, 0.0077896508061261
1.75446546875E-07, 0.00863390216697376
1.754485E-07, 0.00784111560393987
1.75450453125E-07, 0.0079754918953544
1.7545240625E-07, 0.00966944067081041
1.75454359375E-07, 0.00873740171203395
1.754563125E-07, 0.00918044738849852
1.75458265625E-07, 0.00885591642242417
1.7546021875E-07, 0.00885196795588615
1.75462171875E-07, 0.0102720557082601
1.75464125E-07, 0.00995437319022534
1.75466078125E-07, 0.0105137033498382
1.7546803125E-07, 0.0109148847268149
1.75469984375E-07, 0.0105424696754404
1.754719375E-07, 0.011548468632174
1.75473890625E-07, 0.00986273750519276
1.7547584375E-07, 0.0109551944941275
1.75477796875E-07, 0.0118568593686555
1.7547975E-07, 0.0119966889077586
1.75481703125E-07, 0.0121023288917202
1.7548365625E-07, 0.0121305134470814
1.75485609375E-07, 0.0116999436360033
1.754875625E-07, 0.0122583308581003
1.75489515625E-07, 0.0128932940398146
1.7549146875E-07, 0.0137838741093464
1.75493421875E-07, 0.0133002119247716
1.75495375E-07, 0.0131179553492272
1.75497328125E-07, 0.014206370855893
1.7549928125E-07, 0.0138362275090143
1.75501234375E-07, 0.0126810504576888
1.755031875E-07, 0.0137569107288507
1.75505140625E-07, 0.013673138255264
1.7550709375E-07, 0.0141182057809726
1.75509046875E-07, 0.0150710771912571
1.75511E-07, 0.0154315974300784
1.75512953125E-07, 0.0145227334855161
1.7551490625E-07, 0.0145960304191813
1.75516859375E-07, 0.0144222375225406
1.755188125E-07, 0.0148002338899901
1.75520765625E-07, 0.014708844582332
1.7552271875E-07, 0.0151942870785624
1.75524671875E-07, 0.0152110035488414
1.75526625E-07, 0.0151853764217911
1.75528578125E-07, 0.0143202222891277
1.7553053125E-07, 0.0147533705831385
1.75532484375E-07, 0.015227962413333
1.755344375E-07, 0.013853885597031
1.75536390625E-07, 0.0148770935085087
1.7553834375E-07, 0.0147161101945045
1.75540296875E-07, 0.014709377911242
1.7554225E-07, 0.0136181973320654
1.75544203125E-07, 0.0147664875574942
1.7554615625E-07, 0.0144305167453669
1.75548109375E-07, 0.0142055239276964
1.755500625E-07, 0.0139098021142619
1.75552015625E-07, 0.0133792697111852
1.7555396875E-07, 0.0138289121198949
1.75555921875E-07, 0.013588705861708
1.75557875E-07, 0.0129383236354229
1.75559828125E-07, 0.0124784859239166
1.7556178125E-07, 0.0121385893808468
1.75563734375E-07, 0.0128757053450306
1.755656875E-07, 0.0118397899779399
1.75567640625E-07, 0.0111434933735818
1.7556959375E-07, 0.0114974424302277
1.75571546875E-07, 0.0108540032151487
1.755735E-07, 0.0111520551178322
1.75575453125E-07, 0.0111783324537722
1.7557740625E-07, 0.0100588978641053
1.75579359375E-07, 0.0105941764565915
1.755813125E-07, 0.00977424562959794
1.75583265625E-07, 0.00991240506761008
1.7558521875E-07, 0.00922039760526026
1.75587171875E-07, 0.00922476088747072
1.75589125E-07, 0.00940100969625379
1.75591078125E-07, 0.00900543899089883
1.7559303125E-07, 0.00812799706942656
1.75594984375E-07, 0.00799941964785223
1.755969375E-07, 0.00752657446089443
1.75598890625E-07, 0.00799049305192499
1.7560084375E-07, 0.00774235499503869
1.75602796875E-07, 0.00666220461253773
1.7560475E-07, 0.00697972947693862
1.75606703125E-07, 0.00611187015137058
1.7560865625E-07, 0.00615645883798393
1.75610609375E-07, 0.00679513961114959
1.756125625E-07, 0.00560437560409463
1.75614515625E-07, 0.00579326985527434
1.7561646875E-07, 0.00537659892976992
1.75618421875E-07, 0.00563477136523737
1.75620375E-07, 0.0059312300649995
1.75622328125E-07, 0.00478644582758033
1.7562428125E-07, 0.00513491978609974
1.75626234375E-07, 0.00476002735483881
1.756281875E-07, 0.00506929255799585
1.75630140625E-07, 0.00411864649872768
1.7563209375E-07, 0.00389236812147396
1.75634046875E-07, 0.00417039143422373
1.75636E-07, 0.00387316800776959
1.75637953125E-07, 0.00424924225238869
1.7563990625E-07, 0.00377020536325301
1.75641859375E-07, 0.00426555336443925
1.756438125E-07, 0.00450892993294613
1.75645765625E-07, 0.00443051230476
1.7564771875E-07, 0.00431546208601638
1.75649671875E-07, 0.00435502320500503
1.75651625E-07, 0.00383408285996268
1.75653578125E-07, 0.00415125868642268
1.7565553125E-07, 0.00378344379888808
1.75657484375E-07, 0.00433197394181604
1.756594375E-07, 0.00414152872131575
1.75661390625E-07, 0.00426560043086412
1.7566334375E-07, 0.0047187036635028
1.75665296875E-07, 0.00389150981162276
1.7566725E-07, 0.00493495122592599
1.75669203125E-07, 0.00487136881351751
1.7567115625E-07, 0.00463016076467505
1.75673109375E-07, 0.00486413869055912
1.756750625E-07, 0.00484271773925981
1.75677015625E-07, 0.00472926541413615
1.7567896875E-07, 0.00491302314726076
1.75680921875E-07, 0.00431081346626112
1.75682875E-07, 0.00547670388213491
1.75684828125E-07, 0.0060737191867904
1.7568678125E-07, 0.00569845218250839
1.75688734375E-07, 0.00532144128174629
1.756906875E-07, 0.00549905090286612
1.75692640625E-07, 0.00615849077539157
1.7569459375E-07, 0.00591179186537631
1.75696546875E-07, 0.00626413094164699
1.756985E-07, 0.00600566388170993
1.75700453125E-07, 0.00617963634742783
1.7570240625E-07, 0.00681119119977948
1.75704359375E-07, 0.0063205902837077
1.757063125E-07, 0.00697369511385078
1.75708265625E-07, 0.00684145279359919
1.7571021875E-07, 0.00753357960495488
1.75712171875E-07, 0.0075569450189271
1.75714125E-07, 0.00720207441672092
1.75716078125E-07, 0.0078971229950073
1.7571803125E-07, 0.00799951297505653
1.75719984375E-07, 0.00846535608191252
1.757219375E-07, 0.00781449457154876
1.75723890625E-07, 0.00836422319704351
1.7572584375E-07, 0.00743286606690739
1.75727796875E-07, 0.00822138155670411
1.7572975E-07, 0.00859956929776427
1.75731703125E-07, 0.00835622166635627
1.7573365625E-07, 0.00829516477606307
1.75735609375E-07, 0.00860617905362325
1.757375625E-07, 0.00862117962273944
1.75739515625E-07, 0.00870604990126592
1.7574146875E-07, 0.00932788904510311
1.75743421875E-07, 0.00953142851098981
1.75745375E-07, 0.00944640715511826
1.75747328125E-07, 0.00910774709981763
1.7574928125E-07, 0.00946281017783708
1.75751234375E-07, 0.00969455565098912
1.757531875E-07, 0.0094125701720779
1.75755140625E-07, 0.00970458263667659
1.7575709375E-07, 0.009993026260353
1.75759046875E-07, 0.00978793486238376
1.75761E-07, 0.00970398445899481
1.75762953125E-07, 0.00983902568429079
1.7576490625E-07, 0.00993827303664643
1.75766859375E-07, 0.0100349291651941
1.757688125E-07, 0.00996871229815016
1.75770765625E-07, 0.0102744337185302
1.7577271875E-07, 0.0102631681622734
1.75774671875E-07, 0.0105517475033608
1.75776625E-07, 0.0103824660740609
1.75778578125E-07, 0.0104275877592693
1.7578053125E-07, 0.0103880591575193
1.75782484375E-07, 0.0109168220750114
1.757844375E-07, 0.0105991498049304
1.75786390625E-07, 0.010827034698581
1.7578834375E-07, 0.0113769223785914
1.75790296875E-07, 0.0108855204873402
1.7579225E-07, 0.0108504011871217
1.75794203125E-07, 0.0111759315056406
1.7579615625E-07, 0.0113875851617179
1.75798109375E-07, 0.0114846626294919
1.758000625E-07, 0.0115787756896614
1.75802015625E-07, 0.0113477703148086
1.7580396875E-07, 0.0114858789015442
1.75805921875E-07, 0.0119360737268627
1.75807875E-07, 0.01124465675219
1.75809828125E-07, 0.0116074814150629
1.7581178125E-07, 0.0116036350337013
1.75813734375E-07, 0.011741962452151
1.758156875E-07, 0.0113078838355887
1.75817640625E-07, 0.0120856299800714
1.7581959375E-07, 0.0117663241610998
1.75821546875E-07, 0.0122455091299221
1.758235E-07, 0.0119438443864657
1.75825453125E-07, 0.012241432197708
1.7582740625E-07, 0.0115956146421576
1.75829359375E-07, 0.0116086565036721
1.758313125E-07, 0.0124063069990837
1.75833265625E-07, 0.0122512117937425
1.7583521875E-07, 0.0127635489952911
1.75837171875E-07, 0.0121186224889836
1.75839125E-07, 0.0123536547959791
1.75841078125E-07, 0.0127588938762591
1.7584303125E-07, 0.0128557021925082
1.75844984375E-07, 0.0125475614905554
1.758469375E-07, 0.0126512268921943
1.75848890625E-07, 0.0134871884823219
1.7585084375E-07, 0.0128845870767152
1.75852796875E-07, 0.0129034631706007
1.7585475E-07, 0.0130434710725433
1.75856703125E-07, 0.0130067992329255
1.7585865625E-07, 0.0132446512977484
1.75860609375E-07, 0.0128806349975034
1.758625625E-07, 0.0128790603897366
1.75864515625E-07, 0.0133982887382801
1.7586646875E-07, 0.0132584771720484
1.75868421875E-07, 0.0127193004707442
1.75870375E-07, 0.0132682491617968
1.75872328125E-07, 0.0131456810607022
1.7587428125E-07, 0.0113399100361474
1.75876234375E-07, 0.0140545053332922
1.758781875E-07, 0.0126449690321499
1.75880140625E-07, 0.0128396457137352
1.7588209375E-07, 0.0129344389600131
1.75884046875E-07, 0.0124391288783831
1.75886E-07, 0.01361633261011
1.75887953125E-07, 0.012436243170864
1.7588990625E-07, 0.0132085746355007
1.75891859375E-07, 0.0127370956329281
1.758938125E-07, 0.0133699541933782
1.75895765625E-07, 0.0127727144284483
1.7589771875E-07, 0.012671653438148
1.75899671875E-07, 0.0119195922816503
1.75901625E-07, 0.012254703046875
1.75903578125E-07, 0.0123221999130844
1.7590553125E-07, 0.012107522742122
1.75907484375E-07, 0.0122578170873016
1.759094375E-07, 0.0120356091328458
1.75911390625E-07, 0.01163643672261
1.7591334375E-07, 0.0119538150077233
1.75915296875E-07, 0.0118457752221421
1.7591725E-07, 0.0115752881047772
1.75919203125E-07, 0.0115655023312188
1.7592115625E-07, 0.0111408970803329
1.75923109375E-07, 0.0109732946077403
1.759250625E-07, 0.0106293684532473
1.75927015625E-07, 0.0108586931452235
1.7592896875E-07, 0.0110108162067748
1.75930921875E-07, 0.0102800054806181
1.75932875E-07, 0.00955710573066328
1.75934828125E-07, 0.00944567839483798
1.7593678125E-07, 0.00890179548279439
1.75938734375E-07, 0.00871876209069143
1.759406875E-07, 0.00992664163715437
1.75942640625E-07, 0.00885089391977447
1.7594459375E-07, 0.00853708383439368
1.75946546875E-07, 0.00783372743859845
1.759485E-07, 0.00777460632837892
1.75950453125E-07, 0.00784569181643627
1.7595240625E-07, 0.00667697112962489
1.75954359375E-07, 0.00628791633748428
1.759563125E-07, 0.0073119063895335
1.75958265625E-07, 0.00475582329707457
1.7596021875E-07, 0.00602329872184544
1.75962171875E-07, 0.00548509032139839
1.75964125E-07, 0.00465342424320622
1.75966078125E-07, 0.00551599018571568
1.7596803125E-07, 0.00405032840985674
1.75969984375E-07, 0.0039031695206529
1.759719375E-07, 0.0027187488235096
1.75973890625E-07, 0.00246241689939091
1.7597584375E-07, 0.0034312626893708
1.75977796875E-07, 0.000706264719738101
1.7597975E-07, 0.0015209136527274
1.75981703125E-07, 0.000324383410589875
1.7598365625E-07, 0.000367833522661166
1.75985609375E-07, 0.000500326254931818
1.759875625E-07, -0.000836444756617714
1.75989515625E-07, -0.00089599287588553
1.7599146875E-07, -0.000825864234514448
1.75993421875E-07, -0.00240455717617977
1.75995375E-07, -0.00333284835715458
1.75997328125E-07, -0.00368310232539189
1.7599928125E-07, -0.00285207508528948
1.76001234375E-07, -0.00346611941474423
1.760031875E-07, -0.00346527972996145
1.76005140625E-07, -0.0033479396007523
1.7600709375E-07, -0.00465993548048835
1.76009046875E-07, -0.00622624715130398
1.76011E-07, -0.00543714282446349
1.76012953125E-07, -0.0062240295250601
1.7601490625E-07, -0.00668266062657392
1.76016859375E-07, -0.00609503136068355
1.760188125E-07, -0.00668223987617245
1.76020765625E-07, -0.00707519091968871
1.7602271875E-07, -0.00883553759668482
1.76024671875E-07, -0.00934919389405422
1.76026625E-07, -0.0088296857851669
1.76028578125E-07, -0.0104588546938652
1.7603053125E-07, -0.00985044783395828
1.76032484375E-07, -0.0120892550290963
1.760344375E-07, -0.011051029987672
1.76036390625E-07, -0.011153910127239
1.7603834375E-07, -0.0115657934102383
1.76040296875E-07, -0.0120652886481903
1.7604225E-07, -0.0124291643332157
1.76044203125E-07, -0.0115286702802088
1.7604615625E-07, -0.0127603959340686
1.76048109375E-07, -0.0143827827543054
1.760500625E-07, -0.0138609473057189
1.76052015625E-07, -0.0146961968878393
1.7605396875E-07, -0.0133408527965321
1.76055921875E-07, -0.0152071566136092
1.76057875E-07, -0.0156616995676918
1.76059828125E-07, -0.0159473472680733
1.7606178125E-07, -0.0139663887962555
1.76063734375E-07, -0.014838539891964
1.760656875E-07, -0.0155220371346031
1.76067640625E-07, -0.0160259792016675
1.7606959375E-07, -0.0168392834866393
1.76071546875E-07, -0.0161967884713857
1.760735E-07, -0.016968270304232
1.76075453125E-07, -0.016907884257056
1.7607740625E-07, -0.016414986933726
1.76079359375E-07, -0.0150179218008867
1.760813125E-07, -0.0165501589164814
1.76083265625E-07, -0.0168240061408721
1.7608521875E-07, -0.0166089636677536
1.76087171875E-07, -0.0158624075296463
1.76089125E-07, -0.0164182279346588
1.76091078125E-07, -0.0152341411877041
1.7609303125E-07, -0.0155633839340779
1.76094984375E-07, -0.0165581675911859
1.760969375E-07, -0.0158007589435076
1.76098890625E-07, -0.0154246792121034
1.7610084375E-07, -0.0150421583527292
1.76102796875E-07, -0.0153718425218426
1.7610475E-07, -0.0141173110136299
1.76106703125E-07, -0.015460006222912
1.7610865625E-07, -0.0155172687196749
1.76110609375E-07, -0.0151488663383955
1.761125625E-07, -0.0139806774627819
1.76114515625E-07, -0.0141810943618531
1.7611646875E-07, -0.0145344473338135
1.76118421875E-07, -0.0129373607433547
1.76120375E-07, -0.012885325935949
1.76122328125E-07, -0.0134838116917717
1.7612428125E-07, -0.0126391614940933
1.76126234375E-07, -0.0127606394963648
1.761281875E-07, -0.0114038634712422
1.76130140625E-07, -0.0118704434077253
1.7613209375E-07, -0.010470633160368
1.76134046875E-07, -0.0117577190951249
1.76136E-07, -0.0118183113807776
1.76137953125E-07, -0.0100643811027032
1.7613990625E-07, -0.0109621334147849
1.76141859375E-07, -0.00967770641235944
1.761438125E-07, -0.00974474868173188
1.76145765625E-07, -0.00899511077652433
1.7614771875E-07, -0.00886380969044446
1.76149671875E-07, -0.00847879350772785
1.76151625E-07, -0.00798108345824726
1.76153578125E-07, -0.00767702386723793
1.7615553125E-07, -0.00738667850868962
1.76157484375E-07, -0.00756288660388947
1.761594375E-07, -0.00687218613495565
1.76161390625E-07, -0.00712225964234021
1.7616334375E-07, -0.00691584198681617
1.76165296875E-07, -0.00660164007158578
1.7616725E-07, -0.00622544558707086
1.76169203125E-07, -0.00660219616575822
1.7617115625E-07, -0.0059424915786229
1.76173109375E-07, -0.00553052973524133
1.761750625E-07, -0.00564695105235124
1.76177015625E-07, -0.0056352589436886
1.7617896875E-07, -0.00565338786740636
1.76180921875E-07, -0.00560456049809047
1.76182875E-07, -0.00540163638396311
1.76184828125E-07, -0.00567413939257924
1.7618678125E-07, -0.0049683102048311
1.76188734375E-07, -0.00526691746774729
1.761906875E-07, -0.00538210961265968
1.76192640625E-07, -0.0054995273011026
1.7619459375E-07, -0.00500688541878134
1.76196546875E-07, -0.00504533885509374
1.761985E-07, -0.00573956652355196
1.76200453125E-07, -0.0053271357337156
1.7620240625E-07, -0.00569249979740267
1.76204359375E-07, -0.0059179970367214
1.762063125E-07, -0.00589628302900284
1.76208265625E-07, -0.00552118527376957
1.7621021875E-07, -0.00587404853546889
1.76212171875E-07, -0.00616507793824601
1.76214125E-07, -0.00625648130728257
1.76216078125E-07, -0.00587232116683602
1.7621803125E-07, -0.00638405476921354
1.76219984375E-07, -0.00606809704623898
1.762219375E-07, -0.00710558032390595
1.76223890625E-07, -0.00658846779901625
1.7622584375E-07, -0.0070392149696159
1.76227796875E-07, -0.00700613768790563
1.7622975E-07, -0.00673754270371696
1.76231703125E-07, -0.0074911582483444
1.7623365625E-07, -0.00749368531667926
1.76235609375E-07, -0.00846111488686003
1.762375625E-07, -0.00830515192869536
1.76239515625E-07, -0.0077593331077559
1.7624146875E-07, -0.00826807011173676
1.76243421875E-07, -0.0083403586816989
1.76245375E-07, -0.00877878643976294
1.76247328125E-07, -0.00919607198725303
1.7624928125E-07, -0.00859780411321713
1.76251234375E-07, -0.00898612183250598
1.762531875E-07, -0.00902685295233795
1.76255140625E-07, -0.00922942066950006
1.7625709375E-07, -0.00925103066556473
1.76259046875E-07, -0.00959294120917146
1.76261E-07, -0.00936777499719021
1.76262953125E-07, -0.00993927448124741
1.7626490625E-07, -0.00918091434993393
1.76266859375E-07, -0.0096850123854807
1.762688125E-07, -0.00960371164295052
1.76270765625E-07, -0.0099144791021578
1.7627271875E-07, -0.00996367992302086
1.76274671875E-07, -0.00977866279734915
1.76276625E-07, -0.00999954368076916
1.76278578125E-07, -0.0101493635692089
1.7628053125E-07, -0.00987478866524269
1.76282484375E-07, -0.00989249551698305
1.762844375E-07, -0.0100381112548048
1.76286390625E-07, -0.00982828150061392
1.7628834375E-07, -0.00959270463052394
1.76290296875E-07, -0.0099851467094547
1.7629225E-07, -0.00995325928125935
1.76294203125E-07, -0.00962558361109655
1.7629615625E-07, -0.00982039971619743
1.76298109375E-07, -0.00949905707110627
1.763000625E-07, -0.0091062261065115
1.76302015625E-07, -0.00958749004781956
1.7630396875E-07, -0.0091868934876547
1.76305921875E-07, -0.00918773311611358
1.76307875E-07, -0.00912112925684799
1.76309828125E-07, -0.00890768100938775
1.7631178125E-07, -0.00872065604993208
1.76313734375E-07, -0.00915718423574824
1.763156875E-07, -0.00883583767163641
1.76317640625E-07, -0.00861455713159907
1.7631959375E-07, -0.00825281196063044
1.76321546875E-07, -0.00750522613237221
1.763235E-07, -0.00850286178710595
1.76325453125E-07, -0.00760879372562377
1.7632740625E-07, -0.00768433637837303
1.76329359375E-07, -0.00815500888720476
1.763313125E-07, -0.00739573412765852
1.76333265625E-07, -0.00711232985158962
1.7633521875E-07, -0.00665406440092481
1.76337171875E-07, -0.00726763764880597
1.76339125E-07, -0.00686628653697291
1.76341078125E-07, -0.00661396737024822
1.7634303125E-07, -0.00631563333613309
1.76344984375E-07, -0.00640903799498521
1.763469375E-07, -0.00686557791930606
1.76348890625E-07, -0.00568505390796807
1.7635084375E-07, -0.00540082949675512
1.76352796875E-07, -0.005853132761793
1.7635475E-07, -0.00558954165327723
1.76356703125E-07, -0.0058614609942502
1.7635865625E-07, -0.00593465623693284
1.76360609375E-07, -0.00466921407443087
1.763625625E-07, -0.00524178345703543
1.76364515625E-07, -0.00548138054471844
1.7636646875E-07, -0.00468578125841814
1.76368421875E-07, -0.0043407449158448
1.76370375E-07, -0.00483397290123927
1.76372328125E-07, -0.00466718110031325
1.7637428125E-07, -0.00420220303068938
1.76376234375E-07, -0.00452181567832923
1.763781875E-07, -0.00441911948183754
1.76380140625E-07, -0.00358283455907527
1.7638209375E-07, -0.00372651302654242
1.76384046875E-07, -0.00359859351653266
1.76386E-07, -0.00367746261674707
1.76387953125E-07, -0.00338695056329881
1.7638990625E-07, -0.00375085108051884
1.76391859375E-07, -0.003205311514899
1.763938125E-07, -0.00309071141540311
1.76395765625E-07, -0.00319210074233213
1.7639771875E-07, -0.00343506407508189
1.76399671875E-07, -0.00339019736944886
1.76401625E-07, -0.00337932124892799
1.76403578125E-07, -0.0032129740423605
1.7640553125E-07, -0.00332658397940515
1.76407484375E-07, -0.00333988309512336
1.764094375E-07, -0.00330143566443936
1.76411390625E-07, -0.00287837483384767
1.7641334375E-07, -0.00391873577272736
1.76415296875E-07, -0.00323184994284303
1.7641725E-07, -0.00326238905146251
1.76419203125E-07, -0.00346879530716535
1.7642115625E-07, -0.00357594129432531
1.76423109375E-07, -0.00294216776243957
1.764250625E-07, -0.00308843322543018
1.76427015625E-07, -0.00306574111794329
1.7642896875E-07, -0.00293850247464247
1.76430921875E-07, -0.00314527804995136
1.76432875E-07, -0.00283253539872683
1.76434828125E-07, -0.00316893286946484
1.7643678125E-07, -0.00323957785352878
1.76438734375E-07, -0.00360897525852569
1.764406875E-07, -0.00264020533760784
1.76442640625E-07, -0.00321617883105608
1.7644459375E-07, -0.00343697729025689
1.76446546875E-07, -0.00345906824576527
1.764485E-07, -0.00326799173817095
1.76450453125E-07, -0.00327978205023534
1.7645240625E-07, -0.0031409067155744
1.76454359375E-07, -0.00340346842305725
1.764563125E-07, -0.00269884933236373
1.76458265625E-07, -0.00308615364132407
1.7646021875E-07, -0.00299790852411967
1.76462171875E-07, -0.00331517687283012
1.76464125E-07, -0.00333290296849021
1.76466078125E-07, -0.00294950885284505
1.7646803125E-07, -0.00343210122529413
1.76469984375E-07, -0.00292331064632873
1.764719375E-07, -0.0030457291781703
1.76473890625E-07, -0.00301197720561306
1.7647584375E-07, -0.00311188470428483
1.76477796875E-07, -0.00337076820951075
1.7647975E-07, -0.00333674118341906
1.76481703125E-07, -0.00320977285502298
1.7648365625E-07, -0.00325218658741666
1.76485609375E-07, -0.0028971017679795
1.764875625E-07, -0.00317191733865448
1.76489515625E-07, -0.00296521315091411
1.7649146875E-07, -0.00302981644810194
1.76493421875E-07, -0.00298599102826897
1.76495375E-07, -0.00280235958262616
1.76497328125E-07, -0.00265821893399727
1.7649928125E-07, -0.00261232561556465
1.76501234375E-07, -0.00269601654508663
1.765031875E-07, -0.00247221327388041
1.76505140625E-07, -0.00278722681683299
1.7650709375E-07, -0.00261230496114764
1.76509046875E-07, -0.00253327711631818
1.76511E-07, -0.00284104051274186
1.76512953125E-07, -0.00242671440826092
1.7651490625E-07, -0.0023364372108289
1.76516859375E-07, -0.00247223168573601
1.765188125E-07, -0.00229161898363414
1.76520765625E-07, -0.0027869290099115
1.7652271875E-07, -0.00247509420875513
1.76524671875E-07, -0.00232975764691438
1.76526625E-07, -0.00200833274477707
1.76528578125E-07, -0.00235623854592027
1.7653053125E-07, -0.0022976618113889
1.76532484375E-07, -0.0023539924835584
1.765344375E-07, -0.00231597392688496
1.76536390625E-07, -0.00262906419377598
1.7653834375E-07, -0.00249144540722237
1.76540296875E-07, -0.00243003000383449
1.7654225E-07, -0.00244654594297245
1.76544203125E-07, -0.00199032251592103
1.7654615625E-07, -0.00219017574727309
1.76548109375E-07, -0.00263064050254559
1.765500625E-07, -0.00250363990928901
1.76552015625E-07, -0.0018456757768198
1.7655396875E-07, -0.00253324014150921
1.76555921875E-07, -0.0027783978489304
1.76557875E-07, -0.00201959635572719
1.76559828125E-07, -0.00275524539907114
1.7656178125E-07, -0.00203288533777207
1.76563734375E-07, -0.00199186221128356
1.765656875E-07, -0.00265157405661941
1.76567640625E-07, -0.00284186068628725
1.7656959375E-07, -0.00221971059211283
1.76571546875E-07, -0.00216727033967813
1.765735E-07, -0.00186053523736074
1.76575453125E-07, -0.00271010144281478
1.7657740625E-07, -0.0025449037706254
1.76579359375E-07, -0.00285524465188683
1.765813125E-07, -0.00200298662695421
1.76583265625E-07, -0.00236644363699336
1.7658521875E-07, -0.00224510849575079
1.76587171875E-07, -0.00268695478341376
1.76589125E-07, -0.00226779773051339
1.76591078125E-07, -0.00228625940856463
1.7659303125E-07, -0.00199102368784148
1.76594984375E-07, -0.00255440545762152
1.765969375E-07, -0.00228666015316234
1.76598890625E-07, -0.00231257901477168
1.7660084375E-07, -0.00215059228692802
1.76602796875E-07, -0.00218645243903047
1.7660475E-07, -0.00243451930683582
1.76606703125E-07, -0.0028438733734211
1.7660865625E-07, -0.00304465372714938
1.76610609375E-07, -0.00272437981346971
1.766125625E-07, -0.00287950928713085
1.76614515625E-07, -0.0023779022305602
1.7661646875E-07, -0.00299362969871725
1.76618421875E-07, -0.00248255067775985
1.76620375E-07, -0.00254555859954881
1.76622328125E-07, -0.0018688592943709
1.7662428125E-07, -0.0026284044595598
1.76626234375E-07, -0.00236461210274673
1.766281875E-07, -0.00184347409736325
1.76630140625E-07, -0.00319809635109171
1.7663209375E-07, -0.00200189601970341
1.76634046875E-07, -0.00224580590453366
1.76636E-07, -0.00330302957961551
1.76637953125E-07, -0.00292706396856734
1.7663990625E-07, -0.00242760141326729
1.76641859375E-07, -0.00268922968963121
1.766438125E-07, -0.00201421449104496
1.76645765625E-07, -0.00229724395366769
1.7664771875E-07, -0.00183240405896329
1.76649671875E-07, -0.00220883761586282
1.76651625E-07, -0.00225407931217519
1.76653578125E-07, -0.00220782025468256
1.7665553125E-07, -0.00244447001642995
1.76657484375E-07, -0.00184686956386104
1.766594375E-07, -0.00204719890117508
1.76661390625E-07, -0.00231799551659393
1.7666334375E-07, -0.00208994446784956
1.76665296875E-07, -0.00211222811781443
1.7666725E-07, -0.00169113740663097
1.76669203125E-07, -0.00193896803446465
1.7667115625E-07, -0.0020522900241383
1.76673109375E-07, -0.00201540142304633
1.766750625E-07, -0.00220944284632014
1.76677015625E-07, -0.00218696991723009
1.7667896875E-07, -0.00223243414406824
1.76680921875E-07, -0.00205931010150098
1.76682875E-07, -0.00168866927388779
1.76684828125E-07, -0.00199729056789389
1.7668678125E-07, -0.00171697035814783
1.76688734375E-07, -0.00191364770273241
1.766906875E-07, -0.00195794008240543
1.76692640625E-07, -0.00215255928403328
1.7669459375E-07, -0.00173025536648897
1.76696546875E-07, -0.00190045309113522
1.766985E-07, -0.00186954885361285
1.76700453125E-07, -0.00183463755402358
1.7670240625E-07, -0.00209849577958691
1.76704359375E-07, -0.00148314304595671
1.767063125E-07, -0.00166976177071111
1.76708265625E-07, -0.00156958069078189
1.7671021875E-07, -0.00169110940639756
1.76712171875E-07, -0.00202021065595805
1.76714125E-07, -0.00209456028011944
1.76716078125E-07, -0.00179589640534104
1.7671803125E-07, -0.00202669941785422
1.76719984375E-07, -0.00183064630523999
1.767219375E-07, -0.00183756897713261
1.76723890625E-07, -0.00225530236466875
1.7672584375E-07, -0.00210699417344811
1.76727796875E-07, -0.00229569900456703
1.7672975E-07, -0.00194173738448562
1.76731703125E-07, -0.00246457095278716
1.7673365625E-07, -0.00238238194436291
1.76735609375E-07, -0.00186540292544034
1.767375625E-07, -0.00267760873980551
1.76739515625E-07, -0.00243805584621403
1.7674146875E-07, -0.00235840940197698
1.76743421875E-07, -0.00242064283396208
1.76745375E-07, -0.00249953334110699
1.76747328125E-07, -0.00293642938341988
1.7674928125E-07, -0.00234591170399661
1.76751234375E-07, -0.00239395890111858
1.767531875E-07, -0.00261321468459735
1.76755140625E-07, -0.00242996791513045
1.7675709375E-07, -0.00261904783480486
1.76759046875E-07, -0.00220564405671709
1.76761E-07, -0.00247544816770184
1.76762953125E-07, -0.00237587377537957
1.7676490625E-07, -0.00230192027437701
1.76766859375E-07, -0.00248660493201794
1.767688125E-07, -0.00240011552879026
1.76770765625E-07, -0.00239381900840995
1.7677271875E-07, -0.00213499528360309
1.76774671875E-07, -0.00202564327217748
1.76776625E-07, -0.00206641593957008
1.76778578125E-07, -0.00167584619271348
1.7678053125E-07, -0.00169158548346213
1.76782484375E-07, -0.00169519100800375
1.767844375E-07, -0.00153767020820176
1.76786390625E-07, -0.00133176326806883
1.7678834375E-07, -0.000896545079895706
1.76790296875E-07, -0.00109560733442256
1.7679225E-07, -0.00128180524107994
1.76794203125E-07, -0.000526197076478975
1.7679615625E-07, -0.000804345435636962
1.76798109375E-07, -0.00026062823629651
1.768000625E-07, 9.43585458372722E-05
1.76802015625E-07, 0.000139392806864728
1.7680396875E-07, 0.000874134128482394
1.76805921875E-07, 9.21707772236482E-05
1.76807875E-07, 0.000154414042290074
1.76809828125E-07, 0.00078877466682759
1.7681178125E-07, 0.000526523913110936
1.76813734375E-07, 0.000820463485594943
1.768156875E-07, 0.00134832911261659
1.76817640625E-07, 0.00159106922253798
1.7681959375E-07, 0.0016664762160314
1.76821546875E-07, 0.00234680586092265
1.768235E-07, 0.00208325528092122
1.76825453125E-07, 0.00255944948541088
1.7682740625E-07, 0.00211683399633497
1.76829359375E-07, 0.00265753649860027
1.768313125E-07, 0.00286901547194528
1.76833265625E-07, 0.00289937412534617
1.7683521875E-07, 0.00351234895783872
1.76837171875E-07, 0.00291704953456084
1.76839125E-07, 0.00301555739367223
1.76841078125E-07, 0.00340736819917527
1.7684303125E-07, 0.00329815315164347
1.76844984375E-07, 0.0041153185558215
1.768469375E-07, 0.0031990001271809
1.76848890625E-07, 0.00368563680938831
1.7685084375E-07, 0.0038703364141225
1.76852796875E-07, 0.00344260012050759
1.7685475E-07, 0.00396852301698308
1.76856703125E-07, 0.00400261386268584
1.7685865625E-07, 0.00331591812147504
1.76860609375E-07, 0.00374883859122506
1.768625625E-07, 0.00385147380055616
1.76864515625E-07, 0.00316812085282069
1.7686646875E-07, 0.00349304101350261
1.76868421875E-07, 0.00309636317903392
1.76870375E-07, 0.00327413144313189
1.76872328125E-07, 0.00403910755776979
1.7687428125E-07, 0.00335192160031621
1.76876234375E-07, 0.00317490640418246
1.768781875E-07, 0.00265999443294209
1.76880140625E-07, 0.00254008519218338
1.7688209375E-07, 0.00290406441699538
1.76884046875E-07, 0.00254905428921399
1.76886E-07, 0.00226724739482661
1.76887953125E-07, 0.002000320902016
1.7688990625E-07, 0.00171515294994605
1.76891859375E-07, 0.001489209378055
1.768938125E-07, 0.000820060348300717
1.76895765625E-07, 0.000921174120758551
1.7689771875E-07, 0.00196897534589921
1.76899671875E-07, 0.0012834889006981
1.76901625E-07, 0.000372335013547033
1.76903578125E-07, 0.000283353981347593
1.7690553125E-07, 0.00011623705621529
1.76907484375E-07, 0.000870288128772963
1.769094375E-07, -0.000281954653579041
1.76911390625E-07, -0.000267711644771564
1.7691334375E-07, 0.000301799151333531
1.76915296875E-07, -0.000181025580805718
1.7691725E-07, -0.000434576560701565
1.76919203125E-07, -0.00117672941772232
1.7692115625E-07, -0.0012330927726876
1.76923109375E-07, -0.00113118100664283
1.769250625E-07, -0.000963546612605308
1.76927015625E-07, -0.00174002145181729
1.7692896875E-07, -0.0012318774792193
1.76930921875E-07, -0.00178234343114363
1.76932875E-07, -0.00151835928671
1.76934828125E-07, -0.00100684665673366
1.7693678125E-07, -0.00117247996703087
1.76938734375E-07, -0.00162963951670717
1.769406875E-07, -0.000691299717386151
1.76942640625E-07, -0.0015138106565323
1.7694459375E-07, -0.00210756812342969
1.76946546875E-07, -0.000804329635592107
1.769485E-07, -0.00192413549968772
1.76950453125E-07, -0.00195962158249197
1.7695240625E-07, -0.000916225409285854
1.76954359375E-07, -0.00120979447911733
1.769563125E-07, -0.0013002735301149
1.76958265625E-07, -0.000560622113599685
1.7696021875E-07, -0.000510809404218161
1.76962171875E-07, -0.000920044370149015
1.76964125E-07, -9.90749055849911E-05
1.76966078125E-07, -0.000252384791206641
1.7696803125E-07, -0.000677011772255645
1.76969984375E-07, -0.000268244273427067
1.769719375E-07, -0.000121448978005904
1.76973890625E-07, 0.000413883435646514
1.7697584375E-07, 0.000793685803775423
1.76977796875E-07, -0.000177523578005874
1.7697975E-07, 0.000677165867591565
1.76981703125E-07, 0.00139253821793028
1.7698365625E-07, 0.00152321094973797
1.76985609375E-07, 0.00146302314981236
1.769875625E-07, 0.00142538086828548
1.76989515625E-07, 0.00231877232322684
1.7699146875E-07, 0.00206940430458794
1.76993421875E-07, 0.00188771223131193
1.76995375E-07, 0.00249204483635683
1.76997328125E-07, 0.00256705636346489
1.7699928125E-07, 0.00295126550521457
1.77001234375E-07, 0.00219045317910893
1.770031875E-07, 0.0027045640558527
1.77005140625E-07, 0.00283982128700056
1.7700709375E-07, 0.00273161334378926
1.77009046875E-07, 0.00312528197962339
1.77011E-07, 0.00320599527446941
1.77012953125E-07, 0.00313561391933296
1.7701490625E-07, 0.0038864729645842
1.77016859375E-07, 0.00347029220989577
1.770188125E-07, 0.00343283813192737
1.77020765625E-07, 0.00374907034078809
1.7702271875E-07, 0.00355397177021168
1.77024671875E-07, 0.00376786161132938
1.77026625E-07, 0.00416027938244984
1.77028578125E-07, 0.00416729978063272
1.7703053125E-07, 0.00404780632095517
1.77032484375E-07, 0.00418287090094695
1.770344375E-07, 0.00399200679596373
1.77036390625E-07, 0.00390552140223098
1.7703834375E-07, 0.00391378664950324
1.77040296875E-07, 0.00414924580825514
1.7704225E-07, 0.00374806038379925
1.77044203125E-07, 0.00402168656961951
1.7704615625E-07, 0.00394534165688175
1.77048109375E-07, 0.0040923734780577
1.770500625E-07, 0.003896136074487
1.77052015625E-07, 0.00389987849225172
1.7705396875E-07, 0.00354857560397577
1.77055921875E-07, 0.00415072446819372
1.77057875E-07, 0.00404977280198652
1.77059828125E-07, 0.00336254238020017
1.7706178125E-07, 0.00351352420174922
1.77063734375E-07, 0.00394844796464452
1.770656875E-07, 0.00388408239025552
1.77067640625E-07, 0.00348945180321571
1.7706959375E-07, 0.00374390875757458
1.77071546875E-07, 0.00321234993004975
1.770735E-07, 0.00366563811724258
1.77075453125E-07, 0.00316781273985285
1.7707740625E-07, 0.00300803897131629
1.77079359375E-07, 0.00341012976977423
1.770813125E-07, 0.00346525049253068
1.77083265625E-07, 0.0030725769490438
1.7708521875E-07, 0.00383591943096297
1.77087171875E-07, 0.00372330484998844
1.77089125E-07, 0.00323492052629975
1.77091078125E-07, 0.00371285160370443
1.7709303125E-07, 0.00360932744284459
1.77094984375E-07, 0.00375637236393052
1.770969375E-07, 0.00363306478551405
1.77098890625E-07, 0.0037224836230054
1.7710084375E-07, 0.00362443390644693
1.77102796875E-07, 0.00406249331497093
1.7710475E-07, 0.00408032816952918
1.77106703125E-07, 0.00404215174802652
1.7710865625E-07, 0.00408346438771699
1.77110609375E-07, 0.00429935556270337
1.771125625E-07, 0.00435252464717423
1.77114515625E-07, 0.00446409831625715
1.7711646875E-07, 0.00484753161443149
1.77118421875E-07, 0.00451397501580911
1.77120375E-07, 0.00572469010310406
1.77122328125E-07, 0.00460675411819461
1.7712428125E-07, 0.00607420356721349
1.77126234375E-07, 0.0053414772131184
1.771281875E-07, 0.0058159158734411
1.77130140625E-07, 0.00546267549876033
1.7713209375E-07, 0.00546997132559917
1.77134046875E-07, 0.00674738603852882
1.77136E-07, 0.00621941700791076
1.77137953125E-07, 0.00623622854733264
1.7713990625E-07, 0.00609783273390964
1.77141859375E-07, 0.00640421051756769
1.771438125E-07, 0.00711581494827318
1.77145765625E-07, 0.00684274344031001
1.7714771875E-07, 0.00692325771418528
1.77149671875E-07, 0.00737645782516009
1.77151625E-07, 0.00736151339214876
1.77153578125E-07, 0.00768015065865433
1.7715553125E-07, 0.00773526260315683
1.77157484375E-07, 0.00757805520229524
1.771594375E-07, 0.00810153919501344
1.77161390625E-07, 0.00813259798799312
1.7716334375E-07, 0.00804610519315484
1.77165296875E-07, 0.0085905315580005
1.7716725E-07, 0.00849438276476827
1.77169203125E-07, 0.00885730608476239
1.7717115625E-07, 0.00909002591442495
1.77173109375E-07, 0.00858963726659533
1.771750625E-07, 0.0085300391724252
1.77177015625E-07, 0.0089421573587353
1.7717896875E-07, 0.00924176522659942
1.77180921875E-07, 0.0091955696550167
1.77182875E-07, 0.00930845518487721
1.77184828125E-07, 0.0093358556538567
1.7718678125E-07, 0.00906664721810529
1.77188734375E-07, 0.00954535490946926
1.771906875E-07, 0.00971910038797582
1.77192640625E-07, 0.00958727621175852
1.7719459375E-07, 0.00987127810231331
1.77196546875E-07, 0.00975212968709569
1.771985E-07, 0.00992876074368301
1.77200453125E-07, 0.00989772559189044
1.7720240625E-07, 0.00987308357058752
1.77204359375E-07, 0.00964309816440261
1.772063125E-07, 0.00990499078094711
1.77208265625E-07, 0.0101084082623733
1.7721021875E-07, 0.0101815404405653
1.77212171875E-07, 0.00987451720988882
1.77214125E-07, 0.00971621738155686
1.77216078125E-07, 0.0101517712811176
1.7721803125E-07, 0.00998946778929992
1.77219984375E-07, 0.00975342971148886
1.772219375E-07, 0.009431488343346
1.77223890625E-07, 0.00965274812614546
1.7722584375E-07, 0.00991646661280483
1.77227796875E-07, 0.00966943518339505
1.7722975E-07, 0.00972338420670821
1.77231703125E-07, 0.00962753448753957
1.7723365625E-07, 0.00921271563874137
1.77235609375E-07, 0.00932221116761013
1.772375625E-07, 0.00928793278799905
1.77239515625E-07, 0.00906810551869978
1.7724146875E-07, 0.00865020381346041
1.77243421875E-07, 0.00896257125477222
1.77245375E-07, 0.00916181148357793
1.77247328125E-07, 0.0085518027884641
1.7724928125E-07, 0.00841330776728688
1.77251234375E-07, 0.00801553357856723
1.772531875E-07, 0.00880725510684959
1.77255140625E-07, 0.00782017728183457
1.7725709375E-07, 0.00814635324464308
1.77259046875E-07, 0.00743846135540791
1.77261E-07, 0.00788488713166256
1.77262953125E-07, 0.00719514746887942
1.7726490625E-07, 0.00755610969057061
1.77266859375E-07, 0.00738293883141766
1.772688125E-07, 0.00633072712779108
1.77270765625E-07, 0.00703026133808325
1.7727271875E-07, 0.00643269364417853
1.77274671875E-07, 0.00537175589560363
1.77276625E-07, 0.00592025511415148
1.77278578125E-07, 0.00537103704249802
1.7728053125E-07, 0.00586051313283455
1.77282484375E-07, 0.00645404825015908
1.772844375E-07, 0.00454504655678834
1.77286390625E-07, 0.00528242580710282
1.7728834375E-07, 0.00488363877429748
1.77290296875E-07, 0.0052585354792338
1.7729225E-07, 0.00473751056587887
1.77294203125E-07, 0.0047878756626553
1.7729615625E-07, 0.00408080813825641
1.77298109375E-07, 0.00414763090933162
1.773000625E-07, 0.0039416120844109
1.77302015625E-07, 0.00440605226319474
1.7730396875E-07, 0.00261848260834692
1.77305921875E-07, 0.00316906427641497
1.77307875E-07, 0.00274625293678277
1.77309828125E-07, 0.00260129107692554
1.7731178125E-07, 0.00264290858179429
1.77313734375E-07, 0.0020700814830528
1.773156875E-07, 0.00154393716061831
1.77317640625E-07, 0.00246635871119665
1.7731959375E-07, 0.00204189285592641
1.77321546875E-07, 0.00128468041504249
1.773235E-07, 0.0016818521836519
1.77325453125E-07, 0.000685064119879207
1.7732740625E-07, 0.000918743939676803
1.77329359375E-07, 0.000257053698025499
1.773313125E-07, 0.00020949958132269
1.77333265625E-07, 0.000291230880495159
1.7733521875E-07, 0.000182782694426952
1.77337171875E-07, 0.000959835657126563
1.77339125E-07, -0.000294824555481007
1.77341078125E-07, -0.000421728716624262
1.7734303125E-07, -0.000477927636046036
1.77344984375E-07, -0.000912889262664312
1.773469375E-07, -0.000615218545914401
1.77348890625E-07, -0.000495343120894227
1.7735084375E-07, -0.000607900640878753
1.77352796875E-07, -0.00139818728958687
1.7735475E-07, -0.0015004859166093
1.77356703125E-07, -0.00118637793599895
1.7735865625E-07, -0.00119177085205823
1.77360609375E-07, -0.00192351490287525
1.773625625E-07, -0.00108994810689354
1.77364515625E-07, -0.00166862891143252
1.7736646875E-07, -0.0019922443671603
1.77368421875E-07, -0.00145814754111959
1.77370375E-07, -0.0015860067443455
1.77372328125E-07, -0.00210412546644271
1.7737428125E-07, -0.00164664993274327
1.77376234375E-07, -0.00158368326360448
1.773781875E-07, -0.00195865810068
1.77380140625E-07, -0.00198356237155381
1.7738209375E-07, -0.00262073029050113
1.77384046875E-07, -0.00200430402998153
1.77386E-07, -0.00201929383402827
1.77387953125E-07, -0.00223060990002529
1.7738990625E-07, -0.00233307789337331
1.77391859375E-07, -0.00265488261412616
1.773938125E-07, -0.00278567081947976
1.77395765625E-07, -0.00262270428935558
1.7739771875E-07, -0.00234493116557026
1.77399671875E-07, -0.00245205037246706
1.77401625E-07, -0.00264119924128778
1.77403578125E-07, -0.00238041630115
1.7740553125E-07, -0.00203523787143884
1.77407484375E-07, -0.00237421329016712
1.774094375E-07, -0.00249366596135815
1.77411390625E-07, -0.00263505257409417
1.7741334375E-07, -0.00244607643653705
1.77415296875E-07, -0.00225989953914302
1.7741725E-07, -0.00249986386413797
1.77419203125E-07, -0.00238937300019155
1.7742115625E-07, -0.00257143158625236
1.77423109375E-07, -0.00260137807942525
1.774250625E-07, -0.00275310749190661
1.77427015625E-07, -0.00277241580795423
1.7742896875E-07, -0.00264347289195372
1.77430921875E-07, -0.00285410645406317
1.77432875E-07, -0.00228737588115152
1.77434828125E-07, -0.00239434060663955
1.7743678125E-07, -0.00340826563795462
1.77438734375E-07, -0.00320726749757077
1.774406875E-07, -0.00281688448425821
1.77442640625E-07, -0.00293934111028287
1.7744459375E-07, -0.00354468920132833
1.77446546875E-07, -0.00345749449910543
1.774485E-07, -0.00342553939037031
1.77450453125E-07, -0.00359925192595127
1.7745240625E-07, -0.00343272234092681
1.77454359375E-07, -0.00390506922209071
1.774563125E-07, -0.00323834285350192
1.77458265625E-07, -0.00320046109564054
1.7746021875E-07, -0.003422530600974
1.77462171875E-07, -0.00376030618215519
1.77464125E-07, -0.00386334529252321
1.77466078125E-07, -0.00395497147190504
1.7746803125E-07, -0.00362727555573459
1.77469984375E-07, -0.00409462878211768
1.774719375E-07, -0.00379280119721036
1.77473890625E-07, -0.00439199460690478
1.7747584375E-07, -0.00411996267127263
1.77477796875E-07, -0.00377980726604631
1.7747975E-07, -0.00394282088109253
1.77481703125E-07, -0.00419926404405352
1.7748365625E-07, -0.00429842867708364
1.77485609375E-07, -0.00408504358823841
1.774875625E-07, -0.00414940103227536
1.77489515625E-07, -0.004945068043746
1.7749146875E-07, -0.00455157001795447
1.77493421875E-07, -0.00441582609268645
1.77495375E-07, -0.004116695280324
1.77497328125E-07, -0.00434804968812163
1.7749928125E-07, -0.00427500378267805
1.77501234375E-07, -0.00495370097462913
1.775031875E-07, -0.00429899228635956
1.77505140625E-07, -0.00416642402674339
1.7750709375E-07, -0.00390381471087267
1.77509046875E-07, -0.00420182150358323
1.77511E-07, -0.00414994660069168
1.77512953125E-07, -0.0040481687616572
1.7751490625E-07, -0.00426406925834166
1.77516859375E-07, -0.0041499583179213
1.775188125E-07, -0.00410908058530933
1.77520765625E-07, -0.00379182942340205
1.7752271875E-07, -0.00442212314762387
1.77524671875E-07, -0.00411770113984072
1.77526625E-07, -0.00396619477939885
1.77528578125E-07, -0.003745033840668
1.7753053125E-07, -0.00389952929055939
1.77532484375E-07, -0.00419057113020084
1.775344375E-07, -0.00381574449986599
1.77536390625E-07, -0.00357329655784203
1.7753834375E-07, -0.00392986247861637
1.77540296875E-07, -0.00395722523808085
1.7754225E-07, -0.00412106294934195
1.77544203125E-07, -0.00377017220577398
1.7754615625E-07, -0.00382456098360286
1.77548109375E-07, -0.00380532517989119
1.775500625E-07, -0.00358715891793339
1.77552015625E-07, -0.00354092559759123
1.7755396875E-07, -0.00381602193638331
1.77555921875E-07, -0.00408677806458808
1.77557875E-07, -0.00432696837830141
1.77559828125E-07, -0.00354573967153535
1.7756178125E-07, -0.00393787418029496
1.77563734375E-07, -0.00432953499247271
1.775656875E-07, -0.00353346021225484
1.77567640625E-07, -0.00384374866624733
1.7756959375E-07, -0.00381695487746858
1.77571546875E-07, -0.00417776703978685
1.775735E-07, -0.00366092130868479
1.77575453125E-07, -0.00394961803822224
1.7757740625E-07, -0.00364386047950755
1.77579359375E-07, -0.00407536629341426
1.775813125E-07, -0.00369055989916623
1.77583265625E-07, -0.00422339821466273
1.7758521875E-07, -0.00350321873604608
1.77587171875E-07, -0.0040471055454272
1.77589125E-07, -0.00398673729463323
1.77591078125E-07, -0.0040394486489498
1.7759303125E-07, -0.00370993228930745
1.77594984375E-07, -0.00415806936006567
1.775969375E-07, -0.00389096003149479
1.77598890625E-07, -0.00399758741384599
1.7760084375E-07, -0.00424736906827204
1.77602796875E-07, -0.00414937743718173
1.7760475E-07, -0.00447850734598471
1.77606703125E-07, -0.00479470612448873
1.7760865625E-07, -0.00429573177600389
1.77610609375E-07, -0.00351178741684134
1.776125625E-07, -0.00369419045721237
1.77614515625E-07, -0.00356810838548079
1.7761646875E-07, -0.00386038790373611
1.77618421875E-07, -0.00410122628498349
1.77620375E-07, -0.00396801084763746
1.77622328125E-07, -0.00367682248768128
1.7762428125E-07, -0.00391615842237281
1.77626234375E-07, -0.00391118286755288
1.776281875E-07, -0.00408101921194194
1.77630140625E-07, -0.00370569435113084
1.7763209375E-07, -0.00387361090651806
1.77634046875E-07, -0.00375835972417117


