File Format, WaveformXYValues
Format Version, 1
Instrument, N1045A,04F,LOJ
SwVersion, A.06.71.21
SerialNumber, MY56260108
Date, 11/29/2023 14:42:08 GMT+08:00

Source Name, Channel 1A

Points, 2048
Signal Type, Unspecified
Channel Bandwidth, 2E+10
Channel Noise, 6.66857143682292E-05
X Units, Second
Y Units, Volt
Data, 
1.73636E-07, -0.00127516630184271
1.73637953125E-07, -0.00130155200175706
1.7363990625E-07, -0.00138586790410641
1.73641859375E-07, -0.00144820302316991
1.736438125E-07, -0.00136200794881568
1.73645765625E-07, -0.0014867714928044
1.7364771875E-07, -0.0014293858496075
1.73649671875E-07, -0.00170614792920404
1.73651625E-07, -0.00139481916947375
1.73653578125E-07, -0.00151135731628473
1.7365553125E-07, -0.00129166293863391
1.73657484375E-07, -0.00156752232640109
1.736594375E-07, -0.0014628930843236
1.73661390625E-07, -0.00146417770769431
1.7366334375E-07, -0.00156811228057923
1.73665296875E-07, -0.00111761723445385
1.7366725E-07, -0.00163408841413918
1.73669203125E-07, -0.00159660235851496
1.7367115625E-07, -0.00125789867947532
1.73673109375E-07, -0.00142557294076949
1.736750625E-07, -0.00155520889326346
1.73677015625E-07, -0.00146798775925188
1.7367896875E-07, -0.00171293087160228
1.73680921875E-07, -0.00120675517037842
1.73682875E-07, -0.00159097674884917
1.73684828125E-07, -0.00202206675859952
1.7368678125E-07, -0.00134477890715766
1.73688734375E-07, -0.00186644485913074
1.736906875E-07, -0.00135268420102163
1.73692640625E-07, -0.0018125075967334
1.7369459375E-07, -0.00162033371089006
1.73696546875E-07, -0.00147555200012298
1.736985E-07, -0.00149875729856541
1.73700453125E-07, -0.00154509585877381
1.7370240625E-07, -0.00134753410747241
1.73704359375E-07, -0.00154590017861415
1.737063125E-07, -0.00133868358668302
1.73708265625E-07, -0.00159171640709919
1.7371021875E-07, -0.0011776152633883
1.73712171875E-07, -0.00192201887895665
1.73714125E-07, -0.00160629932877595
1.73716078125E-07, -0.00168540820071494
1.7371803125E-07, -0.00151432438976752
1.73719984375E-07, -0.00156809206566574
1.737219375E-07, -0.0017513758825303
1.73723890625E-07, -0.00194176037132468
1.7372584375E-07, -0.00169006392236484
1.73727796875E-07, -0.00181479285025342
1.7372975E-07, -0.00138318322848693
1.73731703125E-07, -0.00171993482030301
1.7373365625E-07, -0.00189241822753922
1.73735609375E-07, -0.00204434629300846
1.737375625E-07, -0.00156133282587984
1.73739515625E-07, -0.00117620752117984
1.7374146875E-07, -0.00165429763898851
1.73743421875E-07, -0.00138105051889299
1.73745375E-07, -0.00191850556061765
1.73747328125E-07, -0.00164664690922086
1.7374928125E-07, -0.00164252639679205
1.73751234375E-07, -0.00239408219422674
1.737531875E-07, -0.00106604885923371
1.73755140625E-07, -0.000812342787069628
1.7375709375E-07, -0.00245256713020229
1.73759046875E-07, -0.0015828358575437
1.73761E-07, -0.00126788590071211
1.73762953125E-07, -0.00169213568481689
1.7376490625E-07, -0.00154226202723943
1.73766859375E-07, -0.00168121010014347
1.737688125E-07, -0.00201985564483585
1.73770765625E-07, -0.00131177392386767
1.7377271875E-07, -0.00188901687835155
1.73774671875E-07, -0.00197034077095408
1.73776625E-07, -0.00139585127736359
1.73778578125E-07, -0.00132697501168257
1.7378053125E-07, -0.00153812067955371
1.73782484375E-07, -0.00165449686995708
1.737844375E-07, -0.00149900398016284
1.73786390625E-07, -0.0016074878997744
1.7378834375E-07, -0.00175333016676146
1.73790296875E-07, -0.00178556071942091
1.7379225E-07, -0.00104040442144588
1.73794203125E-07, -0.00188497636842903
1.7379615625E-07, -0.00124588143856371
1.73798109375E-07, -0.00156757882165714
1.738000625E-07, -0.00183459495404284
1.73802015625E-07, -0.00144179109737168
1.7380396875E-07, -0.00176960585430961
1.73805921875E-07, -0.00167192565321868
1.73807875E-07, -0.00190445869884157
1.73809828125E-07, -0.00199699635872268
1.7381178125E-07, -0.0015526384566848
1.73813734375E-07, -0.0017163539783673
1.738156875E-07, -0.00179197029106958
1.73817640625E-07, -0.0020254980784003
1.7381959375E-07, -0.00203421923734669
1.73821546875E-07, -0.00191404224186154
1.738235E-07, -0.00210483164463413
1.73825453125E-07, -0.00226540668595694
1.7382740625E-07, -0.00186597745169208
1.73829359375E-07, -0.00184897018347912
1.738313125E-07, -0.00251360385765979
1.73833265625E-07, -0.00207254574912848
1.7383521875E-07, -0.00153906316933119
1.73837171875E-07, -0.00153905069406251
1.73839125E-07, -0.00200774153396626
1.73841078125E-07, -0.00226272774123052
1.7384303125E-07, -0.00201455121422786
1.73844984375E-07, -0.0020585561919171
1.738469375E-07, -0.00208586049690656
1.73848890625E-07, -0.002494471755742
1.7385084375E-07, -0.00230444823060928
1.73852796875E-07, -0.00243262740852033
1.7385475E-07, -0.00221091763535678
1.73856703125E-07, -0.00248188291526428
1.7385865625E-07, -0.0023103240367358
1.73860609375E-07, -0.00239777048506451
1.738625625E-07, -0.00221778178029179
1.73864515625E-07, -0.00274855518792566
1.7386646875E-07, -0.00269546493718576
1.73868421875E-07, -0.00272406553495377
1.73870375E-07, -0.0026876559603558
1.73872328125E-07, -0.00287649377666169
1.7387428125E-07, -0.00280540641774119
1.73876234375E-07, -0.00240879627541346
1.738781875E-07, -0.00352060075472895
1.73880140625E-07, -0.00251385369924472
1.7388209375E-07, -0.00282979320371689
1.73884046875E-07, -0.00319953435234467
1.73886E-07, -0.00321926755248571
1.73887953125E-07, -0.00307389845042416
1.7388990625E-07, -0.0028776830653601
1.73891859375E-07, -0.00353053131082958
1.738938125E-07, -0.00340327471859547
1.73895765625E-07, -0.00367950913523852
1.7389771875E-07, -0.00332759491154734
1.73899671875E-07, -0.00335773927267543
1.73901625E-07, -0.00389720740293091
1.73903578125E-07, -0.00333844359179279
1.7390553125E-07, -0.00383908329875895
1.73907484375E-07, -0.00385368642718004
1.739094375E-07, -0.00380976787098727
1.73911390625E-07, -0.0040492644106456
1.7391334375E-07, -0.004567784391104
1.73915296875E-07, -0.00407702561201655
1.7391725E-07, -0.00449598897865857
1.73919203125E-07, -0.00415598204628668
1.7392115625E-07, -0.00463320609754921
1.73923109375E-07, -0.00459754214468661
1.739250625E-07, -0.00464589822193224
1.73927015625E-07, -0.00432100532695229
1.7392896875E-07, -0.00445159351250766
1.73930921875E-07, -0.00465106945888288
1.73932875E-07, -0.0049849635041263
1.73934828125E-07, -0.00489944045723386
1.7393678125E-07, -0.00484162333018357
1.73938734375E-07, -0.00506300453816619
1.739406875E-07, -0.00484755342843871
1.73942640625E-07, -0.00502056535750155
1.7394459375E-07, -0.00501885943013956
1.73946546875E-07, -0.00513682447303792
1.739485E-07, -0.0056156142447462
1.73950453125E-07, -0.00545617679008441
1.7395240625E-07, -0.00547980266019417
1.73954359375E-07, -0.00481103944248428
1.739563125E-07, -0.00568089232520157
1.73958265625E-07, -0.00558096387972463
1.7396021875E-07, -0.00562396842487622
1.73962171875E-07, -0.00545776177920465
1.73964125E-07, -0.00586180496499331
1.73966078125E-07, -0.00586050937900799
1.7396803125E-07, -0.0055230013973323
1.73969984375E-07, -0.00536795708962997
1.739719375E-07, -0.00587315153669347
1.73973890625E-07, -0.0054861611841165
1.7397584375E-07, -0.00608533858575235
1.73977796875E-07, -0.00577577307826697
1.7397975E-07, -0.00587225625708552
1.73981703125E-07, -0.00599320054075914
1.7398365625E-07, -0.00598887218666302
1.73985609375E-07, -0.00577187662400777
1.739875625E-07, -0.006754838426079
1.73989515625E-07, -0.00558453616195476
1.7399146875E-07, -0.0058793038617628
1.73993421875E-07, -0.00597615859223143
1.73995375E-07, -0.00597014718393658
1.73997328125E-07, -0.00604579029540247
1.7399928125E-07, -0.00607525397556343
1.74001234375E-07, -0.00563667533028868
1.740031875E-07, -0.00558538601439662
1.74005140625E-07, -0.00581355581539898
1.7400709375E-07, -0.00558949201853153
1.74009046875E-07, -0.00540691772741042
1.74011E-07, -0.00489559153019376
1.74012953125E-07, -0.00447972020846186
1.7401490625E-07, -0.00555853178316545
1.74016859375E-07, -0.00564932617742505
1.740188125E-07, -0.00491895489350353
1.74020765625E-07, -0.00472460990610337
1.7402271875E-07, -0.00484808157808954
1.74024671875E-07, -0.00452124019858493
1.74026625E-07, -0.00390674384900832
1.74028578125E-07, -0.00417410886206768
1.7403053125E-07, -0.00378979491390581
1.74032484375E-07, -0.00409702514676799
1.740344375E-07, -0.00387331456609727
1.74036390625E-07, -0.00266535451509955
1.7403834375E-07, -0.0030326953348108
1.74040296875E-07, -0.00307102937745511
1.7404225E-07, -0.00316710447101419
1.74044203125E-07, -0.00344395014152923
1.7404615625E-07, -0.0025910966409731
1.74048109375E-07, -0.00299407551068079
1.740500625E-07, -0.00259022313279401
1.74052015625E-07, -0.000924160095030094
1.7405396875E-07, -0.000828674329386728
1.74055921875E-07, -0.00107538721679836
1.74057875E-07, -0.00164779494014786
1.74059828125E-07, -0.000972303977155306
1.7406178125E-07, -0.000107739134100366
1.74063734375E-07, -0.000450137690473199
1.740656875E-07, 0.000144005947793323
1.74067640625E-07, 0.000171204564478549
1.7406959375E-07, 0.00124921712292065
1.74071546875E-07, 0.00162302812443988
1.740735E-07, 0.0010990199346913
1.74075453125E-07, 0.00162260094799991
1.7407740625E-07, 0.00140912268281968
1.74079359375E-07, 0.00241554898810105
1.740813125E-07, 0.00327899971003218
1.74083265625E-07, 0.00522818456374995
1.7408521875E-07, 0.00397995120964941
1.74087171875E-07, 0.00343761112952871
1.74089125E-07, 0.00398812745174925
1.74091078125E-07, 0.00537292474950882
1.7409303125E-07, 0.0045474404269201
1.74094984375E-07, 0.00566332825653716
1.740969375E-07, 0.00646939100737346
1.74098890625E-07, 0.00644092277987756
1.7410084375E-07, 0.00698049807545307
1.74102796875E-07, 0.00689722179640459
1.7410475E-07, 0.00704299622674665
1.74106703125E-07, 0.00818660458347983
1.7410865625E-07, 0.0096479672319291
1.74110609375E-07, 0.00981011141815197
1.741125625E-07, 0.00832022481694127
1.74114515625E-07, 0.00917986250859002
1.7411646875E-07, 0.0119035649412035
1.74118421875E-07, 0.0111762845665858
1.74120375E-07, 0.0130124991549368
1.74122328125E-07, 0.0103071637975015
1.7412428125E-07, 0.0117403719785052
1.74126234375E-07, 0.0136930011679601
1.741281875E-07, 0.0125360108300704
1.74130140625E-07, 0.0136513266101865
1.7413209375E-07, 0.0143695201756056
1.74134046875E-07, 0.0144389601608012
1.74136E-07, 0.0179072799873119
1.74137953125E-07, 0.0167887964441333
1.7413990625E-07, 0.0162572232656748
1.74141859375E-07, 0.0187264295783507
1.741438125E-07, 0.0186829471939355
1.74145765625E-07, 0.0192024445223329
1.7414771875E-07, 0.0187674969103699
1.74149671875E-07, 0.0185040044582596
1.74151625E-07, 0.0183625939464149
1.74153578125E-07, 0.0219372745613793
1.7415553125E-07, 0.02102144389154
1.74157484375E-07, 0.0174514584504826
1.741594375E-07, 0.0202649196262663
1.74161390625E-07, 0.0235102080789728
1.7416334375E-07, 0.0242034317007385
1.74165296875E-07, 0.024396772292297
1.7416725E-07, 0.0248910863698088
1.74169203125E-07, 0.0249654951867942
1.7417115625E-07, 0.0267040590201393
1.74173109375E-07, 0.0260312991628692
1.741750625E-07, 0.02599863002527
1.74177015625E-07, 0.0286067809782553
1.7417896875E-07, 0.0279951517238543
1.74180921875E-07, 0.0286485786739773
1.74182875E-07, 0.0300177230765564
1.74184828125E-07, 0.0279798580432421
1.7418678125E-07, 0.0292361947285935
1.74188734375E-07, 0.0294118788182646
1.741906875E-07, 0.0308591445816579
1.74192640625E-07, 0.0300728865771643
1.7419459375E-07, 0.0316165397698908
1.74196546875E-07, 0.0317483167540244
1.741985E-07, 0.0322083603958849
1.74200453125E-07, 0.0303276957428305
1.7420240625E-07, 0.0325311564649883
1.74204359375E-07, 0.031940862035527
1.742063125E-07, 0.0331662916250179
1.74208265625E-07, 0.0332107612460878
1.7421021875E-07, 0.0334226763825325
1.74212171875E-07, 0.0301602564293464
1.74214125E-07, 0.0327201492919783
1.74216078125E-07, 0.0325428026739332
1.7421803125E-07, 0.0332230164221089
1.74219984375E-07, 0.0335051495351303
1.742219375E-07, 0.0336199598517806
1.74223890625E-07, 0.0310646070278454
1.7422584375E-07, 0.0338315893058412
1.74227796875E-07, 0.0312698833686961
1.7422975E-07, 0.0330568481166669
1.74231703125E-07, 0.0326688955536212
1.7423365625E-07, 0.0328025005784274
1.74235609375E-07, 0.0314081390277252
1.742375625E-07, 0.030720271591169
1.74239515625E-07, 0.0314117211451578
1.7424146875E-07, 0.0290735934243877
1.74243421875E-07, 0.0280028932794499
1.74245375E-07, 0.0308170013177815
1.74247328125E-07, 0.0302080965573257
1.7424928125E-07, 0.03044825139987
1.74251234375E-07, 0.0245686009950586
1.742531875E-07, 0.0281435308144247
1.74255140625E-07, 0.0281294641239595
1.7425709375E-07, 0.0272339744132168
1.74259046875E-07, 0.0270641369256208
1.74261E-07, 0.0223513957752758
1.74262953125E-07, 0.0266761409147798
1.7426490625E-07, 0.0244609833769464
1.74266859375E-07, 0.0214944692215696
1.742688125E-07, 0.0230277945910304
1.74270765625E-07, 0.0215941773305991
1.7427271875E-07, 0.0204627391496699
1.74274671875E-07, 0.0182184766544655
1.74276625E-07, 0.016447540124873
1.74278578125E-07, 0.0151695798075686
1.7428053125E-07, 0.0153757143471055
1.74282484375E-07, 0.0147860832640923
1.742844375E-07, 0.0105075070546456
1.74286390625E-07, 0.0128873185524176
1.7428834375E-07, 0.00967024414763501
1.74290296875E-07, 0.0094780018115908
1.7429225E-07, 0.00339654256224985
1.74294203125E-07, 0.00134992669968721
1.7429615625E-07, 0.00486457884725432
1.74298109375E-07, 0.00219929728253311
1.743000625E-07, -0.00289270210577554
1.74302015625E-07, 0.00152183642392918
1.7430396875E-07, -0.00711415478599106
1.74305921875E-07, -0.0014970511800839
1.74307875E-07, -0.00191819444631775
1.74309828125E-07, -0.00702353443543638
1.7431178125E-07, -0.0154165301170381
1.74313734375E-07, -0.0122670346794022
1.743156875E-07, -0.013370365238957
1.74317640625E-07, -0.016092836801633
1.7431959375E-07, -0.0152577884901208
1.74321546875E-07, -0.0182078560340772
1.743235E-07, -0.023580500850603
1.74325453125E-07, -0.0192086067716977
1.7432740625E-07, -0.0271186961037026
1.74329359375E-07, -0.0277520052912908
1.743313125E-07, -0.0312159989479078
1.74333265625E-07, -0.0367290116919275
1.7433521875E-07, -0.0307382652974292
1.74337171875E-07, -0.0375027228029297
1.74339125E-07, -0.0399117369192163
1.74341078125E-07, -0.0455623607743129
1.7434303125E-07, -0.0477024153539654
1.74344984375E-07, -0.0433809885720998
1.743469375E-07, -0.0415403001815623
1.74348890625E-07, -0.0566198076105652
1.7435084375E-07, -0.0529373758564442
1.74352796875E-07, -0.0497024568309515
1.7435475E-07, -0.0562673300543067
1.74356703125E-07, -0.059297843726069
1.7435865625E-07, -0.0660718736879491
1.74360609375E-07, -0.0624314189415931
1.743625625E-07, -0.0652500535566804
1.74364515625E-07, -0.0716198913823036
1.7436646875E-07, -0.0719770122087404
1.74368421875E-07, -0.0751854693209171
1.74370375E-07, -0.0754613389007176
1.74372328125E-07, -0.0802711137363921
1.7437428125E-07, -0.0801097058255209
1.74376234375E-07, -0.0744652786250373
1.743781875E-07, -0.0732857721341345
1.74380140625E-07, -0.091927729230183
1.7438209375E-07, -0.0926577271087517
1.74384046875E-07, -0.0949387316641799
1.74386E-07, -0.0875203006400656
1.74387953125E-07, -0.0930876204858267
1.7438990625E-07, -0.0966911407204095
1.74391859375E-07, -0.103626545150672
1.743938125E-07, -0.0988997927449908
1.74395765625E-07, -0.100299634114261
1.7439771875E-07, -0.103682222284964
1.74399671875E-07, -0.109593642208349
1.74401625E-07, -0.104194041227632
1.74403578125E-07, -0.109117828406743
1.7440553125E-07, -0.109249411059662
1.74407484375E-07, -0.114143260658782
1.744094375E-07, -0.106025167082823
1.74411390625E-07, -0.117997541957365
1.7441334375E-07, -0.120021739305803
1.74415296875E-07, -0.114609782170937
1.7441725E-07, -0.120952060971017
1.74419203125E-07, -0.120719335040381
1.7442115625E-07, -0.117397194829088
1.74423109375E-07, -0.113554324695391
1.744250625E-07, -0.121200822841313
1.74427015625E-07, -0.123451139177974
1.7442896875E-07, -0.120151166790413
1.74430921875E-07, -0.122549912638611
1.74432875E-07, -0.123926083695542
1.74434828125E-07, -0.122557783826869
1.7443678125E-07, -0.119381678170733
1.74438734375E-07, -0.123350126038207
1.744406875E-07, -0.120900075683877
1.74442640625E-07, -0.12120889396392
1.7444459375E-07, -0.112982209029056
1.74446546875E-07, -0.117649670472364
1.744485E-07, -0.107134335770977
1.74450453125E-07, -0.101997632321638
1.7445240625E-07, -0.11490906020148
1.74454359375E-07, -0.0983882846639061
1.744563125E-07, -0.111606599682112
1.74458265625E-07, -0.107381611716611
1.7446021875E-07, -0.1000859776066
1.74462171875E-07, -0.100429514751734
1.74464125E-07, -0.0905731641941053
1.74466078125E-07, -0.0988549188457423
1.7446803125E-07, -0.0924013886315931
1.74469984375E-07, -0.0988448518818344
1.744719375E-07, -0.0861716870881562
1.74473890625E-07, -0.0790775553908196
1.7447584375E-07, -0.0908542338760464
1.74477796875E-07, -0.0761958747879535
1.7447975E-07, -0.0732889661250978
1.74481703125E-07, -0.0618813212690249
1.7448365625E-07, -0.0688990802004372
1.74485609375E-07, -0.0709385554826695
1.744875625E-07, -0.0632621153388733
1.74489515625E-07, -0.0618694755184739
1.7449146875E-07, -0.051170722663897
1.74493421875E-07, -0.0484866327824252
1.74495375E-07, -0.0446461555023317
1.74497328125E-07, -0.0438830516487534
1.7449928125E-07, -0.0341500649152639
1.74501234375E-07, -0.0373561292756451
1.745031875E-07, -0.0297995495996616
1.74505140625E-07, -0.0278641850196829
1.7450709375E-07, -0.0129158872137538
1.74509046875E-07, -0.000892210837924452
1.74511E-07, -0.00869081209212608
1.74512953125E-07, -0.00192691261924194
1.7451490625E-07, -0.00561431077343412
1.74516859375E-07, -0.000603526338125329
1.745188125E-07, 0.0121965000250945
1.74520765625E-07, 0.00703690395000604
1.7452271875E-07, 0.0101364967812049
1.74524671875E-07, 0.0177409860413123
1.74526625E-07, 0.0261751846105705
1.74528578125E-07, 0.0307110395546262
1.7453053125E-07, 0.0204103575249307
1.74532484375E-07, 0.0327134640741108
1.745344375E-07, 0.0390198805681541
1.74536390625E-07, 0.0471240091147091
1.7453834375E-07, 0.0354296263749857
1.74540296875E-07, 0.0516570096038714
1.7454225E-07, 0.0428163528500227
1.74544203125E-07, 0.0600302269774431
1.7454615625E-07, 0.0575663839723179
1.74548109375E-07, 0.0611606985075952
1.745500625E-07, 0.0674204305939166
1.74552015625E-07, 0.0738172451746921
1.7455396875E-07, 0.0801734903056826
1.74555921875E-07, 0.0683358050951586
1.74557875E-07, 0.0753068369863227
1.74559828125E-07, 0.0760910342973443
1.7456178125E-07, 0.0802657163237476
1.74563734375E-07, 0.0794902809342252
1.745656875E-07, 0.0908066078698512
1.74567640625E-07, 0.089893286548299
1.7456959375E-07, 0.0927493176180262
1.74571546875E-07, 0.086728325966321
1.745735E-07, 0.0949530285294837
1.74575453125E-07, 0.0960598078971177
1.7457740625E-07, 0.0954263761546322
1.74579359375E-07, 0.100456707686767
1.745813125E-07, 0.0897615963493978
1.74583265625E-07, 0.0951706776284754
1.7458521875E-07, 0.0962398646094821
1.74587171875E-07, 0.100380608425735
1.74589125E-07, 0.0992448554180961
1.74591078125E-07, 0.100021513994627
1.7459303125E-07, 0.100304503883242
1.74594984375E-07, 0.099343210661448
1.745969375E-07, 0.0992612693474374
1.74598890625E-07, 0.0916898929005824
1.7460084375E-07, 0.0986518765152319
1.74602796875E-07, 0.10018557598576
1.7460475E-07, 0.095212806163268
1.74606703125E-07, 0.0907874224110441
1.7460865625E-07, 0.0943145458007198
1.74610609375E-07, 0.0927925820375839
1.746125625E-07, 0.090209977195604
1.74614515625E-07, 0.0883450994460282
1.7461646875E-07, 0.0865045125820832
1.74618421875E-07, 0.0830253797486842
1.74620375E-07, 0.0844830832402731
1.74622328125E-07, 0.0734156736621343
1.7462428125E-07, 0.0794811512075933
1.74626234375E-07, 0.0799909801994165
1.746281875E-07, 0.0714307027838495
1.74630140625E-07, 0.0741379288087074
1.7463209375E-07, 0.0671170887960169
1.74634046875E-07, 0.0704342875779732
1.74636E-07, 0.0721565352589581
1.74637953125E-07, 0.0639350596745957
1.7463990625E-07, 0.0655260784329784
1.74641859375E-07, 0.058527864652526
1.746438125E-07, 0.0618245633876074
1.74645765625E-07, 0.0609843159656035
1.7464771875E-07, 0.0574827107465557
1.74649671875E-07, 0.0563929027637258
1.74651625E-07, 0.0507388994011377
1.74653578125E-07, 0.0497091137904212
1.7465553125E-07, 0.0542064565027176
1.74657484375E-07, 0.0438784053941867
1.746594375E-07, 0.0473026709063929
1.74661390625E-07, 0.0426604951195022
1.7466334375E-07, 0.0388588180059191
1.74665296875E-07, 0.040695798781794
1.7466725E-07, 0.0327603757816173
1.74669203125E-07, 0.033740518652112
1.7467115625E-07, 0.0363074081924975
1.74673109375E-07, 0.0337952969470381
1.746750625E-07, 0.0314289308574335
1.74677015625E-07, 0.0318402281286641
1.7467896875E-07, 0.028812101761483
1.74680921875E-07, 0.0301060867016059
1.74682875E-07, 0.0307423403061943
1.74684828125E-07, 0.0262962331900577
1.7468678125E-07, 0.0268814242208126
1.74688734375E-07, 0.0233180930162231
1.746906875E-07, 0.0290374343400412
1.74692640625E-07, 0.0224777484970416
1.7469459375E-07, 0.0234497725985401
1.74696546875E-07, 0.0222054495552465
1.746985E-07, 0.0205075342472082
1.74700453125E-07, 0.0205445914176022
1.7470240625E-07, 0.0194408501378858
1.74704359375E-07, 0.0187484960843045
1.747063125E-07, 0.0192485943986376
1.74708265625E-07, 0.0219933915725325
1.7471021875E-07, 0.0197224060248836
1.74712171875E-07, 0.0193390221216884
1.74714125E-07, 0.0187552754847141
1.74716078125E-07, 0.0205296296363898
1.7471803125E-07, 0.0189051112136944
1.74719984375E-07, 0.0184159008702653
1.747219375E-07, 0.0187490542928917
1.74723890625E-07, 0.0196353184069026
1.7472584375E-07, 0.0193989931211222
1.74727796875E-07, 0.0184041248793513
1.7472975E-07, 0.0189248578076675
1.74731703125E-07, 0.0186163867876647
1.7473365625E-07, 0.0185797384115622
1.74735609375E-07, 0.018297463813451
1.747375625E-07, 0.0182895454937044
1.74739515625E-07, 0.018841097806839
1.7474146875E-07, 0.0183991520472802
1.74743421875E-07, 0.0189378176132505
1.74745375E-07, 0.0188982352124738
1.74747328125E-07, 0.0193163246214277
1.7474928125E-07, 0.0195706988503154
1.74751234375E-07, 0.0171402623132555
1.747531875E-07, 0.0200176719645882
1.74755140625E-07, 0.0192920398259486
1.7475709375E-07, 0.0190024173403288
1.74759046875E-07, 0.0182657501051361
1.74761E-07, 0.0183828983440161
1.74762953125E-07, 0.0183700922458912
1.7476490625E-07, 0.0192324770082455
1.74766859375E-07, 0.0185183483153162
1.747688125E-07, 0.0173744581545976
1.74770765625E-07, 0.0175879937713613
1.7477271875E-07, 0.0177067256729188
1.74774671875E-07, 0.0167343983454582
1.74776625E-07, 0.0174796070954711
1.74778578125E-07, 0.0163952811816301
1.7478053125E-07, 0.0153581678405985
1.74782484375E-07, 0.0131804663311944
1.747844375E-07, 0.0141370017747451
1.74786390625E-07, 0.0160782223478248
1.7478834375E-07, 0.014266069929219
1.74790296875E-07, 0.0135144181602468
1.7479225E-07, 0.011770868047249
1.74794203125E-07, 0.0123069943475201
1.7479615625E-07, 0.0119900771459535
1.74798109375E-07, 0.0127616535785779
1.748000625E-07, 0.0123074161561502
1.74802015625E-07, 0.010338812102948
1.7480396875E-07, 0.00907994830790898
1.74805921875E-07, 0.0110723181106374
1.74807875E-07, 0.00595617563855665
1.74809828125E-07, 0.00882402086877438
1.7481178125E-07, 0.00732406864482217
1.74813734375E-07, 0.00710258681096007
1.748156875E-07, 0.0066282582224535
1.74817640625E-07, 0.00546552002776226
1.7481959375E-07, 0.00500843194039124
1.74821546875E-07, 0.00419167795821175
1.748235E-07, 0.00377926178496187
1.74825453125E-07, 0.00437709013805876
1.7482740625E-07, 0.00179328641467951
1.74829359375E-07, 0.000601102944700473
1.748313125E-07, 0.00090248301851927
1.74833265625E-07, -0.000311668107631093
1.7483521875E-07, 0.000883237757168265
1.74837171875E-07, -0.00127825830844386
1.74839125E-07, -0.00308090528496501
1.74841078125E-07, -0.00126276226951984
1.7484303125E-07, -0.00266922732177482
1.74844984375E-07, -0.00281307300449843
1.748469375E-07, -0.00357515959996361
1.74848890625E-07, -0.00440056086746997
1.7485084375E-07, -0.00203792487640876
1.74852796875E-07, -0.00597065882831554
1.7485475E-07, -0.00470999175169926
1.74856703125E-07, -0.00436648925144926
1.7485865625E-07, -0.00468643468354006
1.74860609375E-07, -0.00652545297507095
1.748625625E-07, -0.00516549759220278
1.74864515625E-07, -0.0075997717859463
1.7486646875E-07, -0.00620764375602669
1.74868421875E-07, -0.00568345409480431
1.74870375E-07, -0.00810693113365589
1.74872328125E-07, -0.00691989634257454
1.7487428125E-07, -0.00837860165188212
1.74876234375E-07, -0.00792663927123822
1.748781875E-07, -0.00761832260695536
1.74880140625E-07, -0.00830223415180187
1.7488209375E-07, -0.00880484590096079
1.74884046875E-07, -0.00823232604307924
1.74886E-07, -0.00826933776045424
1.74887953125E-07, -0.00859122210495908
1.7488990625E-07, -0.00844393892936535
1.74891859375E-07, -0.00875161377471109
1.748938125E-07, -0.00815720565157137
1.74895765625E-07, -0.00839636873718463
1.7489771875E-07, -0.00774414218214925
1.74899671875E-07, -0.00817501624420557
1.74901625E-07, -0.00802067925942571
1.74903578125E-07, -0.00666212428615394
1.7490553125E-07, -0.00750718950302125
1.74907484375E-07, -0.00528678595535807
1.749094375E-07, -0.00745146656585567
1.74911390625E-07, -0.00637484265846247
1.7491334375E-07, -0.00683275031274397
1.74915296875E-07, -0.00666694737993862
1.7491725E-07, -0.00546420293886284
1.74919203125E-07, -0.00580346818468124
1.7492115625E-07, -0.0060394553185294
1.74923109375E-07, -0.00513176161855731
1.749250625E-07, -0.0057317526398863
1.74927015625E-07, -0.00445706364963934
1.7492896875E-07, -0.00466944709119255
1.74930921875E-07, -0.00354792026604493
1.74932875E-07, -0.00391253558667204
1.74934828125E-07, -0.00298808799309505
1.7493678125E-07, -0.00412538829095642
1.74938734375E-07, -0.00339951671253642
1.749406875E-07, -0.0034160116560357
1.74942640625E-07, -0.00251772609602668
1.7494459375E-07, -0.00160578691295982
1.74946546875E-07, -0.00309337284580209
1.749485E-07, -0.00165084815677834
1.74950453125E-07, -0.00210458779249555
1.7495240625E-07, -0.00092990972980904
1.74954359375E-07, -0.000589330963603772
1.749563125E-07, -0.00112800566744123
1.74958265625E-07, -0.000141709334565117
1.7496021875E-07, 7.56822499268595E-05
1.74962171875E-07, -0.000234633238303086
1.74964125E-07, 0.000505303579972462
1.74966078125E-07, 0.000200343605786427
1.7496803125E-07, -0.000331809767775753
1.74969984375E-07, 0.000835774036054569
1.749719375E-07, 8.68166623205018E-05
1.74973890625E-07, 0.00116919993334215
1.7497584375E-07, 0.00119623164870962
1.74977796875E-07, 0.00143712331838085
1.7497975E-07, 0.00109935026489204
1.74981703125E-07, 0.000912918419260929
1.7498365625E-07, 0.00076504239532283
1.74985609375E-07, 0.00158294971651695
1.749875625E-07, 0.00169439724321905
1.74989515625E-07, 0.00150421686529455
1.7499146875E-07, 0.00195789082692769
1.74993421875E-07, 0.00173812853215762
1.74995375E-07, 0.000910059700412136
1.74997328125E-07, 0.00192757004707436
1.7499928125E-07, 0.00163256083613346
1.75001234375E-07, 0.00162672302371902
1.750031875E-07, 0.00168189214808011
1.75005140625E-07, 0.00184733794362756
1.7500709375E-07, 0.00148209346763138
1.75009046875E-07, 0.00153924977156958
1.75011E-07, 0.000993412776279929
1.75012953125E-07, 0.00123535740682091
1.7501490625E-07, 0.00124914683091231
1.75016859375E-07, 0.000977618514817175
1.750188125E-07, 0.00109292660207965
1.75020765625E-07, 0.000947371598945305
1.7502271875E-07, 0.000610141239389583
1.75024671875E-07, -0.000312845585062565
1.75026625E-07, 0.0011046245866379
1.75028578125E-07, 0.000312473768421074
1.7503053125E-07, -2.29230266937027E-05
1.75032484375E-07, -0.00129132327440157
1.750344375E-07, -0.000594831015124267
1.75036390625E-07, -0.000193530311257675
1.7503834375E-07, -0.000453249371661426
1.75040296875E-07, -0.00128903143761288
1.7504225E-07, -0.00133906352391595
1.75044203125E-07, -0.00179252085112673
1.7504615625E-07, -0.00193179468892632
1.75048109375E-07, -0.00184836339850497
1.750500625E-07, -0.00396326370698576
1.75052015625E-07, -0.00305497513879873
1.7505396875E-07, -0.00354745232645437
1.75055921875E-07, -0.00447975897653621
1.75057875E-07, -0.00374376259143928
1.75059828125E-07, -0.00412908219534151
1.7506178125E-07, -0.00412399667847991
1.75063734375E-07, -0.0044648461529386
1.750656875E-07, -0.00549377810189171
1.75067640625E-07, -0.00566350425919163
1.7506959375E-07, -0.00678497931385862
1.75071546875E-07, -0.00663952660321456
1.750735E-07, -0.00566213429891407
1.75075453125E-07, -0.00791109407563662
1.7507740625E-07, -0.00917290158541658
1.75079359375E-07, -0.00873235267743887
1.750813125E-07, -0.00938924945699309
1.75083265625E-07, -0.00949150772849358
1.7508521875E-07, -0.0097454692594057
1.75087171875E-07, -0.0116803486962233
1.75089125E-07, -0.0109421939528688
1.75091078125E-07, -0.0122053663295695
1.7509303125E-07, -0.0125407725451849
1.75094984375E-07, -0.0113962499884584
1.750969375E-07, -0.0134970824609144
1.75098890625E-07, -0.0134622654211488
1.7510084375E-07, -0.0146958738907165
1.75102796875E-07, -0.0158666628909016
1.7510475E-07, -0.0172051592781752
1.75106703125E-07, -0.0154798850214236
1.7510865625E-07, -0.0164808367923614
1.75110609375E-07, -0.0175451703869692
1.751125625E-07, -0.0180389978275524
1.75114515625E-07, -0.0195161621467847
1.7511646875E-07, -0.0181346956480966
1.75118421875E-07, -0.0185570616647256
1.75120375E-07, -0.0200612759545018
1.75122328125E-07, -0.0203560151767531
1.7512428125E-07, -0.0221187962146055
1.75126234375E-07, -0.0208205310148832
1.751281875E-07, -0.0227229572915912
1.75130140625E-07, -0.0211870957762689
1.7513209375E-07, -0.0218620616361409
1.75134046875E-07, -0.0229552034459661
1.75136E-07, -0.0235864211923292
1.75137953125E-07, -0.0254646616286301
1.7513990625E-07, -0.025492379525685
1.75141859375E-07, -0.0255128108513145
1.751438125E-07, -0.0251244961239763
1.75145765625E-07, -0.026174937922277
1.7514771875E-07, -0.0272248302751134
1.75149671875E-07, -0.0267450216981476
1.75151625E-07, -0.0271834786148589
1.75153578125E-07, -0.0279082639135067
1.7515553125E-07, -0.0289125019418606
1.75157484375E-07, -0.028921063451366
1.751594375E-07, -0.0308897861052278
1.75161390625E-07, -0.0293717950655925
1.7516334375E-07, -0.030473136979701
1.75165296875E-07, -0.0286787140460021
1.7516725E-07, -0.0305155870109475
1.75169203125E-07, -0.0310522006499927
1.7517115625E-07, -0.0316147548750182
1.75173109375E-07, -0.0322856100646094
1.751750625E-07, -0.0327606306234562
1.75177015625E-07, -0.0322864247949316
1.7517896875E-07, -0.0326372177458285
1.75180921875E-07, -0.031229131767579
1.75182875E-07, -0.0332679922093373
1.75184828125E-07, -0.0329838870789739
1.7518678125E-07, -0.0313725722509485
1.75188734375E-07, -0.0324466085021761
1.751906875E-07, -0.0338540205245354
1.75192640625E-07, -0.0335241744607851
1.7519459375E-07, -0.0333213250252248
1.75196546875E-07, -0.0337349533273267
1.751985E-07, -0.0325182843079672
1.75200453125E-07, -0.032269998352852
1.7520240625E-07, -0.0335440313589932
1.75204359375E-07, -0.0324293259093823
1.752063125E-07, -0.0336145273410619
1.75208265625E-07, -0.0322469056868063
1.7521021875E-07, -0.0332785685868827
1.75212171875E-07, -0.0330453539841331
1.75214125E-07, -0.0332616744675652
1.75216078125E-07, -0.0334523149600205
1.7521803125E-07, -0.0330232273638053
1.75219984375E-07, -0.0315709257703831
1.752219375E-07, -0.0324329834623234
1.75223890625E-07, -0.0317709159841774
1.7522584375E-07, -0.0320470576717404
1.75227796875E-07, -0.0311402890238405
1.7522975E-07, -0.0313857350538232
1.75231703125E-07, -0.031270698666261
1.7523365625E-07, -0.0321354524438174
1.75235609375E-07, -0.0314993766851711
1.752375625E-07, -0.0291909042067799
1.75239515625E-07, -0.0294743440759436
1.7524146875E-07, -0.0305491446701354
1.75243421875E-07, -0.0304395548900853
1.75245375E-07, -0.0285111432720561
1.75247328125E-07, -0.0291841558210569
1.7524928125E-07, -0.0303190342977367
1.75251234375E-07, -0.030047465385762
1.752531875E-07, -0.0291023236536649
1.75255140625E-07, -0.0283971792741109
1.7525709375E-07, -0.0287788624161646
1.75259046875E-07, -0.0278300888513564
1.75261E-07, -0.0273174606383148
1.75262953125E-07, -0.0266620188013326
1.7526490625E-07, -0.0277841421555996
1.75266859375E-07, -0.0272370566746235
1.752688125E-07, -0.025837321382166
1.75270765625E-07, -0.0255750276022585
1.7527271875E-07, -0.0251199300965535
1.75274671875E-07, -0.0251971895646007
1.75276625E-07, -0.0265751784530808
1.75278578125E-07, -0.0245566782704994
1.7528053125E-07, -0.0256717619349092
1.75282484375E-07, -0.0246723565051282
1.752844375E-07, -0.0248613406940654
1.75286390625E-07, -0.0246563442424056
1.7528834375E-07, -0.0219404142278231
1.75290296875E-07, -0.023741690389233
1.7529225E-07, -0.0223571121724929
1.75294203125E-07, -0.0225114438954337
1.7529615625E-07, -0.0223641929583825
1.75298109375E-07, -0.0207893542402259
1.753000625E-07, -0.0207928011867049
1.75302015625E-07, -0.0204224267635358
1.7530396875E-07, -0.0202790982840681
1.75305921875E-07, -0.0194423212292784
1.75307875E-07, -0.0191107044715676
1.75309828125E-07, -0.0187826234647198
1.7531178125E-07, -0.0181910214766688
1.75313734375E-07, -0.0172506248186537
1.753156875E-07, -0.0177268847130213
1.75317640625E-07, -0.0169350336028278
1.7531959375E-07, -0.0160101601195814
1.75321546875E-07, -0.0157865043847327
1.753235E-07, -0.0144439341221087
1.75325453125E-07, -0.0151549605004144
1.7532740625E-07, -0.0141393869985657
1.75329359375E-07, -0.0151424611000553
1.753313125E-07, -0.0129339800923551
1.75333265625E-07, -0.0132341466972286
1.7533521875E-07, -0.0119561533736385
1.75337171875E-07, -0.0149421394574451
1.75339125E-07, -0.0132197861784065
1.75341078125E-07, -0.0101362554168508
1.7534303125E-07, -0.0128924705395511
1.75344984375E-07, -0.0110359549723883
1.753469375E-07, -0.0107452364509622
1.75348890625E-07, -0.00990973086289246
1.7535084375E-07, -0.00909174978426976
1.75352796875E-07, -0.00944720692180559
1.7535475E-07, -0.00805459598548306
1.75356703125E-07, -0.00726309974709223
1.7535865625E-07, -0.00835355383621796
1.75360609375E-07, -0.00737037612076236
1.753625625E-07, -0.00637090949514342
1.75364515625E-07, -0.00577427471254872
1.7536646875E-07, -0.0063439595171109
1.75368421875E-07, -0.00410128769621923
1.75370375E-07, -0.00645538910747844
1.75372328125E-07, -0.00361253807361456
1.7537428125E-07, -0.00460455453400441
1.75376234375E-07, -0.00480155872468005
1.753781875E-07, -0.0034879620809012
1.75380140625E-07, -0.00297213389042868
1.7538209375E-07, -0.00388621214476795
1.75384046875E-07, -0.00378668179073847
1.75386E-07, -0.00305368367492997
1.75387953125E-07, -0.00177039604256331
1.7538990625E-07, -0.00180049547087482
1.75391859375E-07, -0.00200144330279595
1.753938125E-07, -0.00238013170218462
1.75395765625E-07, -0.000179384243916459
1.7539771875E-07, -0.000569677660496474
1.75399671875E-07, -0.00101297549707517
1.75401625E-07, -0.00154669351184409
1.75403578125E-07, -0.000745833307270539
1.7540553125E-07, -0.000838338789375397
1.75407484375E-07, 0.00024456043016743
1.754094375E-07, 0.000610385097607488
1.75411390625E-07, 0.000856806009127718
1.7541334375E-07, 0.000627747879965851
1.75415296875E-07, 0.00156687463784811
1.7541725E-07, 0.00182764964574414
1.75419203125E-07, 0.00143388356856196
1.7542115625E-07, 0.00196707945053579
1.75423109375E-07, 0.00286394308287224
1.754250625E-07, 0.00200931996470686
1.75427015625E-07, 0.00200703652171012
1.7542896875E-07, 0.00197132100452342
1.75430921875E-07, 0.00257568344872332
1.75432875E-07, 0.00375105189270562
1.75434828125E-07, 0.00360036081882374
1.7543678125E-07, 0.00312852048391986
1.75438734375E-07, 0.00416779101905386
1.754406875E-07, 0.00328245219388043
1.75442640625E-07, 0.00422113696571854
1.7544459375E-07, 0.00459589824546083
1.75446546875E-07, 0.0042608672053748
1.754485E-07, 0.00415968206427135
1.75450453125E-07, 0.00446389148471335
1.7545240625E-07, 0.00448664488532822
1.75454359375E-07, 0.00543260457785816
1.754563125E-07, 0.00558485643763953
1.75458265625E-07, 0.00514581061325861
1.7546021875E-07, 0.00527034449055234
1.75462171875E-07, 0.00516014664950646
1.75464125E-07, 0.00629388449869085
1.75466078125E-07, 0.00482042240079089
1.7546803125E-07, 0.00617016697927078
1.75469984375E-07, 0.00642468467854002
1.754719375E-07, 0.00585503474362472
1.75473890625E-07, 0.00639535902854047
1.7547584375E-07, 0.00623028589389038
1.75477796875E-07, 0.00675927414214404
1.7547975E-07, 0.00739298161302112
1.75481703125E-07, 0.00729194063545957
1.7548365625E-07, 0.00740400234804684
1.75485609375E-07, 0.0076945963406206
1.754875625E-07, 0.007572067237514
1.75489515625E-07, 0.0084832949658616
1.7549146875E-07, 0.00838178480067574
1.75493421875E-07, 0.00862042633078722
1.75495375E-07, 0.00876983811288817
1.75497328125E-07, 0.00924887477879992
1.7549928125E-07, 0.0095018808096617
1.75501234375E-07, 0.00977295046772957
1.755031875E-07, 0.00990287381527863
1.75505140625E-07, 0.0105378495546528
1.7550709375E-07, 0.00969047095603283
1.75509046875E-07, 0.0099753067661874
1.75511E-07, 0.010328662464658
1.75512953125E-07, 0.0107787112868748
1.7551490625E-07, 0.0116591455049186
1.75516859375E-07, 0.0114395683434137
1.755188125E-07, 0.0117604539585345
1.75520765625E-07, 0.0120925504269154
1.7552271875E-07, 0.0123305084034502
1.75524671875E-07, 0.0126673932240016
1.75526625E-07, 0.0124534362851639
1.75528578125E-07, 0.0122014831652062
1.7553053125E-07, 0.0136994372553677
1.75532484375E-07, 0.0128409936791613
1.755344375E-07, 0.0128909809377933
1.75536390625E-07, 0.0132654351014234
1.7553834375E-07, 0.0134945328327613
1.75540296875E-07, 0.014163808519809
1.7554225E-07, 0.0140464209804107
1.75544203125E-07, 0.0143323161872619
1.7554615625E-07, 0.014225833898498
1.75548109375E-07, 0.0138187735464494
1.755500625E-07, 0.0147021414496127
1.75552015625E-07, 0.0147002492269264
1.7555396875E-07, 0.0146531144673793
1.75555921875E-07, 0.0146795832067059
1.75557875E-07, 0.0144008812915888
1.75559828125E-07, 0.0150577004027379
1.7556178125E-07, 0.0152027565280419
1.75563734375E-07, 0.014047128179159
1.755656875E-07, 0.0147560165067622
1.75567640625E-07, 0.0146594394086584
1.7556959375E-07, 0.0147131719248275
1.75571546875E-07, 0.0143594901779281
1.755735E-07, 0.0149462477212778
1.75575453125E-07, 0.0149860959661791
1.7557740625E-07, 0.0146120124029485
1.75579359375E-07, 0.0143946274292311
1.755813125E-07, 0.0136984722369396
1.75583265625E-07, 0.0147234998275756
1.7558521875E-07, 0.0138219477741093
1.75587171875E-07, 0.0137320032668563
1.75589125E-07, 0.0135249842878846
1.75591078125E-07, 0.0141109994580002
1.7559303125E-07, 0.0130813370000249
1.75594984375E-07, 0.0130660876824352
1.755969375E-07, 0.0131522485102984
1.75598890625E-07, 0.0126102590302072
1.7560084375E-07, 0.0125870598178206
1.75602796875E-07, 0.0119340833428883
1.7560475E-07, 0.0121417742030334
1.75606703125E-07, 0.0119162079427396
1.7560865625E-07, 0.011203833272723
1.75610609375E-07, 0.0117380529197751
1.756125625E-07, 0.0105161085228853
1.75614515625E-07, 0.0105894603801227
1.7561646875E-07, 0.0104735402030484
1.75618421875E-07, 0.00979703886717481
1.75620375E-07, 0.01062204246236
1.75622328125E-07, 0.010094729584869
1.7562428125E-07, 0.00931006616730991
1.75626234375E-07, 0.0102513063808272
1.756281875E-07, 0.00876299069410202
1.75630140625E-07, 0.0087585134455221
1.7563209375E-07, 0.00886249431158753
1.75634046875E-07, 0.00834900892388069
1.75636E-07, 0.00701999855795659
1.75637953125E-07, 0.00680348639468192
1.7563990625E-07, 0.00775999016716863
1.75641859375E-07, 0.00712443040683363
1.756438125E-07, 0.00650320582189198
1.75645765625E-07, 0.00652420271788266
1.7564771875E-07, 0.00568263509886609
1.75649671875E-07, 0.00599249943462735
1.75651625E-07, 0.00575270574369253
1.75653578125E-07, 0.00580787970738294
1.7565553125E-07, 0.00536090137337471
1.75657484375E-07, 0.00576055909083851
1.756594375E-07, 0.00516340450110117
1.75661390625E-07, 0.0057516356323564
1.7566334375E-07, 0.00518978934942639
1.75665296875E-07, 0.00494253402507735
1.7566725E-07, 0.00496850298496121
1.75669203125E-07, 0.00495028905635743
1.7567115625E-07, 0.0046775471734458
1.75673109375E-07, 0.00562873700169975
1.756750625E-07, 0.00447201976325612
1.75677015625E-07, 0.00467306041308932
1.7567896875E-07, 0.00422580638281175
1.75680921875E-07, 0.00468446828691934
1.75682875E-07, 0.00448181109630316
1.75684828125E-07, 0.00453634539598284
1.7568678125E-07, 0.00457326678553795
1.75688734375E-07, 0.00459401645709048
1.756906875E-07, 0.00464628483586819
1.75692640625E-07, 0.00436246424999744
1.7569459375E-07, 0.00489479574705216
1.75696546875E-07, 0.00511530814873293
1.756985E-07, 0.00536243765815824
1.75700453125E-07, 0.00540564183966028
1.7570240625E-07, 0.00473288566081144
1.75704359375E-07, 0.00498619936300877
1.757063125E-07, 0.00533463200447451
1.75708265625E-07, 0.00532929061569099
1.7571021875E-07, 0.00549245214546185
1.75712171875E-07, 0.00533976260224241
1.75714125E-07, 0.00558008105696077
1.75716078125E-07, 0.00557243098917051
1.7571803125E-07, 0.00570586643925478
1.75719984375E-07, 0.00588168815192774
1.757219375E-07, 0.00595159975380177
1.75723890625E-07, 0.00639471111941758
1.7572584375E-07, 0.00616308418937733
1.75727796875E-07, 0.0065630249457058
1.7572975E-07, 0.00638210330373479
1.75731703125E-07, 0.00676125179616141
1.7573365625E-07, 0.00728032728486929
1.75735609375E-07, 0.00694546754398772
1.757375625E-07, 0.00657528520516574
1.75739515625E-07, 0.00628693563971535
1.7574146875E-07, 0.00721134065321322
1.75743421875E-07, 0.00782209502355084
1.75745375E-07, 0.00798598418106058
1.75747328125E-07, 0.00761535956765084
1.7574928125E-07, 0.00777088106311854
1.75751234375E-07, 0.00775546730784463
1.757531875E-07, 0.0085731866919425
1.75755140625E-07, 0.00898476597479704
1.7575709375E-07, 0.0084371404133395
1.75759046875E-07, 0.0083799233136499
1.75761E-07, 0.00848918119171628
1.75762953125E-07, 0.00890652330468571
1.7576490625E-07, 0.00874843816251582
1.75766859375E-07, 0.00882406141571265
1.757688125E-07, 0.00880049515927128
1.75770765625E-07, 0.00941433081586003
1.7577271875E-07, 0.0090999093227202
1.75774671875E-07, 0.0094602628415013
1.75776625E-07, 0.00918701669646982
1.75778578125E-07, 0.00989927467715729
1.7578053125E-07, 0.00961747558780285
1.75782484375E-07, 0.00944144939910668
1.757844375E-07, 0.0098203104819018
1.75786390625E-07, 0.00929920737415136
1.7578834375E-07, 0.00967433530571325
1.75790296875E-07, 0.0101443540425569
1.7579225E-07, 0.00971617995962562
1.75794203125E-07, 0.00952719959556836
1.7579615625E-07, 0.00975750510015069
1.75798109375E-07, 0.00974354504954708
1.758000625E-07, 0.0104690225057231
1.75802015625E-07, 0.00997714958078147
1.7580396875E-07, 0.0104065281756772
1.75805921875E-07, 0.0100750502155408
1.75807875E-07, 0.0106313986716452
1.75809828125E-07, 0.0103980421477989
1.7581178125E-07, 0.0105370754940427
1.75813734375E-07, 0.0103935228663595
1.758156875E-07, 0.0106839159233513
1.75817640625E-07, 0.010610614981072
1.7581959375E-07, 0.0108244778064953
1.75821546875E-07, 0.0106655433239427
1.758235E-07, 0.0107970168096701
1.75825453125E-07, 0.0107226806829725
1.7582740625E-07, 0.0103082500650495
1.75829359375E-07, 0.0106945449587115
1.758313125E-07, 0.0108830543904057
1.75833265625E-07, 0.0107805893041388
1.7583521875E-07, 0.0116163955200012
1.75837171875E-07, 0.0110059783952206
1.75839125E-07, 0.0108641627519381
1.75841078125E-07, 0.0109899802905991
1.7584303125E-07, 0.011019623369598
1.75844984375E-07, 0.0111346302535331
1.758469375E-07, 0.0115023432061856
1.75848890625E-07, 0.0112694062843572
1.7585084375E-07, 0.0112905120092769
1.75852796875E-07, 0.0119201332761139
1.7585475E-07, 0.0114763168867148
1.75856703125E-07, 0.011727023879585
1.7585865625E-07, 0.0110551345769806
1.75860609375E-07, 0.0121352779499575
1.758625625E-07, 0.0118050699754322
1.75864515625E-07, 0.0123866265299015
1.7586646875E-07, 0.0117534228138363
1.75868421875E-07, 0.0123089193121223
1.75870375E-07, 0.0120682747719963
1.75872328125E-07, 0.0118934000187179
1.7587428125E-07, 0.0119931179531257
1.75876234375E-07, 0.0122595407461793
1.758781875E-07, 0.0119364708820385
1.75880140625E-07, 0.0123166038787622
1.7588209375E-07, 0.0122250799802568
1.75884046875E-07, 0.0121405486001382
1.75886E-07, 0.0124976479474347
1.75887953125E-07, 0.0122931349746255
1.7588990625E-07, 0.0122868004441249
1.75891859375E-07, 0.012403751045789
1.758938125E-07, 0.012125202864796
1.75895765625E-07, 0.0127595139376789
1.7589771875E-07, 0.0124489817087561
1.75899671875E-07, 0.0123178917890111
1.75901625E-07, 0.0123864455479762
1.75903578125E-07, 0.0125019080625837
1.7590553125E-07, 0.011755944483621
1.75907484375E-07, 0.012354814785578
1.759094375E-07, 0.0124138727098253
1.75911390625E-07, 0.0123582416024728
1.7591334375E-07, 0.011878170032076
1.75915296875E-07, 0.0122851542086996
1.7591725E-07, 0.0122193378465448
1.75919203125E-07, 0.0121529259918
1.7592115625E-07, 0.0117249729685553
1.75923109375E-07, 0.0121832094381531
1.759250625E-07, 0.0119094890159603
1.75927015625E-07, 0.0114020636664853
1.7592896875E-07, 0.0119767569588197
1.75930921875E-07, 0.0116847027395614
1.75932875E-07, 0.0116098031947668
1.75934828125E-07, 0.0115033925166259
1.7593678125E-07, 0.0118112820665105
1.75938734375E-07, 0.0108981259390899
1.759406875E-07, 0.0113493747503002
1.75942640625E-07, 0.0112958555528356
1.7594459375E-07, 0.0110240758742673
1.75946546875E-07, 0.0095327254518902
1.759485E-07, 0.0106652651845985
1.75950453125E-07, 0.0107217137023081
1.7595240625E-07, 0.0104399981695402
1.75954359375E-07, 0.0106873830114355
1.759563125E-07, 0.0100346623652767
1.75958265625E-07, 0.00857107972648327
1.7596021875E-07, 0.00971899002413977
1.75962171875E-07, 0.0101406796000103
1.75964125E-07, 0.00849679256876915
1.75966078125E-07, 0.0088178355209841
1.7596803125E-07, 0.00729013903118687
1.75969984375E-07, 0.00817166279013098
1.759719375E-07, 0.00859952692244068
1.75973890625E-07, 0.00888140003448939
1.7597584375E-07, 0.00747387326438279
1.75977796875E-07, 0.00668421949881609
1.7597975E-07, 0.00690456852345693
1.75981703125E-07, 0.00717322258147294
1.7598365625E-07, 0.00625281819176839
1.75985609375E-07, 0.00578771305175093
1.759875625E-07, 0.00478419283985933
1.75989515625E-07, 0.00562366424057647
1.7599146875E-07, 0.00643233870912649
1.75993421875E-07, 0.00538331460065647
1.75995375E-07, 0.00410088422935279
1.75997328125E-07, 0.00491813387418211
1.7599928125E-07, 0.00484935291709575
1.76001234375E-07, 0.00556033640347745
1.760031875E-07, 0.00361001160921073
1.76005140625E-07, 0.00317282444410847
1.7600709375E-07, 0.00317913403806732
1.76009046875E-07, 0.0029620253108787
1.76011E-07, 0.00166593553858924
1.76012953125E-07, 0.000935787259922245
1.7601490625E-07, 0.0021551885690297
1.76016859375E-07, 0.000965201566495723
1.760188125E-07, 5.56521363491259E-05
1.76020765625E-07, -0.00152416821025149
1.7602271875E-07, -0.000547803941459522
1.76024671875E-07, -0.000806707336948934
1.76026625E-07, -0.00178343613372439
1.76028578125E-07, -0.00227592803752485
1.7603053125E-07, -0.00365370167189786
1.76032484375E-07, -0.00288048336417477
1.760344375E-07, -0.00384850234469231
1.76036390625E-07, -0.00394973660098718
1.7603834375E-07, -0.00415381423412405
1.76040296875E-07, -0.00602097003645653
1.7604225E-07, -0.00616263091310024
1.76044203125E-07, -0.00647826259510418
1.7604615625E-07, -0.00746731089074521
1.76048109375E-07, -0.00811664880945056
1.760500625E-07, -0.00865859864819825
1.76052015625E-07, -0.00811463693337917
1.7605396875E-07, -0.00943737836770532
1.76055921875E-07, -0.00821122737117983
1.76057875E-07, -0.00936021719388094
1.76059828125E-07, -0.0105149101566356
1.7606178125E-07, -0.010848775769145
1.76063734375E-07, -0.00901574777188763
1.760656875E-07, -0.0126103357190323
1.76067640625E-07, -0.0105414411666973
1.7606959375E-07, -0.0131787860217893
1.76071546875E-07, -0.0126493338184011
1.760735E-07, -0.0140780791440477
1.76075453125E-07, -0.015033438155935
1.7607740625E-07, -0.014824129498451
1.76079359375E-07, -0.014390388041699
1.760813125E-07, -0.0149601574445161
1.76083265625E-07, -0.0158873643134232
1.7608521875E-07, -0.0155272262918293
1.76087171875E-07, -0.0160803863752695
1.76089125E-07, -0.0159642480364938
1.76091078125E-07, -0.0178536868796937
1.7609303125E-07, -0.01700540718642
1.76094984375E-07, -0.016175919293536
1.760969375E-07, -0.0177570445931157
1.76098890625E-07, -0.0178477614661668
1.7610084375E-07, -0.0178477528543603
1.76102796875E-07, -0.0169910257142257
1.7610475E-07, -0.017292372339466
1.76106703125E-07, -0.0179231248782627
1.7610865625E-07, -0.0178890631765714
1.76110609375E-07, -0.0172119682428105
1.761125625E-07, -0.0183256423630264
1.76114515625E-07, -0.0187431350632671
1.7611646875E-07, -0.0182858857627387
1.76118421875E-07, -0.0186906000257705
1.76120375E-07, -0.0185690219278276
1.76122328125E-07, -0.0185397473248989
1.7612428125E-07, -0.0186194297367232
1.76126234375E-07, -0.0185533012246238
1.761281875E-07, -0.0186588151676079
1.76130140625E-07, -0.0179956918168964
1.7613209375E-07, -0.0178453330386903
1.76134046875E-07, -0.0182175862196111
1.76136E-07, -0.0173638262886708
1.76137953125E-07, -0.0176035203923811
1.7613990625E-07, -0.0172394592646805
1.76141859375E-07, -0.0172507809229982
1.761438125E-07, -0.0168492406949697
1.76145765625E-07, -0.0168229782319196
1.7614771875E-07, -0.0162290661722361
1.76149671875E-07, -0.0151936826786727
1.76151625E-07, -0.0160997165912966
1.76153578125E-07, -0.01547824482215
1.7615553125E-07, -0.0153462952706704
1.76157484375E-07, -0.0159278129926826
1.761594375E-07, -0.0152263401213607
1.76161390625E-07, -0.0143549018092873
1.7616334375E-07, -0.0144948098871181
1.76165296875E-07, -0.0130507542836709
1.7616725E-07, -0.014053317958728
1.76169203125E-07, -0.0141352121467842
1.7617115625E-07, -0.0128631439814709
1.76173109375E-07, -0.0125264881678136
1.761750625E-07, -0.0122824510396619
1.76177015625E-07, -0.0121115193264558
1.7617896875E-07, -0.0113011085562122
1.76180921875E-07, -0.0102445265117535
1.76182875E-07, -0.0112456110039587
1.76184828125E-07, -0.0103850639661165
1.7618678125E-07, -0.00991124288932132
1.76188734375E-07, -0.00990069235325003
1.761906875E-07, -0.00926403490676404
1.76192640625E-07, -0.00974903633003826
1.7619459375E-07, -0.00847197271449598
1.76196546875E-07, -0.00933479242271813
1.761985E-07, -0.0082176075902575
1.76200453125E-07, -0.00893394789195404
1.7620240625E-07, -0.00823144555633333
1.76204359375E-07, -0.00848857092721294
1.762063125E-07, -0.00782773171318924
1.76208265625E-07, -0.00762612459412172
1.7621021875E-07, -0.00794086913450971
1.76212171875E-07, -0.00726307891137458
1.76214125E-07, -0.00693112368045298
1.76216078125E-07, -0.0070881744039299
1.7621803125E-07, -0.0071413042050327
1.76219984375E-07, -0.0067907329611804
1.762219375E-07, -0.00690252731648882
1.76223890625E-07, -0.00653028203502557
1.7622584375E-07, -0.00633777541744872
1.76227796875E-07, -0.0064064002263699
1.7622975E-07, -0.00695928154472983
1.76231703125E-07, -0.00672893942894805
1.7623365625E-07, -0.00702431417804204
1.76235609375E-07, -0.00754419189443967
1.762375625E-07, -0.00699048929267939
1.76239515625E-07, -0.0074490086941445
1.7624146875E-07, -0.0066777214715951
1.76243421875E-07, -0.0069717924590532
1.76245375E-07, -0.00728185023347469
1.76247328125E-07, -0.00775844138139282
1.7624928125E-07, -0.00724134175357245
1.76251234375E-07, -0.00758031160300799
1.762531875E-07, -0.00806429052399731
1.76255140625E-07, -0.00796359028689995
1.7625709375E-07, -0.00786904619261946
1.76259046875E-07, -0.00781508313564162
1.76261E-07, -0.00848051027255611
1.76262953125E-07, -0.00779083528412303
1.7626490625E-07, -0.00877642823560243
1.76266859375E-07, -0.00792720200278989
1.762688125E-07, -0.0089535043784453
1.76270765625E-07, -0.00889659469753364
1.7627271875E-07, -0.00833392206299019
1.76274671875E-07, -0.00901487802654547
1.76276625E-07, -0.00932776217443262
1.76278578125E-07, -0.00995656954205168
1.7628053125E-07, -0.0100673356158269
1.76282484375E-07, -0.00947196325031499
1.762844375E-07, -0.00974924293485375
1.76286390625E-07, -0.00993095766358189
1.7628834375E-07, -0.00946430702438974
1.76290296875E-07, -0.00939165256159585
1.7629225E-07, -0.0102010918794681
1.76294203125E-07, -0.0104852785469048
1.7629615625E-07, -0.0103600521734943
1.76298109375E-07, -0.0107193809626755
1.763000625E-07, -0.0105481088255236
1.76302015625E-07, -0.0109559805868361
1.7630396875E-07, -0.0109705574454786
1.76305921875E-07, -0.0109138560261433
1.76307875E-07, -0.0108250853839656
1.76309828125E-07, -0.0102712097360833
1.7631178125E-07, -0.0105144419035074
1.76313734375E-07, -0.0110793077683766
1.763156875E-07, -0.0102729157935837
1.76317640625E-07, -0.011044194952701
1.7631959375E-07, -0.0108433767146881
1.76321546875E-07, -0.01092295868669
1.763235E-07, -0.0109415517566243
1.76325453125E-07, -0.0108825771145287
1.7632740625E-07, -0.0104817406556045
1.76329359375E-07, -0.0105377417132267
1.763313125E-07, -0.0103986629563241
1.76333265625E-07, -0.010494967115294
1.7633521875E-07, -0.0102065399161263
1.76337171875E-07, -0.0104764133903217
1.76339125E-07, -0.010077563430725
1.76341078125E-07, -0.00980538891171186
1.7634303125E-07, -0.010068052910157
1.76344984375E-07, -0.00908992036206813
1.763469375E-07, -0.00953541869633751
1.76348890625E-07, -0.00973076177559191
1.7635084375E-07, -0.00929176071371585
1.76352796875E-07, -0.00935893030752088
1.7635475E-07, -0.00919278102614678
1.76356703125E-07, -0.00856579537297243
1.7635865625E-07, -0.00836283456839241
1.76360609375E-07, -0.00843305979251561
1.763625625E-07, -0.00906239835044795
1.76364515625E-07, -0.00810192485174798
1.7636646875E-07, -0.00797147644582603
1.76368421875E-07, -0.00865748058703146
1.76370375E-07, -0.00861020893872886
1.76372328125E-07, -0.00729027543047114
1.7637428125E-07, -0.00664420568138031
1.76376234375E-07, -0.00656941194758682
1.763781875E-07, -0.00675417930030047
1.76380140625E-07, -0.00731298859457102
1.7638209375E-07, -0.00711749603167432
1.76384046875E-07, -0.00619239236597191
1.76386E-07, -0.00641369234185411
1.76387953125E-07, -0.00622901708561601
1.7638990625E-07, -0.0058144868616261
1.76391859375E-07, -0.00637617126463693
1.763938125E-07, -0.00585831862202611
1.76395765625E-07, -0.00610418013556
1.7639771875E-07, -0.00534049997002262
1.76399671875E-07, -0.00551257133833004
1.76401625E-07, -0.0050857069432516
1.76403578125E-07, -0.00532370606720873
1.7640553125E-07, -0.00476653825506734
1.76407484375E-07, -0.00470508287802756
1.764094375E-07, -0.00512224055585298
1.76411390625E-07, -0.00502303075241232
1.7641334375E-07, -0.00452501857034642
1.76415296875E-07, -0.00433892386696812
1.7641725E-07, -0.00420421893604318
1.76419203125E-07, -0.00368272015580474
1.7642115625E-07, -0.00381147814128533
1.76423109375E-07, -0.00421990152904858
1.764250625E-07, -0.00393767864373211
1.76427015625E-07, -0.00397391126341774
1.7642896875E-07, -0.00337054164435408
1.76430921875E-07, -0.00368791673364597
1.76432875E-07, -0.00334120464471296
1.76434828125E-07, -0.00314286198395355
1.7643678125E-07, -0.0029974655273958
1.76438734375E-07, -0.00306130877938763
1.764406875E-07, -0.00312132438864824
1.76442640625E-07, -0.00309446286945597
1.7644459375E-07, -0.00292878623545015
1.76446546875E-07, -0.00255526179272663
1.764485E-07, -0.00282219162888197
1.76450453125E-07, -0.00337800158776176
1.7645240625E-07, -0.0026937760975353
1.76454359375E-07, -0.00295952718765764
1.764563125E-07, -0.00261489500460097
1.76458265625E-07, -0.00260738347655444
1.7646021875E-07, -0.0024176650552257
1.76462171875E-07, -0.00220313878189538
1.76464125E-07, -0.00270445785385971
1.76466078125E-07, -0.00269260886812696
1.7646803125E-07, -0.00268738339068672
1.76469984375E-07, -0.00255459808206293
1.764719375E-07, -0.00223649263428414
1.76473890625E-07, -0.00267034572587564
1.7647584375E-07, -0.00255967035694008
1.76477796875E-07, -0.00243649251623575
1.7647975E-07, -0.00253209578811143
1.76481703125E-07, -0.00251724605655273
1.7648365625E-07, -0.00261070789535774
1.76485609375E-07, -0.00252547069732288
1.764875625E-07, -0.00231105989318561
1.76489515625E-07, -0.00257518977774066
1.7649146875E-07, -0.0030093010219143
1.76493421875E-07, -0.0027245437296741
1.76495375E-07, -0.00246904159821704
1.76497328125E-07, -0.00307635245571064
1.7649928125E-07, -0.0023081001963065
1.76501234375E-07, -0.00221600546679109
1.765031875E-07, -0.00241872865914704
1.76505140625E-07, -0.00213102159799877
1.7650709375E-07, -0.00245451334319552
1.76509046875E-07, -0.00245425773492997
1.76511E-07, -0.00213741078696214
1.76512953125E-07, -0.00223616283771228
1.7651490625E-07, -0.00216139964931307
1.76516859375E-07, -0.00189601312504988
1.765188125E-07, -0.00197391544273387
1.76520765625E-07, -0.00224138401553911
1.7652271875E-07, -0.00208258318744179
1.76524671875E-07, -0.00199426476920932
1.76526625E-07, -0.00178740533948894
1.76528578125E-07, -0.00161089768583117
1.7653053125E-07, -0.00185774667564386
1.76532484375E-07, -0.00169718116922635
1.765344375E-07, -0.00201373951792294
1.76536390625E-07, -0.00157746745019599
1.7653834375E-07, -0.00185698373952602
1.76540296875E-07, -0.00140369497926072
1.7654225E-07, -0.00144128544863727
1.76544203125E-07, -0.00154354313536401
1.7654615625E-07, -0.00165872883373364
1.76548109375E-07, -0.0014766385576452
1.765500625E-07, -0.00141505678769965
1.76552015625E-07, -0.00130764846729047
1.7655396875E-07, -0.0011597434127786
1.76555921875E-07, -0.00134392640395079
1.76557875E-07, -0.00123592874379491
1.76559828125E-07, -0.000998757913830579
1.7656178125E-07, -0.00108537406498026
1.76563734375E-07, -0.0011870962888432
1.765656875E-07, -0.00122559324286474
1.76567640625E-07, -0.000804775935960287
1.7656959375E-07, -0.00112563953561784
1.76571546875E-07, -0.00103057927182582
1.765735E-07, -0.00127230686455983
1.76575453125E-07, -0.00105688295733952
1.7657740625E-07, -0.00112728511953645
1.76579359375E-07, -0.000876288397167333
1.765813125E-07, -0.000965665806700748
1.76583265625E-07, -0.000960675826826771
1.7658521875E-07, -0.000812890682773143
1.76587171875E-07, -0.000497804225847346
1.76589125E-07, -0.000782483373855211
1.76591078125E-07, -0.000484317030505668
1.7659303125E-07, -0.000815915078373542
1.76594984375E-07, -0.000926987793750494
1.765969375E-07, -0.000812018808449529
1.76598890625E-07, -0.000654032881243821
1.7660084375E-07, -0.000664372047136274
1.76602796875E-07, -0.000686156150994305
1.7660475E-07, -0.00086062913654254
1.76606703125E-07, -0.000766351593110776
1.7660865625E-07, -0.000583108048493612
1.76610609375E-07, -0.000869896299304703
1.766125625E-07, -0.000661423687136136
1.76614515625E-07, -0.000858194872260995
1.7661646875E-07, -0.000839555596921118
1.76618421875E-07, -0.00084470510109272
1.76620375E-07, -0.00101540654567413
1.76622328125E-07, -0.00037504126017396
1.7662428125E-07, -0.000787951655941212
1.76626234375E-07, -0.000853584612686965
1.766281875E-07, -0.000509116175692553
1.76630140625E-07, -0.00112838476316323
1.7663209375E-07, -0.00112444285096184
1.76634046875E-07, -0.00117952389083157
1.76636E-07, -0.00109415792056758
1.76637953125E-07, -0.000987700070060473
1.7663990625E-07, -0.000934713816058942
1.76641859375E-07, -0.00115228897616802
1.766438125E-07, -0.00106813934155849
1.76645765625E-07, -0.00148407788804425
1.7664771875E-07, -0.000892274346547392
1.76649671875E-07, -0.000799678028289116
1.76651625E-07, -0.00177951599273353
1.76653578125E-07, -0.00126996274396557
1.7665553125E-07, -0.00185362042672152
1.76657484375E-07, -0.00122514666987244
1.766594375E-07, -0.00129128909658643
1.76661390625E-07, -0.00179188383813543
1.7666334375E-07, -0.00141629969967159
1.76665296875E-07, -0.00157152572334587
1.7666725E-07, -0.00185428179316264
1.76669203125E-07, -0.00184991778124293
1.7667115625E-07, -0.00181363259488885
1.76673109375E-07, -0.00177371323208679
1.766750625E-07, -0.00153197015835657
1.76677015625E-07, -0.00182992018490779
1.7667896875E-07, -0.00184344401866972
1.76680921875E-07, -0.00150759301442132
1.76682875E-07, -0.0016616884715048
1.76684828125E-07, -0.00189351413005856
1.7668678125E-07, -0.00215871848561064
1.76688734375E-07, -0.00220866145318033
1.766906875E-07, -0.00203288009287264
1.76692640625E-07, -0.00195484162194413
1.7669459375E-07, -0.00213789496156787
1.76696546875E-07, -0.00195938200766889
1.766985E-07, -0.00217202553607924
1.76700453125E-07, -0.0022080379312736
1.7670240625E-07, -0.00217287928110746
1.76704359375E-07, -0.00211514567377477
1.767063125E-07, -0.00249734564178765
1.76708265625E-07, -0.0026950232489936
1.7671021875E-07, -0.00228730255225412
1.76712171875E-07, -0.00247749258403798
1.76714125E-07, -0.00242837909733707
1.76716078125E-07, -0.00252233512357954
1.7671803125E-07, -0.00247980047444959
1.76719984375E-07, -0.00250809916406843
1.767219375E-07, -0.00291961427510111
1.76723890625E-07, -0.00260262672328907
1.7672584375E-07, -0.00275942262858866
1.76727796875E-07, -0.00278234990602946
1.7672975E-07, -0.00311687648067537
1.76731703125E-07, -0.00302948464511548
1.7673365625E-07, -0.00384839013461469
1.76735609375E-07, -0.00290624548273282
1.767375625E-07, -0.00342983396847536
1.76739515625E-07, -0.00321082855807341
1.7674146875E-07, -0.00311178016987114
1.76743421875E-07, -0.00346039860353691
1.76745375E-07, -0.00344558605473827
1.76747328125E-07, -0.00352620505457914
1.7674928125E-07, -0.00412132797464532
1.76751234375E-07, -0.0040114700818254
1.767531875E-07, -0.00409234635677971
1.76755140625E-07, -0.00387518305990556
1.7675709375E-07, -0.00389515284693466
1.76759046875E-07, -0.00379636177261566
1.76761E-07, -0.00392031759995417
1.76762953125E-07, -0.00429387262194351
1.7676490625E-07, -0.00441441175707151
1.76766859375E-07, -0.00463125388319388
1.767688125E-07, -0.00444853679982212
1.76770765625E-07, -0.00459654228093362
1.7677271875E-07, -0.00411200664522352
1.76774671875E-07, -0.00552729087081328
1.76776625E-07, -0.00501609792281497
1.76778578125E-07, -0.00474044026583837
1.7678053125E-07, -0.00476817754252878
1.76782484375E-07, -0.00429245210835595
1.767844375E-07, -0.00554044077326603
1.76786390625E-07, -0.00541808135085012
1.7678834375E-07, -0.00528145158114672
1.76790296875E-07, -0.00529492324690633
1.7679225E-07, -0.0054685337938348
1.76794203125E-07, -0.00544078116462526
1.7679615625E-07, -0.00529523214053767
1.76798109375E-07, -0.00527827564100218
1.768000625E-07, -0.00585508551985382
1.76802015625E-07, -0.00611087207542349
1.7680396875E-07, -0.00564653821251435
1.76805921875E-07, -0.00591442188628542
1.76807875E-07, -0.00568373435325274
1.76809828125E-07, -0.00566515627823071
1.7681178125E-07, -0.00618529548356315
1.76813734375E-07, -0.00595165816704966
1.768156875E-07, -0.00596895587521027
1.76817640625E-07, -0.00536732808968036
1.7681959375E-07, -0.00577891157247864
1.76821546875E-07, -0.00526497528010067
1.768235E-07, -0.00613521049598396
1.76825453125E-07, -0.0057685161037517
1.7682740625E-07, -0.00504104591509778
1.76829359375E-07, -0.00599517670261101
1.768313125E-07, -0.00524467885278177
1.76833265625E-07, -0.00546688388563555
1.7683521875E-07, -0.00524820035927169
1.76837171875E-07, -0.00542118876629471
1.76839125E-07, -0.00491376914525263
1.76841078125E-07, -0.00441690214567767
1.7684303125E-07, -0.00480663636874675
1.76844984375E-07, -0.0046791937847421
1.768469375E-07, -0.0036920847835062
1.76848890625E-07, -0.004161444776015
1.7685084375E-07, -0.00414480715726835
1.76852796875E-07, -0.00383365090009093
1.7685475E-07, -0.00355419881997072
1.76856703125E-07, -0.00244980124938096
1.7685865625E-07, -0.00312714787005295
1.76860609375E-07, -0.00303682352016561
1.768625625E-07, -0.00231979622101343
1.76864515625E-07, -0.00197325675085681
1.7686646875E-07, -0.00194952662895816
1.76868421875E-07, -0.00180651690490973
1.76870375E-07, -0.00133694634472896
1.76872328125E-07, -0.00138333576185234
1.7687428125E-07, -0.00108201373799544
1.76876234375E-07, -0.000486262301642862
1.768781875E-07, -0.000168575109371718
1.76880140625E-07, 0.000181099588112363
1.7688209375E-07, 0.00044753758564379
1.76884046875E-07, 0.000584522098850419
1.76886E-07, 0.000634894416433475
1.76887953125E-07, 0.000664719492532469
1.7688990625E-07, 0.000642199050928214
1.76891859375E-07, 0.000848051124522207
1.768938125E-07, 0.00269512719873163
1.76895765625E-07, 0.001804315420217
1.7689771875E-07, 0.00257536440449621
1.76899671875E-07, 0.00274442321539155
1.76901625E-07, 0.00236127993624435
1.76903578125E-07, 0.00278008500748657
1.7690553125E-07, 0.00356500747965809
1.76907484375E-07, 0.0026317960650099
1.769094375E-07, 0.00379266628362425
1.76911390625E-07, 0.00397572237581648
1.7691334375E-07, 0.00357637566767266
1.76915296875E-07, 0.00380610599482644
1.7691725E-07, 0.00369495532217485
1.76919203125E-07, 0.00408743484363034
1.7692115625E-07, 0.00320468304780256
1.76923109375E-07, 0.00375005133341404
1.769250625E-07, 0.00406952244445986
1.76927015625E-07, 0.00434484133674357
1.7692896875E-07, 0.00332993400178418
1.76930921875E-07, 0.0037459866919252
1.76932875E-07, 0.00396355473469365
1.76934828125E-07, 0.00337551592271625
1.7693678125E-07, 0.00362633444922267
1.76938734375E-07, 0.00381145578477979
1.769406875E-07, 0.00375586370533131
1.76942640625E-07, 0.00349830507099825
1.7694459375E-07, 0.00312666589637979
1.76946546875E-07, 0.00337381017614701
1.769485E-07, 0.00330153936444384
1.76950453125E-07, 0.00258030106895995
1.7695240625E-07, 0.00281525596263288
1.76954359375E-07, 0.00323061009792153
1.769563125E-07, 0.00204392708911769
1.76958265625E-07, 0.00178226489518013
1.7696021875E-07, 0.00241680579347557
1.76962171875E-07, 0.00246853189307107
1.76964125E-07, 0.00163795273621984
1.76966078125E-07, 0.00082298001012992
1.7696803125E-07, 0.00214514258174741
1.76969984375E-07, 0.000292318243429309
1.769719375E-07, 0.000495458417608747
1.76973890625E-07, 0.000542512721708645
1.7697584375E-07, -0.000142709059724112
1.76977796875E-07, 0.000234859500039305
1.7697975E-07, 6.38889880371807E-05
1.76981703125E-07, -0.000424894880241908
1.7698365625E-07, -5.1502530093894E-05
1.76985609375E-07, -0.00192954333876251
1.769875625E-07, -0.00216667883565828
1.76989515625E-07, -0.00179467937295128
1.7699146875E-07, -0.0023986778695919
1.76993421875E-07, -0.0020890211985409
1.76995375E-07, -0.00186519250464423
1.76997328125E-07, -0.00224847761845746
1.7699928125E-07, -0.00220854853087757
1.77001234375E-07, -0.00289034845381534
1.770031875E-07, -0.0031654539409296
1.77005140625E-07, -0.00353672929718227
1.7700709375E-07, -0.00319459110131924
1.77009046875E-07, -0.00289456828730865
1.77011E-07, -0.00418472392545973
1.77012953125E-07, -0.00310044796348907
1.7701490625E-07, -0.00355755139191836
1.77016859375E-07, -0.00377682076709735
1.770188125E-07, -0.00410499449441197
1.77020765625E-07, -0.00359804035046059
1.7702271875E-07, -0.00451358571886736
1.77024671875E-07, -0.00434594914728519
1.77026625E-07, -0.00370080361304754
1.77028578125E-07, -0.00436545848111125
1.7703053125E-07, -0.00450855272206794
1.77032484375E-07, -0.00473715498333673
1.770344375E-07, -0.0048415585527608
1.77036390625E-07, -0.00456635646613994
1.7703834375E-07, -0.00494935948043055
1.77040296875E-07, -0.00448348075143711
1.7704225E-07, -0.0047582236292868
1.77044203125E-07, -0.00479308855964464
1.7704615625E-07, -0.00412346822570481
1.77048109375E-07, -0.00479436593132214
1.770500625E-07, -0.00352331095200352
1.77052015625E-07, -0.00447859958507681
1.7705396875E-07, -0.00466025077939478
1.77055921875E-07, -0.0042459427462224
1.77057875E-07, -0.00364726227949331
1.77059828125E-07, -0.00444196057435723
1.7706178125E-07, -0.00465746496213919
1.77063734375E-07, -0.00552950798817402
1.770656875E-07, -0.00355913602118094
1.77067640625E-07, -0.00400903112863934
1.7706959375E-07, -0.00499562913507762
1.77071546875E-07, -0.00377619290178022
1.770735E-07, -0.00402224953014014
1.77075453125E-07, -0.00350441020254892
1.7707740625E-07, -0.00346364280055847
1.77079359375E-07, -0.00306990256979451
1.770813125E-07, -0.00299670983090554
1.77083265625E-07, -0.00254304765337747
1.7708521875E-07, -0.00205981190847388
1.77087171875E-07, -0.00250874166030913
1.77089125E-07, -0.00232257705322145
1.77091078125E-07, -0.00168271450124464
1.7709303125E-07, -0.00318806367728744
1.77094984375E-07, -0.00163791887426665
1.770969375E-07, -0.00149970882420435
1.77098890625E-07, -0.000303731747434724
1.7710084375E-07, -0.000300533174809161
1.77102796875E-07, -0.00122573963131872
1.7710475E-07, -0.00106934867246672
1.77106703125E-07, 0.000868169416263501
1.7710865625E-07, 7.80454534625276E-05
1.77110609375E-07, -1.62084161936802E-05
1.771125625E-07, 0.000544304057363665
1.77114515625E-07, 0.000507942056802033
1.7711646875E-07, 0.00118239537749538
1.77118421875E-07, 0.00119335973793615
1.77120375E-07, 0.000820546535948519
1.77122328125E-07, 0.00225981459662522
1.7712428125E-07, 0.00145653901200648
1.77126234375E-07, 0.00194643062619046
1.771281875E-07, 0.00309945853837029
1.77130140625E-07, 0.00253028146756746
1.7713209375E-07, 0.00324628402123153
1.77134046875E-07, 0.00283803360212307
1.77136E-07, 0.0038580421091034
1.77137953125E-07, 0.00332848384245339
1.7713990625E-07, 0.0050832074261835
1.77141859375E-07, 0.00454547488873048
1.771438125E-07, 0.00429546735918407
1.77145765625E-07, 0.00494846063917029
1.7714771875E-07, 0.00488913762415346
1.77149671875E-07, 0.00587569718069257
1.77151625E-07, 0.00588671466365842
1.77153578125E-07, 0.00702537472198432
1.7715553125E-07, 0.00640200575021315
1.77157484375E-07, 0.00610807874664906
1.771594375E-07, 0.00790552535578046
1.77161390625E-07, 0.00640077849255289
1.7716334375E-07, 0.00695073782105426
1.77165296875E-07, 0.00774372562577999
1.7716725E-07, 0.00801707472815974
1.77169203125E-07, 0.00732372213056333
1.7717115625E-07, 0.00717468575957695
1.77173109375E-07, 0.00871861513766314
1.771750625E-07, 0.00880569827641784
1.77177015625E-07, 0.00915051448142705
1.7717896875E-07, 0.00866884171328033
1.77180921875E-07, 0.00938521201146346
1.77182875E-07, 0.00953507897397467
1.77184828125E-07, 0.00967642533022395
1.7718678125E-07, 0.00973480453147283
1.77188734375E-07, 0.00893258990642913
1.771906875E-07, 0.0099261480110739
1.77192640625E-07, 0.010049489960331
1.7719459375E-07, 0.010002387083972
1.77196546875E-07, 0.0101829101384319
1.771985E-07, 0.00976934012917264
1.77200453125E-07, 0.00960056769935672
1.7720240625E-07, 0.00885333754206481
1.77204359375E-07, 0.0101379711833348
1.772063125E-07, 0.00993943703603708
1.77208265625E-07, 0.00983188471055083
1.7721021875E-07, 0.00878044047749606
1.77212171875E-07, 0.00928319029365073
1.77214125E-07, 0.00933635359214791
1.77216078125E-07, 0.00853070221680744
1.7721803125E-07, 0.00809276307741046
1.77219984375E-07, 0.0088106619497701
1.772219375E-07, 0.00943169704005276
1.77223890625E-07, 0.00888986182324881
1.7722584375E-07, 0.00890321307099697
1.77227796875E-07, 0.00828538026926687
1.7722975E-07, 0.00869965781482651
1.77231703125E-07, 0.00837036923626843
1.7723365625E-07, 0.0077831558344335
1.77235609375E-07, 0.00760336919417138
1.772375625E-07, 0.00718273157337221
1.77239515625E-07, 0.00664109691328553
1.7724146875E-07, 0.00730117778098519
1.77243421875E-07, 0.00780918211881831
1.77245375E-07, 0.00660085400466412
1.77247328125E-07, 0.00673487643301192
1.7724928125E-07, 0.00632360865066159
1.77251234375E-07, 0.00615339622198884
1.772531875E-07, 0.00535493081142861
1.77255140625E-07, 0.00506807425794423
1.7725709375E-07, 0.00505963494270601
1.77259046875E-07, 0.00619034757566221
1.77261E-07, 0.0047271428234642
1.77262953125E-07, 0.00468892535558764
1.7726490625E-07, 0.00435737666035244
1.77266859375E-07, 0.00405836955281848
1.772688125E-07, 0.0055153514396192
1.77270765625E-07, 0.00376473777046947
1.7727271875E-07, 0.00394984025133836
1.77274671875E-07, 0.00358457098914164
1.77276625E-07, 0.00320140781114798
1.77278578125E-07, 0.00328419086767939
1.7728053125E-07, 0.00288507934387195
1.77282484375E-07, 0.00206462136831554
1.772844375E-07, 0.00224282942436924
1.77286390625E-07, 0.00191686849657939
1.7728834375E-07, 0.00245189271842168
1.77290296875E-07, 0.0018273744820245
1.7729225E-07, 0.00138928017385925
1.77294203125E-07, 0.00173565526932199
1.7729615625E-07, 0.00134849245434293
1.77298109375E-07, 0.00206150453124712
1.773000625E-07, 0.00072445250317508
1.77302015625E-07, 0.000918265829994796
1.7730396875E-07, 0.0014467812414795
1.77305921875E-07, 0.000950862714551506
1.77307875E-07, 0.000852252585616092
1.77309828125E-07, 0.00106092358772019
1.7731178125E-07, 0.00015937893221358
1.77313734375E-07, 0.000778600207947587
1.773156875E-07, 0.000525578187649145
1.77317640625E-07, 0.000581659259467336
1.7731959375E-07, 0.000742590162949697
1.77321546875E-07, 0.000352199394612585
1.773235E-07, 0.000317386737892892
1.77325453125E-07, -0.000238091893835754
1.7732740625E-07, 0.000396902133744232
1.77329359375E-07, 0.000108245566978557
1.773313125E-07, -2.11464955792981E-05
1.77333265625E-07, 0.000235624256146552
1.7733521875E-07, 0.00042183291128679
1.77337171875E-07, 0.000396084637323325
1.77339125E-07, 0.000744427734893414
1.77341078125E-07, 0.000495356383715501
1.7734303125E-07, -0.000383323298639275
1.77344984375E-07, 0.000232672451856644
1.773469375E-07, 0.000525001184153031
1.77348890625E-07, 0.000481498343595779
1.7735084375E-07, 0.000553047357991439
1.77352796875E-07, 0.000576235625250622
1.7735475E-07, 0.00048608144070103
1.77356703125E-07, 0.00104255559014029
1.7735865625E-07, 0.000752066305029519
1.77360609375E-07, 0.000897961819625781
1.773625625E-07, 0.00115002608517871
1.77364515625E-07, 0.000745391733682552
1.7736646875E-07, 0.00104917087247914
1.77368421875E-07, 0.000972083075644714
1.77370375E-07, 0.00124771752556261
1.77372328125E-07, 0.00155251434451049
1.7737428125E-07, 0.00151392423740343
1.77376234375E-07, 0.00158358537986405
1.773781875E-07, 0.00176416447977197
1.77380140625E-07, 0.00193057907495446
1.7738209375E-07, 0.00207811658024179
1.77384046875E-07, 0.00189184343469662
1.77386E-07, 0.00174735850442886
1.77387953125E-07, 0.00214998712728125
1.7738990625E-07, 0.00247025985693877
1.77391859375E-07, 0.00211420837893858
1.773938125E-07, 0.00268841625059601
1.77395765625E-07, 0.00268774368644806
1.7739771875E-07, 0.00281395178742852
1.77399671875E-07, 0.00333821923256116
1.77401625E-07, 0.00303463874704935
1.77403578125E-07, 0.00288479270549139
1.7740553125E-07, 0.00346970280733961
1.77407484375E-07, 0.003206933550519
1.774094375E-07, 0.00350007097673512
1.77411390625E-07, 0.00354145629874126
1.7741334375E-07, 0.00305645383489043
1.77415296875E-07, 0.00400947755810976
1.7741725E-07, 0.00361012446330344
1.77419203125E-07, 0.0038967212802339
1.7742115625E-07, 0.00402190070796272
1.77423109375E-07, 0.00411247037347778
1.774250625E-07, 0.00431597481546383
1.77427015625E-07, 0.00373364391027672
1.7742896875E-07, 0.00384789488292777
1.77430921875E-07, 0.00358278629407967
1.77432875E-07, 0.00437764971970466
1.77434828125E-07, 0.00450887206683317
1.7743678125E-07, 0.00434418806388051
1.77438734375E-07, 0.00449562381931408
1.774406875E-07, 0.00484020027701389
1.77442640625E-07, 0.00451714570439173
1.7744459375E-07, 0.00461910209239138
1.77446546875E-07, 0.00588876445448404
1.774485E-07, 0.00497151401348976
1.77450453125E-07, 0.00468550801550969
1.7745240625E-07, 0.00447191276059274
1.77454359375E-07, 0.0051647265590076
1.774563125E-07, 0.00519142002034257
1.77458265625E-07, 0.00455382584106123
1.7746021875E-07, 0.00463349491909797
1.77462171875E-07, 0.00437718875155499
1.77464125E-07, 0.00481663996851819
1.77466078125E-07, 0.00476165878058138
1.7746803125E-07, 0.0050537799796082
1.77469984375E-07, 0.00455684939144954
1.774719375E-07, 0.00470687510102005
1.77473890625E-07, 0.00445345633780094
1.7747584375E-07, 0.00455101542167053
1.77477796875E-07, 0.0039664703084799
1.7747975E-07, 0.00484553260324952
1.77481703125E-07, 0.00432692523019447
1.7748365625E-07, 0.0044830121909368
1.77485609375E-07, 0.00442961708522723
1.774875625E-07, 0.00403291461444965
1.77489515625E-07, 0.00404033764297914
1.7749146875E-07, 0.00399746997661287
1.77493421875E-07, 0.00398719952155563
1.77495375E-07, 0.00347907938898433
1.77497328125E-07, 0.00342427376097437
1.7749928125E-07, 0.00389175430493109
1.77501234375E-07, 0.00330839985407743
1.775031875E-07, 0.0027214079222101
1.77505140625E-07, 0.00266679093406534
1.7750709375E-07, 0.00290466012832551
1.77509046875E-07, 0.0028195038668272
1.77511E-07, 0.0028058132870243
1.77512953125E-07, 0.00228499850844081
1.7751490625E-07, 0.00297001306797045
1.77516859375E-07, 0.00189953102075144
1.775188125E-07, 0.00226335933050054
1.77520765625E-07, 0.00192024482936959
1.7752271875E-07, 0.00203541921512494
1.77524671875E-07, 0.00152625838890131
1.77526625E-07, 0.00159152772001255
1.77528578125E-07, 0.00128749653623774
1.7753053125E-07, 0.000927896529049023
1.77532484375E-07, -0.000171763738343912
1.775344375E-07, 0.00149674015862352
1.77536390625E-07, 0.000290441975626124
1.7753834375E-07, 0.000404634092893675
1.77540296875E-07, 0.000846590545804244
1.7754225E-07, 0.000322670820246871
1.77544203125E-07, 4.42516517022386E-05
1.7754615625E-07, -0.00024968375857244
1.77548109375E-07, 0.00011332030502042
1.775500625E-07, -0.000153072279157465
1.77552015625E-07, -0.000308843003373193
1.7755396875E-07, -0.000442890109349156
1.77555921875E-07, -0.000887383808003804
1.77557875E-07, 0.000539128851843357
1.77559828125E-07, -0.000579206555635812
1.7756178125E-07, -0.000778731524921795
1.77563734375E-07, -0.000755130552148759
1.775656875E-07, -0.0011796490008833
1.77567640625E-07, -0.00128263453979543
1.7756959375E-07, -0.000952768548509385
1.77571546875E-07, -0.000689451929526136
1.775735E-07, -0.00178968785533922
1.77575453125E-07, -0.00143367970978803
1.7757740625E-07, -0.00144526295068644
1.77579359375E-07, -0.00117813324590085
1.775813125E-07, -0.00140677022135175
1.77583265625E-07, -0.0013910524707706
1.7758521875E-07, -0.00148025121227944
1.77587171875E-07, -0.00152170450084058
1.77589125E-07, -0.00159078871196053
1.77591078125E-07, -0.00145725018962948
1.7759303125E-07, -0.00131884443616178
1.77594984375E-07, -0.00156805662822151
1.775969375E-07, -0.001680956888244
1.77598890625E-07, -0.00174041546346737
1.7760084375E-07, -0.00138803073502611
1.77602796875E-07, -0.00151924272238913
1.7760475E-07, -0.00153282267111284
1.77606703125E-07, -0.00179553746069839
1.7760865625E-07, -0.00160646116683458
1.77610609375E-07, -0.00175247309183649
1.776125625E-07, -0.00143984639877549
1.77614515625E-07, -0.00139466509115983
1.7761646875E-07, -0.0016896697072035
1.77618421875E-07, -0.0017486848510077
1.77620375E-07, -0.00202117555217628
1.77622328125E-07, -0.00153230219611127
1.7762428125E-07, -0.00056489348807869
1.77626234375E-07, -0.00213222777888455
1.776281875E-07, -0.000916643252816728
1.77630140625E-07, -0.00125317443090625
1.7763209375E-07, -0.00196813882960425
1.77634046875E-07, -0.00147220192869122


