File Format, WaveformXYValues
Format Version, 1
Instrument, N1045A,04F,LOJ
SwVersion, A.06.71.21
SerialNumber, MY56260108
Date, 11/29/2023 14:43:08 GMT+08:00

Source Name, Channel 1A

Points, 2048
Signal Type, Unspecified
Channel Bandwidth, 2E+10
Channel Noise, 6.66857143682292E-05
X Units, Second
Y Units, Volt
Data, 
1.73636E-07, -0.00126590042277926
1.73637953125E-07, -0.001573954497824
1.7363990625E-07, -0.00176459296725192
1.73641859375E-07, -0.00161620832558937
1.736438125E-07, -0.00177829141477799
1.73645765625E-07, -0.00148287064363841
1.7364771875E-07, -0.00131286776108554
1.73649671875E-07, -0.00140042942752407
1.73651625E-07, -0.00172891841900944
1.73653578125E-07, -0.00185234535462962
1.7365553125E-07, -0.00139972745133172
1.73657484375E-07, -0.00159727326354819
1.736594375E-07, -0.00189046112437244
1.73661390625E-07, -0.00169872343605434
1.7366334375E-07, -0.00135976436268329
1.73665296875E-07, -0.00172703604959171
1.7366725E-07, -0.00151715771857224
1.73669203125E-07, -0.00170871984649978
1.7367115625E-07, -0.00147844171901779
1.73673109375E-07, -0.00164664652143862
1.736750625E-07, -0.00160189254118907
1.73677015625E-07, -0.00160975144569044
1.7367896875E-07, -0.00158790218666272
1.73680921875E-07, -0.00177108916772246
1.73682875E-07, -0.00158403065446021
1.73684828125E-07, -0.00161413260678664
1.7368678125E-07, -0.00146626909951225
1.73688734375E-07, -0.00194337601634373
1.736906875E-07, -0.00170687151466233
1.73692640625E-07, -0.00131718593572956
1.7369459375E-07, -0.00138996088472008
1.73696546875E-07, -0.00179434979777068
1.736985E-07, -0.00117278600236069
1.73700453125E-07, -0.00178026353997545
1.7370240625E-07, -0.00149591833070305
1.73704359375E-07, -0.00162899840569597
1.737063125E-07, -0.00157276332442467
1.73708265625E-07, -0.00171570790935768
1.7371021875E-07, -0.00163174681259865
1.73712171875E-07, -0.00162863982306284
1.73714125E-07, -0.00204290523926222
1.73716078125E-07, -0.00135143568823159
1.7371803125E-07, -0.00153777299879423
1.73719984375E-07, -0.00176038826760538
1.737219375E-07, -0.00169092749492406
1.73723890625E-07, -0.00214127610957032
1.7372584375E-07, -0.00186551049569354
1.73727796875E-07, -0.00184581741195718
1.7372975E-07, -0.00174666367440526
1.73731703125E-07, -0.0018777772998347
1.7373365625E-07, -0.00195980048656104
1.73735609375E-07, -0.00166697098702894
1.737375625E-07, -0.00193135639840495
1.73739515625E-07, -0.00202935368193106
1.7374146875E-07, -0.00153383095370728
1.73743421875E-07, -0.0014501387882858
1.73745375E-07, -0.00207412492578212
1.73747328125E-07, -0.00140814485769165
1.7374928125E-07, -0.00181430752082789
1.73751234375E-07, -0.00201509883759179
1.737531875E-07, -0.00144376984396257
1.73755140625E-07, -0.00136620754387797
1.7375709375E-07, -0.00202244253521327
1.73759046875E-07, -0.00173422203090456
1.73761E-07, -0.00205647242953681
1.73762953125E-07, -0.00180281700284939
1.7376490625E-07, -0.00213930451911
1.73766859375E-07, -0.00194525862304916
1.737688125E-07, -0.00196863173812868
1.73770765625E-07, -0.00180859065647059
1.7377271875E-07, -0.00213840459875347
1.73774671875E-07, -0.00194682802528777
1.73776625E-07, -0.00206346562686408
1.73778578125E-07, -0.00235677535623399
1.7378053125E-07, -0.0020598357075562
1.73782484375E-07, -0.00222390933963972
1.737844375E-07, -0.00214300302962537
1.73786390625E-07, -0.00194939714633209
1.7378834375E-07, -0.00187567716275264
1.73790296875E-07, -0.00202041584334587
1.7379225E-07, -0.00210239773376197
1.73794203125E-07, -0.00215100526846951
1.7379615625E-07, -0.00215708201669315
1.73798109375E-07, -0.00216943405535555
1.738000625E-07, -0.00211585564029342
1.73802015625E-07, -0.00214593379745127
1.7380396875E-07, -0.00197399133051174
1.73805921875E-07, -0.00222688015975597
1.73807875E-07, -0.00203317292109478
1.73809828125E-07, -0.00202551284501424
1.7381178125E-07, -0.00241997002081024
1.73813734375E-07, -0.00214541104359084
1.738156875E-07, -0.00221894580967
1.73817640625E-07, -0.00211533642471493
1.7381959375E-07, -0.00225746332834455
1.73821546875E-07, -0.00249275071289921
1.738235E-07, -0.00224174584002319
1.73825453125E-07, -0.0025570822295393
1.7382740625E-07, -0.00227967922706682
1.73829359375E-07, -0.00227770969817114
1.738313125E-07, -0.00274927298356208
1.73833265625E-07, -0.00235071947256085
1.7383521875E-07, -0.00252215446215355
1.73837171875E-07, -0.00238830675407461
1.73839125E-07, -0.0024655635860117
1.73841078125E-07, -0.00275943991797123
1.7384303125E-07, -0.00229352980274148
1.73844984375E-07, -0.00242962095356539
1.738469375E-07, -0.0025439257927857
1.73848890625E-07, -0.00285882922319853
1.7385084375E-07, -0.00225476642881703
1.73852796875E-07, -0.00260695085789769
1.7385475E-07, -0.00243482132231931
1.73856703125E-07, -0.00286689606660116
1.7385865625E-07, -0.00239563701411602
1.73860609375E-07, -0.00272552136461833
1.738625625E-07, -0.00294611468786065
1.73864515625E-07, -0.00326056154301327
1.7386646875E-07, -0.00306968338613172
1.73868421875E-07, -0.0031289548443633
1.73870375E-07, -0.00349859056276183
1.73872328125E-07, -0.00281771018104067
1.7387428125E-07, -0.00310075536674708
1.73876234375E-07, -0.00349426835255543
1.738781875E-07, -0.00350248828401191
1.73880140625E-07, -0.00331566641795574
1.7388209375E-07, -0.00335778691418161
1.73884046875E-07, -0.00343165909953548
1.73886E-07, -0.00376117106805682
1.73887953125E-07, -0.0033214925347817
1.7388990625E-07, -0.00356592967650566
1.73891859375E-07, -0.00333148277099243
1.738938125E-07, -0.00405544790258019
1.73895765625E-07, -0.00401753178049141
1.7389771875E-07, -0.00388906318288108
1.73899671875E-07, -0.00350681520926959
1.73901625E-07, -0.00380405098056068
1.73903578125E-07, -0.00387014610625142
1.7390553125E-07, -0.00422914196756866
1.73907484375E-07, -0.00385121247784483
1.739094375E-07, -0.00407132194197147
1.73911390625E-07, -0.00453612227010215
1.7391334375E-07, -0.00429696295074462
1.73915296875E-07, -0.00467781563347198
1.7391725E-07, -0.00462953230598232
1.73919203125E-07, -0.0046788578910943
1.7392115625E-07, -0.00489048102533914
1.73923109375E-07, -0.0047734273495701
1.739250625E-07, -0.0048672247645415
1.73927015625E-07, -0.00445811840827056
1.7392896875E-07, -0.00515225902968191
1.73930921875E-07, -0.00546645781868121
1.73932875E-07, -0.0056346436156423
1.73934828125E-07, -0.00540191572830694
1.7393678125E-07, -0.00390710502931212
1.73938734375E-07, -0.004668915690574
1.739406875E-07, -0.0055683140878609
1.73942640625E-07, -0.00525035715492084
1.7394459375E-07, -0.0055615020156268
1.73946546875E-07, -0.00559982416671382
1.739485E-07, -0.00569748331526552
1.73950453125E-07, -0.00566107581223121
1.7395240625E-07, -0.00592472512715702
1.73954359375E-07, -0.00537265620364907
1.739563125E-07, -0.00588681020203716
1.73958265625E-07, -0.00582658477191812
1.7396021875E-07, -0.00563113765002473
1.73962171875E-07, -0.00609960949086255
1.73964125E-07, -0.00587112641773692
1.73966078125E-07, -0.00581092094204898
1.7396803125E-07, -0.00565957153323956
1.73969984375E-07, -0.00575792189809092
1.739719375E-07, -0.00592968318920908
1.73973890625E-07, -0.0059648392504285
1.7397584375E-07, -0.00513178354349012
1.73977796875E-07, -0.00572967024367341
1.7397975E-07, -0.00564203579404585
1.73981703125E-07, -0.00615033361468315
1.7398365625E-07, -0.00573613319267841
1.73985609375E-07, -0.00503677862489929
1.739875625E-07, -0.00576420777093131
1.73989515625E-07, -0.00554493550320485
1.7399146875E-07, -0.0061085985667133
1.73993421875E-07, -0.00546022311196048
1.73995375E-07, -0.00522454762578537
1.73997328125E-07, -0.00419281324425343
1.7399928125E-07, -0.00556018428356803
1.74001234375E-07, -0.0054057795375873
1.740031875E-07, -0.00545232624004567
1.74005140625E-07, -0.00474219707428147
1.7400709375E-07, -0.00478168179384274
1.74009046875E-07, -0.00517762498524607
1.74011E-07, -0.00515445825510785
1.74012953125E-07, -0.00439732460031672
1.7401490625E-07, -0.00343584646304792
1.74016859375E-07, -0.00416488424078375
1.740188125E-07, -0.00394147944962353
1.74020765625E-07, -0.00407520497159432
1.7402271875E-07, -0.00410878737007639
1.74024671875E-07, -0.00372488650708256
1.74026625E-07, -0.00374511254833032
1.74028578125E-07, -0.00358820591919463
1.7403053125E-07, -0.0033107312868494
1.74032484375E-07, -0.00301770504485553
1.740344375E-07, -0.00298202067082804
1.74036390625E-07, -0.00169552561070906
1.7403834375E-07, -0.00264231673202034
1.74040296875E-07, -0.00243902511284927
1.7404225E-07, -0.00257059273602453
1.74044203125E-07, -0.00174438720796848
1.7404615625E-07, -0.00125759803038827
1.74048109375E-07, -6.70521410729137E-05
1.740500625E-07, 0.00111649845076954
1.74052015625E-07, -0.00160609507400903
1.7405396875E-07, -0.000298516032633851
1.74055921875E-07, 0.000504113329895998
1.74057875E-07, 0.000161562688762661
1.74059828125E-07, 0.000244713801514825
1.7406178125E-07, -0.000487292392192178
1.74063734375E-07, 0.000474624402236294
1.740656875E-07, 0.00117996014227843
1.74067640625E-07, 0.000515852562633021
1.7406959375E-07, 0.00228066462482307
1.74071546875E-07, 0.00275331430274394
1.740735E-07, 0.00289447948998428
1.74075453125E-07, 0.00274177294959509
1.7407740625E-07, 0.00325056020485674
1.74079359375E-07, 0.00479800768030776
1.740813125E-07, 0.00408932904409206
1.74083265625E-07, 0.004623801227472
1.7408521875E-07, 0.0044206832420618
1.74087171875E-07, 0.00444246154409978
1.74089125E-07, 0.00641726519252643
1.74091078125E-07, 0.00622249341677296
1.7409303125E-07, 0.00652388903471978
1.74094984375E-07, 0.00667734345439219
1.740969375E-07, 0.00792283844151642
1.74098890625E-07, 0.00700388435334902
1.7410084375E-07, 0.0104135173510098
1.74102796875E-07, 0.00933836375289049
1.7410475E-07, 0.00976028623174067
1.74106703125E-07, 0.00875800279530137
1.7410865625E-07, 0.00957039446995246
1.74110609375E-07, 0.0113040782178667
1.741125625E-07, 0.0121071132467215
1.74114515625E-07, 0.0134808711839598
1.7411646875E-07, 0.0137997798929872
1.74118421875E-07, 0.0129072045374186
1.74120375E-07, 0.0136893011323309
1.74122328125E-07, 0.0143693809531362
1.7412428125E-07, 0.016896586925664
1.74126234375E-07, 0.0163375843468513
1.741281875E-07, 0.0163703339326853
1.74130140625E-07, 0.016203690406839
1.7413209375E-07, 0.0171842349049943
1.74134046875E-07, 0.0185961518020267
1.74136E-07, 0.0183790575576362
1.74137953125E-07, 0.0203257890517587
1.7413990625E-07, 0.0188240798841144
1.74141859375E-07, 0.0202373921952452
1.741438125E-07, 0.0210241774504134
1.74145765625E-07, 0.0199374217783217
1.7414771875E-07, 0.0227254684070101
1.74149671875E-07, 0.0223808237757065
1.74151625E-07, 0.0224688614980307
1.74153578125E-07, 0.0243489875415284
1.7415553125E-07, 0.0245447183731397
1.74157484375E-07, 0.0221984856561658
1.741594375E-07, 0.0252581302063112
1.74161390625E-07, 0.0257970687503855
1.7416334375E-07, 0.0261964383526005
1.74165296875E-07, 0.0260389114076142
1.7416725E-07, 0.0270056171173122
1.74169203125E-07, 0.027959147331056
1.7417115625E-07, 0.0283315177562417
1.74173109375E-07, 0.0280518842444858
1.741750625E-07, 0.0272828134905017
1.74177015625E-07, 0.029268443368859
1.7417896875E-07, 0.0296835808438956
1.74180921875E-07, 0.0287602825952558
1.74182875E-07, 0.0302353453552831
1.74184828125E-07, 0.0306943031599738
1.7418678125E-07, 0.0318834088974561
1.74188734375E-07, 0.0320631127891712
1.741906875E-07, 0.031888764948534
1.74192640625E-07, 0.0313040751975119
1.7419459375E-07, 0.0311577770223705
1.74196546875E-07, 0.0330730736927071
1.741985E-07, 0.0317831081548453
1.74200453125E-07, 0.0326113923216783
1.7420240625E-07, 0.032570394280486
1.74204359375E-07, 0.0320919012344486
1.742063125E-07, 0.0315667884421956
1.74208265625E-07, 0.0336248754776017
1.7421021875E-07, 0.0334705919170555
1.74212171875E-07, 0.0332059800490964
1.74214125E-07, 0.0339432327093165
1.74216078125E-07, 0.0335737011847718
1.7421803125E-07, 0.0329869960210119
1.74219984375E-07, 0.0325636971686496
1.742219375E-07, 0.0336915786042716
1.74223890625E-07, 0.0329613525497198
1.7422584375E-07, 0.0331194640594302
1.74227796875E-07, 0.0323585130978512
1.7422975E-07, 0.0337866378993263
1.74231703125E-07, 0.0307816330744591
1.7423365625E-07, 0.0306812420769481
1.74235609375E-07, 0.0260896883068548
1.742375625E-07, 0.0311043357237291
1.74239515625E-07, 0.0294072477060501
1.7424146875E-07, 0.0307854297886926
1.74243421875E-07, 0.029533456841593
1.74245375E-07, 0.0294474228912534
1.74247328125E-07, 0.027206460865905
1.7424928125E-07, 0.0270125798876763
1.74251234375E-07, 0.0247695166445437
1.742531875E-07, 0.0263494340831869
1.74255140625E-07, 0.0259987277508741
1.7425709375E-07, 0.021887959966661
1.74259046875E-07, 0.0217144742055957
1.74261E-07, 0.022825108727749
1.74262953125E-07, 0.0209867094925238
1.7426490625E-07, 0.0161049713359273
1.74266859375E-07, 0.018204504444242
1.742688125E-07, 0.0187375078456939
1.74270765625E-07, 0.0188276233547244
1.7427271875E-07, 0.0156069252331485
1.74274671875E-07, 0.0145243946622764
1.74276625E-07, 0.0133137106245078
1.74278578125E-07, 0.0156743288615161
1.7428053125E-07, 0.00601306944787192
1.74282484375E-07, 0.00645315629448883
1.742844375E-07, 0.00525706841468571
1.74286390625E-07, 0.00855885971130884
1.7428834375E-07, 0.0100863027703069
1.74290296875E-07, 0.000803270364006476
1.7429225E-07, 0.000269146536922339
1.74294203125E-07, -0.000855208172542254
1.7429615625E-07, -0.0076782367220703
1.74298109375E-07, -0.00734232659377157
1.743000625E-07, -0.00456036471171127
1.74302015625E-07, -0.00933593651938687
1.7430396875E-07, -0.00479951570366396
1.74305921875E-07, -0.0118478359890182
1.74307875E-07, -0.00939774689441064
1.74309828125E-07, -0.0173247717959732
1.7431178125E-07, -0.0233549956882817
1.74313734375E-07, -0.016426309714987
1.743156875E-07, -0.0114746757969999
1.74317640625E-07, -0.0189576938272258
1.7431959375E-07, -0.0245682062783756
1.74321546875E-07, -0.0299945146204388
1.743235E-07, -0.0275966535797221
1.74325453125E-07, -0.0324295106657229
1.7432740625E-07, -0.0315623796834386
1.74329359375E-07, -0.0378315866284133
1.743313125E-07, -0.0339106348653
1.74333265625E-07, -0.0395176061872342
1.7433521875E-07, -0.0384832462729873
1.74337171875E-07, -0.0409139773597756
1.74339125E-07, -0.0527680528462655
1.74341078125E-07, -0.0469770436671599
1.7434303125E-07, -0.0425980409747174
1.74344984375E-07, -0.0557722990235784
1.743469375E-07, -0.0550179518645438
1.74348890625E-07, -0.0562493887345078
1.7435084375E-07, -0.0586881414615814
1.74352796875E-07, -0.0625204007104585
1.7435475E-07, -0.0669993880950272
1.74356703125E-07, -0.0677080611663574
1.7435865625E-07, -0.0714406009248581
1.74360609375E-07, -0.0784964077430831
1.743625625E-07, -0.0715261852386548
1.74364515625E-07, -0.0826374316140062
1.7436646875E-07, -0.0785692248945855
1.74368421875E-07, -0.0813522828335133
1.74370375E-07, -0.0843169522013114
1.74372328125E-07, -0.0852620172414662
1.7437428125E-07, -0.0893514589306885
1.74376234375E-07, -0.0948327501687333
1.743781875E-07, -0.0934094072168728
1.74380140625E-07, -0.0981552782378238
1.7438209375E-07, -0.0969886761906414
1.74384046875E-07, -0.0943784150575698
1.74386E-07, -0.102305595632932
1.74387953125E-07, -0.104096356447217
1.7438990625E-07, -0.105014500359379
1.74391859375E-07, -0.108486036709183
1.743938125E-07, -0.107700936501399
1.74395765625E-07, -0.102966150030304
1.7439771875E-07, -0.10847589647698
1.74399671875E-07, -0.110758817015148
1.74401625E-07, -0.115043086095066
1.74403578125E-07, -0.10364145640114
1.7440553125E-07, -0.115910768681518
1.74407484375E-07, -0.118888602439693
1.744094375E-07, -0.117361675521271
1.74411390625E-07, -0.11243936447059
1.7441334375E-07, -0.105434228984078
1.74415296875E-07, -0.118591655563381
1.7441725E-07, -0.120024277337092
1.74419203125E-07, -0.11596134688266
1.7442115625E-07, -0.120121422643876
1.74423109375E-07, -0.123287040958321
1.744250625E-07, -0.12139701053658
1.74427015625E-07, -0.119856624933219
1.7442896875E-07, -0.119242872910221
1.74430921875E-07, -0.114245405699949
1.74432875E-07, -0.120457307488241
1.74434828125E-07, -0.115631083697715
1.7443678125E-07, -0.116444350504666
1.74438734375E-07, -0.119768768698694
1.744406875E-07, -0.115358603656995
1.74442640625E-07, -0.113802887266088
1.7444459375E-07, -0.0921287815804395
1.74446546875E-07, -0.110801207957895
1.744485E-07, -0.114283249488707
1.74450453125E-07, -0.107681373626155
1.7445240625E-07, -0.10591521335259
1.74454359375E-07, -0.10688687970335
1.744563125E-07, -0.103224073937569
1.74458265625E-07, -0.099379707852604
1.7446021875E-07, -0.0938995889672057
1.74462171875E-07, -0.0917565559574854
1.74464125E-07, -0.0919566839939597
1.74466078125E-07, -0.0870977207586049
1.7446803125E-07, -0.0923585727426956
1.74469984375E-07, -0.0827148038863965
1.744719375E-07, -0.0803375970959769
1.74473890625E-07, -0.0696070058449179
1.7447584375E-07, -0.0691567351388983
1.74477796875E-07, -0.0659976718794356
1.7447975E-07, -0.0620151789321701
1.74481703125E-07, -0.0573908715740446
1.7448365625E-07, -0.0570258568546748
1.74485609375E-07, -0.0507439846952873
1.744875625E-07, -0.0570270537965711
1.74489515625E-07, -0.043024450176649
1.7449146875E-07, -0.0278551423618269
1.74493421875E-07, -0.0215749678739083
1.74495375E-07, -0.0357006242817996
1.74497328125E-07, -0.028189372537101
1.7449928125E-07, -0.0243318411756248
1.74501234375E-07, -0.0175277261460892
1.745031875E-07, -0.0203121385935612
1.74505140625E-07, -0.0054724487670686
1.7450709375E-07, -0.0160820308488266
1.74509046875E-07, -0.00188017613125363
1.74511E-07, -0.00758256439852251
1.74512953125E-07, -0.00321527331391133
1.7451490625E-07, 0.0127834908234386
1.74516859375E-07, 0.0245630264472294
1.745188125E-07, 0.0236728155930045
1.74520765625E-07, 0.0331569752497779
1.7452271875E-07, 0.0100455445097929
1.74524671875E-07, 0.0279933360083781
1.74526625E-07, 0.0443326467093621
1.74528578125E-07, 0.0381030284279936
1.7453053125E-07, 0.0494958252593196
1.74532484375E-07, 0.0331354884145499
1.745344375E-07, 0.0569650322869968
1.74536390625E-07, 0.0577657377908556
1.7453834375E-07, 0.0548272884303886
1.74540296875E-07, 0.0700074978831716
1.7454225E-07, 0.0708102841813787
1.74544203125E-07, 0.0713215935570923
1.7454615625E-07, 0.0592998454466135
1.74548109375E-07, 0.0682302239516703
1.745500625E-07, 0.0746676210364064
1.74552015625E-07, 0.0752172955337388
1.7455396875E-07, 0.0781316961544088
1.74555921875E-07, 0.0809069867130804
1.74557875E-07, 0.0795766779792834
1.74559828125E-07, 0.0902872409619341
1.7456178125E-07, 0.0926739246917194
1.74563734375E-07, 0.0911216093144113
1.745656875E-07, 0.0928429621295299
1.74567640625E-07, 0.0869453669431606
1.7456959375E-07, 0.0979704066698703
1.74571546875E-07, 0.0965543055411861
1.745735E-07, 0.0961036624059508
1.74575453125E-07, 0.0923755694400889
1.7457740625E-07, 0.0965120606028512
1.74579359375E-07, 0.0988126784456474
1.745813125E-07, 0.096758683280915
1.74583265625E-07, 0.0928173277091445
1.7458521875E-07, 0.0791039505513712
1.74587171875E-07, 0.0903430687626665
1.74589125E-07, 0.0980561768082974
1.74591078125E-07, 0.0939145930380243
1.7459303125E-07, 0.0912608218389847
1.74594984375E-07, 0.094366947876631
1.745969375E-07, 0.0905675636466799
1.74598890625E-07, 0.0908823845575197
1.7460084375E-07, 0.0934157283787169
1.74602796875E-07, 0.0902062032473936
1.7460475E-07, 0.0907609943880497
1.74606703125E-07, 0.0861908984344002
1.7460865625E-07, 0.0820035816697925
1.74610609375E-07, 0.0886599736543135
1.746125625E-07, 0.081461526905743
1.74614515625E-07, 0.0795492978838444
1.7461646875E-07, 0.0758879457399656
1.74618421875E-07, 0.0820180082052952
1.74620375E-07, 0.0783793762042542
1.74622328125E-07, 0.0690454517340629
1.7462428125E-07, 0.0726421539841655
1.74626234375E-07, 0.072191357965167
1.746281875E-07, 0.0686881520057762
1.74630140625E-07, 0.0670923385451665
1.7463209375E-07, 0.0597013654747349
1.74634046875E-07, 0.0614128576987486
1.74636E-07, 0.06136163775311
1.74637953125E-07, 0.0664004327839408
1.7463990625E-07, 0.0557157441449006
1.74641859375E-07, 0.0526934679829469
1.746438125E-07, 0.0508904410719291
1.74645765625E-07, 0.052408019114719
1.7464771875E-07, 0.0597302104897986
1.74649671875E-07, 0.0474662581198114
1.74651625E-07, 0.0513952857858713
1.74653578125E-07, 0.0482959454861099
1.7465553125E-07, 0.0404836013669693
1.74657484375E-07, 0.0432044883893831
1.746594375E-07, 0.042620824147506
1.74661390625E-07, 0.0433812585814323
1.7466334375E-07, 0.0354431901550467
1.74665296875E-07, 0.0347590237838945
1.7466725E-07, 0.0326113755232078
1.74669203125E-07, 0.029117987853766
1.7467115625E-07, 0.0318533730761816
1.74673109375E-07, 0.0314274676788652
1.746750625E-07, 0.0293548340949012
1.74677015625E-07, 0.0276034257430121
1.7467896875E-07, 0.0256543213069918
1.74680921875E-07, 0.0272698519659661
1.74682875E-07, 0.0257055776665416
1.74684828125E-07, 0.0247405548184486
1.7468678125E-07, 0.0267328463054883
1.74688734375E-07, 0.0250528874250623
1.746906875E-07, 0.0225087541599697
1.74692640625E-07, 0.0221521803520994
1.7469459375E-07, 0.0202640538217024
1.74696546875E-07, 0.0209244750145757
1.746985E-07, 0.0246555709296167
1.74700453125E-07, 0.0202659193718317
1.7470240625E-07, 0.0237600005573215
1.74704359375E-07, 0.0201412877870973
1.747063125E-07, 0.0167045706612685
1.74708265625E-07, 0.0205584021514342
1.7471021875E-07, 0.0192083310258478
1.74712171875E-07, 0.0192368190071568
1.74714125E-07, 0.0202824542800534
1.74716078125E-07, 0.0189231839809666
1.7471803125E-07, 0.0210969412406525
1.74719984375E-07, 0.019270915585312
1.747219375E-07, 0.019828163114983
1.74723890625E-07, 0.0192116662193606
1.7472584375E-07, 0.0216189406350014
1.74727796875E-07, 0.0203460176083968
1.7472975E-07, 0.0196539013099496
1.74731703125E-07, 0.019912475723989
1.7473365625E-07, 0.0212995063273999
1.74735609375E-07, 0.0195052889828497
1.747375625E-07, 0.0191530584971986
1.74739515625E-07, 0.0199758073532973
1.7474146875E-07, 0.0198409435220013
1.74743421875E-07, 0.0194682614732358
1.74745375E-07, 0.0198513975640121
1.74747328125E-07, 0.0186037113734508
1.7474928125E-07, 0.0207706266819025
1.74751234375E-07, 0.0182002827836822
1.747531875E-07, 0.0202737020381508
1.74755140625E-07, 0.0179332243569565
1.7475709375E-07, 0.0186883842521638
1.74759046875E-07, 0.019209680564251
1.74761E-07, 0.0188730290805002
1.74762953125E-07, 0.017498657687389
1.7476490625E-07, 0.016980197871278
1.74766859375E-07, 0.017381471883222
1.747688125E-07, 0.0171812274122215
1.74770765625E-07, 0.0159811211453219
1.7477271875E-07, 0.0163900359745539
1.74774671875E-07, 0.0165003607124889
1.74776625E-07, 0.0162956085781468
1.74778578125E-07, 0.0136357456458436
1.7478053125E-07, 0.0148087702621332
1.74782484375E-07, 0.0151445649238249
1.747844375E-07, 0.015419644871132
1.74786390625E-07, 0.0137668637943434
1.7478834375E-07, 0.0138115510067855
1.74790296875E-07, 0.011469953668441
1.7479225E-07, 0.0118906046923836
1.74794203125E-07, 0.0105459256906272
1.7479615625E-07, 0.0105624648042813
1.74798109375E-07, 0.0102074772923737
1.748000625E-07, 0.00871788187977917
1.74802015625E-07, 0.00927989126637174
1.7480396875E-07, 0.00827679763361131
1.74805921875E-07, 0.00888512117533206
1.74807875E-07, 0.00727768412562863
1.74809828125E-07, 0.00496347323611743
1.7481178125E-07, 0.0054722942540945
1.74813734375E-07, 0.00539875585692127
1.748156875E-07, 0.00529292290104634
1.74817640625E-07, 0.00341180945729878
1.7481959375E-07, 0.00367283993704968
1.74821546875E-07, 0.00451952793324657
1.748235E-07, 0.00136218431038591
1.74825453125E-07, 0.000405029750449555
1.7482740625E-07, 0.00015487760203543
1.74829359375E-07, -0.00031323567747273
1.748313125E-07, 0.000797474211563364
1.74833265625E-07, 0.0020855454018381
1.7483521875E-07, -0.000649366558857502
1.74837171875E-07, -0.00298697590085631
1.74839125E-07, -0.00234319836369412
1.74841078125E-07, -0.00393263419797821
1.7484303125E-07, -0.00251776548743656
1.74844984375E-07, -0.00308705090958234
1.748469375E-07, -0.005243638212563
1.74848890625E-07, -0.00462622708572133
1.7485084375E-07, -0.00621702185059233
1.74852796875E-07, -0.0038504685307365
1.7485475E-07, -0.00620587793438994
1.74856703125E-07, -0.0061600569776463
1.7485865625E-07, -0.00659731326583142
1.74860609375E-07, -0.00739187091952251
1.748625625E-07, -0.00662669864418796
1.74864515625E-07, -0.00759745934268361
1.7486646875E-07, -0.00718414887745915
1.74868421875E-07, -0.00816526297810105
1.74870375E-07, -0.00723260652459847
1.74872328125E-07, -0.00797442439329677
1.7487428125E-07, -0.00865283201682587
1.74876234375E-07, -0.00832954476697432
1.748781875E-07, -0.00860506151302405
1.74880140625E-07, -0.00848627825724614
1.7488209375E-07, -0.00841440683861962
1.74884046875E-07, -0.00664313962313935
1.74886E-07, -0.00896085040109318
1.74887953125E-07, -0.00804022932834613
1.7488990625E-07, -0.00852497509949627
1.74891859375E-07, -0.00755405602279639
1.748938125E-07, -0.0079142797770022
1.74895765625E-07, -0.00792260030471995
1.7489771875E-07, -0.00755056830336936
1.74899671875E-07, -0.00751559903511997
1.74901625E-07, -0.00742739642639689
1.74903578125E-07, -0.00671684080999215
1.7490553125E-07, -0.00635194879721107
1.74907484375E-07, -0.00626676255509966
1.749094375E-07, -0.00693029086731943
1.74911390625E-07, -0.00606855846996003
1.7491334375E-07, -0.00646027226105794
1.74915296875E-07, -0.00525919557111593
1.7491725E-07, -0.00499883788570053
1.74919203125E-07, -0.00545681201763367
1.7492115625E-07, -0.00439510987046204
1.74923109375E-07, -0.00491656063676376
1.749250625E-07, -0.00390180751937986
1.74927015625E-07, -0.00402902621841154
1.7492896875E-07, -0.00389463279607201
1.74930921875E-07, -0.00318121941512218
1.74932875E-07, -0.00135796900384923
1.74934828125E-07, -0.00293772058606659
1.7493678125E-07, -0.00218568179771207
1.74938734375E-07, -0.00268087223590058
1.749406875E-07, -0.00151067034069258
1.74942640625E-07, -0.00170573124136146
1.7494459375E-07, -0.00218747673411819
1.74946546875E-07, -0.00167900666353449
1.749485E-07, -0.00114517734909726
1.74950453125E-07, -0.000965351802325243
1.7495240625E-07, -0.000142501447297471
1.74954359375E-07, -0.000499722544328085
1.749563125E-07, -0.000263012272334
1.74958265625E-07, -0.000262755743150079
1.7496021875E-07, -0.000375767526392423
1.74962171875E-07, 0.000488676789524914
1.74964125E-07, 0.000487111594372671
1.74966078125E-07, 0.000564459580555529
1.7496803125E-07, 0.000510435138042216
1.74969984375E-07, 0.000605185086385618
1.749719375E-07, 0.00128082897361503
1.74973890625E-07, 0.00113452755841232
1.7497584375E-07, 0.000889129089566505
1.74977796875E-07, 0.00147419514802449
1.7497975E-07, 0.00148574425797048
1.74981703125E-07, 0.00130008631023307
1.7498365625E-07, 0.00139112493317927
1.74985609375E-07, 0.00126810166256558
1.749875625E-07, 0.000786325312546368
1.74989515625E-07, 0.000426676358987205
1.7499146875E-07, 0.00181799043972102
1.74993421875E-07, 0.00196171256794841
1.74995375E-07, 0.000277109798054916
1.74997328125E-07, 0.000457622518327091
1.7499928125E-07, 0.000785055956022834
1.75001234375E-07, 0.000763680820018183
1.750031875E-07, 0.000484694461565674
1.75005140625E-07, 0.000904324128972011
1.7500709375E-07, 0.00147539400784627
1.75009046875E-07, 0.00103460340841336
1.75011E-07, 0.00177918709447159
1.75012953125E-07, 0.000199794903327136
1.7501490625E-07, 0.000512324358344308
1.75016859375E-07, 0.000324975477207313
1.750188125E-07, -0.00016119689178748
1.75020765625E-07, 0.000265288269458078
1.7502271875E-07, -0.000774486304546355
1.75024671875E-07, 0.00022519424124613
1.75026625E-07, -0.000881621715496961
1.75028578125E-07, -0.000858393243373718
1.7503053125E-07, -0.000627926686423785
1.75032484375E-07, -0.0011814176726318
1.750344375E-07, -0.00294263508830757
1.75036390625E-07, -0.00247456433418796
1.7503834375E-07, -0.00119664098667668
1.75040296875E-07, -0.00233247578745262
1.7504225E-07, -0.00245587469468345
1.75044203125E-07, -0.00261532240961362
1.7504615625E-07, -0.00405793090843471
1.75048109375E-07, -0.00269786913044169
1.750500625E-07, -0.00524274854543757
1.75052015625E-07, -0.00431860624657513
1.7505396875E-07, -0.00556229928199683
1.75055921875E-07, -0.00590049218341493
1.75057875E-07, -0.00510235587988954
1.75059828125E-07, -0.00510794021057385
1.7506178125E-07, -0.00497829819109462
1.75063734375E-07, -0.00822208543565374
1.750656875E-07, -0.00533429795143928
1.75067640625E-07, -0.00719210605219282
1.7506959375E-07, -0.00689109229575073
1.75071546875E-07, -0.00805076544852878
1.750735E-07, -0.00836668145930741
1.75075453125E-07, -0.00948714843817808
1.7507740625E-07, -0.00889122921429327
1.75079359375E-07, -0.00919091468849449
1.750813125E-07, -0.00935700728010983
1.75083265625E-07, -0.0100887173353085
1.7508521875E-07, -0.0114703264911156
1.75087171875E-07, -0.0115210126581233
1.75089125E-07, -0.013422674928965
1.75091078125E-07, -0.0125022617662767
1.7509303125E-07, -0.0150563018591349
1.75094984375E-07, -0.0139128550551692
1.750969375E-07, -0.0144229959285381
1.75098890625E-07, -0.0138303449809267
1.7510084375E-07, -0.0167200584867815
1.75102796875E-07, -0.0165663799747249
1.7510475E-07, -0.0147052305469362
1.75106703125E-07, -0.0159034677884079
1.7510865625E-07, -0.0173843708651515
1.75110609375E-07, -0.0198486654628586
1.751125625E-07, -0.0191639186971334
1.75114515625E-07, -0.0184826074387986
1.7511646875E-07, -0.0176628279285577
1.75118421875E-07, -0.0193071450579881
1.75120375E-07, -0.0220536340322537
1.75122328125E-07, -0.0211249558448409
1.7512428125E-07, -0.0219265704592914
1.75126234375E-07, -0.0226601190001831
1.751281875E-07, -0.0232870140592099
1.75130140625E-07, -0.0237253418495373
1.7513209375E-07, -0.0245207179379129
1.75134046875E-07, -0.0254497804124002
1.75136E-07, -0.0260186419830971
1.75137953125E-07, -0.0246157375131472
1.7513990625E-07, -0.0243932274836528
1.75141859375E-07, -0.0268067146349796
1.751438125E-07, -0.0250015405224322
1.75145765625E-07, -0.0286431550011646
1.7514771875E-07, -0.028427933751285
1.75149671875E-07, -0.0285466366933864
1.75151625E-07, -0.0283751167652642
1.75153578125E-07, -0.0287480952438311
1.7515553125E-07, -0.029986515620695
1.75157484375E-07, -0.0305013830283306
1.751594375E-07, -0.0298607691488043
1.75161390625E-07, -0.0307909256585683
1.7516334375E-07, -0.0310118096428238
1.75165296875E-07, -0.0308659911454314
1.7516725E-07, -0.0330305245271444
1.75169203125E-07, -0.0318963084237169
1.7517115625E-07, -0.0313332597053321
1.75173109375E-07, -0.0308202891658242
1.751750625E-07, -0.0305840960085466
1.75177015625E-07, -0.0322765296898772
1.7517896875E-07, -0.0315274833252755
1.75180921875E-07, -0.0325710221396398
1.75182875E-07, -0.0322454334026344
1.75184828125E-07, -0.0328112575694037
1.7518678125E-07, -0.0325469078418979
1.75188734375E-07, -0.032947709750079
1.751906875E-07, -0.0331718987207536
1.75192640625E-07, -0.0332924923958638
1.7519459375E-07, -0.0331052330514289
1.75196546875E-07, -0.0325950933270845
1.751985E-07, -0.0325944191223295
1.75200453125E-07, -0.0326620897087152
1.7520240625E-07, -0.0324402490548553
1.75204359375E-07, -0.0328229138592378
1.752063125E-07, -0.0316519313426285
1.75208265625E-07, -0.0315850606183744
1.7521021875E-07, -0.0326570387611311
1.75212171875E-07, -0.0322914360848337
1.75214125E-07, -0.0326223296540334
1.75216078125E-07, -0.0309359054111264
1.7521803125E-07, -0.0317777328536493
1.75219984375E-07, -0.0313483673908568
1.752219375E-07, -0.0316218947449328
1.75223890625E-07, -0.0315254044223765
1.7522584375E-07, -0.0307963548193399
1.75227796875E-07, -0.029888868462144
1.7522975E-07, -0.0308745760775211
1.75231703125E-07, -0.0304191574669829
1.7523365625E-07, -0.0301071452125064
1.75235609375E-07, -0.0293323088070773
1.752375625E-07, -0.0291060762478816
1.75239515625E-07, -0.0303110137025488
1.7524146875E-07, -0.0297200284945922
1.75243421875E-07, -0.0289048125791516
1.75245375E-07, -0.0289471512822501
1.75247328125E-07, -0.0269011152583078
1.7524928125E-07, -0.0264029204670266
1.75251234375E-07, -0.0281251262471088
1.752531875E-07, -0.0270102883424591
1.75255140625E-07, -0.0265924773711182
1.7525709375E-07, -0.0274079123738866
1.75259046875E-07, -0.0273523868183995
1.75261E-07, -0.0261311581720329
1.75262953125E-07, -0.0251756089532833
1.7526490625E-07, -0.0229857716439865
1.75266859375E-07, -0.026299523908257
1.752688125E-07, -0.0256107764304879
1.75270765625E-07, -0.0243843084790079
1.7527271875E-07, -0.02443338005012
1.75274671875E-07, -0.02404422655652
1.75276625E-07, -0.0230918330291442
1.75278578125E-07, -0.0242030250621162
1.7528053125E-07, -0.0230724157007292
1.75282484375E-07, -0.022293507988058
1.752844375E-07, -0.0211432776361043
1.75286390625E-07, -0.020583726181631
1.7528834375E-07, -0.0196368953108228
1.75290296875E-07, -0.0195543944098599
1.7529225E-07, -0.0197724051136921
1.75294203125E-07, -0.0207064736287736
1.7529615625E-07, -0.0195454765257997
1.75298109375E-07, -0.0187431848283453
1.753000625E-07, -0.0193705096866182
1.75302015625E-07, -0.0180958822279529
1.7530396875E-07, -0.0165774440277278
1.75305921875E-07, -0.0159694765292843
1.75307875E-07, -0.0169146628908813
1.75309828125E-07, -0.0158788369575143
1.7531178125E-07, -0.0164547946778953
1.75313734375E-07, -0.0165385914037289
1.753156875E-07, -0.0143839082344096
1.75317640625E-07, -0.0141772641639776
1.7531959375E-07, -0.0142385577812026
1.75321546875E-07, -0.0138727465605988
1.753235E-07, -0.0126973081930433
1.75325453125E-07, -0.0126573088870617
1.7532740625E-07, -0.0127239649863796
1.75329359375E-07, -0.0130339758850768
1.753313125E-07, -0.0117244015240406
1.75333265625E-07, -0.0114452866981848
1.7533521875E-07, -0.0112517838721563
1.75337171875E-07, -0.0119954715787234
1.75339125E-07, -0.010685226364743
1.75341078125E-07, -0.00886794547826856
1.7534303125E-07, -0.00845987974586743
1.75344984375E-07, -0.00832377387391613
1.753469375E-07, -0.00954553696571735
1.75348890625E-07, -0.00846595167813771
1.7535084375E-07, -0.00726053132887329
1.75352796875E-07, -0.0071384281852948
1.7535475E-07, -0.00677698395092474
1.75356703125E-07, -0.00727421607407833
1.7535865625E-07, -0.00660635627816817
1.75360609375E-07, -0.00511021492377496
1.753625625E-07, -0.00499602451345264
1.75364515625E-07, -0.0041787910361312
1.7536646875E-07, -0.005032955971369
1.75368421875E-07, -0.00525102559786919
1.75370375E-07, -0.00470516799855294
1.75372328125E-07, -0.00471318624956902
1.7537428125E-07, -0.0023919996271953
1.75376234375E-07, -0.001231182672896
1.753781875E-07, -0.00228625214927585
1.75380140625E-07, -0.00197000701380107
1.7538209375E-07, -0.00197831972092219
1.75384046875E-07, -0.00231555766960222
1.75386E-07, -0.000938372049976711
1.75387953125E-07, -3.55573922103931E-05
1.7538990625E-07, -0.00123614195369455
1.75391859375E-07, -0.00127031611645566
1.753938125E-07, -0.00114818432559914
1.75395765625E-07, 0.000246111462187605
1.7539771875E-07, -0.00138675758775184
1.75399671875E-07, -9.34451973414741E-05
1.75401625E-07, 0.00123851258855751
1.75403578125E-07, 0.00163523509126058
1.7540553125E-07, 0.00111408838507571
1.75407484375E-07, 0.000885353206436391
1.754094375E-07, 0.00158025490819157
1.75411390625E-07, 0.00131968678758
1.7541334375E-07, 0.0018707932582434
1.75415296875E-07, 0.00100081668640863
1.7541725E-07, 0.00246993760829301
1.75419203125E-07, 0.0016914991174487
1.7542115625E-07, 0.00263321516028322
1.75423109375E-07, 0.00359935026033382
1.754250625E-07, 0.00219833034720053
1.75427015625E-07, 0.0035162324709164
1.7542896875E-07, 0.00328122255942279
1.75430921875E-07, 0.00316392628259247
1.75432875E-07, 0.00361451093993227
1.75434828125E-07, 0.00405611744710201
1.7543678125E-07, 0.00419493019210469
1.75438734375E-07, 0.00338439061183669
1.754406875E-07, 0.00519160721698749
1.75442640625E-07, 0.00430836894608616
1.7544459375E-07, 0.00496383437360856
1.75446546875E-07, 0.00476721628055156
1.754485E-07, 0.00508586453199737
1.75450453125E-07, 0.00571735376561457
1.7545240625E-07, 0.00503252053450444
1.75454359375E-07, 0.00549224018471578
1.754563125E-07, 0.00596845093481472
1.75458265625E-07, 0.00536321948940176
1.7546021875E-07, 0.00617219864711166
1.75462171875E-07, 0.00626548398115472
1.75464125E-07, 0.00707124948000006
1.75466078125E-07, 0.00691207368472882
1.7546803125E-07, 0.00697001423761727
1.75469984375E-07, 0.00789348271980581
1.754719375E-07, 0.00758784256017344
1.75473890625E-07, 0.00598965165425597
1.7547584375E-07, 0.00866716653101642
1.75477796875E-07, 0.00823871104811847
1.7547975E-07, 0.00853760779587863
1.75481703125E-07, 0.0100339717064336
1.7548365625E-07, 0.00852910204470115
1.75485609375E-07, 0.00917562213253435
1.754875625E-07, 0.00864325849548391
1.75489515625E-07, 0.00982887062621094
1.7549146875E-07, 0.00999179035661058
1.75493421875E-07, 0.00998380727782204
1.75495375E-07, 0.0103355607062368
1.75497328125E-07, 0.0103627035082501
1.7549928125E-07, 0.0103746526249639
1.75501234375E-07, 0.0109167945097514
1.755031875E-07, 0.011576049564467
1.75505140625E-07, 0.0107360416758362
1.7550709375E-07, 0.0119198723098512
1.75509046875E-07, 0.0109241720460388
1.75511E-07, 0.0116246985186018
1.75512953125E-07, 0.0127551154904997
1.7551490625E-07, 0.0118709993294651
1.75516859375E-07, 0.0132216611466805
1.755188125E-07, 0.0126999510311242
1.75520765625E-07, 0.013217761923409
1.7552271875E-07, 0.0137025193581246
1.75524671875E-07, 0.013740336765585
1.75526625E-07, 0.0137836381626078
1.75528578125E-07, 0.0139400664035606
1.7553053125E-07, 0.0136503282737347
1.75532484375E-07, 0.0141113097103047
1.755344375E-07, 0.0139297095631507
1.75536390625E-07, 0.0144689919650017
1.7553834375E-07, 0.0146873963883999
1.75540296875E-07, 0.0138247105713716
1.7554225E-07, 0.0148329144544545
1.75544203125E-07, 0.014934198003626
1.7554615625E-07, 0.0147076379808297
1.75548109375E-07, 0.0152748408370515
1.755500625E-07, 0.0147568058601886
1.75552015625E-07, 0.0154254450447446
1.7555396875E-07, 0.0151816023577624
1.75555921875E-07, 0.0147400186731944
1.75557875E-07, 0.0147984575331116
1.75559828125E-07, 0.0149613683903697
1.7556178125E-07, 0.0150300740758482
1.75563734375E-07, 0.0149327888119656
1.755656875E-07, 0.0147965902512548
1.75567640625E-07, 0.0148059482092591
1.7556959375E-07, 0.0147378739546541
1.75571546875E-07, 0.0147247595758793
1.755735E-07, 0.0142489490271516
1.75575453125E-07, 0.0139997929709141
1.7557740625E-07, 0.0140086380756216
1.75579359375E-07, 0.0147208934841481
1.755813125E-07, 0.013639969735846
1.75583265625E-07, 0.013983119563318
1.7558521875E-07, 0.014718540046029
1.75587171875E-07, 0.0135744431335869
1.75589125E-07, 0.0130240997378914
1.75591078125E-07, 0.0131046886819177
1.7559303125E-07, 0.0123031168707633
1.75594984375E-07, 0.0132564060172425
1.755969375E-07, 0.011971741173202
1.75598890625E-07, 0.0123010512215874
1.7560084375E-07, 0.0115807835302586
1.75602796875E-07, 0.0116623922624068
1.7560475E-07, 0.0108538958080301
1.75606703125E-07, 0.0103260233092224
1.7560865625E-07, 0.0105749939076302
1.75610609375E-07, 0.00983552610434452
1.756125625E-07, 0.00973181756594823
1.75614515625E-07, 0.00943777643317404
1.7561646875E-07, 0.00950383146330456
1.75618421875E-07, 0.0090167073931906
1.75620375E-07, 0.00875749870340941
1.75622328125E-07, 0.0092458097507471
1.7562428125E-07, 0.0080821455575511
1.75626234375E-07, 0.00830328382614255
1.756281875E-07, 0.00728700439733683
1.75630140625E-07, 0.00839662266521482
1.7563209375E-07, 0.00771066016354087
1.75634046875E-07, 0.007368087617181
1.75636E-07, 0.00697223692674023
1.75637953125E-07, 0.00627654735594568
1.7563990625E-07, 0.00636859098815627
1.75641859375E-07, 0.00663975614878589
1.756438125E-07, 0.00633180827139202
1.75645765625E-07, 0.00638584054862412
1.7564771875E-07, 0.0058360055822224
1.75649671875E-07, 0.00587629337245537
1.75651625E-07, 0.00596776280726096
1.75653578125E-07, 0.00540510983072763
1.7565553125E-07, 0.00506830032648971
1.75657484375E-07, 0.00537512248486093
1.756594375E-07, 0.0053350650819391
1.75661390625E-07, 0.00556367942749534
1.7566334375E-07, 0.00458774238506683
1.75665296875E-07, 0.00517790478733076
1.7566725E-07, 0.00449883612502856
1.75669203125E-07, 0.00457174986772092
1.7567115625E-07, 0.00431909424636992
1.75673109375E-07, 0.00453200933356294
1.756750625E-07, 0.00456677408758951
1.75677015625E-07, 0.00438171303075188
1.7567896875E-07, 0.00460026736079311
1.75680921875E-07, 0.00488060877417771
1.75682875E-07, 0.00423043943935537
1.75684828125E-07, 0.00446999022553314
1.7568678125E-07, 0.00507834105179459
1.75688734375E-07, 0.00475160774401752
1.756906875E-07, 0.00446375116291194
1.75692640625E-07, 0.00509200395284507
1.7569459375E-07, 0.0044326590343656
1.75696546875E-07, 0.00500255953225363
1.756985E-07, 0.00540704718333697
1.75700453125E-07, 0.00503041852354658
1.7570240625E-07, 0.00528557745563811
1.75704359375E-07, 0.0048116877573601
1.757063125E-07, 0.00566831724074592
1.75708265625E-07, 0.00534762927968438
1.7571021875E-07, 0.00574412375269528
1.75712171875E-07, 0.00550948442735741
1.75714125E-07, 0.00612188915266292
1.75716078125E-07, 0.00601823739402221
1.7571803125E-07, 0.00583641477200839
1.75719984375E-07, 0.00585294416943911
1.757219375E-07, 0.00649627995549963
1.75723890625E-07, 0.00643973243468777
1.7572584375E-07, 0.006335277786334
1.75727796875E-07, 0.00670113910711353
1.7572975E-07, 0.00673790525097154
1.75731703125E-07, 0.00712788977834629
1.7573365625E-07, 0.00725285771220379
1.75735609375E-07, 0.00769030414507757
1.757375625E-07, 0.00733275566597505
1.75739515625E-07, 0.00729062103876159
1.7574146875E-07, 0.00788504906605724
1.75743421875E-07, 0.00805318797288978
1.75745375E-07, 0.00839758438232316
1.75747328125E-07, 0.0083714158636487
1.7574928125E-07, 0.00802064145325316
1.75751234375E-07, 0.0080921022717376
1.757531875E-07, 0.00804849058261638
1.75755140625E-07, 0.00807439907341531
1.7575709375E-07, 0.0088196777820991
1.75759046875E-07, 0.00858721948669692
1.75761E-07, 0.00883473586204588
1.75762953125E-07, 0.00886030946921509
1.7576490625E-07, 0.00915739300439259
1.75766859375E-07, 0.00955324305469265
1.757688125E-07, 0.00914991412353869
1.75770765625E-07, 0.00918093017972275
1.7577271875E-07, 0.00977719898403651
1.75774671875E-07, 0.00947539938003564
1.75776625E-07, 0.00968072573678255
1.75778578125E-07, 0.00950074037418449
1.7578053125E-07, 0.0100316307615479
1.75782484375E-07, 0.0096461693826845
1.757844375E-07, 0.00960297394069721
1.75786390625E-07, 0.0103359726863332
1.7578834375E-07, 0.0101478150546189
1.75790296875E-07, 0.0104371952867778
1.7579225E-07, 0.0104739289422521
1.75794203125E-07, 0.0101866151192651
1.7579615625E-07, 0.0105540205528648
1.75798109375E-07, 0.010420909459813
1.758000625E-07, 0.0102702992147783
1.75802015625E-07, 0.0103576003781092
1.7580396875E-07, 0.010488813236339
1.75805921875E-07, 0.010787575936476
1.75807875E-07, 0.0107468660415185
1.75809828125E-07, 0.0103356307468775
1.7581178125E-07, 0.0106714722425868
1.75813734375E-07, 0.0107562021651714
1.758156875E-07, 0.0109387811019836
1.75817640625E-07, 0.0106632902086624
1.7581959375E-07, 0.0107946431985674
1.75821546875E-07, 0.011293438693299
1.758235E-07, 0.0110104251453247
1.75825453125E-07, 0.0111271164271585
1.7582740625E-07, 0.0108735980125946
1.75829359375E-07, 0.0113425397470361
1.758313125E-07, 0.0114518626142925
1.75833265625E-07, 0.0115761049368168
1.7583521875E-07, 0.0117430506663722
1.75837171875E-07, 0.0115129605342257
1.75839125E-07, 0.0116121228574092
1.75841078125E-07, 0.0115643037976588
1.7584303125E-07, 0.0115732298289926
1.75844984375E-07, 0.0120183507257262
1.758469375E-07, 0.0115674267650759
1.75848890625E-07, 0.0122305176641241
1.7585084375E-07, 0.0118125972388801
1.75852796875E-07, 0.0115341175821567
1.7585475E-07, 0.0119501538776726
1.75856703125E-07, 0.0115729913853575
1.7585865625E-07, 0.0120211348381383
1.75860609375E-07, 0.0124754526490316
1.758625625E-07, 0.0123499537555536
1.75864515625E-07, 0.0123446294746695
1.7586646875E-07, 0.0119472569882739
1.75868421875E-07, 0.0123977632400554
1.75870375E-07, 0.0117495307112786
1.75872328125E-07, 0.0123229628756972
1.7587428125E-07, 0.0121819931792701
1.75876234375E-07, 0.0119640398124299
1.758781875E-07, 0.0121101651733361
1.75880140625E-07, 0.01222174858491
1.7588209375E-07, 0.0116727491907328
1.75884046875E-07, 0.0124626445002492
1.75886E-07, 0.0124475464799778
1.75887953125E-07, 0.0121223710610791
1.7588990625E-07, 0.0123499434467757
1.75891859375E-07, 0.012601880158917
1.758938125E-07, 0.0122592083573907
1.75895765625E-07, 0.0125215047369772
1.7589771875E-07, 0.0121831153163186
1.75899671875E-07, 0.0124164647667838
1.75901625E-07, 0.0120903316400201
1.75903578125E-07, 0.0120124917151297
1.7590553125E-07, 0.0122715520167001
1.75907484375E-07, 0.0112374765848393
1.759094375E-07, 0.0117499173753705
1.75911390625E-07, 0.0122243088814339
1.7591334375E-07, 0.0123014830389434
1.75915296875E-07, 0.0121500071722181
1.7591725E-07, 0.0114125689755225
1.75919203125E-07, 0.012073550953653
1.7592115625E-07, 0.012067651891344
1.75923109375E-07, 0.0118647599194381
1.759250625E-07, 0.0115151028257416
1.75927015625E-07, 0.0120066732052594
1.7592896875E-07, 0.01153035676444
1.75930921875E-07, 0.0114425182412888
1.75932875E-07, 0.0116226735191091
1.75934828125E-07, 0.0100994549241049
1.7593678125E-07, 0.0108885633518448
1.75938734375E-07, 0.0109572884105321
1.759406875E-07, 0.0107125281355635
1.75942640625E-07, 0.0103285811766505
1.7594459375E-07, 0.00991130935553396
1.75946546875E-07, 0.0102490528142892
1.759485E-07, 0.0102266525845025
1.75950453125E-07, 0.0100909115179572
1.7595240625E-07, 0.0102261254183627
1.75954359375E-07, 0.0101383704590161
1.759563125E-07, 0.00931096895480169
1.75958265625E-07, 0.00938741261285157
1.7596021875E-07, 0.0083895243400832
1.75962171875E-07, 0.00929029133073794
1.75964125E-07, 0.00870145727956462
1.75966078125E-07, 0.00880239369529632
1.7596803125E-07, 0.00714028441424884
1.75969984375E-07, 0.00804568305303699
1.759719375E-07, 0.00762953191115242
1.75973890625E-07, 0.00617699598759736
1.7597584375E-07, 0.00686581400847618
1.75977796875E-07, 0.00723308189795557
1.7597975E-07, 0.00651869852873871
1.75981703125E-07, 0.00381230372172611
1.7598365625E-07, 0.00554835326734573
1.75985609375E-07, 0.00593933110447873
1.759875625E-07, 0.00420860310290431
1.75989515625E-07, 0.00413656309383254
1.7599146875E-07, 0.00208633802229316
1.75993421875E-07, 0.00390277185323378
1.75995375E-07, 0.00369213137279521
1.75997328125E-07, 0.00176884085183028
1.7599928125E-07, 0.00371188249293407
1.76001234375E-07, 0.00178235310464444
1.760031875E-07, 0.00295360528007846
1.76005140625E-07, 0.00207175407253659
1.7600709375E-07, 0.00091734047474419
1.76009046875E-07, 0.000709409447095188
1.76011E-07, -0.000312863962304304
1.76012953125E-07, 0.000751284216756196
1.7601490625E-07, 0.000585336844844157
1.76016859375E-07, -0.00167308559621767
1.760188125E-07, -0.00294306012787009
1.76020765625E-07, -0.000696426119709281
1.7602271875E-07, -0.000533011872245964
1.76024671875E-07, -0.00263409429764956
1.76026625E-07, -0.00259435338587165
1.76028578125E-07, -0.0028527514981891
1.7603053125E-07, -0.00481294292602871
1.76032484375E-07, -0.00492222574388199
1.760344375E-07, -0.00348310407096051
1.76036390625E-07, -0.00679910266516442
1.7603834375E-07, -0.0066702778450512
1.76040296875E-07, -0.00594855750323619
1.7604225E-07, -0.00807862993953579
1.76044203125E-07, -0.0077321734478972
1.7604615625E-07, -0.00877101431082927
1.76048109375E-07, -0.00901192111060237
1.760500625E-07, -0.00935463991708733
1.76052015625E-07, -0.00956758500201301
1.7605396875E-07, -0.010718004520855
1.76055921875E-07, -0.0102604094015709
1.76057875E-07, -0.0101175052386247
1.76059828125E-07, -0.00993198017298633
1.7606178125E-07, -0.0120838313563645
1.76063734375E-07, -0.014363909273681
1.760656875E-07, -0.0122018299945011
1.76067640625E-07, -0.0130990187868065
1.7606959375E-07, -0.0121268041065103
1.76071546875E-07, -0.0152099244843744
1.760735E-07, -0.0152766910459305
1.76075453125E-07, -0.0147538671046416
1.7607740625E-07, -0.0145712561679702
1.76079359375E-07, -0.0141061205543671
1.760813125E-07, -0.0151614383453335
1.76083265625E-07, -0.0158723089666682
1.7608521875E-07, -0.0159763152975258
1.76087171875E-07, -0.0163526571309554
1.76089125E-07, -0.0176428891984571
1.76091078125E-07, -0.0164176296726329
1.7609303125E-07, -0.0160809227388804
1.76094984375E-07, -0.0171259497588876
1.760969375E-07, -0.0170699109928013
1.76098890625E-07, -0.016960572646854
1.7610084375E-07, -0.0170818814267338
1.76102796875E-07, -0.0179334257089499
1.7610475E-07, -0.017363451432469
1.76106703125E-07, -0.017564863262841
1.7610865625E-07, -0.0171054689202236
1.76110609375E-07, -0.0179461195808722
1.761125625E-07, -0.0183260823186543
1.76114515625E-07, -0.0180934236978936
1.7611646875E-07, -0.0182275269986103
1.76118421875E-07, -0.0185323213449087
1.76120375E-07, -0.0177197746482536
1.76122328125E-07, -0.0172872778929749
1.7612428125E-07, -0.0179926868965386
1.76126234375E-07, -0.0177155765772575
1.761281875E-07, -0.0174470993808084
1.76130140625E-07, -0.0172419973966572
1.7613209375E-07, -0.016223743783858
1.76134046875E-07, -0.0171391982652856
1.76136E-07, -0.0160231549463158
1.76137953125E-07, -0.0164008345257954
1.7613990625E-07, -0.0157623104501608
1.76141859375E-07, -0.0159537111262598
1.761438125E-07, -0.0145173697347958
1.76145765625E-07, -0.0152332173376035
1.7614771875E-07, -0.0146630836287617
1.76149671875E-07, -0.0148650424849258
1.76151625E-07, -0.0137796362759285
1.76153578125E-07, -0.0140766222866215
1.7615553125E-07, -0.0137890546684875
1.76157484375E-07, -0.0127108312876899
1.761594375E-07, -0.0130729937444184
1.76161390625E-07, -0.0120221560065245
1.7616334375E-07, -0.0128324026770855
1.76165296875E-07, -0.0122235123591348
1.7616725E-07, -0.0108125234572881
1.76169203125E-07, -0.0120074906216681
1.7617115625E-07, -0.0104859500367754
1.76173109375E-07, -0.0110762855118236
1.761750625E-07, -0.0118555493354321
1.76177015625E-07, -0.0103346395733535
1.7617896875E-07, -0.00959556580736769
1.76180921875E-07, -0.00993547188515132
1.76182875E-07, -0.00974812444153216
1.76184828125E-07, -0.00955310946995196
1.7618678125E-07, -0.00879101133727859
1.76188734375E-07, -0.00828181557867941
1.761906875E-07, -0.00842911520285216
1.76192640625E-07, -0.0095074593524662
1.7619459375E-07, -0.00757038365905699
1.76196546875E-07, -0.00734730175124033
1.761985E-07, -0.00731158366268487
1.76200453125E-07, -0.00749329925760503
1.7620240625E-07, -0.0068934953496256
1.76204359375E-07, -0.00646393447362117
1.762063125E-07, -0.0063356233508199
1.76208265625E-07, -0.0066937541890597
1.7621021875E-07, -0.00668999654224663
1.76212171875E-07, -0.00584201474082343
1.76214125E-07, -0.00601621462643327
1.76216078125E-07, -0.00629007391934668
1.7621803125E-07, -0.00703304257232192
1.76219984375E-07, -0.00600862748695315
1.762219375E-07, -0.0059252059960156
1.76223890625E-07, -0.0064671234424456
1.7622584375E-07, -0.0064077751954565
1.76227796875E-07, -0.00599163451192719
1.7622975E-07, -0.00667659741381741
1.76231703125E-07, -0.0067305901489195
1.7623365625E-07, -0.00730262461384976
1.76235609375E-07, -0.00627851215600649
1.762375625E-07, -0.00648388432577715
1.76239515625E-07, -0.00658610725806621
1.7624146875E-07, -0.00666538694172529
1.76243421875E-07, -0.00744687269884558
1.76245375E-07, -0.00775195017708233
1.76247328125E-07, -0.00698515181479969
1.7624928125E-07, -0.00753187502217506
1.76251234375E-07, -0.00750501198545898
1.762531875E-07, -0.00778048777632368
1.76255140625E-07, -0.0082210688267637
1.7625709375E-07, -0.00803465491238953
1.76259046875E-07, -0.00805380684436923
1.76261E-07, -0.00866114405810941
1.76262953125E-07, -0.00815710563962507
1.7626490625E-07, -0.00813505258787625
1.76266859375E-07, -0.00881867973120061
1.762688125E-07, -0.00903091432259997
1.76270765625E-07, -0.00978245547865125
1.7627271875E-07, -0.00817275831988321
1.76274671875E-07, -0.00972338133498642
1.76276625E-07, -0.00910538299685255
1.76278578125E-07, -0.00971351208953087
1.7628053125E-07, -0.0102227315034881
1.76282484375E-07, -0.00977045673807751
1.762844375E-07, -0.0102699901992436
1.76286390625E-07, -0.0101387099561177
1.7628834375E-07, -0.00985836916618151
1.76290296875E-07, -0.00994049868154193
1.7629225E-07, -0.0105465171639661
1.76294203125E-07, -0.0108057107914454
1.7629615625E-07, -0.0106045766719097
1.76298109375E-07, -0.0103464154755229
1.763000625E-07, -0.0104504373758832
1.76302015625E-07, -0.0102433568033872
1.7630396875E-07, -0.0108660401211927
1.76305921875E-07, -0.0106765370407806
1.76307875E-07, -0.0106562318895232
1.76309828125E-07, -0.0106424572670249
1.7631178125E-07, -0.0108656026884898
1.76313734375E-07, -0.0103049406090972
1.763156875E-07, -0.0105526771712882
1.76317640625E-07, -0.0110504361114108
1.7631959375E-07, -0.0107276926148647
1.76321546875E-07, -0.0105038417564484
1.763235E-07, -0.0104036289750411
1.76325453125E-07, -0.0108076596035632
1.7632740625E-07, -0.0109170224580168
1.76329359375E-07, -0.0109901490465734
1.763313125E-07, -0.00930049754007631
1.76333265625E-07, -0.0102173209832924
1.7633521875E-07, -0.00942313733636398
1.76337171875E-07, -0.00925956900986777
1.76339125E-07, -0.00965951187316251
1.76341078125E-07, -0.00965468282885625
1.7634303125E-07, -0.00937766456651478
1.76344984375E-07, -0.00929209949528781
1.763469375E-07, -0.00921660001049541
1.76348890625E-07, -0.00871111225446793
1.7635084375E-07, -0.0084392773171686
1.76352796875E-07, -0.00761581945129084
1.7635475E-07, -0.0083743694071309
1.76356703125E-07, -0.0077026001032023
1.7635865625E-07, -0.00818490955857485
1.76360609375E-07, -0.00801495387309405
1.763625625E-07, -0.00792463150318962
1.76364515625E-07, -0.00694329664992051
1.7636646875E-07, -0.00711808451361619
1.76368421875E-07, -0.00701153819148513
1.76370375E-07, -0.0071348782220662
1.76372328125E-07, -0.00683557476548988
1.7637428125E-07, -0.0059107909489206
1.76376234375E-07, -0.00640499486858036
1.763781875E-07, -0.0073632355595647
1.76380140625E-07, -0.00610174772921885
1.7638209375E-07, -0.0055952480807503
1.76384046875E-07, -0.00483791727096868
1.76386E-07, -0.0062553384608395
1.76387953125E-07, -0.00549350199036356
1.7638990625E-07, -0.00558639102065608
1.76391859375E-07, -0.004641271527177
1.763938125E-07, -0.0049122349159968
1.76395765625E-07, -0.00526431617028127
1.7639771875E-07, -0.00515780533567253
1.76399671875E-07, -0.00462714941564183
1.76401625E-07, -0.00416567807796255
1.76403578125E-07, -0.00480962551336578
1.7640553125E-07, -0.00544546309892891
1.76407484375E-07, -0.00474804943121492
1.764094375E-07, -0.00497423525291898
1.76411390625E-07, -0.00383062735249819
1.7641334375E-07, -0.0039645029684649
1.76415296875E-07, -0.0039406275691161
1.7641725E-07, -0.00342483091108742
1.76419203125E-07, -0.00346626478718859
1.7642115625E-07, -0.00311802143549385
1.76423109375E-07, -0.0031379497586262
1.764250625E-07, -0.00356831962909926
1.76427015625E-07, -0.00321403327736361
1.7642896875E-07, -0.00330593004514358
1.76430921875E-07, -0.00365019361600296
1.76432875E-07, -0.00310037563449373
1.76434828125E-07, -0.00393506966810124
1.7643678125E-07, -0.00318014307518296
1.76438734375E-07, -0.00335126414391205
1.764406875E-07, -0.00275529951813322
1.76442640625E-07, -0.00303537547127198
1.7644459375E-07, -0.0030861970330679
1.76446546875E-07, -0.00311716322145544
1.764485E-07, -0.00290289989827544
1.76450453125E-07, -0.0028280395640136
1.7645240625E-07, -0.00285611532718122
1.76454359375E-07, -0.00255609668648346
1.764563125E-07, -0.00276238059983943
1.76458265625E-07, -0.00269123340337648
1.7646021875E-07, -0.00269869530001661
1.76462171875E-07, -0.00311212953359549
1.76464125E-07, -0.00288337734113625
1.76466078125E-07, -0.00278909629421475
1.7646803125E-07, -0.00268942481845371
1.76469984375E-07, -0.00291066562796398
1.764719375E-07, -0.00298214649406737
1.76473890625E-07, -0.00273565395385119
1.7647584375E-07, -0.00283158874145342
1.76477796875E-07, -0.0027825121129734
1.7647975E-07, -0.00316155569823072
1.76481703125E-07, -0.00283206533876299
1.7648365625E-07, -0.00271019854722666
1.76485609375E-07, -0.00262592346620951
1.764875625E-07, -0.00265340595915286
1.76489515625E-07, -0.00292484530829232
1.7649146875E-07, -0.0025565223783079
1.76493421875E-07, -0.00298358430166911
1.76495375E-07, -0.00246828593586691
1.76497328125E-07, -0.00244391546581543
1.7649928125E-07, -0.0027035029921632
1.76501234375E-07, -0.00287902815696697
1.765031875E-07, -0.00266813983428333
1.76505140625E-07, -0.00290787697012144
1.7650709375E-07, -0.00247268395806916
1.76509046875E-07, -0.00266705309742261
1.76511E-07, -0.0024739302397462
1.76512953125E-07, -0.00278358026162305
1.7651490625E-07, -0.0023725166119635
1.76516859375E-07, -0.00236045202013307
1.765188125E-07, -0.00236679653121697
1.76520765625E-07, -0.00231298113546127
1.7652271875E-07, -0.00265738304514408
1.76524671875E-07, -0.00246891063519296
1.76526625E-07, -0.00232453451064605
1.76528578125E-07, -0.00240482359083841
1.7653053125E-07, -0.00208801074098169
1.76532484375E-07, -0.00142568856433496
1.765344375E-07, -0.00147482857571981
1.76536390625E-07, -0.00233785775507073
1.7653834375E-07, -0.00241622429583158
1.76540296875E-07, -0.00172670807591262
1.7654225E-07, -0.00120936118644695
1.76544203125E-07, -0.00239052407159121
1.7654615625E-07, -0.00207238254456809
1.76548109375E-07, -0.00225671098344447
1.765500625E-07, -0.00222250364867387
1.76552015625E-07, -0.00257640559105424
1.7655396875E-07, -0.00242842305370674
1.76555921875E-07, -0.00215477451906999
1.76557875E-07, -0.00259877022286661
1.76559828125E-07, -0.0021892315201068
1.7656178125E-07, -0.00218725224540074
1.76563734375E-07, -0.00230382752120482
1.765656875E-07, -0.00227166317656801
1.76567640625E-07, -0.00245363639474702
1.7656959375E-07, -0.00212507661904805
1.76571546875E-07, -0.00210277668861039
1.765735E-07, -0.00228129905103592
1.76575453125E-07, -0.00213782538802944
1.7657740625E-07, -0.00256555595287638
1.76579359375E-07, -0.00249195846455611
1.765813125E-07, -0.00223319801136782
1.76583265625E-07, -0.00254987776858629
1.7658521875E-07, -0.00253449362789766
1.76587171875E-07, -0.00240037564498386
1.76589125E-07, -0.00258355467981672
1.76591078125E-07, -0.00258089163372385
1.7659303125E-07, -0.00244900138969465
1.76594984375E-07, -0.00253681382537861
1.765969375E-07, -0.00229617929963192
1.76598890625E-07, -0.00257472996618977
1.7660084375E-07, -0.00260293409981633
1.76602796875E-07, -0.00284379308045418
1.7660475E-07, -0.0026362854911718
1.76606703125E-07, -0.00247926358303171
1.7660865625E-07, -0.00265382561863205
1.76610609375E-07, -0.00260449061690951
1.766125625E-07, -0.00249469510805236
1.76614515625E-07, -0.00308662873844224
1.7661646875E-07, -0.00190379823811869
1.76618421875E-07, -0.00262009151409573
1.76620375E-07, -0.00285388388502356
1.76622328125E-07, -0.00354798791137642
1.7662428125E-07, -0.00263928222270109
1.76626234375E-07, -0.00287151226883357
1.766281875E-07, -0.00287344333427128
1.76630140625E-07, -0.00290041936672206
1.7663209375E-07, -0.00282387909863826
1.76634046875E-07, -0.00271345001353178
1.76636E-07, -0.00297733576137662
1.76637953125E-07, -0.00187749541563472
1.7663990625E-07, -0.0024668038486304
1.76641859375E-07, -0.0029396284250568
1.766438125E-07, -0.00263271458000549
1.76645765625E-07, -0.00266481679891086
1.7664771875E-07, -0.00282543739812687
1.76649671875E-07, -0.00303319491615288
1.76651625E-07, -0.00248826330523656
1.76653578125E-07, -0.00249080635103456
1.7665553125E-07, -0.00265171591316136
1.76657484375E-07, -0.0025769776505339
1.766594375E-07, -0.00299373826448841
1.76661390625E-07, -0.0028659903257244
1.7666334375E-07, -0.00284839542512155
1.76665296875E-07, -0.0029316931275227
1.7666725E-07, -0.00298985568344375
1.76669203125E-07, -0.00287081764377247
1.7667115625E-07, -0.00279542931799021
1.76673109375E-07, -0.00249076246460797
1.766750625E-07, -0.00254119406069278
1.76677015625E-07, -0.00246962686977894
1.7667896875E-07, -0.0027007270853046
1.76680921875E-07, -0.00267830186156324
1.76682875E-07, -0.00250812344379611
1.76684828125E-07, -0.00248960374437041
1.7668678125E-07, -0.0030525969976773
1.76688734375E-07, -0.00253965290134907
1.766906875E-07, -0.00273926787624863
1.76692640625E-07, -0.00251568630427137
1.7669459375E-07, -0.00267312707815838
1.76696546875E-07, -0.00255687408219503
1.766985E-07, -0.00281179428514755
1.76700453125E-07, -0.00252711439599947
1.7670240625E-07, -0.00271304576109558
1.76704359375E-07, -0.00269912349114961
1.767063125E-07, -0.00278071799555282
1.76708265625E-07, -0.00282793169873725
1.7671021875E-07, -0.00278996126766109
1.76712171875E-07, -0.00291605094762912
1.76714125E-07, -0.00242441866257042
1.76716078125E-07, -0.00240954181568116
1.7671803125E-07, -0.00246838330450335
1.76719984375E-07, -0.00267138832484261
1.767219375E-07, -0.00266200191502123
1.76723890625E-07, -0.00261874133277615
1.7672584375E-07, -0.00274208050112703
1.76727796875E-07, -0.00286744527885282
1.7672975E-07, -0.00310398241807925
1.76731703125E-07, -0.00273009730813728
1.7673365625E-07, -0.0030579808217987
1.76735609375E-07, -0.0027193167195214
1.767375625E-07, -0.00290633244778757
1.76739515625E-07, -0.00249389497871564
1.7674146875E-07, -0.00299828579484762
1.76743421875E-07, -0.00313434376066485
1.76745375E-07, -0.00287608680292127
1.76747328125E-07, -0.00303538779140044
1.7674928125E-07, -0.00326438182772653
1.76751234375E-07, -0.00332097509318084
1.767531875E-07, -0.00351276001930262
1.76755140625E-07, -0.0034319175780809
1.7675709375E-07, -0.00437763325353786
1.76759046875E-07, -0.00364877438530232
1.76761E-07, -0.0024831652524543
1.76762953125E-07, -0.00306611086208215
1.7676490625E-07, -0.00366427703728666
1.76766859375E-07, -0.00293021508693295
1.767688125E-07, -0.00360578191074558
1.76770765625E-07, -0.00411556145170778
1.7677271875E-07, -0.00395148724446347
1.76774671875E-07, -0.00404568154339651
1.76776625E-07, -0.0039470421377552
1.76778578125E-07, -0.00374126108605053
1.7678053125E-07, -0.004273460377962
1.76782484375E-07, -0.00363849900199336
1.767844375E-07, -0.00450825015632483
1.76786390625E-07, -0.00415599573356457
1.7678834375E-07, -0.00418305624097297
1.76790296875E-07, -0.00414588172009966
1.7679225E-07, -0.00414582307470062
1.76794203125E-07, -0.00310466010292822
1.7679615625E-07, -0.00361620597814412
1.76798109375E-07, -0.00378733480971534
1.768000625E-07, -0.00384953564717871
1.76802015625E-07, -0.00440081499254874
1.7680396875E-07, -0.0045044341903588
1.76805921875E-07, -0.00432135031666336
1.76807875E-07, -0.00447066946827618
1.76809828125E-07, -0.00383223635936217
1.7681178125E-07, -0.00398500668497808
1.76813734375E-07, -0.0037185505291074
1.768156875E-07, -0.00340726795374707
1.76817640625E-07, -0.00362959275447154
1.7681959375E-07, -0.00363559834851872
1.76821546875E-07, -0.00358363669883966
1.768235E-07, -0.00380632850237385
1.76825453125E-07, -0.00380490042651145
1.7682740625E-07, -0.00303716022628116
1.76829359375E-07, -0.00356148034979969
1.768313125E-07, -0.00350736555376677
1.76833265625E-07, -0.00315046530871175
1.7683521875E-07, -0.00287064123605044
1.76837171875E-07, -0.00287796196106903
1.76839125E-07, -0.00277669422574151
1.76841078125E-07, -0.00294468941657963
1.7684303125E-07, -0.00286248656720063
1.76844984375E-07, -0.00259971432026141
1.768469375E-07, -0.00241712727467627
1.76848890625E-07, -0.00183558629142871
1.7685084375E-07, -0.00158738587156605
1.76852796875E-07, -0.00124250877941089
1.7685475E-07, -0.00103883647184022
1.76856703125E-07, -0.000770779820240736
1.7685865625E-07, -0.000835057910385002
1.76860609375E-07, -0.00154766072010727
1.768625625E-07, -0.000540544772470653
1.76864515625E-07, -9.90861838308862E-05
1.7686646875E-07, -0.00050445304648899
1.76868421875E-07, 0.000260962678728077
1.76870375E-07, 0.000477184817320135
1.76872328125E-07, -6.09175692740082E-05
1.7687428125E-07, 0.0006812124244124
1.76876234375E-07, 0.000883484359792207
1.768781875E-07, 0.0013770333665577
1.76880140625E-07, 0.00140356949336033
1.7688209375E-07, 0.00114309398280391
1.76884046875E-07, 0.00228124336738597
1.76886E-07, 0.00171361775486426
1.76887953125E-07, 0.00192368692310182
1.7688990625E-07, 0.00216894712278302
1.76891859375E-07, 0.00266528670345074
1.768938125E-07, 0.00220253679017415
1.76895765625E-07, 0.00245766353325003
1.7689771875E-07, 0.00253562936252523
1.76899671875E-07, 0.00244193623655034
1.76901625E-07, 0.00253944369857363
1.76903578125E-07, 0.00266040569594604
1.7690553125E-07, 0.00205103424506222
1.76907484375E-07, 0.00228864910076448
1.769094375E-07, 0.00252224411891209
1.76911390625E-07, 0.0030447263402576
1.7691334375E-07, 0.00255386196173074
1.76915296875E-07, 0.00265039874003879
1.7691725E-07, 0.00225319363910851
1.76919203125E-07, 0.00199845966607414
1.7692115625E-07, 0.00255037160931713
1.76923109375E-07, 0.00245788573459315
1.769250625E-07, 0.00232172249140876
1.76927015625E-07, 0.0017589226493325
1.7692896875E-07, 0.00189693870081535
1.76930921875E-07, 0.00240443203181198
1.76932875E-07, 0.00205652290891966
1.76934828125E-07, 0.00134623778395231
1.7693678125E-07, 0.00220200902613016
1.76938734375E-07, 0.00145723414256637
1.769406875E-07, 0.0013139478166518
1.76942640625E-07, 0.00110894807455108
1.7694459375E-07, 0.00055735622299351
1.76946546875E-07, 0.000915018766745487
1.769485E-07, 0.000774571603145905
1.76950453125E-07, -3.2826465476066E-05
1.7695240625E-07, 0.000251307222757331
1.76954359375E-07, -9.47004937353666E-05
1.769563125E-07, -0.00021850572764034
1.76958265625E-07, -0.000391042756616515
1.7696021875E-07, -0.000659436082620174
1.76962171875E-07, -0.000512583736264588
1.76964125E-07, -0.000306113055502852
1.76966078125E-07, -0.000654767259876028
1.7696803125E-07, -0.00150589300878802
1.76969984375E-07, -0.000827796928459282
1.769719375E-07, -0.00109226089514207
1.76973890625E-07, -0.00109370812479412
1.7697584375E-07, -0.00089234163650277
1.76977796875E-07, -0.00145088046772732
1.7697975E-07, -0.00178978834280754
1.76981703125E-07, -0.00126818536950903
1.7698365625E-07, -0.00110092048487755
1.76985609375E-07, -0.00117441098708618
1.769875625E-07, -0.000698777106911546
1.76989515625E-07, -0.00106304807052396
1.7699146875E-07, -0.00157903799880265
1.76993421875E-07, -0.00036722838820143
1.76995375E-07, -0.00136158241176339
1.76997328125E-07, -0.00136256751543301
1.7699928125E-07, -0.00104915346073156
1.77001234375E-07, -0.000902291816082583
1.770031875E-07, -0.000718330638782227
1.77005140625E-07, -0.000235979441510848
1.7700709375E-07, -0.00141884859619524
1.77009046875E-07, -0.000463567344977896
1.77011E-07, 3.03311934731663E-05
1.77012953125E-07, -0.000210916912243516
1.7701490625E-07, 0.000179497323292939
1.77016859375E-07, 0.000508323750794838
1.770188125E-07, 0.000704168148052432
1.77020765625E-07, 0.000142533912731652
1.7702271875E-07, 0.000885672682211585
1.77024671875E-07, 0.00123036057990669
1.77026625E-07, 0.00130710676012999
1.77028578125E-07, 0.00123180895081251
1.7703053125E-07, 0.00138610124149974
1.77032484375E-07, 0.00205005569408904
1.770344375E-07, 0.00263601373804361
1.77036390625E-07, 0.0022110545790748
1.7703834375E-07, 0.00251582073351199
1.77040296875E-07, 0.00297304739209115
1.7704225E-07, 0.00282641609487431
1.77044203125E-07, 0.00254810980369481
1.7704615625E-07, 0.00277358114516128
1.77048109375E-07, 0.00337859231441785
1.770500625E-07, 0.00340045055880139
1.77052015625E-07, 0.00397743806628399
1.7705396875E-07, 0.00377222940494083
1.77055921875E-07, 0.00370708183005511
1.77057875E-07, 0.00431487308992827
1.77059828125E-07, 0.00392727677768618
1.7706178125E-07, 0.003960604738802
1.77063734375E-07, 0.0041604483633439
1.770656875E-07, 0.00432893305668889
1.77067640625E-07, 0.00424538489407515
1.7706959375E-07, 0.00455327784106199
1.77071546875E-07, 0.00421802174941355
1.770735E-07, 0.00450075710454812
1.77075453125E-07, 0.00425988602370667
1.7707740625E-07, 0.00408292676519187
1.77079359375E-07, 0.00427499229511068
1.770813125E-07, 0.00372660654574014
1.77083265625E-07, 0.00406374853969113
1.7708521875E-07, 0.00363446560955024
1.77087171875E-07, 0.00369852708075226
1.77089125E-07, 0.00416147389452165
1.77091078125E-07, 0.00423383363920002
1.7709303125E-07, 0.00360699584833009
1.77094984375E-07, 0.00336771370487045
1.770969375E-07, 0.00329952214791218
1.77098890625E-07, 0.00367657883598343
1.7710084375E-07, 0.00320362516733397
1.77102796875E-07, 0.003192183499158
1.7710475E-07, 0.00280614415762196
1.77106703125E-07, 0.00316911602815858
1.7710865625E-07, 0.00298319404992314
1.77110609375E-07, 0.00251902999177715
1.771125625E-07, 0.00274569248511736
1.77114515625E-07, 0.00247488505123847
1.7711646875E-07, 0.00249627247915383
1.77118421875E-07, 0.00203833091017083
1.77120375E-07, 0.00211610063013842
1.77122328125E-07, 0.00204564390086979
1.7712428125E-07, 0.00205367476960874
1.77126234375E-07, 0.00215915684531872
1.771281875E-07, 0.00165705717299214
1.77130140625E-07, 0.00184796117153223
1.7713209375E-07, 0.00170236984910958
1.77134046875E-07, 0.00175417990770668
1.77136E-07, 0.00236906163109071
1.77137953125E-07, 0.00241682792306871
1.7713990625E-07, 0.00144799055499164
1.77141859375E-07, 0.00144956966282068
1.771438125E-07, 0.00162062424181375
1.77145765625E-07, 0.00223567196992145
1.7714771875E-07, 0.00188512660480904
1.77149671875E-07, 0.0016608372692155
1.77151625E-07, 0.00203312075344462
1.77153578125E-07, 0.00173913144110443
1.7715553125E-07, 0.0020039857418957
1.77157484375E-07, 0.00193702246398121
1.771594375E-07, 0.00208764564905797
1.77161390625E-07, 0.00249767712248716
1.7716334375E-07, 0.00248266442521506
1.77165296875E-07, 0.00252952470306883
1.7716725E-07, 0.00236746146910213
1.77169203125E-07, 0.00313307419953979
1.7717115625E-07, 0.00290689844292985
1.77173109375E-07, 0.00330296992805094
1.771750625E-07, 0.00285948958612543
1.77177015625E-07, 0.0029261402560165
1.7717896875E-07, 0.00362208837641485
1.77180921875E-07, 0.00351467897482756
1.77182875E-07, 0.00394335137191574
1.77184828125E-07, 0.00368467040310038
1.7718678125E-07, 0.00368931004189558
1.77188734375E-07, 0.00415532934553186
1.771906875E-07, 0.00437898077868836
1.77192640625E-07, 0.00424017105793905
1.7719459375E-07, 0.00458664922081245
1.77196546875E-07, 0.00466862220705222
1.771985E-07, 0.00493370023459984
1.77200453125E-07, 0.00433800428323309
1.7720240625E-07, 0.00506694078278609
1.77204359375E-07, 0.00507947936736796
1.772063125E-07, 0.00460020105233026
1.77208265625E-07, 0.00500446052541321
1.7721021875E-07, 0.005662178123575
1.77212171875E-07, 0.00482592526222893
1.77214125E-07, 0.00586586509374801
1.77216078125E-07, 0.00567134637994073
1.7721803125E-07, 0.0057315984238019
1.77219984375E-07, 0.00634114073440231
1.772219375E-07, 0.00583721209795044
1.77223890625E-07, 0.00584967590406104
1.7722584375E-07, 0.00590515603485107
1.77227796875E-07, 0.00629219991558936
1.7722975E-07, 0.00642822538469238
1.77231703125E-07, 0.0066117496480394
1.7723365625E-07, 0.00581415424494752
1.77235609375E-07, 0.00695509962990531
1.772375625E-07, 0.00721798768170365
1.77239515625E-07, 0.00641894745988592
1.7724146875E-07, 0.00631496268384963
1.77243421875E-07, 0.00653447155820026
1.77245375E-07, 0.00661905936907051
1.77247328125E-07, 0.00585728395047623
1.7724928125E-07, 0.00539224300905059
1.77251234375E-07, 0.00624689453567211
1.772531875E-07, 0.00665006649236457
1.77255140625E-07, 0.00662529714208789
1.7725709375E-07, 0.00612953577720526
1.77259046875E-07, 0.00612414179739994
1.77261E-07, 0.0059777085559873
1.77262953125E-07, 0.00612648112330091
1.7726490625E-07, 0.00636827571329685
1.77266859375E-07, 0.00660995839375569
1.772688125E-07, 0.00592606320645061
1.77270765625E-07, 0.00588237623275781
1.7727271875E-07, 0.0062581374861016
1.77274671875E-07, 0.00633151666820152
1.77276625E-07, 0.00578833536715873
1.77278578125E-07, 0.0057350867214203
1.7728053125E-07, 0.00540596453984674
1.77282484375E-07, 0.00567914562506951
1.772844375E-07, 0.00543344864253824
1.77286390625E-07, 0.00491363943144883
1.7728834375E-07, 0.0053894336615814
1.77290296875E-07, 0.00506681842890785
1.7729225E-07, 0.00490788193624789
1.77294203125E-07, 0.00482514306139981
1.7729615625E-07, 0.00513938647522773
1.77298109375E-07, 0.00369950604095042
1.773000625E-07, 0.0039300432044618
1.77302015625E-07, 0.00441054190309307
1.7730396875E-07, 0.00432591855235309
1.77305921875E-07, 0.00449672069002547
1.77307875E-07, 0.00453299047747145
1.77309828125E-07, 0.00402678998912331
1.7731178125E-07, 0.00372525907553035
1.77313734375E-07, 0.00377394212337281
1.773156875E-07, 0.00377947262562902
1.77317640625E-07, 0.0032365247890512
1.7731959375E-07, 0.00326892644919693
1.77321546875E-07, 0.00295587011956787
1.773235E-07, 0.00309505405223713
1.77325453125E-07, 0.00280334381706121
1.7732740625E-07, 0.0024106976310089
1.77329359375E-07, 0.00235121043438486
1.773313125E-07, 0.0024227045151318
1.77333265625E-07, 0.00229385432179617
1.7733521875E-07, 0.00186055439586314
1.77337171875E-07, 0.00179429335712401
1.77339125E-07, 0.0016440341901912
1.77341078125E-07, 0.00176521428717227
1.7734303125E-07, 0.00184112714413583
1.77344984375E-07, 0.000636277826420107
1.773469375E-07, 0.00149296041340335
1.77348890625E-07, 0.00125525581435038
1.7735084375E-07, 0.00177512491442405
1.77352796875E-07, 0.000928847622757193
1.7735475E-07, 0.000931472760207564
1.77356703125E-07, 0.00140589551534656
1.7735865625E-07, 0.000904465155984494
1.77360609375E-07, 0.000945897255000172
1.773625625E-07, 0.00101672684197391
1.77364515625E-07, 0.00111758672669821
1.7736646875E-07, 0.000815229938520284
1.77368421875E-07, 0.000122946315404806
1.77370375E-07, -4.05451852823669E-05
1.77372328125E-07, 0.00172464063985332
1.7737428125E-07, -5.38902560400167E-05
1.77376234375E-07, 0.000719538104084915
1.773781875E-07, 0.000905515277897517
1.77380140625E-07, 0.000657743696295034
1.7738209375E-07, 0.000591886424441019
1.77384046875E-07, 0.00053679359194732
1.77386E-07, 0.000513275660659924
1.77387953125E-07, 0.000567701523188396
1.7738990625E-07, 0.000855487765277688
1.77391859375E-07, 0.000791849756093092
1.773938125E-07, 0.000450116535604557
1.77395765625E-07, 0.00105259414610288
1.7739771875E-07, 0.000461187171572461
1.77399671875E-07, 0.000837223526949432
1.77401625E-07, 0.000744349270444086
1.77403578125E-07, 0.000460584447443679
1.7740553125E-07, 0.00112736842427623
1.77407484375E-07, 0.000754012405767847
1.774094375E-07, 0.0013110645669245
1.77411390625E-07, 0.00148347014678413
1.7741334375E-07, 0.000998709717249461
1.77415296875E-07, 0.00109418572317254
1.7741725E-07, 0.00114867947780257
1.77419203125E-07, 0.00123225137969704
1.7742115625E-07, 0.00133804322431172
1.77423109375E-07, 0.00131187183966382
1.774250625E-07, 0.00123609433890441
1.77427015625E-07, 0.00129683430074837
1.7742896875E-07, 0.00159428303401271
1.77430921875E-07, 0.0013465243056014
1.77432875E-07, 0.00163368266687368
1.77434828125E-07, 0.00146777091319558
1.7743678125E-07, 0.00127197787259412
1.77438734375E-07, 0.00178007853811198
1.774406875E-07, 0.0017770354736345
1.77442640625E-07, 0.00140601456911185
1.7744459375E-07, 0.00164960172362575
1.77446546875E-07, 0.00117095217446482
1.774485E-07, 0.000493099148464
1.77450453125E-07, 0.00279998142295591
1.7745240625E-07, 0.00130451015291039
1.77454359375E-07, 0.0020311715720742
1.774563125E-07, 0.00177123965617936
1.77458265625E-07, 0.00195814032270303
1.7746021875E-07, 0.0017211003085684
1.77462171875E-07, 0.00143308016571909
1.77464125E-07, 0.00125449690387134
1.77466078125E-07, 0.00145760620672984
1.7746803125E-07, 0.00165951519268525
1.77469984375E-07, 0.00177871724683751
1.774719375E-07, 0.00194705813282129
1.77473890625E-07, 0.00121948517522014
1.7747584375E-07, 0.00142745100355603
1.77477796875E-07, 0.00119460094025105
1.7747975E-07, 0.000940690811363375
1.77481703125E-07, 0.000701571974174171
1.7748365625E-07, 0.00208956473845628
1.77485609375E-07, -0.000438447765471209
1.774875625E-07, 0.00138137806652673
1.77489515625E-07, 0.000409042220273702
1.7749146875E-07, 0.000753194552015106
1.77493421875E-07, 9.3790621341853E-05
1.77495375E-07, 0.000421014705177696
1.77497328125E-07, 0.000344723983236872
1.7749928125E-07, 0.00014195437303379
1.77501234375E-07, 0.000196026650727447
1.775031875E-07, -0.000356424359861627
1.77505140625E-07, -0.00076759076175458
1.7750709375E-07, 0.000129849989781208
1.77509046875E-07, -0.000752066890784643
1.77511E-07, -0.000935300614920537
1.77512953125E-07, -0.000688769287837872
1.7751490625E-07, -0.000919908985357051
1.77516859375E-07, -0.000491049804831556
1.775188125E-07, -0.00085679081369946
1.77520765625E-07, -0.000987471827954998
1.7752271875E-07, -0.000574683074995336
1.77524671875E-07, -0.00154176847986887
1.77526625E-07, -0.000533932203264189
1.77528578125E-07, -0.00208537571968271
1.7753053125E-07, -0.00154113129831281
1.77532484375E-07, -0.00145616602585694
1.775344375E-07, -0.00162499060682926
1.77536390625E-07, -0.00151433049133356
1.7753834375E-07, -0.00150358189653784
1.77540296875E-07, -0.00138665248395991
1.7754225E-07, -0.00128935532418693
1.77544203125E-07, -0.00150633289208687
1.7754615625E-07, -0.00179651798018591
1.77548109375E-07, -0.00154395881762419
1.775500625E-07, -0.00164856770974627
1.77552015625E-07, -0.00168618777684565
1.7755396875E-07, -0.00224636323822197
1.77555921875E-07, -0.00154483153128159
1.77557875E-07, -0.00113831055945351
1.77559828125E-07, -0.00184671205366704
1.7756178125E-07, -0.00148228866992355
1.77563734375E-07, -0.00145671308450522
1.775656875E-07, -0.00149632043386223
1.77567640625E-07, -0.00158021081993631
1.7756959375E-07, -0.0018910236893513
1.77571546875E-07, -0.00125096829435737
1.775735E-07, -0.00160174840774865
1.77575453125E-07, -0.00260186091003959
1.7757740625E-07, -0.00146507648612005
1.77579359375E-07, -0.00182221650986463
1.775813125E-07, -0.00162118775356804
1.77583265625E-07, -0.0025637296415355
1.7758521875E-07, -0.00223548266977307
1.77587171875E-07, -0.00124336642106156
1.77589125E-07, -0.00362220712396826
1.77591078125E-07, -0.000853750873302001
1.7759303125E-07, -0.00166026181395394
1.77594984375E-07, -0.00204683373485617
1.775969375E-07, -0.00158072914657776
1.77598890625E-07, -0.00240728406197552
1.7760084375E-07, -0.00203151738616867
1.77602796875E-07, -0.00210768849167974
1.7760475E-07, -0.00262640673045427
1.77606703125E-07, -0.00218821528412687
1.7760865625E-07, -0.00236471506202787
1.77610609375E-07, -0.00225296297237262
1.776125625E-07, -0.00348528825011655
1.77614515625E-07, -0.00259772612217101
1.7761646875E-07, -0.00194439674389753
1.77618421875E-07, -0.0025553273243504
1.77620375E-07, -0.00292632702493877
1.77622328125E-07, -0.00269371436639942
1.7762428125E-07, -0.00289750458964816
1.77626234375E-07, -0.00303581183045358
1.776281875E-07, -0.00288506998705275
1.77630140625E-07, -0.00227119477161251
1.7763209375E-07, -0.00265410200319224
1.77634046875E-07, -0.00263454825146913


