File Format, WaveformXYValues
Format Version, 1
Instrument, N1045A,04F,LOJ
SwVersion, A.06.71.21
SerialNumber, MY56260108
Date, 11/29/2023 14:43:38 GMT+08:00

Source Name, Channel 1A

Points, 2048
Signal Type, Unspecified
Channel Bandwidth, 2E+10
Channel Noise, 6.66857143682292E-05
X Units, Second
Y Units, Volt
Data, 
1.73636E-07, -0.000883421255064566
1.73637953125E-07, -0.00085903608330105
1.7363990625E-07, -0.00133941102007091
1.73641859375E-07, -0.00106920605199534
1.736438125E-07, -0.00165159734408313
1.73645765625E-07, -0.0016458746114254
1.7364771875E-07, -0.00112218742677099
1.73649671875E-07, -0.00146959844388824
1.73651625E-07, -0.000809697332540133
1.73653578125E-07, -0.000607198331291894
1.7365553125E-07, -0.00111663700494704
1.73657484375E-07, -0.00166624538945849
1.736594375E-07, -0.0010615407501447
1.73661390625E-07, -0.00185149816701071
1.7366334375E-07, -0.00212321501498897
1.73665296875E-07, -0.000897915126306002
1.7366725E-07, -0.00151682294324036
1.73669203125E-07, -0.00190913323216682
1.7367115625E-07, -0.00225786342615836
1.73673109375E-07, -0.00247840809665142
1.736750625E-07, -0.000472213663079845
1.73677015625E-07, -0.00152266186075068
1.7367896875E-07, -0.00164449922999712
1.73680921875E-07, -0.00230968533599798
1.73682875E-07, -0.00205410905312051
1.73684828125E-07, -0.00154595164470201
1.7368678125E-07, -0.00151882876172585
1.73688734375E-07, -0.00137618715521286
1.736906875E-07, -0.00162024564452348
1.73692640625E-07, -0.0024344565293955
1.7369459375E-07, -0.000942690977353619
1.73696546875E-07, -0.00189335013637512
1.736985E-07, -0.00142907736232803
1.73700453125E-07, -0.00110179157476645
1.7370240625E-07, -0.00102256837106095
1.73704359375E-07, -0.00144359372471576
1.737063125E-07, -0.00164090070715395
1.73708265625E-07, -0.00132725155715197
1.7371021875E-07, -0.00180095759792566
1.73712171875E-07, -0.00190696990812502
1.73714125E-07, -0.00221285399617402
1.73716078125E-07, -0.00158680018033364
1.7371803125E-07, -0.00149596907564989
1.73719984375E-07, -0.00155920355038873
1.737219375E-07, -0.00136136692976322
1.73723890625E-07, -0.00140366688719408
1.7372584375E-07, -0.00102340931650612
1.73727796875E-07, -0.00141903729027633
1.7372975E-07, -0.00100465796735624
1.73731703125E-07, -0.00246543100039563
1.7373365625E-07, -0.00146620822936151
1.73735609375E-07, -0.00141055727534027
1.737375625E-07, -0.00169465443688233
1.73739515625E-07, -0.00165950312095686
1.7374146875E-07, -0.00194517108314373
1.73743421875E-07, -0.00147635223031466
1.73745375E-07, -0.00165257083869201
1.73747328125E-07, -0.00183642635426691
1.7374928125E-07, -0.00187660643347029
1.73751234375E-07, -0.00174267280109297
1.737531875E-07, -0.00196667495192756
1.73755140625E-07, -0.00168078611194915
1.7375709375E-07, -0.00159873407250357
1.73759046875E-07, -0.00201952066711774
1.73761E-07, -0.00170857153217214
1.73762953125E-07, -0.00201216193038403
1.7376490625E-07, -0.00201574965287723
1.73766859375E-07, -0.00221953676159086
1.737688125E-07, -0.00197989550088729
1.73770765625E-07, -0.00213009974292109
1.7377271875E-07, -0.00252449810312476
1.73774671875E-07, -0.00192878378980147
1.73776625E-07, -0.00207555849851946
1.73778578125E-07, -0.00171343370456053
1.7378053125E-07, -0.00242084481997348
1.73782484375E-07, -0.00212793660981191
1.737844375E-07, -0.0021777273154665
1.73786390625E-07, -0.00198620271926504
1.7378834375E-07, -0.00228889312977121
1.73790296875E-07, -0.00174632855358553
1.7379225E-07, -0.00215955013999279
1.73794203125E-07, -0.00254381481758982
1.7379615625E-07, -0.0024540689599924
1.73798109375E-07, -0.00194829983752396
1.738000625E-07, -0.00265572242858191
1.73802015625E-07, -0.0027003142112635
1.7380396875E-07, -0.00255575758316761
1.73805921875E-07, -0.00192975767238542
1.73807875E-07, -0.00213888854414538
1.73809828125E-07, -0.00229084238182447
1.7381178125E-07, -0.00212366903463879
1.73813734375E-07, -0.00278883634672589
1.738156875E-07, -0.00226046847489918
1.73817640625E-07, -0.00216091841285495
1.7381959375E-07, -0.00268496038351035
1.73821546875E-07, -0.00208667337517942
1.738235E-07, -0.00285610876175417
1.73825453125E-07, -0.00288439966889395
1.7382740625E-07, -0.0024537210616135
1.73829359375E-07, -0.00269998454053125
1.738313125E-07, -0.00242016205477122
1.73833265625E-07, -0.00229505405978769
1.7383521875E-07, -0.00307709385478617
1.73837171875E-07, -0.00245037755429702
1.73839125E-07, -0.00226716339169522
1.73841078125E-07, -0.00238437797832709
1.7384303125E-07, -0.00265178443259051
1.73844984375E-07, -0.00293583520470434
1.738469375E-07, -0.00297869405970263
1.73848890625E-07, -0.00364310240693419
1.7385084375E-07, -0.00196285818631105
1.73852796875E-07, -0.0030684321147671
1.7385475E-07, -0.00224077549761451
1.73856703125E-07, -0.00326828205054575
1.7385865625E-07, -0.00306622758324543
1.73860609375E-07, -0.0027373581176177
1.738625625E-07, -0.00314689253206519
1.73864515625E-07, -0.00306377734450395
1.7386646875E-07, -0.00339634614791455
1.73868421875E-07, -0.00298156545695891
1.73870375E-07, -0.00331577547521279
1.73872328125E-07, -0.00346846663802509
1.7387428125E-07, -0.00323757874639044
1.73876234375E-07, -0.00438269531052757
1.738781875E-07, -0.00389269194791736
1.73880140625E-07, -0.00347168031481732
1.7388209375E-07, -0.00373772544635388
1.73884046875E-07, -0.00363553807337017
1.73886E-07, -0.00414611145412697
1.73887953125E-07, -0.00411943202679595
1.7388990625E-07, -0.00406633464207196
1.73891859375E-07, -0.00395877224159991
1.738938125E-07, -0.00370691017032742
1.73895765625E-07, -0.00379872943505152
1.7389771875E-07, -0.00425334185865877
1.73899671875E-07, -0.0043194502448981
1.73901625E-07, -0.00389901536538135
1.73903578125E-07, -0.00417236953444132
1.7390553125E-07, -0.00435538799187314
1.73907484375E-07, -0.00434281850184519
1.739094375E-07, -0.00470181442905399
1.73911390625E-07, -0.00473194288237532
1.7391334375E-07, -0.00486898370149663
1.73915296875E-07, -0.00410662323822879
1.7391725E-07, -0.0038412063002851
1.73919203125E-07, -0.00502402119824465
1.7392115625E-07, -0.0054424518502784
1.73923109375E-07, -0.00508684627423165
1.739250625E-07, -0.00532142275686067
1.73927015625E-07, -0.00497265083890064
1.7392896875E-07, -0.00577086677179807
1.73930921875E-07, -0.00568950155359977
1.73932875E-07, -0.0053431942787983
1.73934828125E-07, -0.00549329607639125
1.7393678125E-07, -0.00651888636171864
1.73938734375E-07, -0.00588442390449284
1.739406875E-07, -0.00578547996507263
1.73942640625E-07, -0.00522246935112222
1.7394459375E-07, -0.00650260438514689
1.73946546875E-07, -0.00586122684970416
1.739485E-07, -0.00580795758067569
1.73950453125E-07, -0.00644418401163628
1.7395240625E-07, -0.0054370257864609
1.73954359375E-07, -0.0058729124996318
1.739563125E-07, -0.00545997412728225
1.73958265625E-07, -0.00605228528984394
1.7396021875E-07, -0.00600027403423259
1.73962171875E-07, -0.00590421502913816
1.73964125E-07, -0.00522375631291956
1.73966078125E-07, -0.00562538659618475
1.7396803125E-07, -0.00626012602535811
1.73969984375E-07, -0.00638140762686897
1.739719375E-07, -0.00622928191110454
1.73973890625E-07, -0.00464501187475361
1.7397584375E-07, -0.00603477891736989
1.73977796875E-07, -0.00515103931171865
1.7397975E-07, -0.00610594809298647
1.73981703125E-07, -0.00588452884201179
1.7398365625E-07, -0.00531913576510015
1.73985609375E-07, -0.00619286470461914
1.739875625E-07, -0.00562511159533729
1.73989515625E-07, -0.00511164545009859
1.7399146875E-07, -0.00543059717971227
1.73993421875E-07, -0.00544592386921222
1.73995375E-07, -0.00542413168785776
1.73997328125E-07, -0.00512982214132564
1.7399928125E-07, -0.0047160591261963
1.74001234375E-07, -0.00519570237997153
1.740031875E-07, -0.00520572001974702
1.74005140625E-07, -0.00516486130063296
1.7400709375E-07, -0.00502701807099415
1.74009046875E-07, -0.00427442027062588
1.74011E-07, -0.00425944050938903
1.74012953125E-07, -0.00436216180183792
1.7401490625E-07, -0.00465464518201297
1.74016859375E-07, -0.00391537124626251
1.740188125E-07, -0.0043694527057647
1.74020765625E-07, -0.0037284983658785
1.7402271875E-07, -0.00343996075517262
1.74024671875E-07, -0.00333049610361746
1.74026625E-07, -0.00402306320120664
1.74028578125E-07, -0.00375733620062625
1.7403053125E-07, -0.00272209597110134
1.74032484375E-07, -0.00248882447320812
1.740344375E-07, -0.00268002368999282
1.74036390625E-07, -0.00209908682063237
1.7403834375E-07, -0.00208374981050199
1.74040296875E-07, -0.00283436725441161
1.7404225E-07, -0.000842901960864932
1.74044203125E-07, -0.00134353648889086
1.7404615625E-07, -0.000632369491598386
1.74048109375E-07, 0.001087327209715
1.740500625E-07, -0.000119333639074621
1.74052015625E-07, -0.000540653516540164
1.7405396875E-07, 0.000204605563682251
1.74055921875E-07, 0.000164520294583503
1.74057875E-07, 0.000779872774088729
1.74059828125E-07, 0.00163821453748771
1.7406178125E-07, 0.00179250085027692
1.74063734375E-07, 0.000238359445109346
1.740656875E-07, 0.00243075939741555
1.74067640625E-07, 0.00250576880903896
1.7406959375E-07, 0.00288228780274954
1.74071546875E-07, 0.0029078318753546
1.740735E-07, 0.00294590626783195
1.74075453125E-07, 0.00344138496693981
1.7407740625E-07, 0.00387288573881922
1.74079359375E-07, 0.00506596877043402
1.740813125E-07, 0.00589611394210363
1.74083265625E-07, 0.00519076516636464
1.7408521875E-07, 0.00848511207160652
1.74087171875E-07, 0.00679798789780972
1.74089125E-07, 0.00761489130199395
1.74091078125E-07, 0.00773099784820874
1.7409303125E-07, 0.00791442345144689
1.74094984375E-07, 0.00913220546769347
1.740969375E-07, 0.00824632098288541
1.74098890625E-07, 0.00750579961263836
1.7410084375E-07, 0.00957256840500904
1.74102796875E-07, 0.0114885417626319
1.7410475E-07, 0.0119185400661779
1.74106703125E-07, 0.0106014103448115
1.7410865625E-07, 0.0109876203157969
1.74110609375E-07, 0.0126996537314044
1.741125625E-07, 0.0125338216118869
1.74114515625E-07, 0.0142200475671267
1.7411646875E-07, 0.0148627122602639
1.74118421875E-07, 0.014018048063165
1.74120375E-07, 0.0150784497169009
1.74122328125E-07, 0.0160530936642144
1.7412428125E-07, 0.0150039261497024
1.74126234375E-07, 0.0167934517640723
1.741281875E-07, 0.0160625419477137
1.74130140625E-07, 0.0192187878022902
1.7413209375E-07, 0.0181318788280837
1.74134046875E-07, 0.0180363889545587
1.74136E-07, 0.0205220951100156
1.74137953125E-07, 0.0221223218282683
1.7413990625E-07, 0.0227825671290796
1.74141859375E-07, 0.0220100221595287
1.741438125E-07, 0.0209042112364053
1.74145765625E-07, 0.0229416405083247
1.7414771875E-07, 0.0240806784257998
1.74149671875E-07, 0.0213241489468748
1.74151625E-07, 0.0242695425141279
1.74153578125E-07, 0.0259616950905714
1.7415553125E-07, 0.0250801077975073
1.74157484375E-07, 0.0249147781998163
1.741594375E-07, 0.0270332416494873
1.74161390625E-07, 0.0276828898839886
1.7416334375E-07, 0.0265994901067508
1.74165296875E-07, 0.0278737714811159
1.7416725E-07, 0.0269074578111123
1.74169203125E-07, 0.0278507085690286
1.7417115625E-07, 0.0288017812882151
1.74173109375E-07, 0.030747031374759
1.741750625E-07, 0.0286361873785274
1.74177015625E-07, 0.0290331997711742
1.7417896875E-07, 0.029145050714135
1.74180921875E-07, 0.0313921801890919
1.74182875E-07, 0.0325335903409638
1.74184828125E-07, 0.033166973131275
1.7418678125E-07, 0.0323509405754607
1.74188734375E-07, 0.0327181679642072
1.741906875E-07, 0.0332652580410103
1.74192640625E-07, 0.0316189515957884
1.7419459375E-07, 0.0329636758886129
1.74196546875E-07, 0.0329354124934061
1.741985E-07, 0.0325790613009067
1.74200453125E-07, 0.0313147473029412
1.7420240625E-07, 0.033431396466409
1.74204359375E-07, 0.0330505290189296
1.742063125E-07, 0.033760203753962
1.74208265625E-07, 0.0341180822876535
1.7421021875E-07, 0.0340072541359899
1.74212171875E-07, 0.0351827686772906
1.74214125E-07, 0.0339327734002302
1.74216078125E-07, 0.0340242708056739
1.7421803125E-07, 0.0334129381203376
1.74219984375E-07, 0.0333715263462601
1.742219375E-07, 0.0329636603111892
1.74223890625E-07, 0.0335594655757815
1.7422584375E-07, 0.0325084043140929
1.74227796875E-07, 0.0306911490502781
1.7422975E-07, 0.0327186310325074
1.74231703125E-07, 0.0324536639285883
1.7423365625E-07, 0.031717083833121
1.74235609375E-07, 0.0304370127596829
1.742375625E-07, 0.0309521183765348
1.74239515625E-07, 0.0291337058684702
1.7424146875E-07, 0.021823958695125
1.74243421875E-07, 0.0275752304083345
1.74245375E-07, 0.020929178841246
1.74247328125E-07, 0.0248392957763823
1.7424928125E-07, 0.027704842639441
1.74251234375E-07, 0.0271141251884799
1.742531875E-07, 0.0246467597271095
1.74255140625E-07, 0.024997191507813
1.7425709375E-07, 0.0227903571214767
1.74259046875E-07, 0.0238131509271961
1.74261E-07, 0.0198206200441522
1.74262953125E-07, 0.0206733964195084
1.7426490625E-07, 0.0174675247083852
1.74266859375E-07, 0.019226841505514
1.742688125E-07, 0.0199988027349387
1.74270765625E-07, 0.0151522668631271
1.7427271875E-07, 0.00707948057732469
1.74274671875E-07, 0.01332839090188
1.74276625E-07, 0.013229640209628
1.74278578125E-07, 0.0119001323697646
1.7428053125E-07, 0.00893446168814882
1.74282484375E-07, 0.00763472504003802
1.742844375E-07, 0.00365250481469261
1.74286390625E-07, 0.0049698008457683
1.7428834375E-07, 0.00258937220809442
1.74290296875E-07, -0.00125132751155305
1.7429225E-07, 0.000411928417895227
1.74294203125E-07, 0.00244414229619462
1.7429615625E-07, -0.00663403080931879
1.74298109375E-07, -0.00700429373141248
1.743000625E-07, -0.00899166624353751
1.74302015625E-07, -0.00630409525508962
1.7430396875E-07, -0.00848477203596496
1.74305921875E-07, -0.012368328131324
1.74307875E-07, -0.0140816173237233
1.74309828125E-07, -0.0230332087202818
1.7431178125E-07, -0.0212088535392097
1.74313734375E-07, -0.0168227429741702
1.743156875E-07, -0.0196913266914819
1.74317640625E-07, -0.0181758681842417
1.7431959375E-07, -0.0319276265474712
1.74321546875E-07, -0.0359605835929305
1.743235E-07, -0.0292697405030238
1.74325453125E-07, -0.0296506865096339
1.7432740625E-07, -0.0364147893909775
1.74329359375E-07, -0.0402898677655743
1.743313125E-07, -0.04833462515054
1.74333265625E-07, -0.04896819522829
1.7433521875E-07, -0.0436444833376875
1.74337171875E-07, -0.0500030298099551
1.74339125E-07, -0.0454742214327069
1.74341078125E-07, -0.0489184848902991
1.7434303125E-07, -0.0586977405340178
1.74344984375E-07, -0.0626096591058385
1.743469375E-07, -0.0536070252278739
1.74348890625E-07, -0.0633805176376617
1.7435084375E-07, -0.0629686879822312
1.74352796875E-07, -0.0690493485949946
1.7435475E-07, -0.0719981607105213
1.74356703125E-07, -0.070037784669718
1.7435865625E-07, -0.0759446731964709
1.74360609375E-07, -0.0715052402868087
1.743625625E-07, -0.0793130054190195
1.74364515625E-07, -0.0863044833210862
1.7436646875E-07, -0.0865496806952675
1.74368421875E-07, -0.084119066330882
1.74370375E-07, -0.0884542664349074
1.74372328125E-07, -0.0892207532561747
1.7437428125E-07, -0.082497428926547
1.74376234375E-07, -0.0981610862468737
1.743781875E-07, -0.100598626641216
1.74380140625E-07, -0.100657479633392
1.7438209375E-07, -0.0996912469360153
1.74384046875E-07, -0.10412151109738
1.74386E-07, -0.100686370212812
1.74387953125E-07, -0.106156379861442
1.7438990625E-07, -0.107458191963056
1.74391859375E-07, -0.109298869662918
1.743938125E-07, -0.108345823240237
1.74395765625E-07, -0.106223243740251
1.7439771875E-07, -0.112892503298531
1.74399671875E-07, -0.109058746928849
1.74401625E-07, -0.114453798963854
1.74403578125E-07, -0.102890580083305
1.7440553125E-07, -0.110496913635625
1.74407484375E-07, -0.11870836204976
1.744094375E-07, -0.12147352818886
1.74411390625E-07, -0.122294669562637
1.7441334375E-07, -0.121669753075025
1.74415296875E-07, -0.115831266485529
1.7441725E-07, -0.12193226108471
1.74419203125E-07, -0.118527559455921
1.7442115625E-07, -0.110983860000241
1.74423109375E-07, -0.121780606553153
1.744250625E-07, -0.116561169513397
1.74427015625E-07, -0.120924162584876
1.7442896875E-07, -0.122125988196928
1.74430921875E-07, -0.115052366850605
1.74432875E-07, -0.1152793750556
1.74434828125E-07, -0.115921071492544
1.7443678125E-07, -0.118582563120672
1.74438734375E-07, -0.115827315521022
1.744406875E-07, -0.112601475101671
1.74442640625E-07, -0.107194107658548
1.7444459375E-07, -0.111223073422085
1.74446546875E-07, -0.113720619579206
1.744485E-07, -0.108871307266867
1.74450453125E-07, -0.104015126993192
1.7445240625E-07, -0.100633640064308
1.74454359375E-07, -0.104464368123672
1.744563125E-07, -0.0990888408987922
1.74458265625E-07, -0.0975604850046775
1.7446021875E-07, -0.0905059950442643
1.74462171875E-07, -0.0854124193210198
1.74464125E-07, -0.0882471516669609
1.74466078125E-07, -0.0820784195963412
1.7446803125E-07, -0.0698618518055261
1.74469984375E-07, -0.0792164574592854
1.744719375E-07, -0.0621360648601555
1.74473890625E-07, -0.0736159496171697
1.7447584375E-07, -0.0640256662234608
1.74477796875E-07, -0.0527954513694173
1.7447975E-07, -0.0504857252335514
1.74481703125E-07, -0.0331056997561723
1.7448365625E-07, -0.0412570706766805
1.74485609375E-07, -0.0546217277783204
1.744875625E-07, -0.02837481221105
1.74489515625E-07, -0.0369900455115242
1.7449146875E-07, -0.0275474335552367
1.74493421875E-07, -0.0220733321224162
1.74495375E-07, -0.0269478764078005
1.74497328125E-07, -0.0240735165116514
1.7449928125E-07, -0.0164368416601015
1.74501234375E-07, -0.00718209035319921
1.745031875E-07, -0.0144725419600889
1.74505140625E-07, 0.0136769420914136
1.7450709375E-07, -0.010401577967546
1.74509046875E-07, 0.00731843829949554
1.74511E-07, 0.00671905783312099
1.74512953125E-07, 0.013136148928309
1.7451490625E-07, 0.024905814072248
1.74516859375E-07, 0.0119087042251148
1.745188125E-07, 0.0287859812879819
1.74520765625E-07, 0.0295288041015124
1.7452271875E-07, 0.037842227546097
1.74524671875E-07, 0.03591918363178
1.74526625E-07, 0.045022190856782
1.74528578125E-07, 0.0393315475643011
1.7453053125E-07, 0.0406188972676959
1.74532484375E-07, 0.0450138048377013
1.745344375E-07, 0.0589261235722383
1.74536390625E-07, 0.0627389712597999
1.7453834375E-07, 0.0637086431257924
1.74540296875E-07, 0.0747655680018517
1.7454225E-07, 0.0716217763789543
1.74544203125E-07, 0.0728710586697623
1.7454615625E-07, 0.0718365946035092
1.74548109375E-07, 0.0825546385478246
1.745500625E-07, 0.0893189544592078
1.74552015625E-07, 0.0836213030155567
1.7455396875E-07, 0.080136300921983
1.74555921875E-07, 0.077665561797609
1.74557875E-07, 0.0851331376739202
1.74559828125E-07, 0.0876068458242994
1.7456178125E-07, 0.0910637395886883
1.74563734375E-07, 0.0900234024409347
1.745656875E-07, 0.0969048300050753
1.74567640625E-07, 0.0975273938554916
1.7456959375E-07, 0.100343885038861
1.74571546875E-07, 0.100706338572073
1.745735E-07, 0.0993796656078555
1.74575453125E-07, 0.0967216472580452
1.7457740625E-07, 0.0951119769923995
1.74579359375E-07, 0.100313630750936
1.745813125E-07, 0.0979295229149706
1.74583265625E-07, 0.0951904098363395
1.7458521875E-07, 0.0989700221917775
1.74587171875E-07, 0.100404587381289
1.74589125E-07, 0.100336653992168
1.74591078125E-07, 0.096733226943332
1.7459303125E-07, 0.0948287810169274
1.74594984375E-07, 0.0940261792424239
1.745969375E-07, 0.0860450360681544
1.74598890625E-07, 0.0916205415249541
1.7460084375E-07, 0.089335310608745
1.74602796875E-07, 0.0915305066811605
1.7460475E-07, 0.0837962584783718
1.74606703125E-07, 0.0873560544247461
1.7460865625E-07, 0.0857938930918911
1.74610609375E-07, 0.0858991777541795
1.746125625E-07, 0.0770830524364002
1.74614515625E-07, 0.0783098102619389
1.7461646875E-07, 0.0759476491414729
1.74618421875E-07, 0.0734830114262669
1.74620375E-07, 0.0704213982969718
1.74622328125E-07, 0.0730204218891167
1.7462428125E-07, 0.0668945773884535
1.74626234375E-07, 0.0692439072037224
1.746281875E-07, 0.0650217438903928
1.74630140625E-07, 0.0637706241397171
1.7463209375E-07, 0.0632427442919916
1.74634046875E-07, 0.0633627671394573
1.74636E-07, 0.061120664794135
1.74637953125E-07, 0.0533438727873023
1.7463990625E-07, 0.0523439648066384
1.74641859375E-07, 0.0485089343046282
1.746438125E-07, 0.0482436836235087
1.74645765625E-07, 0.0470916053651473
1.7464771875E-07, 0.0509956837038967
1.74649671875E-07, 0.0444967039165049
1.74651625E-07, 0.0430452043793663
1.74653578125E-07, 0.0389606029684964
1.7465553125E-07, 0.0401966847496106
1.74657484375E-07, 0.039987429299112
1.746594375E-07, 0.0368795832490369
1.74661390625E-07, 0.0396702080477998
1.7466334375E-07, 0.0371786581426737
1.74665296875E-07, 0.0311962813990102
1.7466725E-07, 0.0317100696943345
1.74669203125E-07, 0.029840030571213
1.7467115625E-07, 0.0290965956827067
1.74673109375E-07, 0.027531481658402
1.746750625E-07, 0.0245872782911275
1.74677015625E-07, 0.026294403562512
1.7467896875E-07, 0.0269363542262622
1.74680921875E-07, 0.0245263829930657
1.74682875E-07, 0.0254974732610267
1.74684828125E-07, 0.0217929946420482
1.7468678125E-07, 0.0230531984340504
1.74688734375E-07, 0.0242214996788801
1.746906875E-07, 0.0240994648302018
1.74692640625E-07, 0.0227242858719185
1.7469459375E-07, 0.0248993549471015
1.74696546875E-07, 0.0194502472299248
1.746985E-07, 0.0200979627687244
1.74700453125E-07, 0.0189028622272241
1.7470240625E-07, 0.021133898238203
1.74704359375E-07, 0.0200640784117898
1.747063125E-07, 0.0190617367002529
1.74708265625E-07, 0.0192735924355006
1.7471021875E-07, 0.0183152126643459
1.74712171875E-07, 0.0219207888335838
1.74714125E-07, 0.0202503005301411
1.74716078125E-07, 0.0190946525785934
1.7471803125E-07, 0.0201926655636879
1.74719984375E-07, 0.0189989356710959
1.747219375E-07, 0.0192590576489058
1.74723890625E-07, 0.020818412427636
1.7472584375E-07, 0.0200540258691283
1.74727796875E-07, 0.0200321662254784
1.7472975E-07, 0.0189007571836508
1.74731703125E-07, 0.018153836935462
1.7473365625E-07, 0.0192832516385854
1.74735609375E-07, 0.0204285531158763
1.747375625E-07, 0.0192536701625586
1.74739515625E-07, 0.0192261865638028
1.7474146875E-07, 0.0200488596802149
1.74743421875E-07, 0.0194801571489825
1.74745375E-07, 0.0193756718002938
1.74747328125E-07, 0.0198945083921442
1.7474928125E-07, 0.0198437130845839
1.74751234375E-07, 0.019807413537871
1.747531875E-07, 0.0180566544704792
1.74755140625E-07, 0.0190275521186761
1.7475709375E-07, 0.0186302191064166
1.74759046875E-07, 0.0188379172681437
1.74761E-07, 0.0182056183174993
1.74762953125E-07, 0.0174318231431327
1.7476490625E-07, 0.0188394311191329
1.74766859375E-07, 0.0177076457024531
1.747688125E-07, 0.0157737140801563
1.74770765625E-07, 0.018330618192272
1.7477271875E-07, 0.0172335875688707
1.74774671875E-07, 0.0168063073707351
1.74776625E-07, 0.0157112905885897
1.74778578125E-07, 0.0156611441104781
1.7478053125E-07, 0.0125758814912529
1.74782484375E-07, 0.0136409475997229
1.747844375E-07, 0.0144148269853185
1.74786390625E-07, 0.0119178319628639
1.7478834375E-07, 0.0108612523646401
1.74790296875E-07, 0.0116538791362222
1.7479225E-07, 0.0109997480206003
1.74794203125E-07, 0.0123286823392473
1.7479615625E-07, 0.0106720640374033
1.74798109375E-07, 0.00793177397167211
1.748000625E-07, 0.0075076071545784
1.74802015625E-07, 0.00624276775370677
1.7480396875E-07, 0.00758459420540109
1.74805921875E-07, 0.00897188496643023
1.74807875E-07, 0.00675352546000295
1.74809828125E-07, 0.00641923866025668
1.7481178125E-07, 0.00268486448570834
1.74813734375E-07, 0.00334596098359462
1.748156875E-07, 0.00393516504317268
1.74817640625E-07, 0.0024414765098765
1.7481959375E-07, 0.00339898769564942
1.74821546875E-07, 0.000612691232038727
1.748235E-07, 0.000116598663825287
1.74825453125E-07, 0.000380148687106063
1.7482740625E-07, 0.00100582213471285
1.74829359375E-07, 0.000609324697798562
1.748313125E-07, -0.00153851212211185
1.74833265625E-07, -0.000829694810712183
1.7483521875E-07, -0.00305124634299582
1.74837171875E-07, -0.00318063829754797
1.74839125E-07, -0.00315833205257996
1.74841078125E-07, -0.00433489088350133
1.7484303125E-07, -0.00523056615870849
1.74844984375E-07, -0.00481028447157385
1.748469375E-07, -0.00490024902297618
1.74848890625E-07, -0.00549103038255299
1.7485084375E-07, -0.0071314426505863
1.74852796875E-07, -0.00686934966205119
1.7485475E-07, -0.0069444634099816
1.74856703125E-07, -0.00685255982679634
1.7485865625E-07, -0.00727040848092746
1.74860609375E-07, -0.00800909900637063
1.748625625E-07, -0.00718170440237622
1.74864515625E-07, -0.00730984551819421
1.7486646875E-07, -0.00660691661126131
1.74868421875E-07, -0.00830151738191415
1.74870375E-07, -0.00829625575041806
1.74872328125E-07, -0.00830358499823495
1.7487428125E-07, -0.00803981449962923
1.74876234375E-07, -0.0075661612539626
1.748781875E-07, -0.00734119555977779
1.74880140625E-07, -0.00856822686491081
1.7488209375E-07, -0.00801306104102421
1.74884046875E-07, -0.0086398107179032
1.74886E-07, -0.00770431517281483
1.74887953125E-07, -0.0078645037453716
1.7488990625E-07, -0.00829190574856136
1.74891859375E-07, -0.00643084893895886
1.748938125E-07, -0.00737170466418593
1.74895765625E-07, -0.00686766668739903
1.7489771875E-07, -0.00752494957071882
1.74899671875E-07, -0.00674218700169092
1.74901625E-07, -0.00532557606567577
1.74903578125E-07, -0.00658962830798642
1.7490553125E-07, -0.00575513779839624
1.74907484375E-07, -0.00619288421313532
1.749094375E-07, -0.00676567491778778
1.74911390625E-07, -0.00546466034041693
1.7491334375E-07, -0.00492218885743801
1.74915296875E-07, -0.00387602026903739
1.7491725E-07, -0.00459366661840391
1.74919203125E-07, -0.0044644363295957
1.7492115625E-07, -0.00393241177019202
1.74923109375E-07, -0.00376189782865843
1.749250625E-07, -0.00277202098928449
1.74927015625E-07, -0.00288172867822113
1.7492896875E-07, -0.00300238442441879
1.74930921875E-07, -0.00286689129195126
1.74932875E-07, -0.0023820000625719
1.74934828125E-07, -0.00236058423239285
1.7493678125E-07, -0.00104133038934483
1.74938734375E-07, -0.00138469765283224
1.749406875E-07, -0.00114199335362546
1.74942640625E-07, -0.00118569431049249
1.7494459375E-07, -0.00224507388963934
1.74946546875E-07, -0.00101240279532727
1.749485E-07, -0.00033757275468768
1.74950453125E-07, -0.000733350522332506
1.7495240625E-07, 0.00018586940565387
1.74954359375E-07, -0.00076710454252764
1.749563125E-07, -0.000256790648580973
1.74958265625E-07, 0.00157071604688541
1.7496021875E-07, 0.000890376360302897
1.74962171875E-07, 0.00101062269664708
1.74964125E-07, 0.00142686612140561
1.74966078125E-07, 4.8202077341602E-05
1.7496803125E-07, 0.000628358269972352
1.74969984375E-07, 0.00142121901200687
1.749719375E-07, 0.00103779531867617
1.74973890625E-07, 0.00172684748337293
1.7497584375E-07, 0.00160927455126345
1.74977796875E-07, 0.00130933322128778
1.7497975E-07, 0.00198936945293266
1.74981703125E-07, 0.00164875380866651
1.7498365625E-07, 0.0014645441276436
1.74985609375E-07, 0.000896526398001591
1.749875625E-07, 0.00166067148959516
1.74989515625E-07, 0.00191194230241354
1.7499146875E-07, 0.00178618503763406
1.74993421875E-07, 0.000218310922739134
1.74995375E-07, 0.00148222431031583
1.74997328125E-07, 0.00125987284787994
1.7499928125E-07, 0.0014745102706266
1.75001234375E-07, 0.000510015098713375
1.750031875E-07, 0.00122701779056815
1.75005140625E-07, 0.00140230599913407
1.7500709375E-07, 0.001247791188154
1.75009046875E-07, 0.000510297395569455
1.75011E-07, -4.01616972938271E-05
1.75012953125E-07, 0.000462562373426257
1.7501490625E-07, 0.000297106562805461
1.75016859375E-07, 0.000322691278959443
1.750188125E-07, 0.000140003251301658
1.75020765625E-07, -0.000207935132487613
1.7502271875E-07, 0.00037441260039122
1.75024671875E-07, -0.000275507594502076
1.75026625E-07, -0.0010892370981725
1.75028578125E-07, -0.000660530034878982
1.7503053125E-07, -0.00124346310353586
1.75032484375E-07, -0.00138033829730932
1.750344375E-07, -0.00252266182106262
1.75036390625E-07, -0.00140400638662528
1.7503834375E-07, -0.00183724281219599
1.75040296875E-07, -0.00296180695536628
1.7504225E-07, -0.00380042853486237
1.75044203125E-07, -0.00260454020255557
1.7504615625E-07, -0.00309815397674999
1.75048109375E-07, -0.00430904671440711
1.750500625E-07, -0.00355075693158056
1.75052015625E-07, -0.00507601616102412
1.7505396875E-07, -0.00438070053665576
1.75055921875E-07, -0.00455467986607866
1.75057875E-07, -0.00548766085528346
1.75059828125E-07, -0.00481063368661671
1.7506178125E-07, -0.00604588895201206
1.75063734375E-07, -0.00664746815714767
1.750656875E-07, -0.00761558473276668
1.75067640625E-07, -0.00776849175099862
1.7506959375E-07, -0.00642159064168715
1.75071546875E-07, -0.00981605040349003
1.750735E-07, -0.00851754616334731
1.75075453125E-07, -0.011316018976998
1.7507740625E-07, -0.0106283080457491
1.75079359375E-07, -0.0104713148024074
1.750813125E-07, -0.0108816488105682
1.75083265625E-07, -0.0104997289200481
1.7508521875E-07, -0.0118960146259342
1.75087171875E-07, -0.0134540920205729
1.75089125E-07, -0.0127944411923263
1.75091078125E-07, -0.0112756576845679
1.7509303125E-07, -0.013159869492911
1.75094984375E-07, -0.0136206633830619
1.750969375E-07, -0.0147635576911644
1.75098890625E-07, -0.0157154246402993
1.7510084375E-07, -0.0172258374016077
1.75102796875E-07, -0.0156291028530333
1.7510475E-07, -0.0146625239233806
1.75106703125E-07, -0.0175834538238574
1.7510865625E-07, -0.0188312465744451
1.75110609375E-07, -0.0183022837455291
1.751125625E-07, -0.0184642706968372
1.75114515625E-07, -0.0186713728471857
1.7511646875E-07, -0.0193865260224488
1.75118421875E-07, -0.0220659476528298
1.75120375E-07, -0.0223325994948693
1.75122328125E-07, -0.0225273734018165
1.7512428125E-07, -0.021799034180128
1.75126234375E-07, -0.0223210138655289
1.751281875E-07, -0.0222883617656791
1.75130140625E-07, -0.0245726776774115
1.7513209375E-07, -0.0236517919511323
1.75134046875E-07, -0.0245012037793033
1.75136E-07, -0.0252899291908393
1.75137953125E-07, -0.0265652922730922
1.7513990625E-07, -0.0266338240075931
1.75141859375E-07, -0.0277822503217964
1.751438125E-07, -0.0264579545231701
1.75145765625E-07, -0.0288812596400816
1.7514771875E-07, -0.0280937523947983
1.75149671875E-07, -0.0277741362968
1.75151625E-07, -0.0295264537611219
1.75153578125E-07, -0.0290159152239862
1.7515553125E-07, -0.0301464757799072
1.75157484375E-07, -0.0298007646733683
1.751594375E-07, -0.0303732691101577
1.75161390625E-07, -0.0301411146643309
1.7516334375E-07, -0.0300641580629352
1.75165296875E-07, -0.0305694263702352
1.7516725E-07, -0.0314800971771593
1.75169203125E-07, -0.0312842698668171
1.7517115625E-07, -0.0311346654777449
1.75173109375E-07, -0.0321046346665459
1.751750625E-07, -0.0324714326861406
1.75177015625E-07, -0.0324710264806924
1.7517896875E-07, -0.0334532436232398
1.75180921875E-07, -0.0320454081981101
1.75182875E-07, -0.032134134426096
1.75184828125E-07, -0.0330282684067795
1.7518678125E-07, -0.0319031615442046
1.75188734375E-07, -0.0321829030930386
1.751906875E-07, -0.0319999542188003
1.75192640625E-07, -0.031879406421512
1.7519459375E-07, -0.0328675428109772
1.75196546875E-07, -0.0323805623660667
1.751985E-07, -0.0324492332521794
1.75200453125E-07, -0.0314887454639107
1.7520240625E-07, -0.0320499197596382
1.75204359375E-07, -0.0315422436549386
1.752063125E-07, -0.0320172755116296
1.75208265625E-07, -0.032065113954642
1.7521021875E-07, -0.0319221114471936
1.75212171875E-07, -0.0309671023863125
1.75214125E-07, -0.0319299531654589
1.75216078125E-07, -0.0308214921726076
1.7521803125E-07, -0.0304319652762469
1.75219984375E-07, -0.0307113842109011
1.752219375E-07, -0.0304546980087722
1.75223890625E-07, -0.0306731948000072
1.7522584375E-07, -0.0299583582302374
1.75227796875E-07, -0.0290161033901523
1.7522975E-07, -0.0291775297739534
1.75231703125E-07, -0.0293297514027743
1.7523365625E-07, -0.0293821495556136
1.75235609375E-07, -0.0291351795509721
1.752375625E-07, -0.0284653191390943
1.75239515625E-07, -0.0278425770579076
1.7524146875E-07, -0.0289589525513132
1.75243421875E-07, -0.0268564027204459
1.75245375E-07, -0.0276505438342759
1.75247328125E-07, -0.0261293097401488
1.7524928125E-07, -0.0267223409185139
1.75251234375E-07, -0.0270523073975047
1.752531875E-07, -0.026659992270441
1.75255140625E-07, -0.0265173914737157
1.7525709375E-07, -0.0257590828156025
1.75259046875E-07, -0.0248046740151753
1.75261E-07, -0.0253947934005927
1.75262953125E-07, -0.024666309899206
1.7526490625E-07, -0.0246997225078432
1.75266859375E-07, -0.0239845560742707
1.752688125E-07, -0.0232277880526578
1.75270765625E-07, -0.0236861092736382
1.7527271875E-07, -0.0234048344792463
1.75274671875E-07, -0.0225610165971338
1.75276625E-07, -0.0230211722101531
1.75278578125E-07, -0.0219571488266472
1.7528053125E-07, -0.021302367109378
1.75282484375E-07, -0.0224533273410266
1.752844375E-07, -0.0203073186144121
1.75286390625E-07, -0.0213790367371704
1.7528834375E-07, -0.0203597040954649
1.75290296875E-07, -0.0200046544031483
1.7529225E-07, -0.0182904752001109
1.75294203125E-07, -0.0178752911986192
1.7529615625E-07, -0.019082208306909
1.75298109375E-07, -0.0180036498901761
1.753000625E-07, -0.0176149344839904
1.75302015625E-07, -0.01730830204596
1.7530396875E-07, -0.0173485366574993
1.75305921875E-07, -0.0154487870312111
1.75307875E-07, -0.0166659649022845
1.75309828125E-07, -0.0170679403528509
1.7531178125E-07, -0.014175859325177
1.75313734375E-07, -0.0156002227487863
1.753156875E-07, -0.0130090766897601
1.75317640625E-07, -0.0142450889529931
1.7531959375E-07, -0.015235773582059
1.75321546875E-07, -0.0128259977113505
1.753235E-07, -0.013450473082982
1.75325453125E-07, -0.0117890675582565
1.7532740625E-07, -0.0117869750479164
1.75329359375E-07, -0.0107057048165847
1.753313125E-07, -0.0104053807966158
1.75333265625E-07, -0.0106274357385122
1.7533521875E-07, -0.00893943672563154
1.75337171875E-07, -0.00975732733433733
1.75339125E-07, -0.00882630958672212
1.75341078125E-07, -0.00904836931726838
1.7534303125E-07, -0.00984642425150985
1.75344984375E-07, -0.00926669062278279
1.753469375E-07, -0.00686302478191941
1.75348890625E-07, -0.00644085564995201
1.7535084375E-07, -0.00839324959621768
1.75352796875E-07, -0.00640100045244433
1.7535475E-07, -0.00616175851859823
1.75356703125E-07, -0.00670947220269404
1.7535865625E-07, -0.00446670932665551
1.75360609375E-07, -0.00375267021981455
1.753625625E-07, -0.004128901642844
1.75364515625E-07, -0.00352373851888903
1.7536646875E-07, -0.00355527431459963
1.75368421875E-07, -0.00293229087384655
1.75370375E-07, -0.00330801707086397
1.75372328125E-07, -0.0022163868720392
1.7537428125E-07, -0.00230691007984219
1.75376234375E-07, -0.00104303435080835
1.753781875E-07, -0.00214813632999029
1.75380140625E-07, -0.00290423958682911
1.7538209375E-07, -0.00108415595179866
1.75384046875E-07, 0.000688625568866789
1.75386E-07, 4.75345752515662E-05
1.75387953125E-07, -0.000208289729443201
1.7538990625E-07, 0.00082716255737736
1.75391859375E-07, 0.000560976843839001
1.753938125E-07, 0.000281946825871594
1.75395765625E-07, 0.00086942594693901
1.7539771875E-07, 0.00144052719204774
1.75399671875E-07, 0.000669837172650307
1.75401625E-07, 0.00073720115778334
1.75403578125E-07, 0.0024905241162799
1.7540553125E-07, 0.00131832610978813
1.75407484375E-07, 0.002253225795821
1.754094375E-07, 0.0010722418659788
1.75411390625E-07, 0.00309342637053978
1.7541334375E-07, 0.00309875214178237
1.75415296875E-07, 0.00282358773594225
1.7541725E-07, 0.00364286133554874
1.75419203125E-07, 0.00334733135290596
1.7542115625E-07, 0.00354795049655231
1.75423109375E-07, 0.00332977542242659
1.754250625E-07, 0.00329959858637046
1.75427015625E-07, 0.00481684094319627
1.7542896875E-07, 0.00415550246746278
1.75430921875E-07, 0.0047076413775241
1.75432875E-07, 0.00412169163784326
1.75434828125E-07, 0.00433381146861808
1.7543678125E-07, 0.00492014329625639
1.75438734375E-07, 0.00525749832578686
1.754406875E-07, 0.0057408212728158
1.75442640625E-07, 0.00517350103005778
1.7544459375E-07, 0.00569389318844562
1.75446546875E-07, 0.00532838922147694
1.754485E-07, 0.00606835897057042
1.75450453125E-07, 0.00569917800619893
1.7545240625E-07, 0.00624784517098759
1.75454359375E-07, 0.0063481483141477
1.754563125E-07, 0.0062617433520863
1.75458265625E-07, 0.00678666313756929
1.7546021875E-07, 0.00641675928857573
1.75462171875E-07, 0.00702526421296091
1.75464125E-07, 0.00728916392165475
1.75466078125E-07, 0.00760690151895059
1.7546803125E-07, 0.00773039953579727
1.75469984375E-07, 0.00656836635371175
1.754719375E-07, 0.00724232840986604
1.75473890625E-07, 0.00811794206996597
1.7547584375E-07, 0.00742865098786832
1.75477796875E-07, 0.00850574718754014
1.7547975E-07, 0.00878259810681777
1.75481703125E-07, 0.00989725499835921
1.7548365625E-07, 0.00960494397340346
1.75485609375E-07, 0.0100941309269366
1.754875625E-07, 0.01028908772849
1.75489515625E-07, 0.0101092487940561
1.7549146875E-07, 0.00981723021008691
1.75493421875E-07, 0.0101325816107021
1.75495375E-07, 0.0108669514129455
1.75497328125E-07, 0.0113580764216793
1.7549928125E-07, 0.0103537804237172
1.75501234375E-07, 0.0124028172294633
1.755031875E-07, 0.0110674820954806
1.75505140625E-07, 0.0116322742800561
1.7550709375E-07, 0.0127360826486692
1.75509046875E-07, 0.0123156952607137
1.75511E-07, 0.0128246591965548
1.75512953125E-07, 0.0127691143608496
1.7551490625E-07, 0.0121403570919767
1.75516859375E-07, 0.0131471004213393
1.755188125E-07, 0.0133385596677459
1.75520765625E-07, 0.0142273279711763
1.7552271875E-07, 0.0138785779214714
1.75524671875E-07, 0.0141976314200476
1.75526625E-07, 0.0142091072778678
1.75528578125E-07, 0.0144178367637173
1.7553053125E-07, 0.0146191022225246
1.75532484375E-07, 0.0146626703563336
1.755344375E-07, 0.0140739740374162
1.75536390625E-07, 0.0145742215029935
1.7553834375E-07, 0.0150675420006553
1.75540296875E-07, 0.0150871352610556
1.7554225E-07, 0.0151150144828844
1.75544203125E-07, 0.0150934962222545
1.7554615625E-07, 0.0152439791367768
1.75548109375E-07, 0.0137439920278118
1.755500625E-07, 0.014671958991097
1.75552015625E-07, 0.0146419237953049
1.7555396875E-07, 0.0146975171601311
1.75555921875E-07, 0.0149928427712511
1.75557875E-07, 0.0154666282747381
1.75559828125E-07, 0.015203339119276
1.7556178125E-07, 0.0149221786050028
1.75563734375E-07, 0.0146733113567116
1.755656875E-07, 0.0140835744249473
1.75567640625E-07, 0.0146381918654328
1.7556959375E-07, 0.013899122295383
1.75571546875E-07, 0.014673464102346
1.755735E-07, 0.0141898852044172
1.75575453125E-07, 0.0144269825729556
1.7557740625E-07, 0.0136413941798212
1.75579359375E-07, 0.0132104731764072
1.755813125E-07, 0.0134560704007848
1.75583265625E-07, 0.0143570198102968
1.7558521875E-07, 0.0127019951462008
1.75587171875E-07, 0.0132916124233321
1.75589125E-07, 0.0125258879223545
1.75591078125E-07, 0.0127196466844001
1.7559303125E-07, 0.0119334667191099
1.75594984375E-07, 0.0116999459697549
1.755969375E-07, 0.0113580328835793
1.75598890625E-07, 0.0115162550551311
1.7560084375E-07, 0.0116424520922872
1.75602796875E-07, 0.00937794661904299
1.7560475E-07, 0.0107387254533049
1.75606703125E-07, 0.0109339231974565
1.7560865625E-07, 0.00948403873219677
1.75610609375E-07, 0.00955466313011334
1.756125625E-07, 0.00942290292510324
1.75614515625E-07, 0.00905318856600863
1.7561646875E-07, 0.00936106192642324
1.75618421875E-07, 0.00838872535454258
1.75620375E-07, 0.00838070197561644
1.75622328125E-07, 0.0074400630198282
1.7562428125E-07, 0.00795759637468987
1.75626234375E-07, 0.00782235650733535
1.756281875E-07, 0.00789340690058073
1.75630140625E-07, 0.00829220814366194
1.7563209375E-07, 0.00720949883973472
1.75634046875E-07, 0.00656046902780613
1.75636E-07, 0.00662360241541219
1.75637953125E-07, 0.00669081230960906
1.7563990625E-07, 0.00597205657132823
1.75641859375E-07, 0.00576223688684428
1.756438125E-07, 0.0055907200731487
1.75645765625E-07, 0.00566794109432971
1.7564771875E-07, 0.00517706265956855
1.75649671875E-07, 0.00453413261574379
1.75651625E-07, 0.00560646089629402
1.75653578125E-07, 0.00472877428624218
1.7565553125E-07, 0.00542100791334409
1.75657484375E-07, 0.00506763654692892
1.756594375E-07, 0.00456311470986932
1.75661390625E-07, 0.00423361474471018
1.7566334375E-07, 0.00487484235579699
1.75665296875E-07, 0.00470560549706292
1.7566725E-07, 0.00430243179259053
1.75669203125E-07, 0.00453558277490767
1.7567115625E-07, 0.00402434876401337
1.75673109375E-07, 0.00412239225691555
1.756750625E-07, 0.00436169473838327
1.75677015625E-07, 0.0039815261062464
1.7567896875E-07, 0.00417055380188473
1.75680921875E-07, 0.00404531339870171
1.75682875E-07, 0.00461353744236181
1.75684828125E-07, 0.00420478208670734
1.7568678125E-07, 0.00471865248988859
1.75688734375E-07, 0.00416432880143727
1.756906875E-07, 0.00409351368103252
1.75692640625E-07, 0.00478790143908301
1.7569459375E-07, 0.00474538559637826
1.75696546875E-07, 0.0051537801809604
1.756985E-07, 0.00548909677404584
1.75700453125E-07, 0.00500683524564171
1.7570240625E-07, 0.00507836843034814
1.75704359375E-07, 0.00501313118416499
1.757063125E-07, 0.00573406254660222
1.75708265625E-07, 0.00562333552041464
1.7571021875E-07, 0.00557766506625765
1.75712171875E-07, 0.0058202799223358
1.75714125E-07, 0.00628805019964849
1.75716078125E-07, 0.00596644984413001
1.7571803125E-07, 0.00615340549070391
1.75719984375E-07, 0.00606027989899732
1.757219375E-07, 0.00637628505707657
1.75723890625E-07, 0.00623371245493305
1.7572584375E-07, 0.00668805616534363
1.75727796875E-07, 0.00675525596058866
1.7572975E-07, 0.00675286293869036
1.75731703125E-07, 0.0066252164562348
1.7573365625E-07, 0.00667025163524608
1.75735609375E-07, 0.00732889439246
1.757375625E-07, 0.00794489819301974
1.75739515625E-07, 0.00729736428314616
1.7574146875E-07, 0.0077311494707379
1.75743421875E-07, 0.00732220534992366
1.75745375E-07, 0.00761087389829616
1.75747328125E-07, 0.0074324806405276
1.7574928125E-07, 0.00815035884688236
1.75751234375E-07, 0.00864081707985691
1.757531875E-07, 0.00882388461246426
1.75755140625E-07, 0.00759151216370202
1.7575709375E-07, 0.00910044291272885
1.75759046875E-07, 0.0082733763419128
1.75761E-07, 0.00852289325338014
1.75762953125E-07, 0.00898445292979577
1.7576490625E-07, 0.0085785091528189
1.75766859375E-07, 0.00902948877243365
1.757688125E-07, 0.00892048078962572
1.75770765625E-07, 0.0098137539857858
1.7577271875E-07, 0.00930894411955331
1.75774671875E-07, 0.00940721801005177
1.75776625E-07, 0.00927465697693196
1.75778578125E-07, 0.00894569355042363
1.7578053125E-07, 0.00932454974376554
1.75782484375E-07, 0.00954593155781749
1.757844375E-07, 0.0102091463598946
1.75786390625E-07, 0.0103380599160639
1.7578834375E-07, 0.00963128556723535
1.75790296875E-07, 0.0100662176785017
1.7579225E-07, 0.0104652624084055
1.75794203125E-07, 0.0103067056971414
1.7579615625E-07, 0.010652613011727
1.75798109375E-07, 0.0105615347970853
1.758000625E-07, 0.0104605270395811
1.75802015625E-07, 0.0108192687233529
1.7580396875E-07, 0.0104024519933864
1.75805921875E-07, 0.0106814531627192
1.75807875E-07, 0.0108786485166549
1.75809828125E-07, 0.0111316374511131
1.7581178125E-07, 0.0111725027666752
1.75813734375E-07, 0.0104253577636528
1.758156875E-07, 0.0111001419270116
1.75817640625E-07, 0.0108117647450805
1.7581959375E-07, 0.0117117211863871
1.75821546875E-07, 0.0114449520309827
1.758235E-07, 0.0109751098277197
1.75825453125E-07, 0.011429760701324
1.7582740625E-07, 0.0112055397614866
1.75829359375E-07, 0.0120317873655174
1.758313125E-07, 0.0116953709845319
1.75833265625E-07, 0.0110489648354266
1.7583521875E-07, 0.011579134875179
1.75837171875E-07, 0.011234308689561
1.75839125E-07, 0.0115982306291216
1.75841078125E-07, 0.0122585732844018
1.7584303125E-07, 0.0123947937702284
1.75844984375E-07, 0.010871954742534
1.758469375E-07, 0.0117736910691713
1.75848890625E-07, 0.0124740071085795
1.7585084375E-07, 0.0122621232543952
1.75852796875E-07, 0.0119745927284096
1.7585475E-07, 0.0120928600077662
1.75856703125E-07, 0.0121791890866658
1.7585865625E-07, 0.0121569748260338
1.75860609375E-07, 0.0115735333443074
1.758625625E-07, 0.0123056796739669
1.75864515625E-07, 0.0123075118584958
1.7586646875E-07, 0.0124765585870062
1.75868421875E-07, 0.0124344893442229
1.75870375E-07, 0.0121355484541449
1.75872328125E-07, 0.0123511035710661
1.7587428125E-07, 0.0123451349887268
1.75876234375E-07, 0.0124236064082325
1.758781875E-07, 0.0121267153517024
1.75880140625E-07, 0.0126021769736193
1.7588209375E-07, 0.0124457617281883
1.75884046875E-07, 0.0116744546153013
1.75886E-07, 0.0124514450388698
1.75887953125E-07, 0.0125390361291263
1.7588990625E-07, 0.0125801670989824
1.75891859375E-07, 0.0126734715605417
1.758938125E-07, 0.0127319710744499
1.75895765625E-07, 0.0122358588583773
1.7589771875E-07, 0.0127008422832682
1.75899671875E-07, 0.0125567380049724
1.75901625E-07, 0.0125045311410144
1.75903578125E-07, 0.0124653048548771
1.7590553125E-07, 0.0114628419156255
1.75907484375E-07, 0.0129640480012468
1.759094375E-07, 0.0126836687240903
1.75911390625E-07, 0.0110856773649809
1.7591334375E-07, 0.0119362949727357
1.75915296875E-07, 0.0124812180259935
1.7591725E-07, 0.0118108501652399
1.75919203125E-07, 0.0113656611190513
1.7592115625E-07, 0.0118353714289877
1.75923109375E-07, 0.0117663325602925
1.759250625E-07, 0.0117164765552101
1.75927015625E-07, 0.0119836955632426
1.7592896875E-07, 0.0115953313305241
1.75930921875E-07, 0.0113448293256481
1.75932875E-07, 0.0109848932466688
1.75934828125E-07, 0.0102308390779775
1.7593678125E-07, 0.0115816018682667
1.75938734375E-07, 0.0104078584767386
1.759406875E-07, 0.0105557805721702
1.75942640625E-07, 0.0105252895412087
1.7594459375E-07, 0.00953842962916439
1.75946546875E-07, 0.0110451334932731
1.759485E-07, 0.0103661112879978
1.75950453125E-07, 0.0104401051824465
1.7595240625E-07, 0.00977695925522055
1.75954359375E-07, 0.00895575321264941
1.759563125E-07, 0.00869983049736921
1.75958265625E-07, 0.00919423068877389
1.7596021875E-07, 0.0091686356947161
1.75962171875E-07, 0.00734243405452808
1.75964125E-07, 0.00856496207321129
1.75966078125E-07, 0.00795059240773491
1.7596803125E-07, 0.00709272033631337
1.75969984375E-07, 0.00695471411609658
1.759719375E-07, 0.00693697066675967
1.75973890625E-07, 0.00674211722351755
1.7597584375E-07, 0.00698183028194281
1.75977796875E-07, 0.00534929506860914
1.7597975E-07, 0.00569731396345629
1.75981703125E-07, 0.00474079061251696
1.7598365625E-07, 0.00524499613882985
1.75985609375E-07, 0.00605998698897134
1.759875625E-07, 0.00465333211344235
1.75989515625E-07, 0.00317283979259311
1.7599146875E-07, 0.00421404389388215
1.75993421875E-07, 0.00456080260681487
1.75995375E-07, 0.00308182405091767
1.75997328125E-07, 0.00228528600531415
1.7599928125E-07, 0.00143212994909309
1.76001234375E-07, 0.00318356105534105
1.760031875E-07, 0.00138606252977841
1.76005140625E-07, 0.000305036885641224
1.7600709375E-07, 0.000974536445186036
1.76009046875E-07, -0.000182815107393249
1.76011E-07, 0.000442879191851903
1.76012953125E-07, -0.000142787034489785
1.7601490625E-07, 4.8384956757308E-05
1.76016859375E-07, -0.00132268704659583
1.760188125E-07, -0.00157600001905206
1.76020765625E-07, -0.00230590065061983
1.7602271875E-07, -0.0041127222194778
1.76024671875E-07, -0.00217440921067109
1.76026625E-07, -0.00561397229749206
1.76028578125E-07, -0.00443283226621748
1.7603053125E-07, -0.00472596747841131
1.76032484375E-07, -0.00557561491896017
1.760344375E-07, -0.00537881973162966
1.76036390625E-07, -0.00750898290033959
1.7603834375E-07, -0.00560624851993959
1.76040296875E-07, -0.00718583407505193
1.7604225E-07, -0.00808067122431397
1.76044203125E-07, -0.00726651690515101
1.7604615625E-07, -0.0100520167105157
1.76048109375E-07, -0.00873421978029274
1.760500625E-07, -0.00840546549274908
1.76052015625E-07, -0.0106817162058136
1.7605396875E-07, -0.0113674068613204
1.76055921875E-07, -0.01113966612876
1.76057875E-07, -0.012740951721503
1.76059828125E-07, -0.0121376974225658
1.7606178125E-07, -0.0114242212305026
1.76063734375E-07, -0.0127645232580627
1.760656875E-07, -0.0131020519333173
1.76067640625E-07, -0.0128268350043727
1.7606959375E-07, -0.0146477818945681
1.76071546875E-07, -0.0145971352732477
1.760735E-07, -0.0133842314790953
1.76075453125E-07, -0.0147949148504756
1.7607740625E-07, -0.0156264418217404
1.76079359375E-07, -0.0157678354084888
1.760813125E-07, -0.0164045524071388
1.76083265625E-07, -0.016392343416973
1.7608521875E-07, -0.0156732992331507
1.76087171875E-07, -0.0166807766759919
1.76089125E-07, -0.0175294450050133
1.76091078125E-07, -0.0169165343519894
1.7609303125E-07, -0.0168035925800149
1.76094984375E-07, -0.0177087141989508
1.760969375E-07, -0.0160176028673079
1.76098890625E-07, -0.0181650049425535
1.7610084375E-07, -0.0174052798823905
1.76102796875E-07, -0.0176509732518789
1.7610475E-07, -0.0176899676105676
1.76106703125E-07, -0.0170827055474223
1.7610865625E-07, -0.0170656341596298
1.76110609375E-07, -0.0174358684147571
1.761125625E-07, -0.0181240504853013
1.76114515625E-07, -0.0181602924884576
1.7611646875E-07, -0.0169060949247273
1.76118421875E-07, -0.0174843611458952
1.76120375E-07, -0.0175503537934816
1.76122328125E-07, -0.017749549047288
1.7612428125E-07, -0.0170983916943557
1.76126234375E-07, -0.0174507299464432
1.761281875E-07, -0.016957837635151
1.76130140625E-07, -0.0178550892891703
1.7613209375E-07, -0.0164447999991018
1.76134046875E-07, -0.0158622542554945
1.76136E-07, -0.0161047657244149
1.76137953125E-07, -0.0159043310373086
1.7613990625E-07, -0.0155683861116074
1.76141859375E-07, -0.0149849034901885
1.761438125E-07, -0.0148806550553035
1.76145765625E-07, -0.0143221490293658
1.7614771875E-07, -0.0138483147965313
1.76149671875E-07, -0.0147070464234915
1.76151625E-07, -0.0130453648444382
1.76153578125E-07, -0.0137199640727242
1.7615553125E-07, -0.0127694574856992
1.76157484375E-07, -0.0118146078339469
1.761594375E-07, -0.0129103276175181
1.76161390625E-07, -0.0122643328500704
1.7616334375E-07, -0.0114984269858014
1.76165296875E-07, -0.0113583248297618
1.7616725E-07, -0.0111411181901447
1.76169203125E-07, -0.01100953259557
1.7617115625E-07, -0.0098692155003276
1.76173109375E-07, -0.010316996785693
1.761750625E-07, -0.0098112636750672
1.76177015625E-07, -0.00995944718381863
1.7617896875E-07, -0.00985547027827152
1.76180921875E-07, -0.0087581530449245
1.76182875E-07, -0.00817172402912881
1.76184828125E-07, -0.00805488623192326
1.7618678125E-07, -0.00878976584743284
1.76188734375E-07, -0.00785677712614085
1.761906875E-07, -0.00742606345738523
1.76192640625E-07, -0.00750822942134156
1.7619459375E-07, -0.0079600111873057
1.76196546875E-07, -0.00773777124717675
1.761985E-07, -0.00688952548163398
1.76200453125E-07, -0.00647699701653652
1.7620240625E-07, -0.00677174927214069
1.76204359375E-07, -0.0063062897406034
1.762063125E-07, -0.00600133144758495
1.76208265625E-07, -0.00600767841806294
1.7621021875E-07, -0.00619250495055179
1.76212171875E-07, -0.00606715685091937
1.76214125E-07, -0.00757765750660565
1.76216078125E-07, -0.00629172082295837
1.7621803125E-07, -0.00603607076319698
1.76219984375E-07, -0.00589806409664259
1.762219375E-07, -0.00593552408983894
1.76223890625E-07, -0.00592931926934384
1.7622584375E-07, -0.00649554843093833
1.76227796875E-07, -0.00657731191642608
1.7622975E-07, -0.0065276785750697
1.76231703125E-07, -0.00657521914508607
1.7623365625E-07, -0.00666400722410443
1.76235609375E-07, -0.00631789156336201
1.762375625E-07, -0.00660198229860076
1.76239515625E-07, -0.00667698647709316
1.7624146875E-07, -0.00675431788335497
1.76243421875E-07, -0.0061469429410916
1.76245375E-07, -0.00703901965388625
1.76247328125E-07, -0.00760032237250599
1.7624928125E-07, -0.00740500112681839
1.76251234375E-07, -0.00833246356310075
1.762531875E-07, -0.00796292063075014
1.76255140625E-07, -0.00805035155326218
1.7625709375E-07, -0.00852081716547272
1.76259046875E-07, -0.0084021366440653
1.76261E-07, -0.00843100070681135
1.76262953125E-07, -0.00934576610150931
1.7626490625E-07, -0.0082891921302123
1.76266859375E-07, -0.00937021824688799
1.762688125E-07, -0.00937709445914813
1.76270765625E-07, -0.0087582264439717
1.7627271875E-07, -0.00930353851420819
1.76274671875E-07, -0.00962029438859002
1.76276625E-07, -0.00957924413593834
1.76278578125E-07, -0.00915215746421134
1.7628053125E-07, -0.0102411715477423
1.76282484375E-07, -0.0100321027559629
1.762844375E-07, -0.0102979905347803
1.76286390625E-07, -0.0100991294400218
1.7628834375E-07, -0.0105244271061323
1.76290296875E-07, -0.0101487175781821
1.7629225E-07, -0.0111600606057376
1.76294203125E-07, -0.0106371674509555
1.7629615625E-07, -0.0105794416816469
1.76298109375E-07, -0.0105413266456415
1.763000625E-07, -0.0109642534150874
1.76302015625E-07, -0.0106373079943582
1.7630396875E-07, -0.0110108150532427
1.76305921875E-07, -0.0107533891044211
1.76307875E-07, -0.0110583461360222
1.76309828125E-07, -0.0105556445592363
1.7631178125E-07, -0.0110098174433789
1.76313734375E-07, -0.0107212914815162
1.763156875E-07, -0.0104636728405462
1.76317640625E-07, -0.0102193772057528
1.7631959375E-07, -0.010895607586777
1.76321546875E-07, -0.00992717615681297
1.763235E-07, -0.0105679418488516
1.76325453125E-07, -0.0103456898093252
1.7632740625E-07, -0.00931549147836131
1.76329359375E-07, -0.00973956332034111
1.763313125E-07, -0.0090037070406692
1.76333265625E-07, -0.00980874701530086
1.7633521875E-07, -0.00953573778114436
1.76337171875E-07, -0.00943709448937701
1.76339125E-07, -0.00905559708863417
1.76341078125E-07, -0.00901861521943726
1.7634303125E-07, -0.00876546703722843
1.76344984375E-07, -0.00897177859686703
1.763469375E-07, -0.00815258483881421
1.76348890625E-07, -0.00824802204796116
1.7635084375E-07, -0.00884358744440255
1.76352796875E-07, -0.00702067869714963
1.7635475E-07, -0.00821691387106761
1.76356703125E-07, -0.0075753423817708
1.7635865625E-07, -0.00725731694619065
1.76360609375E-07, -0.00755862079750426
1.763625625E-07, -0.00739778137979612
1.76364515625E-07, -0.00733391935538302
1.7636646875E-07, -0.0068483770778498
1.76368421875E-07, -0.00646702557339468
1.76370375E-07, -0.00661223403513871
1.76372328125E-07, -0.00600802919363443
1.7637428125E-07, -0.00592139364229691
1.76376234375E-07, -0.00585595373588436
1.763781875E-07, -0.00554719690127052
1.76380140625E-07, -0.00588925037180354
1.7638209375E-07, -0.00494472706367904
1.76384046875E-07, -0.00554778325224145
1.76386E-07, -0.00527724194589068
1.76387953125E-07, -0.00494154092608672
1.7638990625E-07, -0.00496823601248174
1.76391859375E-07, -0.00482608537982776
1.763938125E-07, -0.00515846046241485
1.76395765625E-07, -0.00495410169198613
1.7639771875E-07, -0.00435988272302859
1.76399671875E-07, -0.00420618359072512
1.76401625E-07, -0.00444503614473702
1.76403578125E-07, -0.00432131060984455
1.7640553125E-07, -0.00375440814367091
1.76407484375E-07, -0.00383033054933043
1.764094375E-07, -0.00363294386762601
1.76411390625E-07, -0.00380046746997088
1.7641334375E-07, -0.00342325142975809
1.76415296875E-07, -0.00331525159781032
1.7641725E-07, -0.0035956739969171
1.76419203125E-07, -0.00340889885145752
1.7642115625E-07, -0.00395447232287123
1.76423109375E-07, -0.00325682444280691
1.764250625E-07, -0.00338518848258096
1.76427015625E-07, -0.00390197066874056
1.7642896875E-07, -0.00308986999322697
1.76430921875E-07, -0.00283553594541374
1.76432875E-07, -0.00319400034969527
1.76434828125E-07, -0.00318546479979416
1.7643678125E-07, -0.00369270229740506
1.76438734375E-07, -0.00281311819219123
1.764406875E-07, -0.00287490134621753
1.76442640625E-07, -0.0027444835430599
1.7644459375E-07, -0.00314397060477152
1.76446546875E-07, -0.00283636182487217
1.764485E-07, -0.00313434015890912
1.76450453125E-07, -0.00253404970708
1.7645240625E-07, -0.00280626025450694
1.76454359375E-07, -0.00287781055932393
1.764563125E-07, -0.00292623080539306
1.76458265625E-07, -0.00289712529318235
1.7646021875E-07, -0.00274662297698425
1.76462171875E-07, -0.00271961259722999
1.76464125E-07, -0.00267906080331136
1.76466078125E-07, -0.00326107406859976
1.7646803125E-07, -0.00270057921792893
1.76469984375E-07, -0.00285430264970689
1.764719375E-07, -0.00300382249014403
1.76473890625E-07, -0.0028865180465126
1.7647584375E-07, -0.0027524895080829
1.76477796875E-07, -0.00287416685813639
1.7647975E-07, -0.00323390032352194
1.76481703125E-07, -0.00321031064407003
1.7648365625E-07, -0.0028245150146203
1.76485609375E-07, -0.00290225205827092
1.764875625E-07, -0.00298594248644102
1.76489515625E-07, -0.00308718911142553
1.7649146875E-07, -0.00306049383095834
1.76493421875E-07, -0.00276534723200514
1.76495375E-07, -0.0023392963702703
1.76497328125E-07, -0.00277989712015186
1.7649928125E-07, -0.00270746934396389
1.76501234375E-07, -0.00228868714328016
1.765031875E-07, -0.00314607176706229
1.76505140625E-07, -0.00261952391659217
1.7650709375E-07, -0.00238819859012467
1.76509046875E-07, -0.00266098350802728
1.76511E-07, -0.00258899650707536
1.76512953125E-07, -0.00269334819796496
1.7651490625E-07, -0.00234606980704751
1.76516859375E-07, -0.00276793138355733
1.765188125E-07, -0.00268788659211758
1.76520765625E-07, -0.00256346374620544
1.7652271875E-07, -0.00262310814415416
1.76524671875E-07, -0.00244414268635223
1.76526625E-07, -0.00247890918996919
1.76528578125E-07, -0.00270892604902093
1.7653053125E-07, -0.00245348153985558
1.76532484375E-07, -0.0021829609933277
1.765344375E-07, -0.00273570626263646
1.76536390625E-07, -0.00239409389708776
1.7653834375E-07, -0.00252384259853741
1.76540296875E-07, -0.00241402871626677
1.7654225E-07, -0.00259344162069169
1.76544203125E-07, -0.00247069962283687
1.7654615625E-07, -0.00241968100879546
1.76548109375E-07, -0.00244310140315462
1.765500625E-07, -0.00200363520128248
1.76552015625E-07, -0.00222201270005932
1.7655396875E-07, -0.00247618985942222
1.76555921875E-07, -0.00212636522551863
1.76557875E-07, -0.0021482677939745
1.76559828125E-07, -0.00201137751870247
1.7656178125E-07, -0.00233797801876034
1.76563734375E-07, -0.00220298904643364
1.765656875E-07, -0.002469938945981
1.76567640625E-07, -0.00229739944493838
1.7656959375E-07, -0.00234196595813133
1.76571546875E-07, -0.00256374166039612
1.765735E-07, -0.0024607083061943
1.76575453125E-07, -0.00226269061859069
1.7657740625E-07, -0.00243035198682374
1.76579359375E-07, -0.00229362556247656
1.765813125E-07, -0.00234655221812403
1.76583265625E-07, -0.00245222755572553
1.7658521875E-07, -0.00267497914620659
1.76587171875E-07, -0.00246291475243033
1.76589125E-07, -0.00251872408292763
1.76591078125E-07, -0.00245517349421116
1.7659303125E-07, -0.00227256393057917
1.76594984375E-07, -0.002604382981186
1.765969375E-07, -0.00253711334889926
1.76598890625E-07, -0.002528288416265
1.7660084375E-07, -0.00267121334232996
1.76602796875E-07, -0.002974988716695
1.7660475E-07, -0.00275810536804374
1.76606703125E-07, -0.00281905097868395
1.7660865625E-07, -0.0029348109652542
1.76610609375E-07, -0.00279816359285474
1.766125625E-07, -0.00281028969267503
1.76614515625E-07, -0.00284030836964585
1.7661646875E-07, -0.00281271367652418
1.76618421875E-07, -0.00264847737839122
1.76620375E-07, -0.00309962198147131
1.76622328125E-07, -0.00284356960754694
1.7662428125E-07, -0.0028248794209752
1.76626234375E-07, -0.00265163390884402
1.766281875E-07, -0.00307703463568324
1.76630140625E-07, -0.00309940680123895
1.7663209375E-07, -0.00298294131874117
1.76634046875E-07, -0.00272825104694106
1.76636E-07, -0.00286904760269492
1.76637953125E-07, -0.00305630550000704
1.7663990625E-07, -0.0025133728587255
1.76641859375E-07, -0.00306423329477736
1.766438125E-07, -0.00300859821311611
1.76645765625E-07, -0.00283539485534798
1.7664771875E-07, -0.0031998591936694
1.76649671875E-07, -0.00270034388425582
1.76651625E-07, -0.0029851193150885
1.76653578125E-07, -0.00301911667386891
1.7665553125E-07, -0.00278896864178823
1.76657484375E-07, -0.00287962571439381
1.766594375E-07, -0.00256415796071947
1.76661390625E-07, -0.00315124121186318
1.7666334375E-07, -0.00275050798164804
1.76665296875E-07, -0.00282764060724264
1.7666725E-07, -0.00246058354039271
1.76669203125E-07, -0.00262377169172168
1.7667115625E-07, -0.00260835516167532
1.76673109375E-07, -0.00264975023983806
1.766750625E-07, -0.00295236485591472
1.76677015625E-07, -0.00242759771445691
1.7667896875E-07, -0.00242289332284063
1.76680921875E-07, -0.00273286012394193
1.76682875E-07, -0.00266794094321312
1.76684828125E-07, -0.00277070430887921
1.7668678125E-07, -0.00284435396414392
1.76688734375E-07, -0.00274839251289442
1.766906875E-07, -0.00278822676427284
1.76692640625E-07, -0.00243318621061961
1.7669459375E-07, -0.00225798643300958
1.76696546875E-07, -0.00185408405519189
1.766985E-07, -0.00224502889483015
1.76700453125E-07, -0.00264055804206218
1.7670240625E-07, -0.00216085448631071
1.76704359375E-07, -0.0020098959733821
1.767063125E-07, -0.00229123526624521
1.76708265625E-07, -0.0023727487126893
1.7671021875E-07, -0.00223859268047176
1.76712171875E-07, -0.00239566997138556
1.76714125E-07, -0.0021380911705556
1.76716078125E-07, -0.00227133896591121
1.7671803125E-07, -0.00256348679432203
1.76719984375E-07, -0.00267627174576565
1.767219375E-07, -0.00230779221082638
1.76723890625E-07, -0.00228811159639149
1.7672584375E-07, -0.00256388900367135
1.76727796875E-07, -0.00290955137847847
1.7672975E-07, -0.00282544868923171
1.76731703125E-07, -0.0028948945213012
1.7673365625E-07, -0.00236045112855842
1.76735609375E-07, -0.00285520888876467
1.767375625E-07, -0.00276845107395436
1.76739515625E-07, -0.00285666358078242
1.7674146875E-07, -0.00292083301898403
1.76743421875E-07, -0.00293041028891235
1.76745375E-07, -0.0029562458976029
1.76747328125E-07, -0.00285623711436863
1.7674928125E-07, -0.0031975038971118
1.76751234375E-07, -0.00315653142397261
1.767531875E-07, -0.0030738010331924
1.76755140625E-07, -0.00304237148603084
1.7675709375E-07, -0.00299036197083578
1.76759046875E-07, -0.00326645131078388
1.76761E-07, -0.00344637132758347
1.76762953125E-07, -0.00375230093702882
1.7676490625E-07, -0.00354848403735936
1.76766859375E-07, -0.00362781988660507
1.767688125E-07, -0.00324811989337911
1.76770765625E-07, -0.00394580835019633
1.7677271875E-07, -0.0036230857642527
1.76774671875E-07, -0.00355430782044253
1.76776625E-07, -0.00343823171692905
1.76778578125E-07, -0.00383150555121352
1.7678053125E-07, -0.00368358866420515
1.76782484375E-07, -0.00413533199875343
1.767844375E-07, -0.00386957265364587
1.76786390625E-07, -0.00419495483010179
1.7678834375E-07, -0.00450082124566353
1.76790296875E-07, -0.00426881209886084
1.7679225E-07, -0.00425354805815321
1.76794203125E-07, -0.00376998347539828
1.7679615625E-07, -0.00401992047497521
1.76798109375E-07, -0.00403794281035327
1.768000625E-07, -0.00442519186927094
1.76802015625E-07, -0.00362686379895523
1.7680396875E-07, -0.00395079185138354
1.76805921875E-07, -0.00392132754068516
1.76807875E-07, -0.00390233062613601
1.76809828125E-07, -0.00373134252819666
1.7681178125E-07, -0.00411009254194692
1.76813734375E-07, -0.00434691738814324
1.768156875E-07, -0.00343232761400516
1.76817640625E-07, -0.00373706604520498
1.7681959375E-07, -0.00372151417028814
1.76821546875E-07, -0.00430270191998077
1.768235E-07, -0.00399734353210148
1.76825453125E-07, -0.00318515298597228
1.7682740625E-07, -0.00355445401985547
1.76829359375E-07, -0.00312407900660472
1.768313125E-07, -0.00272530235063019
1.76833265625E-07, -0.00245460873205438
1.7683521875E-07, -0.00284481779038525
1.76837171875E-07, -0.00224426935124521
1.76839125E-07, -0.00250707465730382
1.76841078125E-07, -0.00194149632908544
1.7684303125E-07, -0.00131905958212024
1.76844984375E-07, -0.00177409221615479
1.768469375E-07, 0.000136226588514719
1.76848890625E-07, -0.00293796100212045
1.7685084375E-07, -0.00138494278392615
1.76852796875E-07, -0.000621519177837513
1.7685475E-07, -0.00123286514163412
1.76856703125E-07, -0.000658001390053246
1.7685865625E-07, -0.00158259042494136
1.76860609375E-07, -0.000170217293910053
1.768625625E-07, 0.000543417069885601
1.76864515625E-07, -0.000300541640751266
1.7686646875E-07, -0.000297419907949387
1.76868421875E-07, 0.000946049716671391
1.76870375E-07, 0.00123671634036662
1.76872328125E-07, 0.00189427801245041
1.7687428125E-07, 0.000326787923404311
1.76876234375E-07, 0.00120567085445337
1.768781875E-07, 0.00198319376994347
1.76880140625E-07, 0.00174463598903468
1.7688209375E-07, 0.00113460147925724
1.76884046875E-07, 0.00091468615630809
1.76886E-07, 0.00219888704588444
1.76887953125E-07, 0.00104513970920507
1.7688990625E-07, 0.00160095654320871
1.76891859375E-07, 0.00167645080741203
1.768938125E-07, 0.00240698254050979
1.76895765625E-07, 0.00184393595896467
1.7689771875E-07, 0.00203553785601868
1.76899671875E-07, 0.00196975291560017
1.76901625E-07, 0.00196444009770919
1.76903578125E-07, 0.00152885146207638
1.7690553125E-07, 0.00189708614832277
1.76907484375E-07, 0.00155951830491079
1.769094375E-07, 0.00161589053967291
1.76911390625E-07, 0.00175638306998531
1.7691334375E-07, 0.00185808394882845
1.76915296875E-07, 0.00109670793083841
1.7691725E-07, 0.00149738465480359
1.76919203125E-07, 0.00119462983572072
1.7692115625E-07, 0.00108477055993904
1.76923109375E-07, 0.00106163699349708
1.769250625E-07, 0.000907224773605728
1.76927015625E-07, 0.000999589532641298
1.7692896875E-07, -0.000113975372867132
1.76930921875E-07, 0.000412873879667127
1.76932875E-07, -0.000550214419139573
1.76934828125E-07, 0.000146028824906351
1.7693678125E-07, 0.000256038050740394
1.76938734375E-07, 0.000261990437788596
1.769406875E-07, -0.000332015566252198
1.76942640625E-07, -0.00100987272884138
1.7694459375E-07, -0.0011604223014671
1.76946546875E-07, -0.00144530652090937
1.769485E-07, -0.000997825709270877
1.76950453125E-07, -0.0015753999744536
1.7695240625E-07, -0.00179958211682092
1.76954359375E-07, -0.00129709216408235
1.769563125E-07, -0.00121242039088253
1.76958265625E-07, -0.0018779271422285
1.7696021875E-07, -0.00195924868465924
1.76962171875E-07, -0.00279802284127892
1.76964125E-07, -0.00213488724525435
1.76966078125E-07, -0.00204364085499626
1.7696803125E-07, -0.00297290734564293
1.76969984375E-07, -0.002799330929405
1.769719375E-07, -0.00272704590719632
1.76973890625E-07, -0.00247151484457168
1.7697584375E-07, -0.00296357288357559
1.76977796875E-07, -0.00352047522308424
1.7697975E-07, -0.00332609254854938
1.76981703125E-07, -0.00241644492442552
1.7698365625E-07, -0.00270713590846683
1.76985609375E-07, -0.00239205313959233
1.769875625E-07, -0.00283465410782405
1.76989515625E-07, -0.00270887473055991
1.7699146875E-07, -0.00290761672253855
1.76993421875E-07, -0.00282230470526067
1.76995375E-07, -0.0022996948470373
1.76997328125E-07, -0.00291541126904584
1.7699928125E-07, -0.00248667778278906
1.77001234375E-07, -0.00225254602362205
1.770031875E-07, -0.00165046988225998
1.77005140625E-07, -0.00177649677026652
1.7700709375E-07, -0.0017454220586383
1.77009046875E-07, -0.001339337642124
1.77011E-07, -0.00116704416509638
1.77012953125E-07, -0.000419030548339522
1.7701490625E-07, -0.00080566105179283
1.77016859375E-07, -0.00091200107517282
1.770188125E-07, 0.000140146484357871
1.77020765625E-07, 0.000216204917725799
1.7702271875E-07, 0.000628571842521919
1.77024671875E-07, 6.4402475531763E-05
1.77026625E-07, 0.00096579661615695
1.77028578125E-07, 0.000883579312875113
1.7703053125E-07, 0.00061851526618875
1.77032484375E-07, 0.00145460795663671
1.770344375E-07, 0.00130943316409007
1.77036390625E-07, 0.00195704074311337
1.7703834375E-07, 0.00185958277157777
1.77040296875E-07, 0.00239481510096911
1.7704225E-07, 0.00198576142395743
1.77044203125E-07, 0.00234218419602132
1.7704615625E-07, 0.00313230065789749
1.77048109375E-07, 0.00284839449370692
1.770500625E-07, 0.00271235528894212
1.77052015625E-07, 0.00268785708059383
1.7705396875E-07, 0.00302534077968263
1.77055921875E-07, 0.00323014290337051
1.77057875E-07, 0.00284557165282931
1.77059828125E-07, 0.00319483334317081
1.7706178125E-07, 0.00356294878633859
1.77063734375E-07, 0.0036891198334237
1.770656875E-07, 0.00347000814602685
1.77067640625E-07, 0.0035703765663653
1.7706959375E-07, 0.00404675304836087
1.77071546875E-07, 0.00355657867940075
1.770735E-07, 0.00406258418024122
1.77075453125E-07, 0.00373075171540975
1.7707740625E-07, 0.00360469865543566
1.77079359375E-07, 0.00370173471310305
1.770813125E-07, 0.0035368145269762
1.77083265625E-07, 0.00378133148256307
1.7708521875E-07, 0.00381383471923657
1.77087171875E-07, 0.00333540598991975
1.77089125E-07, 0.00399716751837288
1.77091078125E-07, 0.00342844619454733
1.7709303125E-07, 0.00310791025808325
1.77094984375E-07, 0.00370526274288483
1.770969375E-07, 0.00326451763167937
1.77098890625E-07, 0.00345721141353097
1.7710084375E-07, 0.00305507231483515
1.77102796875E-07, 0.00326379182446229
1.7710475E-07, 0.00323590429899725
1.77106703125E-07, 0.00315017829791232
1.7710865625E-07, 0.00293643698446442
1.77110609375E-07, 0.0029534694167983
1.771125625E-07, 0.00261978293887943
1.77114515625E-07, 0.00266781352693413
1.7711646875E-07, 0.00307093969359982
1.77118421875E-07, 0.00299210354843957
1.77120375E-07, 0.00287662729310449
1.77122328125E-07, 0.00266744134556658
1.7712428125E-07, 0.00293920425184717
1.77126234375E-07, 0.00280209255998995
1.771281875E-07, 0.00254059787629874
1.77130140625E-07, 0.00257701151092403
1.7713209375E-07, 0.00339851594883767
1.77134046875E-07, 0.00294636142970334
1.77136E-07, 0.00238726468244881
1.77137953125E-07, 0.0027419276364762
1.7713990625E-07, 0.00304556791545662
1.77141859375E-07, 0.00304569123126909
1.771438125E-07, 0.00275112206482428
1.77145765625E-07, 0.0026833277688622
1.7714771875E-07, 0.00312188726329389
1.77149671875E-07, 0.00313575527452589
1.77151625E-07, 0.00342662002994355
1.77153578125E-07, 0.00366964058631757
1.7715553125E-07, 0.00306075402572544
1.77157484375E-07, 0.00367756827875225
1.771594375E-07, 0.0032764532330721
1.77161390625E-07, 0.00377337602184162
1.7716334375E-07, 0.00384488339036579
1.77165296875E-07, 0.00349144830255156
1.7716725E-07, 0.00373849170338014
1.77169203125E-07, 0.00379405975862554
1.7717115625E-07, 0.00393121346894546
1.77173109375E-07, 0.00406261612392924
1.771750625E-07, 0.00446525705783842
1.77177015625E-07, 0.00430338918430239
1.7717896875E-07, 0.00443336683968238
1.77180921875E-07, 0.00441344732774381
1.77182875E-07, 0.00450631967822311
1.77184828125E-07, 0.00492519335931411
1.7718678125E-07, 0.00468831789837446
1.77188734375E-07, 0.00495632033786781
1.771906875E-07, 0.00499825544389775
1.77192640625E-07, 0.00499851419053995
1.7719459375E-07, 0.00562195542621938
1.77196546875E-07, 0.00537005295137036
1.771985E-07, 0.00579418919850618
1.77200453125E-07, 0.00530531664056329
1.7720240625E-07, 0.0053957012307486
1.77204359375E-07, 0.00568609346820911
1.772063125E-07, 0.00589918124389533
1.77208265625E-07, 0.00572567874243017
1.7721021875E-07, 0.00637476117255001
1.77212171875E-07, 0.00662269108332334
1.77214125E-07, 0.0061692275789204
1.77216078125E-07, 0.00597492808635507
1.7721803125E-07, 0.00613748213396092
1.77219984375E-07, 0.00677436045589226
1.772219375E-07, 0.00637695198742034
1.77223890625E-07, 0.00676942683681843
1.7722584375E-07, 0.00669507044832044
1.77227796875E-07, 0.00678812642337421
1.7722975E-07, 0.00675510194114882
1.77231703125E-07, 0.0068463842259397
1.7723365625E-07, 0.00740898340277062
1.77235609375E-07, 0.00708747624245216
1.772375625E-07, 0.00666752498308663
1.77239515625E-07, 0.0071006278220256
1.7724146875E-07, 0.00733693660514401
1.77243421875E-07, 0.00741026593003986
1.77245375E-07, 0.00731549131419835
1.77247328125E-07, 0.00756065741965442
1.7724928125E-07, 0.00730530991969897
1.77251234375E-07, 0.00740957325214479
1.772531875E-07, 0.00760860137271657
1.77255140625E-07, 0.00757376323110929
1.7725709375E-07, 0.00764651407189976
1.77259046875E-07, 0.00722639728872824
1.77261E-07, 0.00756083931755021
1.77262953125E-07, 0.00787997115608367
1.7726490625E-07, 0.00761457961289755
1.77266859375E-07, 0.007861098992613
1.772688125E-07, 0.00764443457986087
1.77270765625E-07, 0.00758378239809866
1.7727271875E-07, 0.00768958344563374
1.77274671875E-07, 0.00747643711940623
1.77276625E-07, 0.00765694197756566
1.77278578125E-07, 0.0074533254327621
1.7728053125E-07, 0.00791783965167099
1.77282484375E-07, 0.00716608527743123
1.772844375E-07, 0.00770521916745309
1.77286390625E-07, 0.00787054858285683
1.7728834375E-07, 0.00747790181765907
1.77290296875E-07, 0.00760784736510958
1.7729225E-07, 0.00775442146539986
1.77294203125E-07, 0.00822351809503337
1.7729615625E-07, 0.00705198821460203
1.77298109375E-07, 0.00774500029468978
1.773000625E-07, 0.00788934521056009
1.77302015625E-07, 0.00821696610056387
1.7730396875E-07, 0.00809949140772676
1.77305921875E-07, 0.00733341163148258
1.77307875E-07, 0.00755405472104142
1.77309828125E-07, 0.00740086288380728
1.7731178125E-07, 0.00740481913159644
1.77313734375E-07, 0.00706443384587385
1.773156875E-07, 0.00722468905967623
1.77317640625E-07, 0.00732780646158685
1.7731959375E-07, 0.0069629395707708
1.77321546875E-07, 0.00721391012280937
1.773235E-07, 0.00734266732321638
1.77325453125E-07, 0.0060342677937166
1.7732740625E-07, 0.0069150837176357
1.77329359375E-07, 0.00598233838266882
1.773313125E-07, 0.00588748398088822
1.77333265625E-07, 0.00657640685468399
1.7733521875E-07, 0.00629597961178951
1.77337171875E-07, 0.00603869995105281
1.77339125E-07, 0.00664182367644509
1.77341078125E-07, 0.00612822611184285
1.7734303125E-07, 0.00545467122054787
1.77344984375E-07, 0.00530285309852234
1.773469375E-07, 0.00557657351985025
1.77348890625E-07, 0.00583790736992577
1.7735084375E-07, 0.00585952510246744
1.77352796875E-07, 0.00482956267855791
1.7735475E-07, 0.00530476661459641
1.77356703125E-07, 0.00526038072589165
1.7735865625E-07, 0.00543247276424642
1.77360609375E-07, 0.00462077177832091
1.773625625E-07, 0.00439255380331055
1.77364515625E-07, 0.00473809922385593
1.7736646875E-07, 0.00477086419854692
1.77368421875E-07, 0.00478772693706846
1.77370375E-07, 0.00409566988617757
1.77372328125E-07, 0.00436685044835058
1.7737428125E-07, 0.00424477088113544
1.77376234375E-07, 0.003974944733481
1.773781875E-07, 0.00381112881907339
1.77380140625E-07, 0.00376871069168731
1.7738209375E-07, 0.00403900203527055
1.77384046875E-07, 0.00301404140276616
1.77386E-07, 0.00365473012804601
1.77387953125E-07, 0.00344499817437339
1.7738990625E-07, 0.0034673973166585
1.77391859375E-07, 0.00336468015720859
1.773938125E-07, 0.00298896648182939
1.77395765625E-07, 0.00293366071573652
1.7739771875E-07, 0.00291900048554262
1.77399671875E-07, 0.00239638068945642
1.77401625E-07, 0.00246204143398461
1.77403578125E-07, 0.00177243312569449
1.7740553125E-07, 0.00224362653471444
1.77407484375E-07, 0.00191634278916951
1.774094375E-07, 0.00225914816906075
1.77411390625E-07, 0.001972085011082
1.7741334375E-07, 0.00160114983224083
1.77415296875E-07, 0.00199160904371052
1.7741725E-07, 0.00189333454374401
1.77419203125E-07, 0.00177293469190502
1.7742115625E-07, 0.00107064167527177
1.77423109375E-07, 0.00129996760210426
1.774250625E-07, 0.0012825674192309
1.77427015625E-07, 0.000992894164893879
1.7742896875E-07, 0.00060739914255175
1.77430921875E-07, 0.000674232511246418
1.77432875E-07, 0.000401250920192978
1.77434828125E-07, 0.000428145839243506
1.7743678125E-07, 0.000896413659684615
1.77438734375E-07, -8.7424734357031E-05
1.774406875E-07, 1.78972636497634E-05
1.77442640625E-07, 0.000970919831993594
1.7744459375E-07, 0.000196104690130585
1.77446546875E-07, 0.000437629187809368
1.774485E-07, -0.000980842241535599
1.77450453125E-07, -0.0006282516158997
1.7745240625E-07, -0.000462409866013531
1.77454359375E-07, 3.33853335825301E-05
1.774563125E-07, -5.82921506012365E-05
1.77458265625E-07, -0.000566200630421112
1.7746021875E-07, -0.000862483296135203
1.77462171875E-07, -0.00138497375579676
1.77464125E-07, -0.00100991528046289
1.77466078125E-07, -0.00152670994745023
1.7746803125E-07, -0.00210313003659309
1.77469984375E-07, -0.00169648247733309
1.774719375E-07, -0.000781380981449809
1.77473890625E-07, -0.00129216342614426
1.7747584375E-07, -0.00168635496632688
1.77477796875E-07, -0.00174408857946634
1.7747975E-07, -0.00227004316271648
1.77481703125E-07, -0.00159593617037095
1.7748365625E-07, -0.00239310417744721
1.77485609375E-07, -0.00232120310387349
1.774875625E-07, -0.00204146777455929
1.77489515625E-07, -0.00244504882399117
1.7749146875E-07, -0.00301548217685409
1.77493421875E-07, -0.002719544919998
1.77495375E-07, -0.00298195071037843
1.77497328125E-07, -0.00307652056438864
1.7749928125E-07, -0.00274947036325478
1.77501234375E-07, -0.00271887580196746
1.775031875E-07, -0.00334285541359988
1.77505140625E-07, -0.00297253322931074
1.7750709375E-07, -0.00322615292529218
1.77509046875E-07, -0.00359698341545503
1.77511E-07, -0.00305333031829568
1.77512953125E-07, -0.002968615434828
1.7751490625E-07, -0.00393907806184148
1.77516859375E-07, -0.00343428940804462
1.775188125E-07, -0.00394794450597539
1.77520765625E-07, -0.00313335915515086
1.7752271875E-07, -0.00365092514102156
1.77524671875E-07, -0.00436580378514489
1.77526625E-07, -0.00401585521539018
1.77528578125E-07, -0.00420201940601424
1.7753053125E-07, -0.00417368572110935
1.77532484375E-07, -0.00362518866414977
1.775344375E-07, -0.00393988505639248
1.77536390625E-07, -0.004745374900498
1.7753834375E-07, -0.00422310770809696
1.77540296875E-07, -0.00433506271557872
1.7754225E-07, -0.00395829317231573
1.77544203125E-07, -0.00524249297286941
1.7754615625E-07, -0.00519934017771714
1.77548109375E-07, -0.00405641917101381
1.775500625E-07, -0.00464816323115864
1.77552015625E-07, -0.00341445615868575
1.7755396875E-07, -0.00485910786322558
1.77555921875E-07, -0.00422919058761342
1.77557875E-07, -0.00525052817856298
1.77559828125E-07, -0.00454977801745927
1.7756178125E-07, -0.00446621444809617
1.77563734375E-07, -0.00515722718796321
1.775656875E-07, -0.00447809688834679
1.77567640625E-07, -0.00467617341853367
1.7756959375E-07, -0.00458044796538137
1.77571546875E-07, -0.00483274364966376
1.775735E-07, -0.00540782284984121
1.77575453125E-07, -0.00530765465053348
1.7757740625E-07, -0.00479841006002231
1.77579359375E-07, -0.00492048431616975
1.775813125E-07, -0.00422363285232767
1.77583265625E-07, -0.00495611758710136
1.7758521875E-07, -0.0041301866798525
1.77587171875E-07, -0.00449201224531405
1.77589125E-07, -0.00530463018197742
1.77591078125E-07, -0.00492777365338953
1.7759303125E-07, -0.00555417869658372
1.77594984375E-07, -0.00466222201466454
1.775969375E-07, -0.00511314445473978
1.77598890625E-07, -0.00532860995460285
1.7760084375E-07, -0.00453717462957261
1.77602796875E-07, -0.0056965119583709
1.7760475E-07, -0.00511856796400655
1.77606703125E-07, -0.00561316844840556
1.7760865625E-07, -0.00504139036348084
1.77610609375E-07, -0.00519716332782794
1.776125625E-07, -0.00532330920472673
1.77614515625E-07, -0.00577441857839299
1.7761646875E-07, -0.00569892351704761
1.77618421875E-07, -0.0055698053603069
1.77620375E-07, -0.00595081680114966
1.77622328125E-07, -0.00493727017529097
1.7762428125E-07, -0.0053485073490988
1.77626234375E-07, -0.00548731746824882
1.776281875E-07, -0.00653483533493371
1.77630140625E-07, -0.00613213002028636
1.7763209375E-07, -0.00583928601428526
1.77634046875E-07, -0.00585003141741236


