File Format, WaveformXYValues
Format Version, 1
Instrument, N1045A,04F,LOJ
SwVersion, A.06.71.21
SerialNumber, MY56260108
Date, 11/29/2023 14:44:38 GMT+08:00

Source Name, Channel 1A

Points, 2048
Signal Type, Unspecified
Channel Bandwidth, 2E+10
Channel Noise, 6.66857143682292E-05
X Units, Second
Y Units, Volt
Data, 
1.73636E-07, -0.00118342751267173
1.73637953125E-07, -0.00116104408228019
1.7363990625E-07, -0.00107868289448183
1.73641859375E-07, -0.00114958337632002
1.736438125E-07, -0.00125247709535698
1.73645765625E-07, -0.00155046284368164
1.7364771875E-07, -0.00110235725309882
1.73649671875E-07, -0.0015659703896314
1.73651625E-07, -0.00112889180683731
1.73653578125E-07, -0.00114465559883355
1.7365553125E-07, -0.00143452893143965
1.73657484375E-07, -0.00138186049509326
1.736594375E-07, -0.00124145580658589
1.73661390625E-07, -0.00146096561005282
1.7366334375E-07, -0.00123031392101311
1.73665296875E-07, -0.00145446679306869
1.7366725E-07, -0.0014761170448293
1.73669203125E-07, -0.00121105590027321
1.7367115625E-07, -0.00145701447117516
1.73673109375E-07, -0.00171584558966231
1.736750625E-07, -0.00150048197884939
1.73677015625E-07, -0.00169751707312926
1.7367896875E-07, -0.00133290097752673
1.73680921875E-07, -0.00169477320644491
1.73682875E-07, -0.00149409587858103
1.73684828125E-07, -0.00125362642190604
1.7368678125E-07, -0.00142416415219937
1.73688734375E-07, -0.00148167477468845
1.736906875E-07, -0.00123796349689194
1.73692640625E-07, -0.00213049000015338
1.7369459375E-07, -0.00161633450763933
1.73696546875E-07, -0.00137897201088779
1.736985E-07, -0.00152436578268661
1.73700453125E-07, -0.00141313892621405
1.7370240625E-07, -0.00129655659595335
1.73704359375E-07, -0.00151720168203827
1.737063125E-07, -0.00150388275038827
1.73708265625E-07, -0.00180395296949044
1.7371021875E-07, -0.00150225690542183
1.73712171875E-07, -0.00157450984981552
1.73714125E-07, -0.00173622085907096
1.73716078125E-07, -0.00172143097501192
1.7371803125E-07, -0.00171574991667951
1.73719984375E-07, -0.00172670174067137
1.737219375E-07, -0.0013241784633945
1.73723890625E-07, -0.00173137483798064
1.7372584375E-07, -0.00152470833290017
1.73727796875E-07, -0.00158491291240636
1.7372975E-07, -0.00203355145331077
1.73731703125E-07, -0.00157641556220701
1.7373365625E-07, -0.00139821224235346
1.73735609375E-07, -0.00153027128141658
1.737375625E-07, -0.0017527773738644
1.73739515625E-07, -0.00172794436332473
1.7374146875E-07, -0.00154280921927277
1.73743421875E-07, -0.00155483266428348
1.73745375E-07, -0.00154945272518136
1.73747328125E-07, -0.00179056524988164
1.7374928125E-07, -0.00197537102436874
1.73751234375E-07, -0.00174404846777911
1.737531875E-07, -0.00181476487676743
1.73755140625E-07, -0.0018919329035544
1.7375709375E-07, -0.00201441878473436
1.73759046875E-07, -0.00208863439146083
1.73761E-07, -0.00187188250865082
1.73762953125E-07, -0.00184633711202724
1.7376490625E-07, -0.00189987163650407
1.73766859375E-07, -0.0015791474633217
1.737688125E-07, -0.00223295578361333
1.73770765625E-07, -0.00223931846791376
1.7377271875E-07, -0.00197317092268005
1.73774671875E-07, -0.00186539178384438
1.73776625E-07, -0.00196715746944853
1.73778578125E-07, -0.00232838819621728
1.7378053125E-07, -0.0021007830998621
1.73782484375E-07, -0.00110255962273467
1.737844375E-07, -0.00192826626900687
1.73786390625E-07, -0.00173379815471261
1.7378834375E-07, -0.00185028666454027
1.73790296875E-07, -0.00214155244206755
1.7379225E-07, -0.00182208369547633
1.73794203125E-07, -0.00171832764572564
1.7379615625E-07, -0.00161620626029254
1.73798109375E-07, -0.00132227631496739
1.738000625E-07, -0.00201534021857772
1.73802015625E-07, -0.00259027119331912
1.7380396875E-07, -0.00284872691143724
1.73805921875E-07, -0.00258777229623773
1.73807875E-07, -0.00288986762155832
1.73809828125E-07, -0.0023680448544454
1.7381178125E-07, -0.00204651236738063
1.73813734375E-07, -0.00233727337894669
1.738156875E-07, -0.00185898676006302
1.73817640625E-07, -0.00140364002746481
1.7381959375E-07, -0.00199792352213095
1.73821546875E-07, -0.00241273808830515
1.738235E-07, -0.00212926892047975
1.73825453125E-07, -0.00205453574172817
1.7382740625E-07, -0.00257896510260015
1.73829359375E-07, -0.00259533556444681
1.738313125E-07, -0.00271683743668253
1.73833265625E-07, -0.00282998841232732
1.7383521875E-07, -0.00306047877964241
1.73837171875E-07, -0.00250333987017861
1.73839125E-07, -0.00292770839563304
1.73841078125E-07, -0.00266415903071962
1.7384303125E-07, -0.00261622967493472
1.73844984375E-07, -0.00214619787239444
1.738469375E-07, -0.00242056919728294
1.73848890625E-07, -0.00314492546609307
1.7385084375E-07, -0.00265795699234044
1.73852796875E-07, -0.00234556068449336
1.7385475E-07, -0.0029559679727756
1.73856703125E-07, -0.00283562911321315
1.7385865625E-07, -0.00282568566141519
1.73860609375E-07, -0.00270762783524644
1.738625625E-07, -0.00322148417410008
1.73864515625E-07, -0.00274180298144539
1.7386646875E-07, -0.00286255528151328
1.73868421875E-07, -0.00338815016954119
1.73870375E-07, -0.00329466442059836
1.73872328125E-07, -0.00302984022004373
1.7387428125E-07, -0.00370390287259151
1.73876234375E-07, -0.00378423559174126
1.738781875E-07, -0.00305380551544511
1.73880140625E-07, -0.00373541487447925
1.7388209375E-07, -0.00394385503544942
1.73884046875E-07, -0.0042343770257736
1.73886E-07, -0.00400758588110531
1.73887953125E-07, -0.00390891561005886
1.7388990625E-07, -0.00408895030556495
1.73891859375E-07, -0.00402554228965323
1.738938125E-07, -0.00385002484487073
1.73895765625E-07, -0.00407548760409609
1.7389771875E-07, -0.00467021646574686
1.73899671875E-07, -0.00421322912515741
1.73901625E-07, -0.00436909818310169
1.73903578125E-07, -0.00456747592220888
1.7390553125E-07, -0.00437573175364279
1.73907484375E-07, -0.00489440826611754
1.739094375E-07, -0.00476063550117594
1.73911390625E-07, -0.00482152578583709
1.7391334375E-07, -0.00475006215245751
1.73915296875E-07, -0.00482275566174739
1.7391725E-07, -0.00501505713008765
1.73919203125E-07, -0.00485284081503243
1.7392115625E-07, -0.00508410076480785
1.73923109375E-07, -0.00503299038450547
1.739250625E-07, -0.00530803422031386
1.73927015625E-07, -0.00506829734764643
1.7392896875E-07, -0.00535957680899494
1.73930921875E-07, -0.00510306265104127
1.73932875E-07, -0.00520059727874926
1.73934828125E-07, -0.00557381223494517
1.7393678125E-07, -0.0052066660851404
1.73938734375E-07, -0.00568513672590044
1.739406875E-07, -0.00553186854887959
1.73942640625E-07, -0.00591135027618022
1.7394459375E-07, -0.00573953905295986
1.73946546875E-07, -0.00532530294860365
1.739485E-07, -0.00572189573199741
1.73950453125E-07, -0.00580352213477969
1.7395240625E-07, -0.00583623310594079
1.73954359375E-07, -0.00525821065836882
1.739563125E-07, -0.00585777204055913
1.73958265625E-07, -0.00572331588610569
1.7396021875E-07, -0.00476164295005201
1.73962171875E-07, -0.0060161187009119
1.73964125E-07, -0.00552594775504623
1.73966078125E-07, -0.00584345422123768
1.7396803125E-07, -0.00554721268868574
1.73969984375E-07, -0.00572820812639232
1.739719375E-07, -0.00588630497810663
1.73973890625E-07, -0.00541863958535628
1.7397584375E-07, -0.0055782408403915
1.73977796875E-07, -0.00552787453822867
1.7397975E-07, -0.00551565568676326
1.73981703125E-07, -0.0055734832677753
1.7398365625E-07, -0.00540791837925969
1.73985609375E-07, -0.00549053205263476
1.739875625E-07, -0.00557504274185745
1.73989515625E-07, -0.00523420630482315
1.7399146875E-07, -0.00477782528897493
1.73993421875E-07, -0.00536142272000099
1.73995375E-07, -0.00522873368121181
1.73997328125E-07, -0.00497577506145685
1.7399928125E-07, -0.00432724325546263
1.74001234375E-07, -0.00462552120558234
1.740031875E-07, -0.00504850787621602
1.74005140625E-07, -0.0039245567634396
1.7400709375E-07, -0.00406144467876367
1.74009046875E-07, -0.00434197487832843
1.74011E-07, -0.00350103964608
1.74012953125E-07, -0.00398995187916046
1.7401490625E-07, -0.00374012751890046
1.74016859375E-07, -0.00334946349741984
1.740188125E-07, -0.00344174133052743
1.74020765625E-07, -0.00218314445750072
1.7402271875E-07, -0.00399291277568208
1.74024671875E-07, -0.00278093928926091
1.74026625E-07, -0.00282938667484753
1.74028578125E-07, -0.00294717327148477
1.7403053125E-07, -0.00178128756240593
1.74032484375E-07, -0.00238531248957089
1.740344375E-07, 0.000347421185738408
1.74036390625E-07, -0.00206345392954829
1.7403834375E-07, -0.00158581421587014
1.74040296875E-07, -0.000659887761478077
1.7404225E-07, -0.00146305880204691
1.74044203125E-07, 9.19457226761769E-05
1.7404615625E-07, 0.000178980880475811
1.74048109375E-07, -0.000509535643249048
1.740500625E-07, 0.00216874468435329
1.74052015625E-07, 3.82096717866039E-05
1.7405396875E-07, 0.00126184834485351
1.74055921875E-07, 0.0018770849998142
1.74057875E-07, 0.00284228039263421
1.74059828125E-07, 0.00239615092584852
1.7406178125E-07, 0.00348726449498462
1.74063734375E-07, 0.00632848426697018
1.740656875E-07, 0.00486764904512548
1.74067640625E-07, 0.00419956509572518
1.7406959375E-07, 0.00446599186925067
1.74071546875E-07, 0.00547002835844684
1.740735E-07, 0.00451094885680252
1.74075453125E-07, 0.00608118146170515
1.7407740625E-07, 0.00828268931243161
1.74079359375E-07, 0.00487104065532766
1.740813125E-07, 0.00669609256033984
1.74083265625E-07, 0.00736265016005596
1.7408521875E-07, 0.00765192152241565
1.74087171875E-07, 0.0099159960748763
1.74089125E-07, 0.00826035553746309
1.74091078125E-07, 0.00902069282745329
1.7409303125E-07, 0.00773619160861243
1.74094984375E-07, 0.011615120712948
1.740969375E-07, 0.0103003495157328
1.74098890625E-07, 0.012634768587403
1.7410084375E-07, 0.0116663659673722
1.74102796875E-07, 0.013048640915357
1.7410475E-07, 0.0135799232233148
1.74106703125E-07, 0.0143214109555596
1.7410865625E-07, 0.01447693134599
1.74110609375E-07, 0.0160189692040776
1.741125625E-07, 0.0165759792682756
1.74114515625E-07, 0.0169735277184248
1.7411646875E-07, 0.0160672123807654
1.74118421875E-07, 0.0167536681807562
1.74120375E-07, 0.0182159428673009
1.74122328125E-07, 0.0167603616719467
1.7412428125E-07, 0.0193237376118216
1.74126234375E-07, 0.0190807862362079
1.741281875E-07, 0.0194055497800572
1.74130140625E-07, 0.0210229045251371
1.7413209375E-07, 0.0191081998271033
1.74134046875E-07, 0.0218817847575786
1.74136E-07, 0.0225646755468738
1.74137953125E-07, 0.0221912167233365
1.7413990625E-07, 0.0218643090216863
1.74141859375E-07, 0.0227190463007821
1.741438125E-07, 0.0250529641561783
1.74145765625E-07, 0.0240811694041216
1.7414771875E-07, 0.024240050666937
1.74149671875E-07, 0.0255295507531166
1.74151625E-07, 0.0255659934178063
1.74153578125E-07, 0.026964592535644
1.7415553125E-07, 0.0281791565290317
1.74157484375E-07, 0.0285123997518822
1.741594375E-07, 0.0284245987598557
1.74161390625E-07, 0.0275283048598724
1.7416334375E-07, 0.0293594521109827
1.74165296875E-07, 0.0278012139016389
1.7416725E-07, 0.0301828835550903
1.74169203125E-07, 0.0279045551129454
1.7417115625E-07, 0.0317428429201058
1.74173109375E-07, 0.0313440014714958
1.741750625E-07, 0.0321337673476447
1.74177015625E-07, 0.0315139281988851
1.7417896875E-07, 0.0327570897285376
1.74180921875E-07, 0.0317478715319276
1.74182875E-07, 0.0323659444252069
1.74184828125E-07, 0.0326890783193979
1.7418678125E-07, 0.0318068685510167
1.74188734375E-07, 0.0336798793450295
1.741906875E-07, 0.0333789756067931
1.74192640625E-07, 0.0335070270683622
1.7419459375E-07, 0.0329059615904662
1.74196546875E-07, 0.032431720223834
1.741985E-07, 0.0342023511197265
1.74200453125E-07, 0.0330574129621374
1.7420240625E-07, 0.0342349919419219
1.74204359375E-07, 0.0342267012966243
1.742063125E-07, 0.033410947289613
1.74208265625E-07, 0.0344293528402133
1.7421021875E-07, 0.0339219603562835
1.74212171875E-07, 0.0335909546516293
1.74214125E-07, 0.0324931831950552
1.74216078125E-07, 0.0322650065014152
1.7421803125E-07, 0.0327204799257433
1.74219984375E-07, 0.0328451725280005
1.742219375E-07, 0.0314984859686332
1.74223890625E-07, 0.0314217965094597
1.7422584375E-07, 0.0309012450944411
1.74227796875E-07, 0.0313347823998663
1.7422975E-07, 0.0299329259705836
1.74231703125E-07, 0.0304449831729475
1.7423365625E-07, 0.0298207183778538
1.74235609375E-07, 0.0271377422421397
1.742375625E-07, 0.0256942953209691
1.74239515625E-07, 0.02731489991487
1.7424146875E-07, 0.02804630413602
1.74243421875E-07, 0.0272854365732055
1.74245375E-07, 0.0251275505745395
1.74247328125E-07, 0.022064772503762
1.7424928125E-07, 0.0234114860571718
1.74251234375E-07, 0.0221170481085283
1.742531875E-07, 0.0232749086171673
1.74255140625E-07, 0.0199444954603377
1.7425709375E-07, 0.0142837405287811
1.74259046875E-07, 0.017506449559724
1.74261E-07, 0.0140288225473747
1.74262953125E-07, 0.0101823797569751
1.7426490625E-07, 0.0121180730632563
1.74266859375E-07, 0.0105922536636258
1.742688125E-07, 0.00765149245407425
1.74270765625E-07, 0.00656531307683668
1.7427271875E-07, 0.0101973818008517
1.74274671875E-07, 0.00758325758784077
1.74276625E-07, 0.00351722181305739
1.74278578125E-07, 0.00691796396133719
1.7428053125E-07, 0.00256219983092256
1.74282484375E-07, 0.00209715174410526
1.742844375E-07, -0.00156777660814004
1.74286390625E-07, 0.00114669495217871
1.7428834375E-07, 0.00455819559371836
1.74290296875E-07, -0.0101583273850304
1.7429225E-07, -0.00675463523899173
1.74294203125E-07, -0.00705778270639556
1.7429615625E-07, -0.0152718935255506
1.74298109375E-07, -0.0120627135340976
1.743000625E-07, -0.0201594551639625
1.74302015625E-07, -0.0112496450271971
1.7430396875E-07, -0.0161834277027745
1.74305921875E-07, -0.0230561430939941
1.74307875E-07, -0.0155967920919193
1.74309828125E-07, -0.0240336376224127
1.7431178125E-07, -0.0195181825745011
1.74313734375E-07, -0.0284673425741517
1.743156875E-07, -0.0319084572918727
1.74317640625E-07, -0.0311881308399838
1.7431959375E-07, -0.0397277617073206
1.74321546875E-07, -0.0353857079798747
1.743235E-07, -0.0354042402381396
1.74325453125E-07, -0.0486006149817409
1.7432740625E-07, -0.0417861683907676
1.74329359375E-07, -0.0492898887955282
1.743313125E-07, -0.0462535932561413
1.74333265625E-07, -0.0489201671400732
1.7433521875E-07, -0.0556634124700794
1.74337171875E-07, -0.0526313436824401
1.74339125E-07, -0.0585905933872058
1.74341078125E-07, -0.0637930484208469
1.7434303125E-07, -0.064029910025677
1.74344984375E-07, -0.0674179395128616
1.743469375E-07, -0.0658518336260968
1.74348890625E-07, -0.0684038696870693
1.7435084375E-07, -0.0659563612157072
1.74352796875E-07, -0.0712690802432993
1.7435475E-07, -0.0795953159208599
1.74356703125E-07, -0.0764641442963327
1.7435865625E-07, -0.0784908853164774
1.74360609375E-07, -0.0789545770535399
1.743625625E-07, -0.0888046578330893
1.74364515625E-07, -0.0886469909250061
1.7436646875E-07, -0.0809410973345588
1.74368421875E-07, -0.0909098817556438
1.74370375E-07, -0.0915030334074559
1.74372328125E-07, -0.0973260844955073
1.7437428125E-07, -0.0971988283173846
1.74376234375E-07, -0.104713541447137
1.743781875E-07, -0.103406824710055
1.74380140625E-07, -0.106777463143352
1.7438209375E-07, -0.105819404561064
1.74384046875E-07, -0.10677603689715
1.74386E-07, -0.109584843509287
1.74387953125E-07, -0.109445737871491
1.7438990625E-07, -0.113961411190325
1.74391859375E-07, -0.113896094294649
1.743938125E-07, -0.110771491038663
1.74395765625E-07, -0.115088659010928
1.7439771875E-07, -0.11388993817588
1.74399671875E-07, -0.119225113867084
1.74401625E-07, -0.109833506816465
1.74403578125E-07, -0.117192186939099
1.7440553125E-07, -0.120567596273519
1.74407484375E-07, -0.120288213264369
1.744094375E-07, -0.121898601051018
1.74411390625E-07, -0.114168133381849
1.7441334375E-07, -0.123320806153827
1.74415296875E-07, -0.109870335314522
1.7441725E-07, -0.120365806999548
1.74419203125E-07, -0.122224235738476
1.7442115625E-07, -0.119740778313974
1.74423109375E-07, -0.109661626445094
1.744250625E-07, -0.11898770650658
1.74427015625E-07, -0.115887708522993
1.7442896875E-07, -0.116806669679537
1.74430921875E-07, -0.109667346472617
1.74432875E-07, -0.109776242275088
1.74434828125E-07, -0.105395866168625
1.7443678125E-07, -0.107938462689758
1.74438734375E-07, -0.108071480222823
1.744406875E-07, -0.101254259704296
1.74442640625E-07, -0.103862812581926
1.7444459375E-07, -0.0916152890512891
1.74446546875E-07, -0.0880091295610826
1.744485E-07, -0.102076953504173
1.74450453125E-07, -0.0915882102880833
1.7445240625E-07, -0.0927398690149165
1.74454359375E-07, -0.0808942249332028
1.744563125E-07, -0.0824534163292658
1.74458265625E-07, -0.0809048211228261
1.7446021875E-07, -0.0761541312842293
1.74462171875E-07, -0.0773841287000949
1.74464125E-07, -0.0758710531412695
1.74466078125E-07, -0.0745472843172407
1.7446803125E-07, -0.0673602350139799
1.74469984375E-07, -0.054820107469811
1.744719375E-07, -0.0496250664331593
1.74473890625E-07, -0.0531056259086818
1.7447584375E-07, -0.0452211008940226
1.74477796875E-07, -0.0441879769066652
1.7447975E-07, -0.040750922608972
1.74481703125E-07, -0.0451293624535199
1.7448365625E-07, -0.0326607236537939
1.74485609375E-07, -0.0291910693883649
1.744875625E-07, -0.0181816775530408
1.74489515625E-07, -0.0116886223380197
1.7449146875E-07, -0.0210087529317583
1.74493421875E-07, -0.00990732409217943
1.74495375E-07, 0.00101259776484822
1.74497328125E-07, 0.00437862646166731
1.7449928125E-07, 0.00543183141417247
1.74501234375E-07, 0.00573751771999403
1.745031875E-07, 0.00853634118926613
1.74505140625E-07, 0.0143899630308425
1.7450709375E-07, 0.0134407455649194
1.74509046875E-07, 0.0260474683097202
1.74511E-07, 0.0413364388081652
1.74512953125E-07, 0.0302179636057065
1.7451490625E-07, 0.0337445455036495
1.74516859375E-07, 0.042247173255986
1.745188125E-07, 0.0333531417193461
1.74520765625E-07, 0.0511574738577663
1.7452271875E-07, 0.0495758719353263
1.74524671875E-07, 0.0514242283937948
1.74526625E-07, 0.0595018706065045
1.74528578125E-07, 0.0548022297250523
1.7453053125E-07, 0.0638346988899066
1.74532484375E-07, 0.0642696071439501
1.745344375E-07, 0.0764582722908029
1.74536390625E-07, 0.0735346550064904
1.7453834375E-07, 0.0777977150620844
1.74540296875E-07, 0.084307019512253
1.7454225E-07, 0.0778939251373052
1.74544203125E-07, 0.0883270825443487
1.7454615625E-07, 0.0771092657171387
1.74548109375E-07, 0.0901079148836172
1.745500625E-07, 0.0870689380437963
1.74552015625E-07, 0.0892776655869528
1.7455396875E-07, 0.0811803342649052
1.74555921875E-07, 0.0955610041049195
1.74557875E-07, 0.0965948078108182
1.74559828125E-07, 0.0916877596115735
1.7456178125E-07, 0.095977508147231
1.74563734375E-07, 0.0956948163604293
1.745656875E-07, 0.0900520921520185
1.74567640625E-07, 0.0937208970316459
1.7456959375E-07, 0.0967972097849656
1.74571546875E-07, 0.0998794147746526
1.745735E-07, 0.0985464262020227
1.74575453125E-07, 0.098236582831268
1.7457740625E-07, 0.0901480919858934
1.74579359375E-07, 0.0952130250080318
1.745813125E-07, 0.0950762477663666
1.74583265625E-07, 0.0953174580924626
1.7458521875E-07, 0.0887056378304005
1.74587171875E-07, 0.0931686147607796
1.74589125E-07, 0.0886901422064284
1.74591078125E-07, 0.0877169400227403
1.7459303125E-07, 0.0815404739213178
1.74594984375E-07, 0.0871167574186761
1.745969375E-07, 0.0890447837719261
1.74598890625E-07, 0.0914645155689261
1.7460084375E-07, 0.07990737742724
1.74602796875E-07, 0.0829497669621504
1.7460475E-07, 0.0803701144249485
1.74606703125E-07, 0.0803742583946815
1.7460865625E-07, 0.0785744897288964
1.74610609375E-07, 0.0738508778455636
1.746125625E-07, 0.0742224354710515
1.74614515625E-07, 0.0695195229541582
1.7461646875E-07, 0.0702732615083426
1.74618421875E-07, 0.0666009740379708
1.74620375E-07, 0.0559517329058067
1.74622328125E-07, 0.0624127966133933
1.7462428125E-07, 0.0584511111533362
1.74626234375E-07, 0.0604390172100344
1.746281875E-07, 0.0641405649993789
1.74630140625E-07, 0.0482845195591894
1.7463209375E-07, 0.0561804128905314
1.74634046875E-07, 0.0572462662248055
1.74636E-07, 0.0456507941169522
1.74637953125E-07, 0.0512203645554213
1.7463990625E-07, 0.038617395390742
1.74641859375E-07, 0.0484060215529371
1.746438125E-07, 0.0451394327316192
1.74645765625E-07, 0.0394207836587083
1.7464771875E-07, 0.0428237439277062
1.74649671875E-07, 0.0418161354354693
1.74651625E-07, 0.0365630084797238
1.74653578125E-07, 0.0343584474968197
1.7465553125E-07, 0.037158349743036
1.74657484375E-07, 0.0321641345550182
1.746594375E-07, 0.0304721739129229
1.74661390625E-07, 0.0300741588644876
1.7466334375E-07, 0.0314665674182945
1.74665296875E-07, 0.0287638376682759
1.7466725E-07, 0.0257943069875294
1.74669203125E-07, 0.0265795763066716
1.7467115625E-07, 0.0243852683686985
1.74673109375E-07, 0.024390473724923
1.746750625E-07, 0.0225743799285975
1.74677015625E-07, 0.0267166875169339
1.7467896875E-07, 0.0242088635900223
1.74680921875E-07, 0.0240876309961205
1.74682875E-07, 0.0222927938364427
1.74684828125E-07, 0.0199893190719087
1.7468678125E-07, 0.021608707268872
1.74688734375E-07, 0.0211628437508528
1.746906875E-07, 0.0191308720717655
1.74692640625E-07, 0.018941767423328
1.7469459375E-07, 0.0200925601746109
1.74696546875E-07, 0.0213508647066264
1.746985E-07, 0.0193225896457829
1.74700453125E-07, 0.0196826667748853
1.7470240625E-07, 0.0189638663226008
1.74704359375E-07, 0.0201481408062417
1.747063125E-07, 0.0189868636264109
1.74708265625E-07, 0.0192158831273401
1.7471021875E-07, 0.0201802591391935
1.74712171875E-07, 0.0206542531631316
1.74714125E-07, 0.0190592177847598
1.74716078125E-07, 0.0192919778663126
1.7471803125E-07, 0.0186012209951689
1.74719984375E-07, 0.0202835483450809
1.747219375E-07, 0.018922367167161
1.74723890625E-07, 0.0239553177772661
1.7472584375E-07, 0.0181875294049516
1.74727796875E-07, 0.0197150268847098
1.7472975E-07, 0.0192517919920875
1.74731703125E-07, 0.0206152511533643
1.7473365625E-07, 0.0177263714581731
1.74735609375E-07, 0.0193518968307127
1.747375625E-07, 0.0210231111895662
1.74739515625E-07, 0.0199644859534296
1.7474146875E-07, 0.0198228676038696
1.74743421875E-07, 0.0183115430765671
1.74745375E-07, 0.0186928403842039
1.74747328125E-07, 0.0182608607701059
1.7474928125E-07, 0.0184899679076816
1.74751234375E-07, 0.0191569129383289
1.747531875E-07, 0.0183590355805907
1.74755140625E-07, 0.017516142251857
1.7475709375E-07, 0.0181250740255018
1.74759046875E-07, 0.0187970900670531
1.74761E-07, 0.0150048562817974
1.74762953125E-07, 0.0145969431510974
1.7476490625E-07, 0.0159198672877216
1.74766859375E-07, 0.017187862403589
1.747688125E-07, 0.0163230728235875
1.74770765625E-07, 0.0147968727716638
1.7477271875E-07, 0.0146385305621874
1.74774671875E-07, 0.0145336983190092
1.74776625E-07, 0.0140706156150148
1.74778578125E-07, 0.0135258184268441
1.7478053125E-07, 0.0112436932593072
1.74782484375E-07, 0.013140779680397
1.747844375E-07, 0.0107634412091117
1.74786390625E-07, 0.00979213896393446
1.7478834375E-07, 0.0102144819716247
1.74790296875E-07, 0.00965653660513884
1.7479225E-07, 0.00911932641616329
1.74794203125E-07, 0.00863024500730076
1.7479615625E-07, 0.00471256670396695
1.74798109375E-07, 0.00724228028532987
1.748000625E-07, 0.00406218129558456
1.74802015625E-07, 0.00753774055342328
1.7480396875E-07, 0.00585667779829995
1.74805921875E-07, 0.00424145173154905
1.74807875E-07, 0.00218360580490331
1.74809828125E-07, -0.000349453573750247
1.7481178125E-07, 0.0025841733751616
1.74813734375E-07, 0.00129846418038986
1.748156875E-07, -0.000173673228028501
1.74817640625E-07, 0.00067977664188944
1.7481959375E-07, -0.000825501437291777
1.74821546875E-07, -0.00110405903180574
1.748235E-07, -0.00144962889666038
1.74825453125E-07, -0.00363922897016454
1.7482740625E-07, -0.0024485840560514
1.74829359375E-07, -0.00213164728012402
1.748313125E-07, -0.00345943151804456
1.74833265625E-07, -0.0040210961335663
1.7483521875E-07, -0.00516707132761042
1.74837171875E-07, -0.00406144401443374
1.74839125E-07, -0.00457320738332003
1.74841078125E-07, -0.00650222485878228
1.7484303125E-07, -0.00587465967371199
1.74844984375E-07, -0.00570458295043037
1.748469375E-07, -0.006904915796077
1.74848890625E-07, -0.00705373128072304
1.7485084375E-07, -0.00798750607018798
1.74852796875E-07, -0.0080845848712063
1.7485475E-07, -0.00717468621828203
1.74856703125E-07, -0.00838276053572973
1.7485865625E-07, -0.00642843968473928
1.74860609375E-07, -0.00865051721135432
1.748625625E-07, -0.00847791058492762
1.74864515625E-07, -0.00839198039349923
1.7486646875E-07, -0.00711169495196754
1.74868421875E-07, -0.00786221230676145
1.74870375E-07, -0.00839634513762595
1.74872328125E-07, -0.00759708873122152
1.7487428125E-07, -0.00813480487035559
1.74876234375E-07, -0.00775700672233179
1.748781875E-07, -0.00754109043552501
1.74880140625E-07, -0.0083843716435941
1.7488209375E-07, -0.00706762583597499
1.74884046875E-07, -0.00816381331425492
1.74886E-07, -0.0079419949446417
1.74887953125E-07, -0.00654674567163385
1.7488990625E-07, -0.0073263083463831
1.74891859375E-07, -0.00659815544176024
1.748938125E-07, -0.00738504698382985
1.74895765625E-07, -0.00605916514607149
1.7489771875E-07, -0.00613007844993626
1.74899671875E-07, -0.00604393945554074
1.74901625E-07, -0.00599762070759441
1.74903578125E-07, -0.00617059229659514
1.7490553125E-07, -0.00488414462457197
1.74907484375E-07, -0.00525377340231336
1.749094375E-07, -0.00420305050731454
1.74911390625E-07, -0.00491992919081058
1.7491334375E-07, -0.00516935053439249
1.74915296875E-07, -0.00378986793946206
1.7491725E-07, -0.00398858607080075
1.74919203125E-07, -0.00434220149733915
1.7492115625E-07, -0.00220026913100174
1.74923109375E-07, -0.00348690784118533
1.749250625E-07, -0.0022541840065363
1.74927015625E-07, -0.00276597318791349
1.7492896875E-07, -0.00301252610028916
1.74930921875E-07, -0.00191759365619548
1.74932875E-07, -0.0024151733918661
1.74934828125E-07, -0.00219076645890146
1.7493678125E-07, -0.00118148322974413
1.74938734375E-07, -0.00115227176579439
1.749406875E-07, 0.000153557788936056
1.74942640625E-07, -0.00116060219422485
1.7494459375E-07, -0.000567771043612676
1.74946546875E-07, -0.000755978975823236
1.749485E-07, -0.000835426003719665
1.74950453125E-07, 0.000751582632532367
1.7495240625E-07, 0.000239829007586019
1.74954359375E-07, 0.000546113292702456
1.749563125E-07, 0.00083370964009844
1.74958265625E-07, 6.42993875635778E-05
1.7496021875E-07, 0.00127451116017763
1.74962171875E-07, 0.00111057141799604
1.74964125E-07, 0.00113366664322193
1.74966078125E-07, 0.000948348021960276
1.7496803125E-07, 0.00109062298584069
1.74969984375E-07, 0.0015384165470168
1.749719375E-07, 0.00126393841845039
1.74973890625E-07, 0.00101874445302479
1.7497584375E-07, 0.00141689812792391
1.74977796875E-07, 0.0016562056434343
1.7497975E-07, 0.00179398653603434
1.74981703125E-07, 0.00236722947778101
1.7498365625E-07, 0.00124532285991925
1.74985609375E-07, 0.00136337828232098
1.749875625E-07, 0.00114230189649498
1.74989515625E-07, 0.00114168665016414
1.7499146875E-07, 0.000830693567680545
1.74993421875E-07, 0.000346930796919716
1.74995375E-07, 0.000761406840383329
1.74997328125E-07, 0.0011296575970819
1.7499928125E-07, 0.00124092098358087
1.75001234375E-07, -0.00153760617804186
1.750031875E-07, 0.000755436737438095
1.75005140625E-07, 0.000270201683394627
1.7500709375E-07, 0.000491455536788174
1.75009046875E-07, 0.00122563678568923
1.75011E-07, 0.000128723738139245
1.75012953125E-07, -8.46344973033827E-05
1.7501490625E-07, 0.000484696425140494
1.75016859375E-07, -0.000465023986336001
1.750188125E-07, -0.000283742973828529
1.75020765625E-07, -0.000761467572133841
1.7502271875E-07, -0.000907921742738277
1.75024671875E-07, -0.000956543022058659
1.75026625E-07, -0.000718664487913728
1.75028578125E-07, -0.00144112043654724
1.7503053125E-07, -0.0025133469101994
1.75032484375E-07, -0.00177695249835154
1.750344375E-07, -0.00216074760304079
1.75036390625E-07, -0.00336681038709392
1.7503834375E-07, -0.00258135280559112
1.75040296875E-07, -0.00392049751320052
1.7504225E-07, -0.00338378938664592
1.75044203125E-07, -0.0037954331831666
1.7504615625E-07, -0.00490716691964765
1.75048109375E-07, -0.004407969580291
1.750500625E-07, -0.00558198552199642
1.75052015625E-07, -0.00464528543712747
1.7505396875E-07, -0.00478507776194012
1.75055921875E-07, -0.00627343127107045
1.75057875E-07, -0.00594403858860884
1.75059828125E-07, -0.00761205501278034
1.7506178125E-07, -0.00933302602312667
1.75063734375E-07, -0.00872590235445361
1.750656875E-07, -0.00986689176138846
1.75067640625E-07, -0.00857584043252827
1.7506959375E-07, -0.00963367269093695
1.75071546875E-07, -0.00959882322137261
1.750735E-07, -0.0112541557606292
1.75075453125E-07, -0.0114195990039389
1.7507740625E-07, -0.0106364548753613
1.75079359375E-07, -0.0108108994624502
1.750813125E-07, -0.013036486805544
1.75083265625E-07, -0.014200827641334
1.7508521875E-07, -0.0131577804609566
1.75087171875E-07, -0.0146558233019193
1.75089125E-07, -0.0145699640596197
1.75091078125E-07, -0.0162452257708322
1.7509303125E-07, -0.0172502775638033
1.75094984375E-07, -0.0167395843910836
1.750969375E-07, -0.016128233331534
1.75098890625E-07, -0.0177179536156368
1.7510084375E-07, -0.0184104810808762
1.75102796875E-07, -0.0181651534244733
1.7510475E-07, -0.0192784418644191
1.75106703125E-07, -0.0197334466671581
1.7510865625E-07, -0.0202507369388037
1.75110609375E-07, -0.0194172989462923
1.751125625E-07, -0.0197300661762976
1.75114515625E-07, -0.0208955253392884
1.7511646875E-07, -0.0224848571833798
1.75118421875E-07, -0.0198884999018665
1.75120375E-07, -0.0237800373568497
1.75122328125E-07, -0.0235776530918169
1.7512428125E-07, -0.0246772506977584
1.75126234375E-07, -0.0241939203702882
1.751281875E-07, -0.0248647574946098
1.75130140625E-07, -0.0257350934437631
1.7513209375E-07, -0.0270076664107581
1.75134046875E-07, -0.0264672740207962
1.75136E-07, -0.0271826305605638
1.75137953125E-07, -0.0277743005620541
1.7513990625E-07, -0.028191160025314
1.75141859375E-07, -0.028668701621658
1.751438125E-07, -0.0296269997560367
1.75145765625E-07, -0.0286686178887392
1.7514771875E-07, -0.0297216639880137
1.75149671875E-07, -0.0298841858249741
1.75151625E-07, -0.0307548183304914
1.75153578125E-07, -0.0304079102134481
1.7515553125E-07, -0.0308402924215819
1.75157484375E-07, -0.0291861760301317
1.751594375E-07, -0.0304268020658998
1.75161390625E-07, -0.0315497291663303
1.7516334375E-07, -0.0319856988168407
1.75165296875E-07, -0.032279694942226
1.7516725E-07, -0.031908231697693
1.75169203125E-07, -0.0315480032755309
1.7517115625E-07, -0.0323381773337329
1.75173109375E-07, -0.0316931912966996
1.751750625E-07, -0.0318573138514712
1.75177015625E-07, -0.0322753674928002
1.7517896875E-07, -0.0319587963737118
1.75180921875E-07, -0.0327164564911028
1.75182875E-07, -0.0315740206891051
1.75184828125E-07, -0.0324358154338465
1.7518678125E-07, -0.0319215538270657
1.75188734375E-07, -0.0321709355672895
1.751906875E-07, -0.0318071855071867
1.75192640625E-07, -0.032235442969642
1.7519459375E-07, -0.0318823032155958
1.75196546875E-07, -0.0319669015471719
1.751985E-07, -0.03113863014816
1.75200453125E-07, -0.0315669938515609
1.7520240625E-07, -0.0316760628517061
1.75204359375E-07, -0.0315294689488988
1.752063125E-07, -0.0310008932601286
1.75208265625E-07, -0.0310018818751282
1.7521021875E-07, -0.0316282347940573
1.75212171875E-07, -0.0307407604550324
1.75214125E-07, -0.0306149917788777
1.75216078125E-07, -0.0303453244015566
1.7521803125E-07, -0.030677464373543
1.75219984375E-07, -0.0303972857585015
1.752219375E-07, -0.0287967799702087
1.75223890625E-07, -0.0295811696842097
1.7522584375E-07, -0.0291704995346662
1.75227796875E-07, -0.0273585251300442
1.7522975E-07, -0.0290884042628403
1.75231703125E-07, -0.0283580638632045
1.7523365625E-07, -0.0274164377172577
1.75235609375E-07, -0.0274823344616655
1.752375625E-07, -0.0263074801068424
1.75239515625E-07, -0.0267832110452673
1.7524146875E-07, -0.0266563530888994
1.75243421875E-07, -0.0264448294383834
1.75245375E-07, -0.0257349573243701
1.75247328125E-07, -0.0268534015766396
1.7524928125E-07, -0.0257410379216174
1.75251234375E-07, -0.0241261482391863
1.752531875E-07, -0.0240957280138894
1.75255140625E-07, -0.023953255388234
1.7525709375E-07, -0.0229889848895351
1.75259046875E-07, -0.0240067770061645
1.75261E-07, -0.0221598749170174
1.75262953125E-07, -0.0232319548329702
1.7526490625E-07, -0.0214720081351291
1.75266859375E-07, -0.0221759760148707
1.752688125E-07, -0.0211066018438237
1.75270765625E-07, -0.0218071471912503
1.7527271875E-07, -0.0214307619224665
1.75274671875E-07, -0.0211303767020733
1.75276625E-07, -0.0203511827395873
1.75278578125E-07, -0.0204165026121979
1.7528053125E-07, -0.0195196543508041
1.75282484375E-07, -0.0197663502607614
1.752844375E-07, -0.0187035078595214
1.75286390625E-07, -0.0192387366611776
1.7528834375E-07, -0.0190415279012926
1.75290296875E-07, -0.0176609880456806
1.7529225E-07, -0.0162021842210283
1.75294203125E-07, -0.0167660975581284
1.7529615625E-07, -0.0150401241373934
1.75298109375E-07, -0.0171493624702588
1.753000625E-07, -0.0158944630573823
1.75302015625E-07, -0.0154960689547921
1.7530396875E-07, -0.0150793896673484
1.75305921875E-07, -0.0136729404592795
1.75307875E-07, -0.0127558171894569
1.75309828125E-07, -0.0137231273813386
1.7531178125E-07, -0.0113339120628526
1.75313734375E-07, -0.012537336181366
1.753156875E-07, -0.0119373434765372
1.75317640625E-07, -0.011845166008502
1.7531959375E-07, -0.0143022408615107
1.75321546875E-07, -0.0108795594673387
1.753235E-07, -0.00997988169083874
1.75325453125E-07, -0.0101274799680097
1.7532740625E-07, -0.00883220894351408
1.75329359375E-07, -0.00942397565860461
1.753313125E-07, -0.00816492361026949
1.75333265625E-07, -0.00842150482023603
1.7533521875E-07, -0.00755489234543312
1.75337171875E-07, -0.00724440704070739
1.75339125E-07, -0.00636100534639539
1.75341078125E-07, -0.00470842442901658
1.7534303125E-07, -0.00601867217885738
1.75344984375E-07, -0.00588541843226949
1.753469375E-07, -0.00517193211115798
1.75348890625E-07, -0.0050652312132976
1.7535084375E-07, -0.00396499106169839
1.75352796875E-07, -0.00461610057870725
1.7535475E-07, -0.00469835029833071
1.75356703125E-07, -0.00305456627617903
1.7535865625E-07, -0.00308291099195695
1.75360609375E-07, -0.0028261405855973
1.753625625E-07, -0.0031412304426989
1.75364515625E-07, -0.00151730332605579
1.7536646875E-07, -0.000990220206601765
1.75368421875E-07, -0.00108913552949079
1.75370375E-07, -0.000533600053702512
1.75372328125E-07, -0.00219858326138263
1.7537428125E-07, -0.000522467542100914
1.75376234375E-07, -0.00212427646577713
1.753781875E-07, 0.000851804009869637
1.75380140625E-07, 0.00011230131543215
1.7538209375E-07, 0.000478585272052242
1.75384046875E-07, 0.00162683326626356
1.75386E-07, 0.00126950570216682
1.75387953125E-07, 0.00219668852158295
1.7538990625E-07, 0.000736886343587457
1.75391859375E-07, 0.00153149954177916
1.753938125E-07, 0.00183944934023486
1.75395765625E-07, 0.00390752554028359
1.7539771875E-07, 0.00213276723911981
1.75399671875E-07, 0.00235535544713169
1.75401625E-07, 0.00251985964898366
1.75403578125E-07, 0.00180017644326497
1.7540553125E-07, 0.00218368494907258
1.75407484375E-07, 0.00311065806113766
1.754094375E-07, 0.00349146021170949
1.75411390625E-07, 0.0044415983319742
1.7541334375E-07, 0.00358311801943813
1.75415296875E-07, 0.00354783343417717
1.7541725E-07, 0.00391316526594653
1.75419203125E-07, 0.00337720614206017
1.7542115625E-07, 0.0042333769046992
1.75423109375E-07, 0.00369575690705879
1.754250625E-07, 0.00450673519335029
1.75427015625E-07, 0.00494169534013229
1.7542896875E-07, 0.00410861420714213
1.75430921875E-07, 0.00482276477692679
1.75432875E-07, 0.00479599118940448
1.75434828125E-07, 0.0051677723285828
1.7543678125E-07, 0.00472330552115367
1.75438734375E-07, 0.00491616369053411
1.754406875E-07, 0.00613839633011861
1.75442640625E-07, 0.00539363363420609
1.7544459375E-07, 0.00627399425935813
1.75446546875E-07, 0.00567324713292138
1.754485E-07, 0.00664625314275761
1.75450453125E-07, 0.00615855104015527
1.7545240625E-07, 0.00694325488175689
1.75454359375E-07, 0.00688846163865193
1.754563125E-07, 0.00757252982135031
1.75458265625E-07, 0.0074460763763891
1.7546021875E-07, 0.00689801357490663
1.75462171875E-07, 0.00730990273202591
1.75464125E-07, 0.0070250993526931
1.75466078125E-07, 0.00834934355508368
1.7546803125E-07, 0.00846469060935115
1.75469984375E-07, 0.00786593661610147
1.754719375E-07, 0.00832846792539502
1.75473890625E-07, 0.00847682937921589
1.7547584375E-07, 0.00843434923301087
1.75477796875E-07, 0.00890123254472888
1.7547975E-07, 0.00949128618583609
1.75481703125E-07, 0.00992172408855004
1.7548365625E-07, 0.00983614475655858
1.75485609375E-07, 0.010123006995446
1.754875625E-07, 0.0106568282959251
1.75489515625E-07, 0.0106772448824279
1.7549146875E-07, 0.0117905832898452
1.75493421875E-07, 0.0113767043161675
1.75495375E-07, 0.0106197126249256
1.75497328125E-07, 0.0113257410150032
1.7549928125E-07, 0.0117839414428235
1.75501234375E-07, 0.0118731090532284
1.755031875E-07, 0.012229062506776
1.75505140625E-07, 0.0122336468537911
1.7550709375E-07, 0.0125407958743083
1.75509046875E-07, 0.0127428412164216
1.75511E-07, 0.013459332313247
1.75512953125E-07, 0.0132978859118087
1.7551490625E-07, 0.0125746882088582
1.75516859375E-07, 0.0127506047084692
1.755188125E-07, 0.0136115843948483
1.75520765625E-07, 0.0145092648336226
1.7552271875E-07, 0.0144212836684374
1.75524671875E-07, 0.0141669344468899
1.75526625E-07, 0.0142072788998117
1.75528578125E-07, 0.0136199057886449
1.7553053125E-07, 0.0146313602138514
1.75532484375E-07, 0.0138828730755702
1.755344375E-07, 0.0146429681850664
1.75536390625E-07, 0.0149888489218375
1.7553834375E-07, 0.0144390618669699
1.75540296875E-07, 0.0150956277902466
1.7554225E-07, 0.0151848812230692
1.75544203125E-07, 0.014793795233538
1.7554615625E-07, 0.0155418668776472
1.75548109375E-07, 0.0149039498501738
1.755500625E-07, 0.0153489888375732
1.75552015625E-07, 0.0149058618508327
1.7555396875E-07, 0.0149366330279506
1.75555921875E-07, 0.0151810612573951
1.75557875E-07, 0.0138761241234168
1.75559828125E-07, 0.0146745655688911
1.7556178125E-07, 0.0141321526360831
1.75563734375E-07, 0.0142161631494839
1.755656875E-07, 0.0134100247611821
1.75567640625E-07, 0.0135364267970872
1.7556959375E-07, 0.0141660485087356
1.75571546875E-07, 0.0131713478908157
1.755735E-07, 0.0135089826492165
1.75575453125E-07, 0.0136220093131548
1.7557740625E-07, 0.0135296124179668
1.75579359375E-07, 0.0126869556532663
1.755813125E-07, 0.0116747840437075
1.75583265625E-07, 0.0126922862034708
1.7558521875E-07, 0.0114050364297237
1.75587171875E-07, 0.0120523054099529
1.75589125E-07, 0.0117746449427318
1.75591078125E-07, 0.0103347565062862
1.7559303125E-07, 0.0114335255771397
1.75594984375E-07, 0.0104898774799438
1.755969375E-07, 0.0106609394316775
1.75598890625E-07, 0.0101018663004753
1.7560084375E-07, 0.00970912244381922
1.75602796875E-07, 0.0102969040482232
1.7560475E-07, 0.00865346670795643
1.75606703125E-07, 0.0091208024118148
1.7560865625E-07, 0.00920338383140755
1.75610609375E-07, 0.00917200109280686
1.756125625E-07, 0.00831263523009338
1.75614515625E-07, 0.00881606447105081
1.7561646875E-07, 0.00794012546821037
1.75618421875E-07, 0.00749909844920742
1.75620375E-07, 0.00706811267284971
1.75622328125E-07, 0.00740121782764695
1.7562428125E-07, 0.00743817503229914
1.75626234375E-07, 0.00619804641781537
1.756281875E-07, 0.00593691234401105
1.75630140625E-07, 0.0067040580911737
1.7563209375E-07, 0.00599616642611284
1.75634046875E-07, 0.00579834918680696
1.75636E-07, 0.00510886907685619
1.75637953125E-07, 0.00567862594353532
1.7563990625E-07, 0.00494925444692261
1.75641859375E-07, 0.0048111659237007
1.756438125E-07, 0.00456600755812402
1.75645765625E-07, 0.00460859129609157
1.7564771875E-07, 0.00455621583973002
1.75649671875E-07, 0.00389966839750623
1.75651625E-07, 0.00387764412062379
1.75653578125E-07, 0.00447392104614392
1.7565553125E-07, 0.00412433178506239
1.75657484375E-07, 0.00397202217720171
1.756594375E-07, 0.00424519870295944
1.75661390625E-07, 0.00400903009736847
1.7566334375E-07, 0.00370843692058281
1.75665296875E-07, 0.00414237741497114
1.7566725E-07, 0.00413536830786059
1.75669203125E-07, 0.00391587592727184
1.7567115625E-07, 0.00409345864568171
1.75673109375E-07, 0.00356030485737708
1.756750625E-07, 0.00421144694407814
1.75677015625E-07, 0.00397328963790356
1.7567896875E-07, 0.00395152981977128
1.75680921875E-07, 0.00414576444360258
1.75682875E-07, 0.00417603514260262
1.75684828125E-07, 0.00443118172125152
1.7568678125E-07, 0.00485400706277467
1.75688734375E-07, 0.0045139296415481
1.756906875E-07, 0.0044320771392035
1.75692640625E-07, 0.00490852962128261
1.7569459375E-07, 0.00478914490924887
1.75696546875E-07, 0.0051313082371938
1.756985E-07, 0.00474970987994723
1.75700453125E-07, 0.00507311645529769
1.7570240625E-07, 0.00557319583395588
1.75704359375E-07, 0.00539143306514858
1.757063125E-07, 0.00548947558643159
1.75708265625E-07, 0.00565525463037572
1.7571021875E-07, 0.00580137098257527
1.75712171875E-07, 0.00621528749060822
1.75714125E-07, 0.00611575606882365
1.75716078125E-07, 0.00603377712173432
1.7571803125E-07, 0.00603876335617534
1.75719984375E-07, 0.00661694623542732
1.757219375E-07, 0.00588915983162777
1.75723890625E-07, 0.00663418905977031
1.7572584375E-07, 0.00640894408937809
1.75727796875E-07, 0.00710694576201174
1.7572975E-07, 0.00738526843276151
1.75731703125E-07, 0.00760070257452629
1.7573365625E-07, 0.00735067420675143
1.75735609375E-07, 0.00734459663396088
1.757375625E-07, 0.00741071628209985
1.75739515625E-07, 0.00808796318527157
1.7574146875E-07, 0.00801591851715372
1.75743421875E-07, 0.00761189635302185
1.75745375E-07, 0.00803241247138007
1.75747328125E-07, 0.00840389596267674
1.7574928125E-07, 0.00822271832806134
1.75751234375E-07, 0.00816895689734886
1.757531875E-07, 0.00842305017565722
1.75755140625E-07, 0.00897032998234425
1.7575709375E-07, 0.00844875148813047
1.75759046875E-07, 0.0083963281035835
1.75761E-07, 0.00900269143939784
1.75762953125E-07, 0.00911015949265337
1.7576490625E-07, 0.00878290550735539
1.75766859375E-07, 0.00920204731135876
1.757688125E-07, 0.00955479618338041
1.75770765625E-07, 0.00934700186287136
1.7577271875E-07, 0.00983086108749731
1.75774671875E-07, 0.00964785947119773
1.75776625E-07, 0.00958712589459503
1.75778578125E-07, 0.010137300834153
1.7578053125E-07, 0.0104027105418488
1.75782484375E-07, 0.0100520049735997
1.757844375E-07, 0.0105896059174138
1.75786390625E-07, 0.00959054723024228
1.7578834375E-07, 0.0102720875691127
1.75790296875E-07, 0.0104976375521088
1.7579225E-07, 0.0106216403161858
1.75794203125E-07, 0.0102714971438951
1.7579615625E-07, 0.0106885255258934
1.75798109375E-07, 0.00984456505344886
1.758000625E-07, 0.0108224322454664
1.75802015625E-07, 0.0107224903494827
1.7580396875E-07, 0.010866069831038
1.75805921875E-07, 0.011229985835331
1.75807875E-07, 0.0115343314979775
1.75809828125E-07, 0.0108658625426213
1.7581178125E-07, 0.0112441680564914
1.75813734375E-07, 0.0108417830253881
1.758156875E-07, 0.0108124226282142
1.75817640625E-07, 0.010916324615686
1.7581959375E-07, 0.0118668931721341
1.75821546875E-07, 0.0112430594608863
1.758235E-07, 0.0112364159820326
1.75825453125E-07, 0.0115441336103331
1.7582740625E-07, 0.010873266873655
1.75829359375E-07, 0.0117570698003518
1.758313125E-07, 0.0118269311250301
1.75833265625E-07, 0.011470243112978
1.7583521875E-07, 0.0119975447022244
1.75837171875E-07, 0.0114941644450232
1.75839125E-07, 0.0118643461330445
1.75841078125E-07, 0.0119336275208256
1.7584303125E-07, 0.0119352706064378
1.75844984375E-07, 0.0117690847316908
1.758469375E-07, 0.01205935895194
1.75848890625E-07, 0.0121219316513815
1.7585084375E-07, 0.0122261048038074
1.75852796875E-07, 0.0124077487833308
1.7585475E-07, 0.0122003057074095
1.75856703125E-07, 0.0125419389375698
1.7585865625E-07, 0.0130036192471499
1.75860609375E-07, 0.0122977571736728
1.758625625E-07, 0.0120040947038156
1.75864515625E-07, 0.0126373255546042
1.7586646875E-07, 0.0124452117351842
1.75868421875E-07, 0.0121194881152067
1.75870375E-07, 0.0126335325673851
1.75872328125E-07, 0.0124943381412424
1.7587428125E-07, 0.0126355840605096
1.75876234375E-07, 0.012834465304965
1.758781875E-07, 0.0123081640590287
1.75880140625E-07, 0.012852545563556
1.7588209375E-07, 0.0124642845610564
1.75884046875E-07, 0.0128291850194002
1.75886E-07, 0.0130368302692951
1.75887953125E-07, 0.0125770711593003
1.7588990625E-07, 0.0127590908391885
1.75891859375E-07, 0.0127521434617261
1.758938125E-07, 0.0127211326963376
1.75895765625E-07, 0.0119394185545909
1.7589771875E-07, 0.0119762780636739
1.75899671875E-07, 0.0128424544380765
1.75901625E-07, 0.0125663078407878
1.75903578125E-07, 0.0129220682717722
1.7590553125E-07, 0.0124412934498422
1.75907484375E-07, 0.0125036145843693
1.759094375E-07, 0.0123826045032243
1.75911390625E-07, 0.0121350399598275
1.7591334375E-07, 0.0122488230372773
1.75915296875E-07, 0.0125507938745093
1.7591725E-07, 0.0122292591864477
1.75919203125E-07, 0.0120843760834454
1.7592115625E-07, 0.0115705795989814
1.75923109375E-07, 0.0119235381987924
1.759250625E-07, 0.0117060072329375
1.75927015625E-07, 0.0121458349586269
1.7592896875E-07, 0.0117846811424574
1.75930921875E-07, 0.0109641577639596
1.75932875E-07, 0.0115403935799252
1.75934828125E-07, 0.0108921466530476
1.7593678125E-07, 0.0105713325061095
1.75938734375E-07, 0.0106509245367399
1.759406875E-07, 0.0104574995629597
1.75942640625E-07, 0.0108510394671432
1.7594459375E-07, 0.0100920061924245
1.75946546875E-07, 0.00968253768718092
1.759485E-07, 0.00977971594285147
1.75950453125E-07, 0.010136523370495
1.7595240625E-07, 0.00855988196482255
1.75954359375E-07, 0.0094771287406347
1.759563125E-07, 0.00844062582720037
1.75958265625E-07, 0.00858014883214394
1.7596021875E-07, 0.00859930148124491
1.75962171875E-07, 0.00835513100794345
1.75964125E-07, 0.00799796917848203
1.75966078125E-07, 0.00746649201860308
1.7596803125E-07, 0.00630468046233672
1.75969984375E-07, 0.00720086265875559
1.759719375E-07, 0.00546420262453475
1.75973890625E-07, 0.00609039908258904
1.7597584375E-07, 0.00531463560921425
1.75977796875E-07, 0.00452706712977637
1.7597975E-07, 0.00555190931666309
1.75981703125E-07, 0.00456242805180954
1.7598365625E-07, 0.00435365320847176
1.75985609375E-07, 0.00482112413025643
1.759875625E-07, 0.00028603718884706
1.75989515625E-07, 0.00169451822620367
1.7599146875E-07, 0.00137631968768802
1.75993421875E-07, 0.00215224631146869
1.75995375E-07, 0.00220860211645707
1.75997328125E-07, -0.000634076748846785
1.7599928125E-07, 0.00104734431018791
1.76001234375E-07, -0.000698851891053324
1.760031875E-07, 0.000748386848464948
1.76005140625E-07, 0.0010098003591149
1.7600709375E-07, -0.00313672267819636
1.76009046875E-07, -0.00117019759729621
1.76011E-07, 0.00111418056646261
1.76012953125E-07, -0.00155541881001589
1.7601490625E-07, -0.00255088770779099
1.76016859375E-07, -0.00362587351855915
1.760188125E-07, -0.00385092561022574
1.76020765625E-07, -0.00421352676609128
1.7602271875E-07, -0.00424028448748584
1.76024671875E-07, -0.00453253091033788
1.76026625E-07, -0.00625807318134273
1.76028578125E-07, -0.00626776905582028
1.7603053125E-07, -0.00634671288311283
1.76032484375E-07, -0.00620177219507298
1.760344375E-07, -0.00652830238329683
1.76036390625E-07, -0.00894143706039653
1.7603834375E-07, -0.00789925172435514
1.76040296875E-07, -0.00828833563492944
1.7604225E-07, -0.00888311601273058
1.76044203125E-07, -0.00914878871774306
1.7604615625E-07, -0.00917775908069199
1.76048109375E-07, -0.011199972819932
1.760500625E-07, -0.0111321366708631
1.76052015625E-07, -0.0122781032922953
1.7605396875E-07, -0.0114181667755577
1.76055921875E-07, -0.012132190380926
1.76057875E-07, -0.0128788464220587
1.76059828125E-07, -0.0129747739299436
1.7606178125E-07, -0.0140063449640734
1.76063734375E-07, -0.0134709009081163
1.760656875E-07, -0.0141569324964602
1.76067640625E-07, -0.0143318573073199
1.7606959375E-07, -0.0139824150541303
1.76071546875E-07, -0.0153610015293839
1.760735E-07, -0.0152688685885823
1.76075453125E-07, -0.0157887260104903
1.7607740625E-07, -0.0157344272178344
1.76079359375E-07, -0.015565580325145
1.760813125E-07, -0.0164166999354218
1.76083265625E-07, -0.0165228578819206
1.7608521875E-07, -0.0161873784029553
1.76087171875E-07, -0.0168861446815271
1.76089125E-07, -0.0171699624407199
1.76091078125E-07, -0.0175679916353325
1.7609303125E-07, -0.0170201716603053
1.76094984375E-07, -0.0172823997475767
1.760969375E-07, -0.0176516253885987
1.76098890625E-07, -0.0170147589315154
1.7610084375E-07, -0.0171842658503419
1.76102796875E-07, -0.0164660017018735
1.7610475E-07, -0.0177773159306972
1.76106703125E-07, -0.0175465180056521
1.7610865625E-07, -0.0158700158332831
1.76110609375E-07, -0.0166180405372995
1.761125625E-07, -0.016605122301795
1.76114515625E-07, -0.0169152936273943
1.7611646875E-07, -0.0170800172991634
1.76118421875E-07, -0.0164599310196049
1.76120375E-07, -0.0162723650722265
1.76122328125E-07, -0.0156491698111284
1.7612428125E-07, -0.015789286918486
1.76126234375E-07, -0.0150772119976877
1.761281875E-07, -0.0146774041007724
1.76130140625E-07, -0.0153999328886458
1.7613209375E-07, -0.014198271438589
1.76134046875E-07, -0.0148491666105791
1.76136E-07, -0.0142946988921059
1.76137953125E-07, -0.0142220042076815
1.7613990625E-07, -0.0136371591554686
1.76141859375E-07, -0.0128252902486557
1.761438125E-07, -0.013370846896859
1.76145765625E-07, -0.0132016315835738
1.7614771875E-07, -0.0123197763792686
1.76149671875E-07, -0.0132474988199279
1.76151625E-07, -0.0107022057977219
1.76153578125E-07, -0.0115223779535079
1.7615553125E-07, -0.0123904601823084
1.76157484375E-07, -0.0105454485810529
1.761594375E-07, -0.0100195620821038
1.76161390625E-07, -0.0102121307869362
1.7616334375E-07, -0.00989880431424763
1.76165296875E-07, -0.0102669134176303
1.7616725E-07, -0.00943583814256541
1.76169203125E-07, -0.00957298712551754
1.7617115625E-07, -0.00875105567842588
1.76173109375E-07, -0.00820421496947537
1.761750625E-07, -0.0081253161002276
1.76177015625E-07, -0.00763306324094219
1.7617896875E-07, -0.00786386899417096
1.76180921875E-07, -0.00726535543650255
1.76182875E-07, -0.0076784022629252
1.76184828125E-07, -0.00646058769609324
1.7618678125E-07, -0.00698558681941997
1.76188734375E-07, -0.0063836268390647
1.761906875E-07, -0.00633002501549529
1.76192640625E-07, -0.00660216026297103
1.7619459375E-07, -0.00709776895353277
1.76196546875E-07, -0.00632030402667515
1.761985E-07, -0.00546644241389802
1.76200453125E-07, -0.00608008350816309
1.7620240625E-07, -0.0056091513580551
1.76204359375E-07, -0.0059600649239305
1.762063125E-07, -0.00594458617133576
1.76208265625E-07, -0.00607158149769378
1.7621021875E-07, -0.00629723567289225
1.76212171875E-07, -0.0062685424512542
1.76214125E-07, -0.00572512120425594
1.76216078125E-07, -0.00593226392681033
1.7621803125E-07, -0.00605819456731728
1.76219984375E-07, -0.00606012853293261
1.762219375E-07, -0.00578851762172965
1.76223890625E-07, -0.00602342796164236
1.7622584375E-07, -0.00615495907683651
1.76227796875E-07, -0.00617165556920094
1.7622975E-07, -0.00614787175492981
1.76231703125E-07, -0.00661168336342786
1.7623365625E-07, -0.00644985026572173
1.76235609375E-07, -0.00695947166922807
1.762375625E-07, -0.00724886211453086
1.76239515625E-07, -0.0067474364057387
1.7624146875E-07, -0.00726038101872564
1.76243421875E-07, -0.00711127268496541
1.76245375E-07, -0.00807521288681423
1.76247328125E-07, -0.00776472509480001
1.7624928125E-07, -0.00740915426597926
1.76251234375E-07, -0.00777050986855029
1.762531875E-07, -0.0083362849043788
1.76255140625E-07, -0.00816748667293414
1.7625709375E-07, -0.00864830363105629
1.76259046875E-07, -0.00813959816125517
1.76261E-07, -0.00874615571360951
1.76262953125E-07, -0.00915182692980666
1.7626490625E-07, -0.00900252026531464
1.76266859375E-07, -0.00923429345767495
1.762688125E-07, -0.00942540109325437
1.76270765625E-07, -0.00919116958687048
1.7627271875E-07, -0.00944593828654684
1.76274671875E-07, -0.00957693065775837
1.76276625E-07, -0.00967355293949248
1.76278578125E-07, -0.00993629925080005
1.7628053125E-07, -0.0101354766811086
1.76282484375E-07, -0.00974414081405054
1.762844375E-07, -0.0102184534942781
1.76286390625E-07, -0.0103224085711242
1.7628834375E-07, -0.0102457788230637
1.76290296875E-07, -0.0101813451738175
1.7629225E-07, -0.0106985868318635
1.76294203125E-07, -0.0103405893558094
1.7629615625E-07, -0.0105017114894364
1.76298109375E-07, -0.0102694412959599
1.763000625E-07, -0.0104854886659374
1.76302015625E-07, -0.0105836694128491
1.7630396875E-07, -0.0104832942303284
1.76305921875E-07, -0.010357458813718
1.76307875E-07, -0.0103575676789161
1.76309828125E-07, -0.0104089651803713
1.7631178125E-07, -0.00946357485927133
1.76313734375E-07, -0.0103885139231655
1.763156875E-07, -0.0101838590306587
1.76317640625E-07, -0.00975585718154169
1.7631959375E-07, -0.00997675198229962
1.76321546875E-07, -0.0100778859990572
1.763235E-07, -0.0100316740813255
1.76325453125E-07, -0.00970314346341063
1.7632740625E-07, -0.00950426231826989
1.76329359375E-07, -0.00945149234643989
1.763313125E-07, -0.00913888041228334
1.76333265625E-07, -0.00932648471498372
1.7633521875E-07, -0.00843957566071715
1.76337171875E-07, -0.00885912865888418
1.76339125E-07, -0.00818785729740388
1.76341078125E-07, -0.00866437415062535
1.7634303125E-07, -0.00872729083513031
1.76344984375E-07, -0.00782859099838967
1.763469375E-07, -0.00861643254801826
1.76348890625E-07, -0.00811492874207072
1.7635084375E-07, -0.00800847826205047
1.76352796875E-07, -0.00774103366029067
1.7635475E-07, -0.00772837225014716
1.76356703125E-07, -0.00776020353341302
1.7635865625E-07, -0.0071914935801071
1.76360609375E-07, -0.0069477204422355
1.763625625E-07, -0.0065794295126016
1.76364515625E-07, -0.00645990238499339
1.7636646875E-07, -0.00634692634147807
1.76368421875E-07, -0.00618069170722553
1.76370375E-07, -0.0059518280217121
1.76372328125E-07, -0.00574472731238399
1.7637428125E-07, -0.00557985506375091
1.76376234375E-07, -0.00619537224188406
1.763781875E-07, -0.00549584717657687
1.76380140625E-07, -0.00567913417645036
1.7638209375E-07, -0.00467339402081863
1.76384046875E-07, -0.00510449732166369
1.76386E-07, -0.00526173985758444
1.76387953125E-07, -0.00488641100390733
1.7638990625E-07, -0.00448015500275551
1.76391859375E-07, -0.00456946969713125
1.763938125E-07, -0.00521006050314321
1.76395765625E-07, -0.00458202813995173
1.7639771875E-07, -0.00455274477193466
1.76399671875E-07, -0.0046248049997029
1.76401625E-07, -0.00441481317558773
1.76403578125E-07, -0.00453817400855879
1.7640553125E-07, -0.00365750934500761
1.76407484375E-07, -0.00426700863646879
1.764094375E-07, -0.00421440378325953
1.76411390625E-07, -0.0041939568246053
1.7641334375E-07, -0.0046851262494719
1.76415296875E-07, -0.00317430949694276
1.7641725E-07, -0.00319608514219423
1.76419203125E-07, -0.00334594210740677
1.7642115625E-07, -0.00368999769255156
1.76423109375E-07, -0.00310565470748588
1.764250625E-07, -0.0030163536138951
1.76427015625E-07, -0.00352940423283896
1.7642896875E-07, -0.0033455050290136
1.76430921875E-07, -0.00318850196581033
1.76432875E-07, -0.00294050500377512
1.76434828125E-07, -0.00263954655178922
1.7643678125E-07, -0.00323354580466401
1.76438734375E-07, -0.00331583956864272
1.764406875E-07, -0.00316638425503696
1.76442640625E-07, -0.00211911388613363
1.7644459375E-07, -0.00347721166465915
1.76446546875E-07, -0.00335106064526397
1.764485E-07, -0.00328630705341086
1.76450453125E-07, -0.00348450558782059
1.7645240625E-07, -0.0033877001597432
1.76454359375E-07, -0.00320693996418738
1.764563125E-07, -0.00277540889909768
1.76458265625E-07, -0.00314908004219453
1.7646021875E-07, -0.00336832581073052
1.76462171875E-07, -0.00314204011600516
1.76464125E-07, -0.00327528065865928
1.76466078125E-07, -0.002973909843085
1.7646803125E-07, -0.00274999136792064
1.76469984375E-07, -0.00244566834236854
1.764719375E-07, -0.00303058229735037
1.76473890625E-07, -0.00311662779653772
1.7647584375E-07, -0.00321721124526007
1.76477796875E-07, -0.0028962134405892
1.7647975E-07, -0.0029690730775219
1.76481703125E-07, -0.00309449854737117
1.7648365625E-07, -0.00258723700274528
1.76485609375E-07, -0.00330372401733161
1.764875625E-07, -0.00286412611212805
1.76489515625E-07, -0.00300695921454362
1.7649146875E-07, -0.00247008223863512
1.76493421875E-07, -0.00312052026647692
1.76495375E-07, -0.00284739379319407
1.76497328125E-07, -0.00316749055309431
1.7649928125E-07, -0.0033733203572919
1.76501234375E-07, -0.00299978142532758
1.765031875E-07, -0.00300863244372309
1.76505140625E-07, -0.00255170531633223
1.7650709375E-07, -0.00295224308429853
1.76509046875E-07, -0.00286236190390904
1.76511E-07, -0.0028185131563257
1.76512953125E-07, -0.00322319926597461
1.7651490625E-07, -0.00275897135887031
1.76516859375E-07, -0.00288253185409759
1.765188125E-07, -0.002840877673105
1.76520765625E-07, -0.00322465353140015
1.7652271875E-07, -0.00284526852156293
1.76524671875E-07, -0.00267620462550492
1.76526625E-07, -0.0030207801716398
1.76528578125E-07, -0.00277098411929011
1.7653053125E-07, -0.00288495659350958
1.76532484375E-07, -0.00255652016138422
1.765344375E-07, -0.00286693133159385
1.76536390625E-07, -0.00300623292824863
1.7653834375E-07, -0.00287859813937343
1.76540296875E-07, -0.00252918187983177
1.7654225E-07, -0.00292154517933919
1.76544203125E-07, -0.00274436506377689
1.7654615625E-07, -0.00288444977146189
1.76548109375E-07, -0.00289258441447393
1.765500625E-07, -0.0027388752148294
1.76552015625E-07, -0.00301685625955717
1.7655396875E-07, -0.00298966202134856
1.76555921875E-07, -0.00312391342627746
1.76557875E-07, -0.00284046131154021
1.76559828125E-07, -0.00292553555964755
1.7656178125E-07, -0.00308227346851612
1.76563734375E-07, -0.00311580540883355
1.765656875E-07, -0.00289823086595299
1.76567640625E-07, -0.00318390048377031
1.7656959375E-07, -0.00296913650023023
1.76571546875E-07, -0.00272472356572647
1.765735E-07, -0.00298456940856372
1.76575453125E-07, -0.0030006100151292
1.7657740625E-07, -0.00323193469482444
1.76579359375E-07, -0.00294064657126041
1.765813125E-07, -0.00276454418981204
1.76583265625E-07, -0.00294040067911554
1.7658521875E-07, -0.00301369250975852
1.76587171875E-07, -0.00283652400781896
1.76589125E-07, -0.00326544022692721
1.76591078125E-07, -0.0032077891705451
1.7659303125E-07, -0.00294625004862401
1.76594984375E-07, -0.0028098862029438
1.765969375E-07, -0.00317897470466659
1.76598890625E-07, -0.00304217426058467
1.7660084375E-07, -0.00320319948233646
1.76602796875E-07, -0.00304887724093422
1.7660475E-07, -0.00291671940062671
1.76606703125E-07, -0.0030901097990464
1.7660865625E-07, -0.00304884360583282
1.76610609375E-07, -0.0031634079888943
1.766125625E-07, -0.00312479829736187
1.76614515625E-07, -0.00302890786509898
1.7661646875E-07, -0.00300602033232177
1.76618421875E-07, -0.00328689908733291
1.76620375E-07, -0.00298985812477016
1.76622328125E-07, -0.00292955467044998
1.7662428125E-07, -0.00295949878021553
1.76626234375E-07, -0.00282749811978125
1.766281875E-07, -0.00304816707846127
1.76630140625E-07, -0.00302169364345238
1.7663209375E-07, -0.00299665119921636
1.76634046875E-07, -0.00272805939657215
1.76636E-07, -0.00290166797207167
1.76637953125E-07, -0.00292445611248198
1.7663990625E-07, -0.00289437067288192
1.76641859375E-07, -0.00283250764949011
1.766438125E-07, -0.00286927123797961
1.76645765625E-07, -0.00343359724690225
1.7664771875E-07, -0.00241317057955707
1.76649671875E-07, -0.00289619809510135
1.76651625E-07, -0.00332854403725951
1.76653578125E-07, -0.00247596609148082
1.7665553125E-07, -0.00264212515644067
1.76657484375E-07, -0.00245668184144825
1.766594375E-07, -0.00271279118605736
1.76661390625E-07, -0.00267673164064718
1.7666334375E-07, -0.00284190642424971
1.76665296875E-07, -0.00252377683331421
1.7666725E-07, -0.00242008427934158
1.76669203125E-07, -0.00264135459611275
1.7667115625E-07, -0.0028101366841235
1.76673109375E-07, -0.00263368715014325
1.766750625E-07, -0.00240755116084286
1.76677015625E-07, -0.0026349794455587
1.7667896875E-07, -0.00252611450726896
1.76680921875E-07, -0.00195956231702195
1.76682875E-07, -0.0024432677969807
1.76684828125E-07, -0.00202500319313166
1.7668678125E-07, -0.0028064851162085
1.76688734375E-07, -0.00253882090643311
1.766906875E-07, -0.00191049238552335
1.76692640625E-07, -0.00262222317253846
1.7669459375E-07, -0.00177394274872338
1.76696546875E-07, -0.00197459041911166
1.766985E-07, -0.0022947124845742
1.76700453125E-07, -0.00273962783730404
1.7670240625E-07, -0.00266435350526036
1.76704359375E-07, -0.00227072559870396
1.767063125E-07, -0.00260717817047157
1.76708265625E-07, -0.00213761742439765
1.7671021875E-07, -0.00298720725614289
1.76712171875E-07, -0.00205638665244312
1.76714125E-07, -0.00300063050178886
1.76716078125E-07, -0.00279852527882948
1.7671803125E-07, -0.00250756941801384
1.76719984375E-07, -0.00225823153512438
1.767219375E-07, -0.00258530236622467
1.76723890625E-07, -0.00287501103238983
1.7672584375E-07, -0.00263809045981303
1.76727796875E-07, -0.002688028947916
1.7672975E-07, -0.00273379565736997
1.76731703125E-07, -0.00256335370571442
1.7673365625E-07, -0.0025793797948939
1.76735609375E-07, -0.00258863123346316
1.767375625E-07, -0.00233420043769349
1.76739515625E-07, -0.00264187013671378
1.7674146875E-07, -0.00287422431573849
1.76743421875E-07, -0.00310360332294778
1.76745375E-07, -0.00283029055341202
1.76747328125E-07, -0.00315161074531441
1.7674928125E-07, -0.00342885855873436
1.76751234375E-07, -0.00299978096204502
1.767531875E-07, -0.00325801422421598
1.76755140625E-07, -0.00305784110246653
1.7675709375E-07, -0.00326140364775045
1.76759046875E-07, -0.00288506019452845
1.76761E-07, -0.0032280714986723
1.76762953125E-07, -0.00267035099323635
1.7676490625E-07, -0.00334539421844762
1.76766859375E-07, -0.00322944005356956
1.767688125E-07, -0.00263486842774951
1.76770765625E-07, -0.00338142691115146
1.7677271875E-07, -0.00372537014154785
1.76774671875E-07, -0.00340523012334629
1.76776625E-07, -0.00331288232092282
1.76778578125E-07, -0.00325356422476487
1.7678053125E-07, -0.00325702604124527
1.76782484375E-07, -0.00367714072116174
1.767844375E-07, -0.00370233554998362
1.76786390625E-07, -0.00329946522290818
1.7678834375E-07, -0.00343184715538401
1.76790296875E-07, -0.00375011184164972
1.7679225E-07, -0.00365582135228978
1.76794203125E-07, -0.00348728066085912
1.7679615625E-07, -0.00366537761314401
1.76798109375E-07, -0.0035363509184781
1.768000625E-07, -0.00317325471042499
1.76802015625E-07, -0.00328996417517866
1.7680396875E-07, -0.00294945848625798
1.76805921875E-07, -0.0030628601063664
1.76807875E-07, -0.00272686769168752
1.76809828125E-07, -0.00299774494466132
1.7681178125E-07, -0.0033286326960609
1.76813734375E-07, -0.0030617482852091
1.768156875E-07, -0.0026730126651745
1.76817640625E-07, -0.00252078459785599
1.7681959375E-07, -0.00241355762887626
1.76821546875E-07, -0.00262505166410025
1.768235E-07, -0.00188558265652839
1.76825453125E-07, -0.00183141693801677
1.7682740625E-07, -0.00194874393488613
1.76829359375E-07, -0.00195934568119479
1.768313125E-07, -0.00158204547364845
1.76833265625E-07, -0.00101025799016591
1.7683521875E-07, -0.00154598097930334
1.76837171875E-07, -0.00196114143750264
1.76839125E-07, -0.000770860909508274
1.76841078125E-07, -0.00028423525776558
1.7684303125E-07, -0.00035003401945951
1.76844984375E-07, -0.000659099493687499
1.768469375E-07, -0.000204341938822129
1.76848890625E-07, 0.0001671352807218
1.7685084375E-07, -0.000226747659118374
1.76852796875E-07, 7.3309865329275E-05
1.7685475E-07, 9.13217070470125E-05
1.76856703125E-07, -0.000185933468757684
1.7685865625E-07, 0.000990375201837173
1.76860609375E-07, 0.000963538373089847
1.768625625E-07, 0.00130076816668935
1.76864515625E-07, 0.0010528977904748
1.7686646875E-07, 0.00106062111038496
1.76868421875E-07, 0.00135968236697145
1.76870375E-07, 0.00153410481383322
1.76872328125E-07, 0.00227543222662614
1.7687428125E-07, 0.00105610189466365
1.76876234375E-07, 0.00200118062747928
1.768781875E-07, 0.00205433367871711
1.76880140625E-07, 0.00184223347191182
1.7688209375E-07, 0.00203884960380457
1.76884046875E-07, 0.00191510852575814
1.76886E-07, 0.00204246215468834
1.76887953125E-07, 0.00184620696276628
1.7688990625E-07, 0.00195773459493831
1.76891859375E-07, 0.00163260506209023
1.768938125E-07, 0.0021747297036044
1.76895765625E-07, 0.00197343742546679
1.7689771875E-07, 0.00159777613543453
1.76899671875E-07, 0.00157938297162336
1.76901625E-07, 0.00168674579348677
1.76903578125E-07, 0.00194041995319281
1.7690553125E-07, 0.00105790444613891
1.76907484375E-07, 0.00208008710534823
1.769094375E-07, 0.000983969721143538
1.76911390625E-07, 0.001118130134168
1.7691334375E-07, 0.00117824977799141
1.76915296875E-07, 0.00110792510981592
1.7691725E-07, 0.000744490647569589
1.76919203125E-07, 0.00029707766582501
1.7692115625E-07, 0.000487510482200878
1.76923109375E-07, 0.00025070531240675
1.769250625E-07, 0.00064552042718842
1.76927015625E-07, 0.000124619885626803
1.7692896875E-07, -1.4486816915926E-05
1.76930921875E-07, -0.000237342433710734
1.76932875E-07, -0.000573603444754275
1.76934828125E-07, -3.11415104378103E-05
1.7693678125E-07, -0.000515355583283353
1.76938734375E-07, -0.00113367986484396
1.769406875E-07, -0.0010355840241079
1.76942640625E-07, -0.00103131162715145
1.7694459375E-07, -0.000952542711081542
1.76946546875E-07, -0.000781555551873685
1.769485E-07, -0.00151065790063153
1.76950453125E-07, -0.00126539875764908
1.7695240625E-07, -0.00138188707933975
1.76954359375E-07, -0.00114518071454846
1.769563125E-07, -0.00149246983986829
1.76958265625E-07, -0.00129886631014887
1.7696021875E-07, -0.00136847118784199
1.76962171875E-07, -0.0015968794323521
1.76964125E-07, -0.00127541588716336
1.76966078125E-07, -0.00141694473845852
1.7696803125E-07, -0.00157296956498605
1.76969984375E-07, -0.00189853290181162
1.769719375E-07, -0.00103815302164501
1.76973890625E-07, -0.00131231478090726
1.7697584375E-07, -0.000768276636746793
1.76977796875E-07, -0.000754613370095115
1.7697975E-07, -0.000871336497307927
1.76981703125E-07, -0.00138817665775143
1.7698365625E-07, -0.000714243038627463
1.76985609375E-07, -0.00137906778877307
1.769875625E-07, -0.000784601038979172
1.76989515625E-07, -1.72610139690006E-05
1.7699146875E-07, -0.00072285051820272
1.76993421875E-07, -0.000355615655834686
1.76995375E-07, 1.17667734357425E-05
1.76997328125E-07, 7.27132280226956E-05
1.7699928125E-07, 0.000763893649706374
1.77001234375E-07, 0.000113355855754226
1.770031875E-07, 0.00127934477066428
1.77005140625E-07, 0.000767013308930962
1.7700709375E-07, 0.000447000586996372
1.77009046875E-07, 0.0011851800234481
1.77011E-07, 0.00198829922129474
1.77012953125E-07, 0.00176859055460784
1.7701490625E-07, 0.00150472807670294
1.77016859375E-07, 0.00226502826642434
1.770188125E-07, 0.00211362092467315
1.77020765625E-07, 0.00240409901853231
1.7702271875E-07, 0.00245301351586047
1.77024671875E-07, 0.00228718310234035
1.77026625E-07, 0.00292264668528225
1.77028578125E-07, 0.00283872064173037
1.7703053125E-07, 0.00298540280287084
1.77032484375E-07, 0.00338115936658343
1.770344375E-07, 0.00314208311559325
1.77036390625E-07, 0.0035023605435606
1.7703834375E-07, 0.00335950567298288
1.77040296875E-07, 0.00349958680199476
1.7704225E-07, 0.00380767062801172
1.77044203125E-07, 0.00363902870255852
1.7704615625E-07, 0.00371331310974712
1.77048109375E-07, 0.00344474510204917
1.770500625E-07, 0.00366524087783252
1.77052015625E-07, 0.00398400756773164
1.7705396875E-07, 0.00364037295434486
1.77055921875E-07, 0.00394829776252136
1.77057875E-07, 0.0036831950254363
1.77059828125E-07, 0.00378821468576992
1.7706178125E-07, 0.003275187799565
1.77063734375E-07, 0.00347803242603364
1.770656875E-07, 0.00315922465811414
1.77067640625E-07, 0.00341502942711197
1.7706959375E-07, 0.00344561368340549
1.77071546875E-07, 0.00360400813546261
1.770735E-07, 0.0030891774692898
1.77075453125E-07, 0.00330710505002425
1.7707740625E-07, 0.00310681380021036
1.77079359375E-07, 0.00301738722047997
1.770813125E-07, 0.00338985638301029
1.77083265625E-07, 0.00297712974604835
1.7708521875E-07, 0.00347177786628047
1.77087171875E-07, 0.00277253941022659
1.77089125E-07, 0.00240405294954589
1.77091078125E-07, 0.0024714052334247
1.7709303125E-07, 0.00267955178370976
1.77094984375E-07, 0.00271119454565552
1.770969375E-07, 0.00263168096438198
1.77098890625E-07, 0.00280148260842168
1.7710084375E-07, 0.00263070062366136
1.77102796875E-07, 0.0025734262183709
1.7710475E-07, 0.00317386322872662
1.77106703125E-07, 0.00241809431998415
1.7710865625E-07, 0.00254625663845633
1.77110609375E-07, 0.00270500925669707
1.771125625E-07, 0.00213408655624294
1.77114515625E-07, 0.00200538115053593
1.7711646875E-07, 0.00248170796938332
1.77118421875E-07, 0.00233379252469751
1.77120375E-07, 0.0020828801489629
1.77122328125E-07, 0.00276563311629843
1.7712428125E-07, 0.00320650294577558
1.77126234375E-07, 0.00292441034115764
1.771281875E-07, 0.00241601342241027
1.77130140625E-07, 0.00282945793511028
1.7713209375E-07, 0.00311469234683255
1.77134046875E-07, 0.00264761257943783
1.77136E-07, 0.00320729279427064
1.77137953125E-07, 0.00348817070487085
1.7713990625E-07, 0.00345738390033495
1.77141859375E-07, 0.00299365731463505
1.771438125E-07, 0.0036964324709626
1.77145765625E-07, 0.0039462879186514
1.7714771875E-07, 0.0039294268567383
1.77149671875E-07, 0.00424393021823008
1.77151625E-07, 0.00428560280984626
1.77153578125E-07, 0.00478516672240359
1.7715553125E-07, 0.00450968675669896
1.77157484375E-07, 0.0041739737243626
1.771594375E-07, 0.00483494223976336
1.77161390625E-07, 0.00456486321825863
1.7716334375E-07, 0.00440842444348973
1.77165296875E-07, 0.00425063644895344
1.7716725E-07, 0.00393887194565979
1.77169203125E-07, 0.0052867327733905
1.7717115625E-07, 0.00494618875196661
1.77173109375E-07, 0.00532654772722794
1.771750625E-07, 0.00539532813151722
1.77177015625E-07, 0.00508110178973744
1.7717896875E-07, 0.0055918230444955
1.77180921875E-07, 0.00549535190648036
1.77182875E-07, 0.00550865685805724
1.77184828125E-07, 0.0057592500478976
1.7718678125E-07, 0.0060773850771197
1.77188734375E-07, 0.00601107483384905
1.771906875E-07, 0.00588276680243667
1.77192640625E-07, 0.00617672279819659
1.7719459375E-07, 0.00628886220111247
1.77196546875E-07, 0.00644456001460945
1.771985E-07, 0.00658646347480494
1.77200453125E-07, 0.00600408716572351
1.7720240625E-07, 0.0063563292095581
1.77204359375E-07, 0.00638122231572058
1.772063125E-07, 0.00664265682321825
1.77208265625E-07, 0.00636553534938018
1.7721021875E-07, 0.00663429886690486
1.77212171875E-07, 0.00688993114377853
1.77214125E-07, 0.00676690687802298
1.77216078125E-07, 0.00698603222050074
1.7721803125E-07, 0.00663169017501183
1.77219984375E-07, 0.00687356926739883
1.772219375E-07, 0.00723373500234615
1.77223890625E-07, 0.00694868389912116
1.7722584375E-07, 0.00668511088801242
1.77227796875E-07, 0.00683306476572348
1.7722975E-07, 0.00710160295753715
1.77231703125E-07, 0.0068812331524908
1.7723365625E-07, 0.00707040248652423
1.77235609375E-07, 0.00672147745894597
1.772375625E-07, 0.00639045998777035
1.77239515625E-07, 0.00692857749954571
1.7724146875E-07, 0.00646135605976422
1.77243421875E-07, 0.00670142450771743
1.77245375E-07, 0.00635653229907032
1.77247328125E-07, 0.00651849355771765
1.7724928125E-07, 0.00705907544186167
1.77251234375E-07, 0.00652667606497149
1.772531875E-07, 0.00673681612702341
1.77255140625E-07, 0.00672020307430977
1.7725709375E-07, 0.00657297279658838
1.77259046875E-07, 0.00655792145864704
1.77261E-07, 0.00672526289610863
1.77262953125E-07, 0.00650876250604571
1.7726490625E-07, 0.00640031905607659
1.77266859375E-07, 0.00654050246755311
1.772688125E-07, 0.00650535469653613
1.77270765625E-07, 0.00653565474628829
1.7727271875E-07, 0.00567312029448303
1.77274671875E-07, 0.00657263239691732
1.77276625E-07, 0.00619431167698656
1.77278578125E-07, 0.00597372777558661
1.7728053125E-07, 0.00612664261281703
1.77282484375E-07, 0.00601091735888155
1.772844375E-07, 0.00565175904656102
1.77286390625E-07, 0.00506169752733169
1.7728834375E-07, 0.00567240120921559
1.77290296875E-07, 0.00551808378163144
1.7729225E-07, 0.0055668527167324
1.77294203125E-07, 0.00526289461709624
1.7729615625E-07, 0.0055627109596463
1.77298109375E-07, 0.00491548370982884
1.773000625E-07, 0.00535288007499181
1.77302015625E-07, 0.00527699047482538
1.7730396875E-07, 0.00472342240876111
1.77305921875E-07, 0.00490231769358791
1.77307875E-07, 0.00471355266445242
1.77309828125E-07, 0.00453664535163849
1.7731178125E-07, 0.00460264662341309
1.77313734375E-07, 0.00460165889353135
1.773156875E-07, 0.00429253065440006
1.77317640625E-07, 0.00457543387519174
1.7731959375E-07, 0.00414002913339046
1.77321546875E-07, 0.00409268826887377
1.773235E-07, 0.00340361196806898
1.77325453125E-07, 0.0036720977415095
1.7732740625E-07, 0.00399950532463647
1.77329359375E-07, 0.00385659165572548
1.773313125E-07, 0.00413707662893047
1.77333265625E-07, 0.00332031076145907
1.7733521875E-07, 0.00312026598039067
1.77337171875E-07, 0.00407937373097649
1.77339125E-07, 0.00366800421898396
1.77341078125E-07, 0.00316622316672807
1.7734303125E-07, 0.00323596988120666
1.77344984375E-07, 0.0033614540800216
1.773469375E-07, 0.00321177944836795
1.77348890625E-07, 0.0027139615672384
1.7735084375E-07, 0.0029734064760428
1.77352796875E-07, 0.00334906778642881
1.7735475E-07, 0.00222238133861251
1.77356703125E-07, 0.00258688128380589
1.7735865625E-07, 0.00255227742159439
1.77360609375E-07, 0.00291365213320575
1.773625625E-07, 0.00257567929469729
1.77364515625E-07, 0.00245396567621421
1.7736646875E-07, 0.00260099516945175
1.77368421875E-07, 0.00236242407619165
1.77370375E-07, 0.00233621340672106
1.77372328125E-07, 0.00263160777245877
1.7737428125E-07, 0.002447436591608
1.77376234375E-07, 0.00243177140920411
1.773781875E-07, 0.00212023291937037
1.77380140625E-07, 0.00212352169708347
1.7738209375E-07, 0.00180433053047278
1.77384046875E-07, 0.00187278532819177
1.77386E-07, 0.00177639135257883
1.77387953125E-07, 0.00216743634745665
1.7738990625E-07, 0.00203263665812902
1.77391859375E-07, 0.00176120240072133
1.773938125E-07, 0.00169414193332103
1.77395765625E-07, 0.00197258355832763
1.7739771875E-07, 0.00182912329605182
1.77399671875E-07, 0.00190168981508861
1.77401625E-07, 0.00164758317069743
1.77403578125E-07, 0.000843381677054483
1.7740553125E-07, 0.00148869688876756
1.77407484375E-07, 0.00128887976063445
1.774094375E-07, 0.00140622660954564
1.77411390625E-07, 0.000924588782139569
1.7741334375E-07, 0.00113558690331717
1.77415296875E-07, 0.0012929391524421
1.7741725E-07, 0.00137208301023567
1.77419203125E-07, 0.000877237615474521
1.7742115625E-07, 0.00151439488913229
1.77423109375E-07, 0.00113277760685122
1.774250625E-07, 0.000983053401364368
1.77427015625E-07, 0.00106997203211163
1.7742896875E-07, 0.000587179718848845
1.77430921875E-07, 0.000819669637606264
1.77432875E-07, 0.000811397940769831
1.77434828125E-07, 0.00101358681849608
1.7743678125E-07, 0.000764309912080932
1.77438734375E-07, 0.000503109135412038
1.774406875E-07, 0.000220028041167178
1.77442640625E-07, -4.71196117060747E-05
1.7744459375E-07, 0.000524990083657429
1.77446546875E-07, 0.000381149280753051
1.774485E-07, -0.000136706784994114
1.77450453125E-07, 0.000376761944246134
1.7745240625E-07, 5.9662016437839E-05
1.77454359375E-07, -0.000349036896609645
1.774563125E-07, -0.000128901401217
1.77458265625E-07, -0.000643753909923254
1.7746021875E-07, -0.000233718393169393
1.77462171875E-07, -0.0004969546593904
1.77464125E-07, -0.000609472751131945
1.77466078125E-07, -0.000825416079968999
1.7746803125E-07, -0.000640260672545528
1.77469984375E-07, -0.000486410777974864
1.774719375E-07, -0.00103209325856213
1.77473890625E-07, -0.00145324896668872
1.7747584375E-07, -0.00149025481383588
1.77477796875E-07, -0.00146748021126618
1.7747975E-07, -0.00163335933017808
1.77481703125E-07, -0.0016323072082369
1.7748365625E-07, -0.00179071503223816
1.77485609375E-07, -0.00193825864600379
1.774875625E-07, -0.00149154470827506
1.77489515625E-07, -0.00259859180117621
1.7749146875E-07, -0.00267945974627546
1.77493421875E-07, -0.00219381506900112
1.77495375E-07, -0.00270311934413032
1.77497328125E-07, -0.00240244662747368
1.7749928125E-07, -0.00249018656826641
1.77501234375E-07, -0.00242743682997792
1.775031875E-07, -0.0028870240971958
1.77505140625E-07, -0.00323887957988425
1.7750709375E-07, -0.00321411520532126
1.77509046875E-07, -0.00250720503248979
1.77511E-07, -0.00304805767169389
1.77512953125E-07, -0.00272432337765269
1.7751490625E-07, -0.00336075533846166
1.77516859375E-07, -0.00265627642665264
1.775188125E-07, -0.00268676787949657
1.77520765625E-07, -0.00293799411132814
1.7752271875E-07, -0.00345081686177611
1.77524671875E-07, -0.00334135423039968
1.77526625E-07, -0.00268967480775624
1.77528578125E-07, -0.00307645814180412
1.7753053125E-07, -0.00305255976772444
1.77532484375E-07, -0.00325862393068366
1.775344375E-07, -0.00371321836590081
1.77536390625E-07, -0.00287887007063196
1.7753834375E-07, -0.00370376344822487
1.77540296875E-07, -0.00361303662625593
1.7754225E-07, -0.00349238722652917
1.77544203125E-07, -0.00385824540927231
1.7754615625E-07, -0.00340813010580054
1.77548109375E-07, -0.0031043516532281
1.775500625E-07, -0.00334497711089153
1.77552015625E-07, -0.00350963478203078
1.7755396875E-07, -0.00317859332252325
1.77555921875E-07, -0.00341805710249486
1.77557875E-07, -0.00335365084066723
1.77559828125E-07, -0.00358322775544751
1.7756178125E-07, -0.00379552912711642
1.77563734375E-07, -0.00400094383322749
1.775656875E-07, -0.00342569838546658
1.77567640625E-07, -0.00372254753289383
1.7756959375E-07, -0.00400448545289392
1.77571546875E-07, -0.00406358451980705
1.775735E-07, -0.0038962268349244
1.77575453125E-07, -0.00345858914921878
1.7757740625E-07, -0.00390953499768513
1.77579359375E-07, -0.0040414409622792
1.775813125E-07, -0.00395740339084001
1.77583265625E-07, -0.00393233496229701
1.7758521875E-07, -0.00422157732560761
1.77587171875E-07, -0.00405139367170704
1.77589125E-07, -0.00423181454157591
1.77591078125E-07, -0.00444770574727568
1.7759303125E-07, -0.00467065677673933
1.77594984375E-07, -0.00420606523892638
1.775969375E-07, -0.00461059524721343
1.77598890625E-07, -0.00478461764730628
1.7760084375E-07, -0.00466469711767227
1.77602796875E-07, -0.00471679452297545
1.7760475E-07, -0.00484631316220427
1.77606703125E-07, -0.00469108891561425
1.7760865625E-07, -0.00483339266435901
1.77610609375E-07, -0.00478858206772777
1.776125625E-07, -0.00501172011443259
1.77614515625E-07, -0.00494648754725791
1.7761646875E-07, -0.00491016906011175
1.77618421875E-07, -0.00515392250908569
1.77620375E-07, -0.0049650598522213
1.77622328125E-07, -0.00544530646238462
1.7762428125E-07, -0.00495785167034664
1.77626234375E-07, -0.00509061490481834
1.776281875E-07, -0.00538947051238456
1.77630140625E-07, -0.00498346096445742
1.7763209375E-07, -0.00488450262931209
1.77634046875E-07, -0.0051298334475646


