File Format, WaveformXYValues
Format Version, 1
Instrument, N1045A,04F,LOJ
SwVersion, A.06.71.21
SerialNumber, MY56260108
Date, 11/29/2023 13:25:21 GMT+08:00

Source Name, Channel 1A

Points, 2048
Signal Type, Unspecified
Channel Bandwidth, 2E+10
Channel Noise, 6.66857143682292E-05
X Units, Second
Y Units, Volt
Data, 
1.73636E-07, -0.000630883422412627
1.73637953125E-07, -0.000955834916027606
1.7363990625E-07, -0.000797664012570169
1.73641859375E-07, -0.000923841346432931
1.736438125E-07, -0.0011792442545127
1.73645765625E-07, -0.00116272415818912
1.7364771875E-07, -0.00110160684108271
1.73649671875E-07, -0.000967903403649826
1.73651625E-07, -0.00101595870850645
1.73653578125E-07, -0.000886373735400063
1.7365553125E-07, -0.000846422740820407
1.73657484375E-07, -0.000865320298810254
1.736594375E-07, -0.000855335035423903
1.73661390625E-07, -0.00102054677945386
1.7366334375E-07, -0.000896800855519224
1.73665296875E-07, -0.000951275164064145
1.7366725E-07, -0.000966693076180478
1.73669203125E-07, -0.000884794978250658
1.7367115625E-07, -0.000929380460612384
1.73673109375E-07, -0.000976384938389875
1.736750625E-07, -0.000777477025801952
1.73677015625E-07, -0.00127477633462467
1.7367896875E-07, -0.00114334659841742
1.73680921875E-07, -0.00144729607385481
1.73682875E-07, -0.00131732679613911
1.73684828125E-07, -0.00110644536702987
1.7368678125E-07, -0.0015151304176197
1.73688734375E-07, -0.000853482119483891
1.736906875E-07, -0.000997266820765673
1.73692640625E-07, -0.00124239001128184
1.7369459375E-07, -0.00146944841672576
1.73696546875E-07, -0.00098788053608748
1.736985E-07, -0.00110334369708689
1.73700453125E-07, -0.00106208084436129
1.7370240625E-07, -0.00110821097813223
1.73704359375E-07, -0.00125374972312537
1.737063125E-07, -0.0013585391448873
1.73708265625E-07, -0.00105691256840689
1.7371021875E-07, -0.00114526567894085
1.73712171875E-07, -0.00133242198768747
1.73714125E-07, -0.00105360537982434
1.73716078125E-07, -0.00111425538893194
1.7371803125E-07, -0.000917621753795025
1.73719984375E-07, -0.00131142318810587
1.737219375E-07, -0.00132752774719597
1.73723890625E-07, -0.00142762341001447
1.7372584375E-07, -0.00126002526746293
1.73727796875E-07, -0.00117864148494232
1.7372975E-07, -0.00132987209082503
1.73731703125E-07, -0.00137121108540218
1.7373365625E-07, -0.00127480732357798
1.73735609375E-07, -0.00135449309380852
1.737375625E-07, -0.000862374847049443
1.73739515625E-07, -0.00136852241354017
1.7374146875E-07, -0.00122345121138906
1.73743421875E-07, -0.00121309364597083
1.73745375E-07, -0.00141413767315302
1.73747328125E-07, -0.00159886375122969
1.7374928125E-07, -0.0016230576199531
1.73751234375E-07, -0.00123464188715361
1.737531875E-07, -0.00110087214511079
1.73755140625E-07, -0.00179188474778864
1.7375709375E-07, -0.00142763475384666
1.73759046875E-07, -0.00125342071874559
1.73761E-07, -0.00139876362673111
1.73762953125E-07, -0.00160270120168938
1.7376490625E-07, -0.00139736276468015
1.73766859375E-07, -0.00149623095410135
1.737688125E-07, -0.00173197759512485
1.73770765625E-07, -0.00153406010199033
1.7377271875E-07, -0.00170710036547276
1.73774671875E-07, -0.00153210819608787
1.73776625E-07, -0.00139555066816983
1.73778578125E-07, -0.00143807425988039
1.7378053125E-07, -0.00185085971050601
1.73782484375E-07, -0.00174729859285004
1.737844375E-07, -0.00185254199906284
1.73786390625E-07, -0.00156051562082585
1.7378834375E-07, -0.00169201467577186
1.73790296875E-07, -0.0019660954597318
1.7379225E-07, -0.00164866241554346
1.73794203125E-07, -0.00188809143719334
1.7379615625E-07, -0.00190658435227594
1.73798109375E-07, -0.0015187179681976
1.738000625E-07, -0.00229301046507917
1.73802015625E-07, -0.00182025970831716
1.7380396875E-07, -0.00220759320792587
1.73805921875E-07, -0.00220343016151941
1.73807875E-07, -0.00231130131468837
1.73809828125E-07, -0.00266271981567644
1.7381178125E-07, -0.00211115129866137
1.73813734375E-07, -0.00186730288599502
1.738156875E-07, -0.0025174709171376
1.73817640625E-07, -0.0019768670099112
1.7381959375E-07, -0.00232960673635588
1.73821546875E-07, -0.00215790701612793
1.738235E-07, -0.00268763280731123
1.73825453125E-07, -0.00247774066791683
1.7382740625E-07, -0.00229189241063824
1.73829359375E-07, -0.00247241340643743
1.738313125E-07, -0.00260736038095977
1.73833265625E-07, -0.00256515234690116
1.7383521875E-07, -0.00297290257362458
1.73837171875E-07, -0.00319059262117476
1.73839125E-07, -0.00298420566699341
1.73841078125E-07, -0.00261103455523437
1.7384303125E-07, -0.003133653592249
1.73844984375E-07, -0.00289061057178473
1.738469375E-07, -0.00256992070375342
1.73848890625E-07, -0.00290204167759278
1.7385084375E-07, -0.00315941763600263
1.73852796875E-07, -0.00308657266813003
1.7385475E-07, -0.00306397346373839
1.73856703125E-07, -0.00364557685326519
1.7385865625E-07, -0.00359166157732087
1.73860609375E-07, -0.00334643581411107
1.738625625E-07, -0.00352995675249145
1.73864515625E-07, -0.00337142637271092
1.7386646875E-07, -0.00421237435320167
1.73868421875E-07, -0.00377540328746751
1.73870375E-07, -0.00434448329424269
1.73872328125E-07, -0.0038720208171803
1.7387428125E-07, -0.00442541149679607
1.73876234375E-07, -0.00404477462514345
1.738781875E-07, -0.00391265807936199
1.73880140625E-07, -0.00436680866732321
1.7388209375E-07, -0.00459999879083737
1.73884046875E-07, -0.00445693629633729
1.73886E-07, -0.00424721521938375
1.73887953125E-07, -0.004694297411959
1.7388990625E-07, -0.00470875833664445
1.73891859375E-07, -0.00468050858177705
1.738938125E-07, -0.00440136028569927
1.73895765625E-07, -0.0045281172726815
1.7389771875E-07, -0.00454206611949718
1.73899671875E-07, -0.00439223331311516
1.73901625E-07, -0.00483146733382615
1.73903578125E-07, -0.00463624589685788
1.7390553125E-07, -0.00516207230770817
1.73907484375E-07, -0.0048956027482463
1.739094375E-07, -0.00490714292803574
1.73911390625E-07, -0.00510760634053637
1.7391334375E-07, -0.00500364828461562
1.73915296875E-07, -0.00515295442671839
1.7391725E-07, -0.00532131499009774
1.73919203125E-07, -0.00524127134513287
1.7392115625E-07, -0.00452523877824722
1.73923109375E-07, -0.00521123385651155
1.739250625E-07, -0.0053370044169377
1.73927015625E-07, -0.00533129369419864
1.7392896875E-07, -0.00574719107808153
1.73930921875E-07, -0.0055655322223927
1.73932875E-07, -0.0053389087500238
1.73934828125E-07, -0.00531034914327602
1.7393678125E-07, -0.00542429300632643
1.73938734375E-07, -0.00537671278896412
1.739406875E-07, -0.00539348133444317
1.73942640625E-07, -0.0050543032869154
1.7394459375E-07, -0.00527187690150984
1.73946546875E-07, -0.00516051108057418
1.739485E-07, -0.00570374534829393
1.73950453125E-07, -0.00333155741903069
1.7395240625E-07, -0.00530651116079264
1.73954359375E-07, -0.00502252910759133
1.739563125E-07, -0.00471442497015975
1.73958265625E-07, -0.00555403647428028
1.7396021875E-07, -0.00511031292516872
1.73962171875E-07, -0.00423169006409836
1.73964125E-07, -0.00501672539800942
1.73966078125E-07, -0.00517762152709002
1.7396803125E-07, -0.00473393780646851
1.73969984375E-07, -0.00498311674747561
1.739719375E-07, -0.00340498105399758
1.73973890625E-07, -0.00460982946390128
1.7397584375E-07, -0.00453932281275979
1.73977796875E-07, -0.00425026444473174
1.7397975E-07, -0.00477673900840651
1.73981703125E-07, -0.00420829643885718
1.7398365625E-07, -0.00361513199589457
1.73985609375E-07, -0.00369937128221646
1.739875625E-07, -0.00435897196978987
1.73989515625E-07, -0.00388230986076501
1.7399146875E-07, -0.00323209811575258
1.73993421875E-07, -0.00263746463426139
1.73995375E-07, -0.00279705627746819
1.73997328125E-07, -0.00281153239605242
1.7399928125E-07, -0.0036148179088145
1.74001234375E-07, -0.0026303562306565
1.740031875E-07, -0.00249461724762392
1.74005140625E-07, -0.0026375250733014
1.7400709375E-07, -0.00172040826796495
1.74009046875E-07, -0.00125813960174839
1.74011E-07, -0.000809725920906236
1.74012953125E-07, 8.1057800757441E-05
1.7401490625E-07, -0.00115307981842121
1.74016859375E-07, -0.000334948444192895
1.740188125E-07, -0.000818294061351497
1.74020765625E-07, 0.000958214509075863
1.7402271875E-07, 6.83598053085392E-06
1.74024671875E-07, 0.00121056661183027
1.74026625E-07, 0.00106507796611436
1.74028578125E-07, 0.0016730930578369
1.7403053125E-07, 0.000361469462685473
1.74032484375E-07, 0.000802408397360323
1.740344375E-07, 0.00338471214779454
1.74036390625E-07, 0.00329799685922867
1.7403834375E-07, 0.00332792186342392
1.74040296875E-07, 0.00314213227287954
1.7404225E-07, 0.00406454705574278
1.74044203125E-07, 0.00382916009199547
1.7404615625E-07, 0.00432929445906734
1.74048109375E-07, 0.00540206251410102
1.740500625E-07, 0.00619200712059542
1.74052015625E-07, 0.00622286783709044
1.7405396875E-07, 0.00796674107571902
1.74055921875E-07, 0.00536399950280039
1.74057875E-07, 0.00529887326537165
1.74059828125E-07, 0.00781932267225551
1.7406178125E-07, 0.0102550787253317
1.74063734375E-07, 0.00896821818212675
1.740656875E-07, 0.00906864455746232
1.74067640625E-07, 0.00968578285187865
1.7406959375E-07, 0.0096219042324636
1.74071546875E-07, 0.00867322788386017
1.740735E-07, 0.0105661146437267
1.74075453125E-07, 0.0145693428637241
1.7407740625E-07, 0.0116716783887212
1.74079359375E-07, 0.0114876891545087
1.740813125E-07, 0.0149891517664628
1.74083265625E-07, 0.0121151812464353
1.7408521875E-07, 0.0140162691759647
1.74087171875E-07, 0.0158720155061092
1.74089125E-07, 0.014292676957837
1.74091078125E-07, 0.016684529701635
1.7409303125E-07, 0.0147251298717825
1.74094984375E-07, 0.0155395677673258
1.740969375E-07, 0.0148513188357034
1.74098890625E-07, 0.018855960572176
1.7410084375E-07, 0.018769208355598
1.74102796875E-07, 0.0163977849669164
1.7410475E-07, 0.020696918748393
1.74106703125E-07, 0.0200450372102248
1.7410865625E-07, 0.0190627999340045
1.74110609375E-07, 0.021529215477182
1.741125625E-07, 0.0210150444539148
1.74114515625E-07, 0.020340013677169
1.7411646875E-07, 0.0222414707417042
1.74118421875E-07, 0.0218383328801854
1.74120375E-07, 0.0236796369911583
1.74122328125E-07, 0.0247546211883447
1.7412428125E-07, 0.0254537862778054
1.74126234375E-07, 0.0250449531680835
1.741281875E-07, 0.0256345160659526
1.74130140625E-07, 0.0281740248924266
1.7413209375E-07, 0.0268191127861498
1.74134046875E-07, 0.0281454655066414
1.74136E-07, 0.0274487853018747
1.74137953125E-07, 0.0295584929593954
1.7413990625E-07, 0.0288669288369883
1.74141859375E-07, 0.0294951537380045
1.741438125E-07, 0.0294781326818559
1.74145765625E-07, 0.0297724932047596
1.7414771875E-07, 0.0310990640334234
1.74149671875E-07, 0.0311912609038477
1.74151625E-07, 0.0309765894677082
1.74153578125E-07, 0.031314607843364
1.7415553125E-07, 0.031603018995347
1.74157484375E-07, 0.0321486298865737
1.741594375E-07, 0.0324992602019961
1.74161390625E-07, 0.0326688735070755
1.7416334375E-07, 0.0326989186943952
1.74165296875E-07, 0.0342502805892238
1.7416725E-07, 0.0343764275361736
1.74169203125E-07, 0.0335810573999898
1.7417115625E-07, 0.0344342267630944
1.74173109375E-07, 0.0341874366903417
1.741750625E-07, 0.0338618917591306
1.74177015625E-07, 0.0348777404158846
1.7417896875E-07, 0.033818157838939
1.74180921875E-07, 0.0327160563845229
1.74182875E-07, 0.0342021514418663
1.74184828125E-07, 0.0319162150392195
1.7418678125E-07, 0.0348816128099193
1.74188734375E-07, 0.033729715050621
1.741906875E-07, 0.032333601261219
1.74192640625E-07, 0.0342866238992438
1.7419459375E-07, 0.027768883294076
1.74196546875E-07, 0.0335308522284361
1.741985E-07, 0.0307557383721128
1.74200453125E-07, 0.0322528033649886
1.7420240625E-07, 0.0315360245379011
1.74204359375E-07, 0.0319745033179742
1.742063125E-07, 0.0308697224614662
1.74208265625E-07, 0.029156963386368
1.7421021875E-07, 0.0319368338555366
1.74212171875E-07, 0.0277353587985593
1.74214125E-07, 0.0310600835877956
1.74216078125E-07, 0.0279466153234768
1.7421803125E-07, 0.0291803228100549
1.74219984375E-07, 0.0261244397553044
1.742219375E-07, 0.0183260443113412
1.74223890625E-07, 0.0270277694201955
1.7422584375E-07, 0.0253506913576044
1.74227796875E-07, 0.0246689401283024
1.7422975E-07, 0.0242084602357829
1.74231703125E-07, 0.0208223324710852
1.7423365625E-07, 0.0194805209719911
1.74235609375E-07, 0.0203422718961791
1.742375625E-07, 0.0174412381842969
1.74239515625E-07, 0.0214315639926893
1.7424146875E-07, 0.0165781002068668
1.74243421875E-07, 0.0176681020962421
1.74245375E-07, 0.0131073764972694
1.74247328125E-07, 0.00488689434646976
1.7424928125E-07, 0.0136379402074721
1.74251234375E-07, 0.0113330495775768
1.742531875E-07, 0.012372692223434
1.74255140625E-07, 0.00528205135316503
1.7425709375E-07, 0.00463306265629078
1.74259046875E-07, 0.00760108439160374
1.74261E-07, 0.000293869265180891
1.74262953125E-07, 0.000414178264414037
1.7426490625E-07, 0.00393855264464147
1.74266859375E-07, -0.00280507243649686
1.742688125E-07, -0.00466131484214107
1.74270765625E-07, -0.00764666846982426
1.7427271875E-07, -0.0130938553574405
1.74274671875E-07, -0.0126185626391287
1.74276625E-07, -0.00942235009749684
1.74278578125E-07, -0.0165417284226372
1.7428053125E-07, -0.0183801792654471
1.74282484375E-07, -0.017744233767101
1.742844375E-07, -0.0177386417039059
1.74286390625E-07, -0.0250804762884836
1.7428834375E-07, -0.0239500356035047
1.74290296875E-07, -0.0240641003157378
1.7429225E-07, -0.0328452912303609
1.74294203125E-07, -0.0272214482776796
1.7429615625E-07, -0.0300266687282492
1.74298109375E-07, -0.0353612951117412
1.743000625E-07, -0.035194158769881
1.74302015625E-07, -0.048099971257412
1.7430396875E-07, -0.0424404125292272
1.74305921875E-07, -0.0474263561461737
1.74307875E-07, -0.0430008256177342
1.74309828125E-07, -0.0427878179043392
1.7431178125E-07, -0.0557099387187785
1.74313734375E-07, -0.0491009887909238
1.743156875E-07, -0.0557360747753749
1.74317640625E-07, -0.0623343266092063
1.7431959375E-07, -0.0508264724471601
1.74321546875E-07, -0.0606946702128263
1.743235E-07, -0.0667913566634687
1.74325453125E-07, -0.0688707645688192
1.7432740625E-07, -0.0709520369913805
1.74329359375E-07, -0.0667274733484394
1.743313125E-07, -0.0807198972636298
1.74333265625E-07, -0.0762100294716371
1.7433521875E-07, -0.0771562334312865
1.74337171875E-07, -0.0870523472573656
1.74339125E-07, -0.0754841909602314
1.74341078125E-07, -0.0861924858578001
1.7434303125E-07, -0.0874207709262608
1.74344984375E-07, -0.0887196852197175
1.743469375E-07, -0.0880461754032135
1.74348890625E-07, -0.0957118259536159
1.7435084375E-07, -0.100823955638488
1.74352796875E-07, -0.0962271869406172
1.7435475E-07, -0.0947212478815439
1.74356703125E-07, -0.104053771980389
1.7435865625E-07, -0.103266894068122
1.74360609375E-07, -0.105121869112094
1.743625625E-07, -0.110685871264152
1.74364515625E-07, -0.108995068209578
1.7436646875E-07, -0.109765872730457
1.74368421875E-07, -0.10802706731272
1.74370375E-07, -0.113755318043298
1.74372328125E-07, -0.112423239558424
1.7437428125E-07, -0.112883189011969
1.74376234375E-07, -0.120407271062691
1.743781875E-07, -0.116605951760465
1.74380140625E-07, -0.118696910719543
1.7438209375E-07, -0.109610719239311
1.74384046875E-07, -0.117914208646184
1.74386E-07, -0.121728881907874
1.74387953125E-07, -0.121183671254627
1.7438990625E-07, -0.12111991346987
1.74391859375E-07, -0.120068101423963
1.743938125E-07, -0.119439035400048
1.74395765625E-07, -0.121751921789496
1.7439771875E-07, -0.115633943962256
1.74399671875E-07, -0.117347168705196
1.74401625E-07, -0.121484791685891
1.74403578125E-07, -0.107808744376483
1.7440553125E-07, -0.118370489350485
1.74407484375E-07, -0.112941831213365
1.744094375E-07, -0.117240493781898
1.74411390625E-07, -0.112430017598712
1.7441334375E-07, -0.106482410033007
1.74415296875E-07, -0.11052323494686
1.7441725E-07, -0.101897403008282
1.74419203125E-07, -0.110308797861776
1.7442115625E-07, -0.106468649913852
1.74423109375E-07, -0.0985962216316494
1.744250625E-07, -0.0927471278768794
1.74427015625E-07, -0.0785745191258163
1.7442896875E-07, -0.101545791901279
1.74430921875E-07, -0.0791387501579483
1.74432875E-07, -0.0852024621960366
1.74434828125E-07, -0.0908568409766755
1.7443678125E-07, -0.0820366009195098
1.74438734375E-07, -0.0860062403367101
1.744406875E-07, -0.0648274327319462
1.74442640625E-07, -0.0653601794623841
1.7444459375E-07, -0.0614462971911963
1.74446546875E-07, -0.0685097022929692
1.744485E-07, -0.0575720404579936
1.74450453125E-07, -0.0580819483976796
1.7445240625E-07, -0.0481288398928886
1.74454359375E-07, -0.0512952959983826
1.744563125E-07, -0.0511010045391943
1.74458265625E-07, -0.0322113532398764
1.7446021875E-07, -0.0421242766525773
1.74462171875E-07, -0.0246783530614212
1.74464125E-07, -0.0313644201086268
1.74466078125E-07, -0.0290509507821565
1.7446803125E-07, -0.0188529012730644
1.74469984375E-07, -0.0234924397482091
1.744719375E-07, 0.00120005669550453
1.74473890625E-07, -0.0011180730553806
1.7447584375E-07, -0.00589144790655743
1.74477796875E-07, 0.0198221432206983
1.7447975E-07, -0.00911826814371406
1.74481703125E-07, 0.00954661591225635
1.7448365625E-07, 0.0110426589882716
1.74485609375E-07, 0.0274849680521272
1.744875625E-07, 0.032355121393675
1.74489515625E-07, 0.027226573747885
1.7449146875E-07, 0.0363997167404575
1.74493421875E-07, 0.0347913981708262
1.74495375E-07, 0.0391986261903686
1.74497328125E-07, 0.0506451895714537
1.7449928125E-07, 0.0477103549036691
1.74501234375E-07, 0.0474380704441662
1.745031875E-07, 0.0514191081982196
1.74505140625E-07, 0.0540988002758561
1.7450709375E-07, 0.0590621734962398
1.74509046875E-07, 0.0639320226542807
1.74511E-07, 0.0681897107272197
1.74512953125E-07, 0.074436588509414
1.7451490625E-07, 0.0709234849035743
1.74516859375E-07, 0.0805761149261867
1.745188125E-07, 0.0798691653167277
1.74520765625E-07, 0.073088228255915
1.7452271875E-07, 0.0808334255195769
1.74524671875E-07, 0.0827381355255308
1.74526625E-07, 0.0911914980689239
1.74528578125E-07, 0.0886255900340838
1.7453053125E-07, 0.0851867141014978
1.74532484375E-07, 0.0940387096073334
1.745344375E-07, 0.0933585420629125
1.74536390625E-07, 0.0962625697290861
1.7453834375E-07, 0.0902398478260663
1.74540296875E-07, 0.0991600489806264
1.7454225E-07, 0.0945986905117384
1.74544203125E-07, 0.0866821434695105
1.7454615625E-07, 0.0925323634962135
1.74548109375E-07, 0.0988721911577408
1.745500625E-07, 0.100460724376266
1.74552015625E-07, 0.0944292663030039
1.7455396875E-07, 0.0977611380970425
1.74555921875E-07, 0.0956230567166908
1.74557875E-07, 0.0975170863574848
1.74559828125E-07, 0.100307739565585
1.7456178125E-07, 0.0943401019301024
1.74563734375E-07, 0.0957028637191331
1.745656875E-07, 0.0910966174170119
1.74567640625E-07, 0.0903366913490871
1.7456959375E-07, 0.0939314647064012
1.74571546875E-07, 0.0903755753222337
1.745735E-07, 0.0895782056563481
1.74575453125E-07, 0.0917322437728447
1.7457740625E-07, 0.0843608597201287
1.74579359375E-07, 0.0800735640719434
1.745813125E-07, 0.084411459207716
1.74583265625E-07, 0.0836288506567673
1.7458521875E-07, 0.0792302486960865
1.74587171875E-07, 0.0699388453352565
1.74589125E-07, 0.079707855130515
1.74591078125E-07, 0.0705567211924001
1.7459303125E-07, 0.0701278217894888
1.74594984375E-07, 0.0680003115598049
1.745969375E-07, 0.0630579403894812
1.74598890625E-07, 0.0680096106110882
1.7460084375E-07, 0.0578983649883775
1.74602796875E-07, 0.0586165618280315
1.7460475E-07, 0.0575406336927303
1.74606703125E-07, 0.0535788912666672
1.7460865625E-07, 0.0545680603313557
1.74610609375E-07, 0.0561858086984818
1.746125625E-07, 0.0542955915945549
1.74614515625E-07, 0.0584232278350243
1.7461646875E-07, 0.0512444949780538
1.74618421875E-07, 0.0499950150576192
1.74620375E-07, 0.0386743804200608
1.74622328125E-07, 0.0398063037435996
1.7462428125E-07, 0.0406461584136512
1.74626234375E-07, 0.0423870509916821
1.746281875E-07, 0.0405645825912319
1.74630140625E-07, 0.0381220413958094
1.7463209375E-07, 0.0329916380170499
1.74634046875E-07, 0.0283152993529659
1.74636E-07, 0.0330127626830932
1.74637953125E-07, 0.0308874299862116
1.7463990625E-07, 0.0326038406901622
1.74641859375E-07, 0.0324349118955403
1.746438125E-07, 0.029508341922419
1.74645765625E-07, 0.0317631805569351
1.7464771875E-07, 0.0257657529783787
1.74649671875E-07, 0.0255725222089968
1.74651625E-07, 0.0280007069405383
1.74653578125E-07, 0.0262536938263349
1.7465553125E-07, 0.0234236880282623
1.74657484375E-07, 0.0201168638961124
1.746594375E-07, 0.0228819429436547
1.74661390625E-07, 0.0220485582800224
1.7466334375E-07, 0.0190590547101115
1.74665296875E-07, 0.0214957228391209
1.7466725E-07, 0.0202020372166926
1.74669203125E-07, 0.0218628661890968
1.7467115625E-07, 0.0193722849693577
1.74673109375E-07, 0.021759370422809
1.746750625E-07, 0.0216636047494441
1.74677015625E-07, 0.0193750906954027
1.7467896875E-07, 0.0184083655809656
1.74680921875E-07, 0.0195249271442065
1.74682875E-07, 0.0193997411108954
1.74684828125E-07, 0.0199427343416011
1.7468678125E-07, 0.0191130362150102
1.74688734375E-07, 0.0206901551021596
1.746906875E-07, 0.0194712806598715
1.74692640625E-07, 0.0194567702225694
1.7469459375E-07, 0.0205525342723908
1.74696546875E-07, 0.0190675490843912
1.746985E-07, 0.0224598616627046
1.74700453125E-07, 0.0191653747769937
1.7470240625E-07, 0.0197577156871118
1.74704359375E-07, 0.01860090812156
1.747063125E-07, 0.020710503688368
1.74708265625E-07, 0.020016719460696
1.7471021875E-07, 0.0200675965640757
1.74712171875E-07, 0.0192939951783519
1.74714125E-07, 0.0193728451424834
1.74716078125E-07, 0.0186147486955031
1.7471803125E-07, 0.0194338157235339
1.74719984375E-07, 0.0224460700378924
1.747219375E-07, 0.0183486505411272
1.74723890625E-07, 0.0182843495593682
1.7472584375E-07, 0.0179595317650011
1.74727796875E-07, 0.0200329095069606
1.7472975E-07, 0.0191551515575171
1.74731703125E-07, 0.0189489665296424
1.7473365625E-07, 0.0178652648538137
1.74735609375E-07, 0.0175088951776847
1.747375625E-07, 0.0176146196259293
1.74739515625E-07, 0.0181177816214602
1.7474146875E-07, 0.0179063119776402
1.74743421875E-07, 0.0174338094857474
1.74745375E-07, 0.015536611660533
1.74747328125E-07, 0.0141803734481804
1.7474928125E-07, 0.0161357848503412
1.74751234375E-07, 0.0131851051524629
1.747531875E-07, 0.0143446216325615
1.74755140625E-07, 0.0143069810623722
1.7475709375E-07, 0.0117011445272177
1.74759046875E-07, 0.0122749731521169
1.74761E-07, 0.0125048444077303
1.74762953125E-07, 0.0107495910164047
1.7476490625E-07, 0.0109611427000791
1.74766859375E-07, 0.0103714398463716
1.747688125E-07, 0.0102940729251694
1.74770765625E-07, 0.00856692067937108
1.7477271875E-07, 0.00773277183318268
1.74774671875E-07, 0.00789006946333697
1.74776625E-07, 0.00686999000670924
1.74778578125E-07, 0.00759388882557223
1.7478053125E-07, 0.00490415135842207
1.74782484375E-07, 0.00374935731615047
1.747844375E-07, 0.00382026758202567
1.74786390625E-07, 0.00540526948745003
1.7478834375E-07, 0.00338828601779128
1.74790296875E-07, 0.00383504239665842
1.7479225E-07, -4.56993404541124E-05
1.74794203125E-07, 0.000362054880543917
1.7479615625E-07, 0.00101514466766999
1.74798109375E-07, -0.000433040024519965
1.748000625E-07, -0.00212902436802024
1.74802015625E-07, -0.0023619774197222
1.7480396875E-07, -0.00176045855912939
1.74805921875E-07, -0.00242088961003339
1.74807875E-07, -0.00367141136865734
1.74809828125E-07, -0.00394765947079382
1.7481178125E-07, -0.00314868469624559
1.74813734375E-07, -0.00315335583750087
1.748156875E-07, -0.00440613419997372
1.74817640625E-07, -0.0050822997451068
1.7481959375E-07, -0.00202444995914159
1.74821546875E-07, -0.00598645369305442
1.748235E-07, -0.00616250320092212
1.74825453125E-07, -0.00443972402188797
1.7482740625E-07, -0.00671475326845963
1.74829359375E-07, -0.00615244945187871
1.748313125E-07, -0.00822757990989476
1.74833265625E-07, -0.00781343906497237
1.7483521875E-07, -0.00777394076330168
1.74837171875E-07, -0.00664756839303153
1.74839125E-07, -0.0077694786585569
1.74841078125E-07, -0.00810965759643678
1.7484303125E-07, -0.0048836372403199
1.74844984375E-07, -0.00777364485910378
1.748469375E-07, -0.00783295013007461
1.74848890625E-07, -0.00762230569138123
1.7485084375E-07, -0.00831456281013669
1.74852796875E-07, -0.00834331710402369
1.7485475E-07, -0.00789640006611594
1.74856703125E-07, -0.00778989935250939
1.7485865625E-07, -0.00825027173993546
1.74860609375E-07, -0.00782571723770967
1.748625625E-07, -0.00726679710709503
1.74864515625E-07, -0.00731706746762329
1.7486646875E-07, -0.00741016293725048
1.74868421875E-07, -0.00664340265351496
1.74870375E-07, -0.00632595424666729
1.74872328125E-07, -0.00554113636060366
1.7487428125E-07, -0.00594624278062503
1.74876234375E-07, -0.00594703043359584
1.748781875E-07, -0.00538797835775517
1.74880140625E-07, -0.00717551856236625
1.7488209375E-07, -0.00567564060632775
1.74884046875E-07, -0.00428885080904572
1.74886E-07, -0.00474628421818815
1.74887953125E-07, -0.0047412849732828
1.7488990625E-07, -0.00518492039633184
1.74891859375E-07, -0.00466967444526781
1.748938125E-07, -0.00417135148791183
1.74895765625E-07, -0.00352280231624109
1.7489771875E-07, -0.00320639202103339
1.74899671875E-07, -0.00253031583611807
1.74901625E-07, -0.00298970217044444
1.74903578125E-07, -0.00289842390820482
1.7490553125E-07, -0.00211732500851169
1.74907484375E-07, -0.00230316929394111
1.749094375E-07, -0.00174183946226936
1.74911390625E-07, -0.00225448491622684
1.7491334375E-07, -0.00159980903094904
1.74915296875E-07, -0.00220124711305313
1.7491725E-07, -0.000488886253304344
1.74919203125E-07, -0.000571696962121076
1.7492115625E-07, -0.00016008581393072
1.74923109375E-07, -0.000461923611862307
1.749250625E-07, -0.000786603945993583
1.74927015625E-07, 2.59370537330984E-05
1.7492896875E-07, 0.000595487928249336
1.74930921875E-07, 0.00116773489367484
1.74932875E-07, 0.00127511981397966
1.74934828125E-07, 0.000612038605397578
1.7493678125E-07, 0.00128552154586223
1.74938734375E-07, 0.00132849378590381
1.749406875E-07, 0.00219607321944965
1.74942640625E-07, 0.00182640375258148
1.7494459375E-07, 0.00108485110958422
1.74946546875E-07, 0.00203946680791584
1.749485E-07, 0.00074468167301251
1.74950453125E-07, 0.00184408453712778
1.7495240625E-07, 0.00161747421240713
1.74954359375E-07, 0.00179000113370325
1.749563125E-07, 0.0010990709494259
1.74958265625E-07, 0.00155529790492843
1.7496021875E-07, 0.0023609470927132
1.74962171875E-07, 0.0016065712597042
1.74964125E-07, 0.00139346552591721
1.74966078125E-07, 0.00118114620445149
1.7496803125E-07, 0.00143620282907226
1.74969984375E-07, 0.00162000018804221
1.749719375E-07, 0.00113001247053538
1.74973890625E-07, 0.000653372030618842
1.7497584375E-07, 0.00112711347497758
1.74977796875E-07, 0.000485979027965944
1.7497975E-07, 0.000843815352765311
1.74981703125E-07, 0.00131016090724412
1.7498365625E-07, 0.000531881689064722
1.74985609375E-07, 0.000500261232616288
1.749875625E-07, 2.90661285768952E-05
1.74989515625E-07, 0.000406513887342153
1.7499146875E-07, -0.000200904223072937
1.74993421875E-07, -0.000388489785060121
1.74995375E-07, -0.00174527146316903
1.74997328125E-07, -0.000901712513030058
1.7499928125E-07, -0.000771877141569546
1.75001234375E-07, -0.00204537823157711
1.750031875E-07, -0.00138332998989289
1.75005140625E-07, -0.00110342971405084
1.7500709375E-07, -0.00177226803346279
1.75009046875E-07, -0.00223644450651796
1.75011E-07, -0.00260993943682894
1.75012953125E-07, -0.0034929890965576
1.7501490625E-07, -0.00351625049081547
1.75016859375E-07, -0.00325514913055288
1.750188125E-07, -0.00365008579091156
1.75020765625E-07, -0.00483070817711482
1.7502271875E-07, -0.00608584002993774
1.75024671875E-07, -0.00470358454556049
1.75026625E-07, -0.0049617246928017
1.75028578125E-07, -0.00488489631589132
1.7503053125E-07, -0.00486018876683263
1.75032484375E-07, -0.0077328873683551
1.750344375E-07, -0.00575809151359472
1.75036390625E-07, -0.00608864436057013
1.7503834375E-07, -0.00743267720278973
1.75040296875E-07, -0.00764475924106972
1.7504225E-07, -0.0086676508030652
1.75044203125E-07, -0.00878759854561268
1.7504615625E-07, -0.0106154513626462
1.75048109375E-07, -0.00883609984222222
1.750500625E-07, -0.0105442022681674
1.75052015625E-07, -0.0100435287638017
1.7505396875E-07, -0.00980474866642456
1.75055921875E-07, -0.0118031757689998
1.75057875E-07, -0.0132642132176264
1.75059828125E-07, -0.0120157376799214
1.7506178125E-07, -0.0155724233322897
1.75063734375E-07, -0.0129357922856512
1.750656875E-07, -0.0152670082328729
1.75067640625E-07, -0.0150786990404898
1.7506959375E-07, -0.0135551026665461
1.75071546875E-07, -0.0164291430955895
1.750735E-07, -0.0152410049664964
1.75075453125E-07, -0.0164867324383325
1.7507740625E-07, -0.0173825702783219
1.75079359375E-07, -0.0190392734712907
1.750813125E-07, -0.0187019248206543
1.75083265625E-07, -0.019067200548016
1.7508521875E-07, -0.0183569480848621
1.75087171875E-07, -0.0214522651489384
1.75089125E-07, -0.0205796307778338
1.75091078125E-07, -0.0225224328173936
1.7509303125E-07, -0.0210177850721394
1.75094984375E-07, -0.0220388796630226
1.750969375E-07, -0.0239247788418401
1.75098890625E-07, -0.0234682315562343
1.7510084375E-07, -0.0234536525800071
1.75102796875E-07, -0.0248221875214166
1.7510475E-07, -0.0246091461280025
1.75106703125E-07, -0.0260688002900276
1.7510865625E-07, -0.0266770661248001
1.75110609375E-07, -0.0248093028988294
1.751125625E-07, -0.0272434516227013
1.75114515625E-07, -0.0264801044897259
1.7511646875E-07, -0.0278798984769171
1.75118421875E-07, -0.0278941201187781
1.75120375E-07, -0.0279688972453568
1.75122328125E-07, -0.029427412065581
1.7512428125E-07, -0.0265036718755954
1.75126234375E-07, -0.028920731146347
1.751281875E-07, -0.0306544163046578
1.75130140625E-07, -0.0279279961299899
1.7513209375E-07, -0.0311031796289887
1.75134046875E-07, -0.030139124962024
1.75136E-07, -0.0313369665072518
1.75137953125E-07, -0.0312162692260184
1.7513990625E-07, -0.0302620272103736
1.75141859375E-07, -0.0313848671995276
1.751438125E-07, -0.0304140106328693
1.75145765625E-07, -0.030921335064217
1.7514771875E-07, -0.0329593391859461
1.75149671875E-07, -0.0322868068265179
1.75151625E-07, -0.0327793376681202
1.75153578125E-07, -0.0328391318847112
1.7515553125E-07, -0.0324486811529087
1.75157484375E-07, -0.0329694320553619
1.751594375E-07, -0.0328764453027309
1.75161390625E-07, -0.0317086632614686
1.7516334375E-07, -0.0328812373803907
1.75165296875E-07, -0.0334739405311177
1.7516725E-07, -0.0318731542431389
1.75169203125E-07, -0.0329880971600512
1.7517115625E-07, -0.0325221847728032
1.75173109375E-07, -0.0327168954271062
1.751750625E-07, -0.0326955113124233
1.75177015625E-07, -0.0328328441260261
1.7517896875E-07, -0.0315853100154382
1.75180921875E-07, -0.032372064385557
1.75182875E-07, -0.0310544179100568
1.75184828125E-07, -0.0324084676897218
1.7518678125E-07, -0.0315689387091991
1.75188734375E-07, -0.0318019057382507
1.751906875E-07, -0.0315860932797887
1.75192640625E-07, -0.0302980017843834
1.7519459375E-07, -0.0310447293536833
1.75196546875E-07, -0.030832780809378
1.751985E-07, -0.0306012710446878
1.75200453125E-07, -0.0301453600654183
1.7520240625E-07, -0.0293950455437565
1.75204359375E-07, -0.028145989064075
1.752063125E-07, -0.0297540710787707
1.75208265625E-07, -0.0291657507334097
1.7521021875E-07, -0.0297285822585217
1.75212171875E-07, -0.0281146461018554
1.75214125E-07, -0.0288186554328773
1.75216078125E-07, -0.0273792117557702
1.7521803125E-07, -0.0275840146495264
1.75219984375E-07, -0.0276721207584118
1.752219375E-07, -0.0267477097825346
1.75223890625E-07, -0.0268881373685761
1.7522584375E-07, -0.0256058161741884
1.75227796875E-07, -0.0260783068814038
1.7522975E-07, -0.0249084038519825
1.75231703125E-07, -0.0253055990626046
1.7523365625E-07, -0.0254717656813051
1.75235609375E-07, -0.0251044208145514
1.752375625E-07, -0.0247670877476291
1.75239515625E-07, -0.0241970748129763
1.7524146875E-07, -0.0235922707770813
1.75243421875E-07, -0.0197834712496904
1.75245375E-07, -0.0230222659989659
1.75247328125E-07, -0.0222067529188477
1.7524928125E-07, -0.0227674363355095
1.75251234375E-07, -0.0218129732925966
1.752531875E-07, -0.0213026467594756
1.75255140625E-07, -0.0202948033743712
1.7525709375E-07, -0.0197636849110424
1.75259046875E-07, -0.0200316686810102
1.75261E-07, -0.0178359329843547
1.75262953125E-07, -0.018435966773184
1.7526490625E-07, -0.0189163855154256
1.75266859375E-07, -0.0179797710694525
1.752688125E-07, -0.0180656324900691
1.75270765625E-07, -0.0173901244170133
1.7527271875E-07, -0.0176991821085857
1.75274671875E-07, -0.0172286509456364
1.75276625E-07, -0.0159788616022108
1.75278578125E-07, -0.0160962175753436
1.7528053125E-07, -0.0169891972212591
1.75282484375E-07, -0.0161404904895604
1.752844375E-07, -0.0155116527756057
1.75286390625E-07, -0.0139954143983259
1.7528834375E-07, -0.0133807547435603
1.75290296875E-07, -0.0138958756614745
1.7529225E-07, -0.0137107795605067
1.75294203125E-07, -0.0130062605637881
1.7529615625E-07, -0.0118076048076288
1.75298109375E-07, -0.0119769850491651
1.753000625E-07, -0.012862917177579
1.75302015625E-07, -0.0108420506307799
1.7530396875E-07, -0.00970731591788907
1.75305921875E-07, -0.0105438501081171
1.75307875E-07, -0.00858983159387602
1.75309828125E-07, -0.00979105935980597
1.7531178125E-07, -0.00928736102663957
1.75313734375E-07, -0.00920743814452715
1.753156875E-07, -0.00921544458799013
1.75317640625E-07, -0.00842382305733763
1.7531959375E-07, -0.00855137318401038
1.75321546875E-07, -0.00652740001311012
1.753235E-07, -0.00666774282947036
1.75325453125E-07, -0.00758033686382929
1.7532740625E-07, -0.00528164886278395
1.75329359375E-07, -0.00588773896432087
1.753313125E-07, -0.00532775394803922
1.75333265625E-07, -0.00484998189544723
1.7533521875E-07, -0.00464891459691419
1.75337171875E-07, -0.00395374598181018
1.75339125E-07, -0.00346184096709151
1.75341078125E-07, -0.00306253595738742
1.7534303125E-07, -0.00266847968271502
1.75344984375E-07, -0.00276157864312123
1.753469375E-07, -0.00279869073430264
1.75348890625E-07, -0.00210785671491877
1.7535084375E-07, -0.00141827207973197
1.75352796875E-07, -0.00193052774738511
1.7535475E-07, -0.00147869153917979
1.75356703125E-07, -0.000814075287769192
1.7535865625E-07, -0.000136706808359247
1.75360609375E-07, -0.000114858732485473
1.753625625E-07, 0.000364208458583333
1.75364515625E-07, -0.000456521677581997
1.7536646875E-07, 0.00016542646690451
1.75368421875E-07, 0.000468031235337602
1.75370375E-07, 0.00112068786784909
1.75372328125E-07, 0.00145784147462714
1.7537428125E-07, 0.00222468779011267
1.75376234375E-07, 0.00149248715214706
1.753781875E-07, 0.00196244766927239
1.75380140625E-07, 0.00169868539106272
1.7538209375E-07, 0.00214817547446144
1.75384046875E-07, 0.00312789509202361
1.75386E-07, 0.00145593690786343
1.75387953125E-07, 0.00318441779588301
1.7538990625E-07, 0.00319653074429732
1.75391859375E-07, 0.00281113827792257
1.753938125E-07, 0.00350754354519781
1.75395765625E-07, 0.002846627572761
1.7539771875E-07, 0.00332655603997379
1.75399671875E-07, 0.0028138607821637
1.75401625E-07, 0.00300561310780199
1.75403578125E-07, 0.00384377022107212
1.7540553125E-07, 0.00379969274021219
1.75407484375E-07, 0.00405209590638278
1.754094375E-07, 0.00378414179746354
1.75411390625E-07, 0.00465307790145739
1.7541334375E-07, 0.00530880171476059
1.75415296875E-07, 0.00543480625606981
1.7541725E-07, 0.00532240131572616
1.75419203125E-07, 0.0053264742962061
1.7542115625E-07, 0.00536066254404832
1.75423109375E-07, 0.00558887063895651
1.754250625E-07, 0.00542543106356202
1.75427015625E-07, 0.00609513658137106
1.7542896875E-07, 0.0072399228989238
1.75430921875E-07, 0.00667278114406864
1.75432875E-07, 0.00657613539913613
1.75434828125E-07, 0.00633762264937032
1.7543678125E-07, 0.00702327428161258
1.75438734375E-07, 0.00677631372314248
1.754406875E-07, 0.00709600478688862
1.75442640625E-07, 0.00730713896378097
1.7544459375E-07, 0.00760588255184
1.75446546875E-07, 0.00864746416524018
1.754485E-07, 0.00875617758404795
1.75450453125E-07, 0.00774029675357231
1.7545240625E-07, 0.0076012371281521
1.75454359375E-07, 0.0091927330182661
1.754563125E-07, 0.00978841935910025
1.75458265625E-07, 0.00956773398885962
1.7546021875E-07, 0.0100461158833557
1.75462171875E-07, 0.0100635118530271
1.75464125E-07, 0.0102409345967585
1.75466078125E-07, 0.0106458182269343
1.7546803125E-07, 0.0115367373935363
1.75469984375E-07, 0.0101756867660721
1.754719375E-07, 0.0100305453756262
1.75473890625E-07, 0.0113327148470406
1.7547584375E-07, 0.010943299196127
1.75477796875E-07, 0.0120816349331979
1.7547975E-07, 0.0116712193747617
1.75481703125E-07, 0.0118851021789749
1.7548365625E-07, 0.0125391032277716
1.75485609375E-07, 0.0128052014081624
1.754875625E-07, 0.0129818207530673
1.75489515625E-07, 0.0129368123883743
1.7549146875E-07, 0.0132491394044793
1.75493421875E-07, 0.0135401904788107
1.75495375E-07, 0.0133125309050018
1.75497328125E-07, 0.0136281853129229
1.7549928125E-07, 0.0138294814151354
1.75501234375E-07, 0.0142079998646329
1.755031875E-07, 0.0137747822825112
1.75505140625E-07, 0.0139886874189782
1.7550709375E-07, 0.014465360908376
1.75509046875E-07, 0.0148036198137498
1.75511E-07, 0.0144596932646711
1.75512953125E-07, 0.0141839192291947
1.7551490625E-07, 0.0150172469579007
1.75516859375E-07, 0.0146885302240541
1.755188125E-07, 0.0151410647030766
1.75520765625E-07, 0.0149685590888557
1.7552271875E-07, 0.0136966678780848
1.75524671875E-07, 0.0145207246131619
1.75526625E-07, 0.0151634163022598
1.75528578125E-07, 0.0145273020124911
1.7553053125E-07, 0.0149776424686829
1.75532484375E-07, 0.0148260388016063
1.755344375E-07, 0.0146631408792985
1.75536390625E-07, 0.014356270073669
1.7553834375E-07, 0.0136274008622875
1.75540296875E-07, 0.0138269323855211
1.7554225E-07, 0.0138155840756955
1.75544203125E-07, 0.0139913126448616
1.7554615625E-07, 0.0132822080505905
1.75548109375E-07, 0.0135718472850649
1.755500625E-07, 0.0131545995984722
1.75552015625E-07, 0.0131989882711045
1.7555396875E-07, 0.0130155726144191
1.75555921875E-07, 0.0131622239141357
1.75557875E-07, 0.0122903148647076
1.75559828125E-07, 0.0123174323973111
1.7556178125E-07, 0.0119284207218714
1.75563734375E-07, 0.0114746662076806
1.755656875E-07, 0.0112501636005532
1.75567640625E-07, 0.0110316544322079
1.7556959375E-07, 0.0114546855159559
1.75571546875E-07, 0.0107180421522095
1.755735E-07, 0.00909823307665761
1.75575453125E-07, 0.0102570405884852
1.7557740625E-07, 0.0101605930834837
1.75579359375E-07, 0.00912629825683707
1.755813125E-07, 0.00917675691744836
1.75583265625E-07, 0.00835549039251329
1.7558521875E-07, 0.00947230265945744
1.75587171875E-07, 0.0079647472048528
1.75589125E-07, 0.00834975065557345
1.75591078125E-07, 0.00800831781584327
1.7559303125E-07, 0.00726302086205538
1.75594984375E-07, 0.0072394733328607
1.755969375E-07, 0.00778738845309726
1.75598890625E-07, 0.00653534739299864
1.7560084375E-07, 0.00663837266227806
1.75602796875E-07, 0.0066933925975131
1.7560475E-07, 0.00626536229862696
1.75606703125E-07, 0.0058668674751336
1.7560865625E-07, 0.00598855022745468
1.75610609375E-07, 0.00613935110744236
1.756125625E-07, 0.00534771270644853
1.75614515625E-07, 0.00541589547368936
1.7561646875E-07, 0.0044090389240354
1.75618421875E-07, 0.00514157742009857
1.75620375E-07, 0.00490403110991844
1.75622328125E-07, 0.00423066505572407
1.7562428125E-07, 0.00474975620986845
1.75626234375E-07, 0.00494932074251386
1.756281875E-07, 0.00408310405663026
1.75630140625E-07, 0.00394316558598845
1.7563209375E-07, 0.00379976120711724
1.75634046875E-07, 0.00414482371231434
1.75636E-07, 0.00489616678871242
1.75637953125E-07, 0.00331655721294745
1.7563990625E-07, 0.00358762929584187
1.75641859375E-07, 0.00359976505800172
1.756438125E-07, 0.00415034766799745
1.75645765625E-07, 0.00351149853628659
1.7564771875E-07, 0.00353593479649411
1.75649671875E-07, 0.00396716812548337
1.75651625E-07, 0.00440968924875795
1.75653578125E-07, 0.00403504372808353
1.7565553125E-07, 0.00344500738697458
1.75657484375E-07, 0.00331842037410834
1.756594375E-07, 0.00421520459954794
1.75661390625E-07, 0.00413654306939048
1.7566334375E-07, 0.00434282211939233
1.75665296875E-07, 0.003783952954925
1.7566725E-07, 0.00373922224020314
1.75669203125E-07, 0.00382756331126956
1.7567115625E-07, 0.00458180787865716
1.75673109375E-07, 0.00480900954445437
1.756750625E-07, 0.00482248598954159
1.75677015625E-07, 0.00488878570026621
1.7567896875E-07, 0.00481370641058114
1.75680921875E-07, 0.00437382679667643
1.75682875E-07, 0.00496736921913762
1.75684828125E-07, 0.00507194502438043
1.7568678125E-07, 0.00489735151939406
1.75688734375E-07, 0.00508008393004333
1.756906875E-07, 0.00519423443843319
1.75692640625E-07, 0.00542190095945091
1.7569459375E-07, 0.0058450204817178
1.75696546875E-07, 0.00561116898408966
1.756985E-07, 0.00603512304039971
1.75700453125E-07, 0.00619215116901085
1.7570240625E-07, 0.00589796517696477
1.75704359375E-07, 0.00588685584257558
1.757063125E-07, 0.00620976357162981
1.75708265625E-07, 0.00671900806051773
1.7571021875E-07, 0.00645297389020112
1.75712171875E-07, 0.0066341337331397
1.75714125E-07, 0.00686715597890589
1.75716078125E-07, 0.0067538317602573
1.7571803125E-07, 0.00673035104822642
1.75719984375E-07, 0.00748856927744803
1.757219375E-07, 0.00733159230661959
1.75723890625E-07, 0.00737043476811591
1.7572584375E-07, 0.00749866664921754
1.75727796875E-07, 0.00722762346224983
1.7572975E-07, 0.00769229228700835
1.75731703125E-07, 0.00820595336119455
1.7573365625E-07, 0.00801147468837843
1.75735609375E-07, 0.00793022940835673
1.757375625E-07, 0.00833764808855741
1.75739515625E-07, 0.00783935765720589
1.7574146875E-07, 0.00841262189774697
1.75743421875E-07, 0.00834447269220927
1.75745375E-07, 0.00839908441682237
1.75747328125E-07, 0.00844806437327901
1.7574928125E-07, 0.00855492366339935
1.75751234375E-07, 0.00859062667720198
1.757531875E-07, 0.00919175649188952
1.75755140625E-07, 0.00859009689415264
1.7575709375E-07, 0.00942975218450514
1.75759046875E-07, 0.00907347539276879
1.75761E-07, 0.0090558612691731
1.75762953125E-07, 0.00963756415019233
1.7576490625E-07, 0.00957768272745879
1.75766859375E-07, 0.00936855384945065
1.757688125E-07, 0.00974989485596626
1.75770765625E-07, 0.00937319783610762
1.7577271875E-07, 0.00952981162834046
1.75774671875E-07, 0.010053965341315
1.75776625E-07, 0.00995349456108942
1.75778578125E-07, 0.010479755626661
1.7578053125E-07, 0.0101730025967976
1.75782484375E-07, 0.0100811840861725
1.757844375E-07, 0.0101878351021179
1.75786390625E-07, 0.0102523908362492
1.7578834375E-07, 0.0101058706172443
1.75790296875E-07, 0.0105034130529402
1.7579225E-07, 0.0107784356693301
1.75794203125E-07, 0.0105339321017875
1.7579615625E-07, 0.0104853298310872
1.75798109375E-07, 0.0108938773668691
1.758000625E-07, 0.0105594972762778
1.75802015625E-07, 0.0103685809368947
1.7580396875E-07, 0.0107442189534947
1.75805921875E-07, 0.0111255396392988
1.75807875E-07, 0.011355344959977
1.75809828125E-07, 0.0114470118286955
1.7581178125E-07, 0.0114772174471609
1.75813734375E-07, 0.0113112659955843
1.758156875E-07, 0.0112308341495876
1.75817640625E-07, 0.0116862157299008
1.7581959375E-07, 0.0113773715943909
1.75821546875E-07, 0.0117990724499729
1.758235E-07, 0.011792219998895
1.75825453125E-07, 0.0118538737893542
1.7582740625E-07, 0.012288696484342
1.75829359375E-07, 0.0120708649184602
1.758313125E-07, 0.011916704856753
1.75833265625E-07, 0.0122333380255157
1.7583521875E-07, 0.0121381658564106
1.75837171875E-07, 0.0124384000352824
1.75839125E-07, 0.0125206498558294
1.75841078125E-07, 0.0127427122350458
1.7584303125E-07, 0.012815093325284
1.75844984375E-07, 0.0128071049043844
1.758469375E-07, 0.0130670501384258
1.75848890625E-07, 0.0129131216209592
1.7585084375E-07, 0.0128829519332111
1.75852796875E-07, 0.0126060745954946
1.7585475E-07, 0.0133203913356714
1.75856703125E-07, 0.0130806377694947
1.7585865625E-07, 0.0130788093164739
1.75860609375E-07, 0.0131457977805664
1.758625625E-07, 0.0128094750022125
1.75864515625E-07, 0.0128413268668805
1.7586646875E-07, 0.013252542031223
1.75868421875E-07, 0.0132045676005832
1.75870375E-07, 0.0130346261778828
1.75872328125E-07, 0.0122018788010663
1.7587428125E-07, 0.0132254882756767
1.75876234375E-07, 0.0132255519351037
1.758781875E-07, 0.0132337259057973
1.75880140625E-07, 0.0133215382639522
1.7588209375E-07, 0.0132478797050695
1.75884046875E-07, 0.0130652486990223
1.75886E-07, 0.012820287158202
1.75887953125E-07, 0.0132638987816092
1.7588990625E-07, 0.0135356607064326
1.75891859375E-07, 0.0129798598305096
1.758938125E-07, 0.0126729812061948
1.75895765625E-07, 0.0129448704925711
1.7589771875E-07, 0.0129342543745019
1.75899671875E-07, 0.0133995531837171
1.75901625E-07, 0.0125806597234741
1.75903578125E-07, 0.0127971588773211
1.7590553125E-07, 0.0125591361886985
1.75907484375E-07, 0.0128289662601731
1.759094375E-07, 0.0126270850408591
1.75911390625E-07, 0.0109068294904608
1.7591334375E-07, 0.0123565103977766
1.75915296875E-07, 0.0112813348172953
1.7591725E-07, 0.0117970052427337
1.75919203125E-07, 0.0110676685909256
1.7592115625E-07, 0.0115113201125032
1.75923109375E-07, 0.0116029478167643
1.759250625E-07, 0.0116857287661193
1.75927015625E-07, 0.0112507923507838
1.7592896875E-07, 0.010175029028446
1.75930921875E-07, 0.0105904259464756
1.75932875E-07, 0.00918249106906904
1.75934828125E-07, 0.00963460741508627
1.7593678125E-07, 0.0101529117974308
1.75938734375E-07, 0.00770357020557195
1.759406875E-07, 0.0100207626785618
1.75942640625E-07, 0.00854472085036317
1.7594459375E-07, 0.00663823153845399
1.75946546875E-07, 0.00781654960815688
1.759485E-07, 0.00740806981434781
1.75950453125E-07, 0.00701869755435986
1.7595240625E-07, 0.00697595038573963
1.75954359375E-07, 0.00702671543127487
1.759563125E-07, 0.00621397158471228
1.75958265625E-07, 0.00601556739696025
1.7596021875E-07, 0.00620941507971041
1.75962171875E-07, 0.00397672300395926
1.75964125E-07, 0.00580137726402855
1.75966078125E-07, 0.00465167486005967
1.7596803125E-07, 0.00366499002559377
1.75969984375E-07, 0.003605416921644
1.759719375E-07, 0.00354270490696402
1.75973890625E-07, 0.00256277301524559
1.7597584375E-07, 0.0027044287175078
1.75977796875E-07, 0.00115674269116504
1.7597975E-07, 0.000375664398408538
1.75981703125E-07, -0.000120775889045713
1.7598365625E-07, -0.00124686864426062
1.75985609375E-07, 0.00106307772196584
1.759875625E-07, 2.47523316601223E-05
1.75989515625E-07, -0.00323310416178409
1.7599146875E-07, -0.00169408835483917
1.75993421875E-07, -0.00356351421736711
1.75995375E-07, -0.00345201156706353
1.75997328125E-07, -0.00195491951182148
1.7599928125E-07, -0.0038756154754843
1.76001234375E-07, -0.00195866986707419
1.760031875E-07, -0.00476862642591758
1.76005140625E-07, -0.00359464299454938
1.7600709375E-07, -0.00392838911821036
1.76009046875E-07, -0.00533687002140543
1.76011E-07, -0.00552181689536846
1.76012953125E-07, -0.00638602604358662
1.7601490625E-07, -0.00455133987558314
1.76016859375E-07, -0.00664976580496712
1.760188125E-07, -0.00795452849398287
1.76020765625E-07, -0.00687379758935984
1.7602271875E-07, -0.00897536756488597
1.76024671875E-07, -0.00855140565811914
1.76026625E-07, -0.00945913688739283
1.76028578125E-07, -0.0100279174277447
1.7603053125E-07, -0.00945092238225694
1.76032484375E-07, -0.00995237781653353
1.760344375E-07, -0.0110698699449387
1.76036390625E-07, -0.0113520518385279
1.7603834375E-07, -0.011675669535267
1.76040296875E-07, -0.0117438010839843
1.7604225E-07, -0.0127656989624205
1.76044203125E-07, -0.0127282211902408
1.7604615625E-07, -0.0119181819765538
1.76048109375E-07, -0.0126149301974135
1.760500625E-07, -0.0122615615059466
1.76052015625E-07, -0.0126833761213949
1.7605396875E-07, -0.0141894012720911
1.76055921875E-07, -0.0137485385484324
1.76057875E-07, -0.01476686703249
1.76059828125E-07, -0.0141788564659593
1.7606178125E-07, -0.0153996749338745
1.76063734375E-07, -0.015331022805174
1.760656875E-07, -0.0155728219120626
1.76067640625E-07, -0.014936779453798
1.7606959375E-07, -0.0159736026293314
1.76071546875E-07, -0.0163289283835234
1.760735E-07, -0.0153683219661393
1.76075453125E-07, -0.0156026875210906
1.7607740625E-07, -0.0142086203696372
1.76079359375E-07, -0.0149336380668375
1.760813125E-07, -0.0162916228463381
1.76083265625E-07, -0.0156315650257231
1.7608521875E-07, -0.0159791584281251
1.76087171875E-07, -0.0158115868955109
1.76089125E-07, -0.015571772338192
1.76091078125E-07, -0.0149771936722272
1.7609303125E-07, -0.0159371877901673
1.76094984375E-07, -0.0155409049015723
1.760969375E-07, -0.0147284886615782
1.76098890625E-07, -0.0153022603901702
1.7610084375E-07, -0.0150375926995545
1.76102796875E-07, -0.013496591126288
1.7610475E-07, -0.0149601621813137
1.76106703125E-07, -0.0142508876906128
1.7610865625E-07, -0.0143274879074709
1.76110609375E-07, -0.0134629626292865
1.761125625E-07, -0.0138094648392573
1.76114515625E-07, -0.0127342750982612
1.7611646875E-07, -0.013085332326491
1.76118421875E-07, -0.012395672545379
1.76120375E-07, -0.0137372072972345
1.76122328125E-07, -0.0110767889022123
1.7612428125E-07, -0.0111210645493393
1.76126234375E-07, -0.0119845188869847
1.761281875E-07, -0.01074247339235
1.76130140625E-07, -0.0104451208082534
1.7613209375E-07, -0.0111395942118988
1.76134046875E-07, -0.0104173887432625
1.76136E-07, -0.010397389744037
1.76137953125E-07, -0.00981538933272574
1.7613990625E-07, -0.00951871672558313
1.76141859375E-07, -0.00923663604611535
1.761438125E-07, -0.00898995807099295
1.76145765625E-07, -0.00864724592679121
1.7614771875E-07, -0.00842531933547323
1.76149671875E-07, -0.00765490110621578
1.76151625E-07, -0.00802806636558374
1.76153578125E-07, -0.00750104160775521
1.7615553125E-07, -0.00785468550900019
1.76157484375E-07, -0.00712409753565105
1.761594375E-07, -0.00730252130036695
1.76161390625E-07, -0.00670006442194311
1.7616334375E-07, -0.00631580161974968
1.76165296875E-07, -0.0063135818895997
1.7616725E-07, -0.00627780421117952
1.76169203125E-07, -0.00616450185241151
1.7617115625E-07, -0.00678012542225833
1.76173109375E-07, -0.00538904627019587
1.761750625E-07, -0.00591294171414972
1.76177015625E-07, -0.00533552273344807
1.7617896875E-07, -0.00590611804688016
1.76180921875E-07, -0.00568681562942457
1.76182875E-07, -0.00511278447537847
1.76184828125E-07, -0.00535036604239932
1.7618678125E-07, -0.00534414278225643
1.76188734375E-07, -0.00600169861489501
1.761906875E-07, -0.00474473961783891
1.76192640625E-07, -0.00563730148383628
1.7619459375E-07, -0.00539802505695401
1.76196546875E-07, -0.00543366007276014
1.761985E-07, -0.00522980971105061
1.76200453125E-07, -0.00524817076116855
1.7620240625E-07, -0.00544372327439677
1.76204359375E-07, -0.00549399520075658
1.762063125E-07, -0.00650880976082927
1.76208265625E-07, -0.00628071482437516
1.7621021875E-07, -0.00623777543567037
1.76212171875E-07, -0.0061847800593995
1.76214125E-07, -0.00646303233438873
1.76216078125E-07, -0.00636024219350096
1.7621803125E-07, -0.00654673905189708
1.76219984375E-07, -0.00658469258296388
1.762219375E-07, -0.00700806573468947
1.76223890625E-07, -0.00720112912547316
1.7622584375E-07, -0.0071367479458629
1.76227796875E-07, -0.00795019069078142
1.7622975E-07, -0.00762126107692613
1.76231703125E-07, -0.00758338182296215
1.7623365625E-07, -0.00829587818926886
1.76235609375E-07, -0.00774593739087206
1.762375625E-07, -0.00815540361683386
1.76239515625E-07, -0.00826781342770009
1.7624146875E-07, -0.0083431889883684
1.76243421875E-07, -0.00892694805546656
1.76245375E-07, -0.00874479554198054
1.76247328125E-07, -0.00906593556118417
1.7624928125E-07, -0.00902501085141908
1.76251234375E-07, -0.00930678747399534
1.762531875E-07, -0.00973551744895021
1.76255140625E-07, -0.0097346505114791
1.7625709375E-07, -0.0101216069715119
1.76259046875E-07, -0.0096245151473205
1.76261E-07, -0.0101128625502773
1.76262953125E-07, -0.0101718023380937
1.7626490625E-07, -0.0100519377976195
1.76266859375E-07, -0.010201238421118
1.762688125E-07, -0.0102844970030197
1.76270765625E-07, -0.0102786180047247
1.7627271875E-07, -0.0105792980920808
1.76274671875E-07, -0.0108494675283919
1.76276625E-07, -0.0104781334431055
1.76278578125E-07, -0.0101347386455956
1.7628053125E-07, -0.010643261868682
1.76282484375E-07, -0.0106521983767948
1.762844375E-07, -0.010229878696242
1.76286390625E-07, -0.0102905294434136
1.7628834375E-07, -0.0102654772578325
1.76290296875E-07, -0.0101343320592605
1.7629225E-07, -0.0104088551249619
1.76294203125E-07, -0.0104607339506893
1.7629615625E-07, -0.0104708813018909
1.76298109375E-07, -0.00963674703654247
1.763000625E-07, -0.0102308950985214
1.76302015625E-07, -0.0102376945288137
1.7630396875E-07, -0.0101900652844079
1.76305921875E-07, -0.00945300163925776
1.76307875E-07, -0.0094988837092692
1.76309828125E-07, -0.00985516085072186
1.7631178125E-07, -0.00946340042281368
1.76313734375E-07, -0.00896839065832354
1.763156875E-07, -0.00955939992372193
1.76317640625E-07, -0.00849535658133175
1.7631959375E-07, -0.00882327221623632
1.76321546875E-07, -0.00894504283985605
1.763235E-07, -0.00884401808285197
1.76325453125E-07, -0.00850564584679981
1.7632740625E-07, -0.00855545910322739
1.76329359375E-07, -0.00783043936313883
1.763313125E-07, -0.00838674901862983
1.76333265625E-07, -0.00821278360083054
1.7633521875E-07, -0.00778331972037205
1.76337171875E-07, -0.00770839675647707
1.76339125E-07, -0.00802280744757605
1.76341078125E-07, -0.00788186384143572
1.7634303125E-07, -0.00684747774115128
1.76344984375E-07, -0.00703777557833295
1.763469375E-07, -0.00687982478317497
1.76348890625E-07, -0.00659134644297695
1.7635084375E-07, -0.00702374687920113
1.76352796875E-07, -0.00633716057792588
1.7635475E-07, -0.00601828324567997
1.76356703125E-07, -0.00697630100449673
1.7635865625E-07, -0.00558591578697655
1.76360609375E-07, -0.00595767145933333
1.763625625E-07, -0.00601110328265898
1.76364515625E-07, -0.00643516584498329
1.7636646875E-07, -0.00560790807556772
1.76368421875E-07, -0.00627461616249809
1.76370375E-07, -0.00564245527644611
1.76372328125E-07, -0.00564742546039777
1.7637428125E-07, -0.00513328100002887
1.76376234375E-07, -0.00508323731100158
1.763781875E-07, -0.00518336120030285
1.76380140625E-07, -0.00527006356733781
1.7638209375E-07, -0.00506619844986517
1.76384046875E-07, -0.00505960376093769
1.76386E-07, -0.00485135257654039
1.76387953125E-07, -0.00469145628529859
1.7638990625E-07, -0.00484203030920642
1.76391859375E-07, -0.00496848289950435
1.763938125E-07, -0.00464055788169703
1.76395765625E-07, -0.00449540756395115
1.7639771875E-07, -0.00513722883351126
1.76399671875E-07, -0.00453882960039591
1.76401625E-07, -0.00504438053997245
1.76403578125E-07, -0.00454962226703644
1.7640553125E-07, -0.00476486632562751
1.76407484375E-07, -0.00470245765764465
1.764094375E-07, -0.00443478866060441
1.76411390625E-07, -0.0047050244483318
1.7641334375E-07, -0.00456992614759055
1.76415296875E-07, -0.00435780808779351
1.7641725E-07, -0.00463449827467284
1.76419203125E-07, -0.0050605564866495
1.7642115625E-07, -0.00503998198865142
1.76423109375E-07, -0.00418273133082578
1.764250625E-07, -0.00533790885895499
1.76427015625E-07, -0.00430966125989016
1.7642896875E-07, -0.00464633268973394
1.76430921875E-07, -0.00421462255643805
1.76432875E-07, -0.00499370299029203
1.76434828125E-07, -0.00456052065585644
1.7643678125E-07, -0.0047563661579581
1.76438734375E-07, -0.00398248932073387
1.764406875E-07, -0.00501300790730767
1.76442640625E-07, -0.00485409695657246
1.7644459375E-07, -0.0050123584282344
1.76446546875E-07, -0.00459929174575354
1.764485E-07, -0.00480759191681469
1.76450453125E-07, -0.00454109853204574
1.7645240625E-07, -0.00521519623391532
1.76454359375E-07, -0.00446935592023706
1.764563125E-07, -0.00468480919302848
1.76458265625E-07, -0.00532984697304635
1.7646021875E-07, -0.00435268121172197
1.76462171875E-07, -0.00457234063624719
1.76464125E-07, -0.00472154096362334
1.76466078125E-07, -0.00464571142095539
1.7646803125E-07, -0.00506982121268503
1.76469984375E-07, -0.00447258514179273
1.764719375E-07, -0.00532294475234644
1.76473890625E-07, -0.0047614467211832
1.7647584375E-07, -0.00470327315975805
1.76477796875E-07, -0.00447531974199194
1.7647975E-07, -0.00426997359901185
1.76481703125E-07, -0.0046762785267145
1.7648365625E-07, -0.00424415610095398
1.76485609375E-07, -0.00470888379083009
1.764875625E-07, -0.00398937286023909
1.76489515625E-07, -0.00422126509113809
1.7649146875E-07, -0.00385523232316996
1.76493421875E-07, -0.00427942892901742
1.76495375E-07, -0.00385501479777256
1.76497328125E-07, -0.00398123057382921
1.7649928125E-07, -0.00321357208800602
1.76501234375E-07, -0.00371703060338136
1.765031875E-07, -0.00395775573969689
1.76505140625E-07, -0.00382673960604425
1.7650709375E-07, -0.00432499445097807
1.76509046875E-07, -0.00381915647799565
1.76511E-07, -0.0037827471925608
1.76512953125E-07, -0.00377429083237102
1.7651490625E-07, -0.00324063835308961
1.76516859375E-07, -0.00370603914335932
1.765188125E-07, -0.00376613823378964
1.76520765625E-07, -0.0035775876004885
1.7652271875E-07, -0.00337971500288685
1.76524671875E-07, -0.00330348053845196
1.76526625E-07, -0.00360729367492682
1.76528578125E-07, -0.00336429985989468
1.7653053125E-07, -0.00333280818106831
1.76532484375E-07, -0.00336442853764134
1.765344375E-07, -0.00322721243146186
1.76536390625E-07, -0.003399041424002
1.7653834375E-07, -0.00337553371667157
1.76540296875E-07, -0.00306111748138998
1.7654225E-07, -0.00319319110378292
1.76544203125E-07, -0.0033180842812773
1.7654615625E-07, -0.00328470059041817
1.76548109375E-07, -0.00283572338770622
1.765500625E-07, -0.00311598539665672
1.76552015625E-07, -0.003116179040525
1.7655396875E-07, -0.00304041911830245
1.76555921875E-07, -0.00319163757174681
1.76557875E-07, -0.00322236433759868
1.76559828125E-07, -0.00334889502188574
1.7656178125E-07, -0.00336495041260688
1.76563734375E-07, -0.00256870265837613
1.765656875E-07, -0.0029604174212212
1.76567640625E-07, -0.00319526096855454
1.7656959375E-07, -0.00291407932149639
1.76571546875E-07, -0.0031772420702438
1.765735E-07, -0.00331330670921379
1.76575453125E-07, -0.00312459339919357
1.7657740625E-07, -0.00309907502648256
1.76579359375E-07, -0.00281813521186159
1.765813125E-07, -0.00335387439611359
1.76583265625E-07, -0.00318793255302396
1.7658521875E-07, -0.0031077263806525
1.76587171875E-07, -0.00314796348001827
1.76589125E-07, -0.00326825136684877
1.76591078125E-07, -0.00269084106701693
1.7659303125E-07, -0.00308920622675443
1.76594984375E-07, -0.0033958279126685
1.765969375E-07, -0.00287641015859222
1.76598890625E-07, -0.0027266438271844
1.7660084375E-07, -0.00287771846900729
1.76602796875E-07, -0.00303850186465349
1.7660475E-07, -0.00296044430944409
1.76606703125E-07, -0.0030211058333741
1.7660865625E-07, -0.00320327981280449
1.76610609375E-07, -0.00327188469824599
1.766125625E-07, -0.00250831063515247
1.76614515625E-07, -0.00280436718550228
1.7661646875E-07, -0.00285746336819416
1.76618421875E-07, -0.002915015066021
1.76620375E-07, -0.002778853042805
1.76622328125E-07, -0.00282201979203594
1.7662428125E-07, -0.0028338951524612
1.76626234375E-07, -0.00274253259846005
1.766281875E-07, -0.0027341938275421
1.76630140625E-07, -0.00315659766027376
1.7663209375E-07, -0.00276072446314506
1.76634046875E-07, -0.00262187397173521
1.76636E-07, -0.00229381415089712
1.76637953125E-07, -0.0026515033470428
1.7663990625E-07, -0.00245785397683166
1.76641859375E-07, -0.00253430063673043
1.766438125E-07, -0.00257681539864328
1.76645765625E-07, -0.00232086442005111
1.7664771875E-07, -0.00261604138627554
1.76649671875E-07, -0.00250922104040388
1.76651625E-07, -0.00256881043991834
1.76653578125E-07, -0.00247195971429933
1.7665553125E-07, -0.00257315907482808
1.76657484375E-07, -0.00240288213211848
1.766594375E-07, -0.00239044065234036
1.76661390625E-07, -0.00219095554900809
1.7666334375E-07, -0.00252890983291503
1.76665296875E-07, -0.0023453957214148
1.7666725E-07, -0.00273417149798686
1.76669203125E-07, -0.00236403936628478
1.7667115625E-07, -0.0023092857804038
1.76673109375E-07, -0.00215891698608306
1.766750625E-07, -0.00174146531075466
1.76677015625E-07, -0.00250791204867422
1.7667896875E-07, -0.00229894450299828
1.76680921875E-07, -0.00201496176199691
1.76682875E-07, -0.00191599344901649
1.76684828125E-07, -0.00213594393068322
1.7668678125E-07, -0.00243803422600961
1.76688734375E-07, -0.00280848498098858
1.766906875E-07, -0.00194826965897776
1.76692640625E-07, -0.00196593184750869
1.7669459375E-07, -0.00243633771665442
1.76696546875E-07, -0.00299074596916399
1.766985E-07, -0.00229530323359526
1.76700453125E-07, -0.00213767860687633
1.7670240625E-07, -0.00205503535603059
1.76704359375E-07, -0.00203548121629997
1.767063125E-07, -0.00201023614453446
1.76708265625E-07, -0.00266698471937483
1.7671021875E-07, -0.00192558078221593
1.76712171875E-07, -0.00256115961998939
1.76714125E-07, -0.00209554726091257
1.76716078125E-07, -0.00162421201150433
1.7671803125E-07, -0.00272462855319998
1.76719984375E-07, -0.00286403937834679
1.767219375E-07, -0.00207105917692639
1.76723890625E-07, -0.0019988436067469
1.7672584375E-07, -0.00237992320350524
1.76727796875E-07, -0.00201980578573613
1.7672975E-07, -0.00209739268601454
1.76731703125E-07, -0.00248583881597857
1.7673365625E-07, -0.00215936597547884
1.76735609375E-07, -0.00285079180680416
1.767375625E-07, -0.00259235740042902
1.76739515625E-07, -0.00208186464675697
1.7674146875E-07, -0.00199718750480612
1.76743421875E-07, -0.00209428093413208
1.76745375E-07, -0.00259673760275544
1.76747328125E-07, -0.00191242675026225
1.7674928125E-07, -0.00232879910633849
1.76751234375E-07, -0.00224974658549265
1.767531875E-07, -0.00179576210014252
1.76755140625E-07, -0.00116872583059658
1.7675709375E-07, -0.00222555279416639
1.76759046875E-07, -0.00174814117485439
1.76761E-07, -0.00117679289358928
1.76762953125E-07, -0.000494178700772823
1.7676490625E-07, -0.000992061130111635
1.76766859375E-07, -0.00029201028929719
1.767688125E-07, -0.000691084444461742
1.76770765625E-07, -0.00115156728083387
1.7677271875E-07, 0.000194038901572421
1.76774671875E-07, -8.84546798901922E-05
1.76776625E-07, 0.000203361411465146
1.76778578125E-07, 0.000658328410028989
1.7678053125E-07, 0.000465648795187066
1.76782484375E-07, 0.000723239586603814
1.767844375E-07, 0.00151504163188969
1.76786390625E-07, 0.00159309984341365
1.7678834375E-07, 0.00154008243821149
1.76790296875E-07, 0.00233358053187999
1.7679225E-07, 0.00220259041114018
1.76794203125E-07, 0.00229750431306334
1.7679615625E-07, 0.00213688051138018
1.76798109375E-07, 0.00307725447611199
1.768000625E-07, 0.00339387546206205
1.76802015625E-07, 0.00372655436342933
1.7680396875E-07, 0.00408173039047456
1.76805921875E-07, 0.00345601641517489
1.76807875E-07, 0.00484113648516439
1.76809828125E-07, 0.0042526928597075
1.7681178125E-07, 0.00403086107346051
1.76813734375E-07, 0.00512835685544563
1.768156875E-07, 0.00501076037367073
1.76817640625E-07, 0.00552875736968459
1.7681959375E-07, 0.00628254690683344
1.76821546875E-07, 0.00562325368317248
1.768235E-07, 0.00599050538496621
1.76825453125E-07, 0.00606886717502491
1.7682740625E-07, 0.00591647649903797
1.76829359375E-07, 0.00655573457641574
1.768313125E-07, 0.00636299959726049
1.76833265625E-07, 0.00578239722476574
1.7683521875E-07, 0.00671769972216058
1.76837171875E-07, 0.00639692882555236
1.76839125E-07, 0.00681439584907866
1.76841078125E-07, 0.00623804644197102
1.7684303125E-07, 0.00629889220728312
1.76844984375E-07, 0.00568075084255657
1.768469375E-07, 0.00673493830905257
1.76848890625E-07, 0.00705944470292649
1.7685084375E-07, 0.00600131320731649
1.76852796875E-07, 0.0055608019388751
1.7685475E-07, 0.00624711806774222
1.76856703125E-07, 0.00547032371106483
1.7685865625E-07, 0.00588183544906729
1.76860609375E-07, 0.00536720595401534
1.768625625E-07, 0.00532859020949822
1.76864515625E-07, 0.00482915532603605
1.7686646875E-07, 0.00495899340152176
1.76868421875E-07, 0.00430722344416021
1.76870375E-07, 0.0044498085202316
1.76872328125E-07, 0.00454420275537337
1.7687428125E-07, 0.00371396931583088
1.76876234375E-07, 0.00398003263230302
1.768781875E-07, 0.00360343809658067
1.76880140625E-07, 0.00259638529249632
1.7688209375E-07, 0.00280774207844722
1.76884046875E-07, 0.00246853516002358
1.76886E-07, 0.00270817313406842
1.76887953125E-07, 0.00241402458757264
1.7688990625E-07, 0.00116371901751777
1.76891859375E-07, 0.00178817170301019
1.768938125E-07, 0.00122211492573294
1.76895765625E-07, 0.000991865004653049
1.7689771875E-07, 0.0009219853899477
1.76899671875E-07, 0.000394078660552057
1.76901625E-07, 0.000479915342797823
1.76903578125E-07, 6.94750360711463E-05
1.7690553125E-07, -4.22775901898735E-05
1.76907484375E-07, -0.000413908314430969
1.769094375E-07, -0.000593539199414833
1.76911390625E-07, -0.000181756279861797
1.7691334375E-07, -0.000920879998397228
1.76915296875E-07, -0.000900242781031748
1.7691725E-07, -0.000909059481704018
1.76919203125E-07, -0.00121744423367654
1.7692115625E-07, -0.00121365962912821
1.76923109375E-07, -0.00111928065297091
1.769250625E-07, -0.00131328539347176
1.76927015625E-07, -0.000843583418843245
1.7692896875E-07, -0.00101975357005638
1.76930921875E-07, -0.000872251538002998
1.76932875E-07, -0.00077071737293902
1.76934828125E-07, -0.00153212745753905
1.7693678125E-07, -0.00176341049136472
1.76938734375E-07, -0.00119845306605301
1.769406875E-07, -0.000788438183876873
1.76942640625E-07, -0.00171051660688921
1.7694459375E-07, -0.00104562577257375
1.76946546875E-07, -0.000713991117000689
1.769485E-07, -0.00135297063772061
1.76950453125E-07, -0.000641223652261108
1.7695240625E-07, -0.000932326274355457
1.76954359375E-07, -0.000378074381052315
1.769563125E-07, -0.000770023004128733
1.76958265625E-07, 5.43516876235913E-05
1.7696021875E-07, -0.0001968142601536
1.76962171875E-07, -0.000704994042419924
1.76964125E-07, 6.93754052419411E-05
1.76966078125E-07, -0.000185302643057081
1.7696803125E-07, 0.000411789303249256
1.76969984375E-07, 0.000924490742876452
1.769719375E-07, 0.000412030472581274
1.76973890625E-07, 0.000694437342003504
1.7697584375E-07, -1.39858102428215E-05
1.76977796875E-07, 0.000571170353496459
1.7697975E-07, 0.000496953555203275
1.76981703125E-07, 0.00105669259616356
1.7698365625E-07, 0.00115911800786542
1.76985609375E-07, 0.000367853465555959
1.769875625E-07, 0.00142460784951875
1.76989515625E-07, 0.000863821482879612
1.7699146875E-07, 0.000884093674183974
1.76993421875E-07, 0.00115960179479177
1.76995375E-07, 0.00172907616109037
1.76997328125E-07, 0.000802499125022968
1.7699928125E-07, 0.00120518612230525
1.77001234375E-07, 0.000880578006340268
1.770031875E-07, 0.00132240689177997
1.77005140625E-07, 0.00133851812811115
1.7700709375E-07, 0.00158792294409215
1.77009046875E-07, 0.00124195528041326
1.77011E-07, 0.0016048421435598
1.77012953125E-07, 0.00145672839391351
1.7701490625E-07, 0.00135330538027223
1.77016859375E-07, 0.000949767230926953
1.770188125E-07, 0.00149539634985419
1.77020765625E-07, 0.00169008085309099
1.7702271875E-07, 0.0013184646167216
1.77024671875E-07, 0.0010067438732418
1.77026625E-07, 0.00153623081104619
1.77028578125E-07, 0.00127351496441346
1.7703053125E-07, 0.000945952566334118
1.77032484375E-07, 0.00118619707196626
1.770344375E-07, 0.00124884072585335
1.77036390625E-07, 0.000806906067769353
1.7703834375E-07, 0.00125210094109647
1.77040296875E-07, 0.00121565634895273
1.7704225E-07, 0.000839424071223144
1.77044203125E-07, 0.000637198431663908
1.7704615625E-07, 0.00111523953778271
1.77048109375E-07, 0.000705779927817329
1.770500625E-07, 0.00101524404116196
1.77052015625E-07, 0.000761303602942988
1.7705396875E-07, 0.000542516635256236
1.77055921875E-07, 0.000936017177203645
1.77057875E-07, 0.000787064621336614
1.77059828125E-07, 0.000871379929757545
1.7706178125E-07, 0.00083734769180776
1.77063734375E-07, 0.00105420226474658
1.770656875E-07, 0.00116771721128739
1.77067640625E-07, 0.00110446354209898
1.7706959375E-07, 0.00110418051864409
1.77071546875E-07, 0.00105443446284839
1.770735E-07, 0.0011935332378711
1.77075453125E-07, 0.00125874406965232
1.7707740625E-07, 0.00147313401158021
1.77079359375E-07, 0.00181039737776333
1.770813125E-07, 0.00153017625344024
1.77083265625E-07, 0.00200616499802781
1.7708521875E-07, 0.00211405605848339
1.77087171875E-07, 0.00188150033293924
1.77089125E-07, 0.00234387077689466
1.77091078125E-07, 0.00196633679657631
1.7709303125E-07, 0.00275089548491399
1.77094984375E-07, 0.00246044316760565
1.770969375E-07, 0.00266542619527731
1.77098890625E-07, 0.00251457693003044
1.7710084375E-07, 0.00324950267280525
1.77102796875E-07, 0.00365783197726476
1.7710475E-07, 0.00333023790037817
1.77106703125E-07, 0.00285213279036586
1.7710865625E-07, 0.00363709510431146
1.77110609375E-07, 0.00377486904284222
1.771125625E-07, 0.00350052940715041
1.77114515625E-07, 0.00322221346990711
1.7711646875E-07, 0.00364336492412955
1.77118421875E-07, 0.00419324818144804
1.77120375E-07, 0.00446221843606271
1.77122328125E-07, 0.00411541896236162
1.7712428125E-07, 0.00479631867762484
1.77126234375E-07, 0.00442644696124191
1.771281875E-07, 0.00461067735186122
1.77130140625E-07, 0.00513062876904217
1.7713209375E-07, 0.00442562074208506
1.77134046875E-07, 0.00465320278771099
1.77136E-07, 0.0045528088043572
1.77137953125E-07, 0.00525314688456636
1.7713990625E-07, 0.00527673488701845
1.77141859375E-07, 0.00528545789982575
1.771438125E-07, 0.00566129218224787
1.77145765625E-07, 0.00582650135473529
1.7714771875E-07, 0.00557454938041236
1.77149671875E-07, 0.00601074304439202
1.77151625E-07, 0.0056762423866133
1.77153578125E-07, 0.00597226600119428
1.7715553125E-07, 0.00619339633270426
1.77157484375E-07, 0.00608354165487441
1.771594375E-07, 0.00637297301100711
1.77161390625E-07, 0.00613243826626134
1.7716334375E-07, 0.00667872673506732
1.77165296875E-07, 0.00655103763138379
1.7716725E-07, 0.00633118624930227
1.77169203125E-07, 0.00657779575637356
1.7717115625E-07, 0.00654817924323548
1.77173109375E-07, 0.00590008183434176
1.771750625E-07, 0.00710116308458619
1.77177015625E-07, 0.00665826514570248
1.7717896875E-07, 0.00642069994045521
1.77180921875E-07, 0.00609912292334733
1.77182875E-07, 0.00675476452040939
1.77184828125E-07, 0.0066444443313476
1.7718678125E-07, 0.00601192129987671
1.77188734375E-07, 0.00655780315711467
1.771906875E-07, 0.00655710142605633
1.77192640625E-07, 0.00649758039777617
1.7719459375E-07, 0.00591927765744112
1.77196546875E-07, 0.00633390082724137
1.771985E-07, 0.00661400578193605
1.77200453125E-07, 0.00691176115063411
1.7720240625E-07, 0.00642004776680424
1.77204359375E-07, 0.00654260680941786
1.772063125E-07, 0.00651961010148042
1.77208265625E-07, 0.00687246989583261
1.7721021875E-07, 0.00572236221843098
1.77212171875E-07, 0.00568082047181311
1.77214125E-07, 0.00627843783738003
1.77216078125E-07, 0.00651128974129462
1.7721803125E-07, 0.00578891651476883
1.77219984375E-07, 0.00602030497779902
1.772219375E-07, 0.00572066954738399
1.77223890625E-07, 0.00503680719165611
1.7722584375E-07, 0.00569323093097186
1.77227796875E-07, 0.00533870305673695
1.7722975E-07, 0.00597411233265568
1.77231703125E-07, 0.00595183958742303
1.7723365625E-07, 0.00498257560439848
1.77235609375E-07, 0.00452357827007249
1.772375625E-07, 0.00502050969948957
1.77239515625E-07, 0.00497088087799587
1.7724146875E-07, 0.00498913037738895
1.77243421875E-07, 0.0047354595825725
1.77245375E-07, 0.00512421974698792
1.77247328125E-07, 0.00489276152537545
1.7724928125E-07, 0.00502986922719332
1.77251234375E-07, 0.00488768086778992
1.772531875E-07, 0.0047671988912776
1.77255140625E-07, 0.00387079071017813
1.7725709375E-07, 0.00446090969945253
1.77259046875E-07, 0.00428426289949099
1.77261E-07, 0.00436500338318206
1.77262953125E-07, 0.00344264238092005
1.7726490625E-07, 0.00418123027878209
1.77266859375E-07, 0.00378019818831192
1.772688125E-07, 0.00400099100988369
1.77270765625E-07, 0.00400375266408587
1.7727271875E-07, 0.00388227058327624
1.77274671875E-07, 0.00384668693026984
1.77276625E-07, 0.00401731323481731
1.77278578125E-07, 0.00339308276555542
1.7728053125E-07, 0.00341197409907055
1.77282484375E-07, 0.00307565351439755
1.772844375E-07, 0.0035998013961735
1.77286390625E-07, 0.00313571028977929
1.7728834375E-07, 0.00287443720895664
1.77290296875E-07, 0.00317102216721147
1.7729225E-07, 0.00273335456487259
1.77294203125E-07, 0.00277918497687915
1.7729615625E-07, 0.00305537923819677
1.77298109375E-07, 0.00292999764227924
1.773000625E-07, 0.00253142971590153
1.77302015625E-07, 0.00294986837047315
1.7730396875E-07, 0.00234473638073183
1.77305921875E-07, 0.0022382610616263
1.77307875E-07, 0.00260184977064865
1.77309828125E-07, 0.00224759280868268
1.7731178125E-07, 0.00254769590142673
1.77313734375E-07, 0.00229708878029858
1.773156875E-07, 0.00211181339531076
1.77317640625E-07, 0.00210043022139218
1.7731959375E-07, 0.00189430876927617
1.77321546875E-07, 0.00221522161089801
1.773235E-07, 0.00180789774348356
1.77325453125E-07, 0.00150799611740317
1.7732740625E-07, 0.00159367577129186
1.77329359375E-07, 0.00158195578438418
1.773313125E-07, 0.00159989394836794
1.77333265625E-07, 0.00134777734922245
1.7733521875E-07, 0.000864381298569882
1.77337171875E-07, 0.00148857303473019
1.77339125E-07, 0.00107841269078883
1.77341078125E-07, 0.0012650891033316
1.7734303125E-07, 0.000997139895882785
1.77344984375E-07, 0.00104214648072761
1.773469375E-07, 0.00108963730685016
1.77348890625E-07, 0.000958646039873446
1.7735084375E-07, 0.000854295978467008
1.77352796875E-07, 0.00114289906178111
1.7735475E-07, 0.00109165160472551
1.77356703125E-07, 0.000601959701166612
1.7735865625E-07, 0.00106633940588449
1.77360609375E-07, 0.000552774479445298
1.773625625E-07, 0.000703140738027444
1.77364515625E-07, 0.000647200150028391
1.7736646875E-07, 0.000692845697740953
1.77368421875E-07, 0.000606807125727016
1.77370375E-07, 0.000600747926940935
1.77372328125E-07, 0.000562445798930893
1.7737428125E-07, 0.000673716740546822
1.77376234375E-07, 0.000742801847605776
1.773781875E-07, 0.000364466665696444
1.77380140625E-07, 0.000422708227650502
1.7738209375E-07, 0.000291280624497539
1.77384046875E-07, 0.000219292524418927
1.77386E-07, 0.000309437450281317
1.77387953125E-07, 0.000249534479492263
1.7738990625E-07, -4.41313095555895E-05
1.77391859375E-07, 2.44134207793897E-05
1.773938125E-07, -0.000341568482915602
1.77395765625E-07, -0.000201852578408051
1.7739771875E-07, -0.000185510574867905
1.77399671875E-07, -0.000368915145767761
1.77401625E-07, 4.11023027739043E-06
1.77403578125E-07, -0.000609224414315159
1.7740553125E-07, -0.000630829972472867
1.77407484375E-07, -0.000606952372839267
1.774094375E-07, -0.00033356949936599
1.77411390625E-07, -0.000657904604788406
1.7741334375E-07, -0.000619525027825985
1.77415296875E-07, -0.00116032522522258
1.7741725E-07, -0.000893935642202339
1.77419203125E-07, -0.00113437275629509
1.7742115625E-07, -0.00110178062964279
1.77423109375E-07, -0.00144300932295342
1.774250625E-07, -0.00139859515830869
1.77427015625E-07, -0.00155120000568484
1.7742896875E-07, -0.00130565444811456
1.77430921875E-07, -0.00138763171295219
1.77432875E-07, -0.00166991903813513
1.77434828125E-07, -0.00190614806539328
1.7743678125E-07, -0.00199360617580827
1.77438734375E-07, -0.00195382935592088
1.774406875E-07, -0.00226966864761435
1.77442640625E-07, -0.00219919656933972
1.7744459375E-07, -0.00211060035500712
1.77446546875E-07, -0.00241061898907798
1.774485E-07, -0.00254006434342592
1.77450453125E-07, -0.00302706559934787
1.7745240625E-07, -0.00293266163132548
1.77454359375E-07, -0.00284405740920231
1.774563125E-07, -0.00261106146949702
1.77458265625E-07, -0.0031969231393659
1.7746021875E-07, -0.00334148163189334
1.77462171875E-07, -0.00319978264329331
1.77464125E-07, -0.00306387371514062
1.77466078125E-07, -0.00353279893616871
1.7746803125E-07, -0.00337287963276259
1.77469984375E-07, -0.00366887205819699
1.774719375E-07, -0.0034188413362793
1.77473890625E-07, -0.00374716103216496
1.7747584375E-07, -0.00375825260490342
1.77477796875E-07, -0.00405350574588143
1.7747975E-07, -0.00389691583707129
1.77481703125E-07, -0.0038747437104006
1.7748365625E-07, -0.00389044065721109
1.77485609375E-07, -0.00384318704558197
1.774875625E-07, -0.00405315862762933
1.77489515625E-07, -0.00488860729970493
1.7749146875E-07, -0.00480396668076815
1.77493421875E-07, -0.0050437516556678
1.77495375E-07, -0.0048402212100955
1.77497328125E-07, -0.0047431900331737
1.7749928125E-07, -0.00493481710133636
1.77501234375E-07, -0.00485382550948295
1.775031875E-07, -0.00411395201966139
1.77505140625E-07, -0.00456183520539683
1.7750709375E-07, -0.00481309883871087
1.77509046875E-07, -0.00516299515076978
1.77511E-07, -0.00510993875374168
1.77512953125E-07, -0.0050450609721579
1.7751490625E-07, -0.00495914204451291
1.77516859375E-07, -0.00475089284990395
1.775188125E-07, -0.00501488241889887
1.77520765625E-07, -0.00476553935736885
1.7752271875E-07, -0.00543630198317932
1.77524671875E-07, -0.00493588336419584
1.77526625E-07, -0.00498904577877908
1.77528578125E-07, -0.00478687498866853
1.7753053125E-07, -0.00504342208858404
1.77532484375E-07, -0.00483029884786162
1.775344375E-07, -0.00481480994520416
1.77536390625E-07, -0.00459792904980849
1.7753834375E-07, -0.00484414688774676
1.77540296875E-07, -0.00527014310840082
1.7754225E-07, -0.00539258037038804
1.77544203125E-07, -0.00464056557911891
1.7754615625E-07, -0.00484414768777385
1.77548109375E-07, -0.00526929096386662
1.775500625E-07, -0.00410481323299795
1.77552015625E-07, -0.00504965308017261
1.7755396875E-07, -0.00453043344864016
1.77555921875E-07, -0.00441185063757414
1.77557875E-07, -0.00527008882206984
1.77559828125E-07, -0.00486550743385432
1.7756178125E-07, -0.00461576778627881
1.77563734375E-07, -0.00433335154816419
1.775656875E-07, -0.00442664539202848
1.77567640625E-07, -0.00434386734212485
1.7756959375E-07, -0.00475657202618848
1.77571546875E-07, -0.00382871109628702
1.775735E-07, -0.00382999568115513
1.77575453125E-07, -0.00377722506481321
1.7757740625E-07, -0.0040411672405426
1.77579359375E-07, -0.00415203949422856
1.775813125E-07, -0.003177283076605
1.77583265625E-07, -0.00379670809957134
1.7758521875E-07, -0.00362274328486677
1.77587171875E-07, -0.00421139810698957
1.77589125E-07, -0.00335937895900524
1.77591078125E-07, -0.00313448537488102
1.7759303125E-07, -0.00318317857835415
1.77594984375E-07, -0.0026108996732432
1.775969375E-07, -0.0030611719749148
1.77598890625E-07, -0.00320611496027973
1.7760084375E-07, -0.00294139616979892
1.77602796875E-07, -0.00317252868344064
1.7760475E-07, -0.00278809025498251
1.77606703125E-07, -0.00274257119029983
1.7760865625E-07, -0.00289672888626249
1.77610609375E-07, -0.00224800102977761
1.776125625E-07, -0.00266426502236944
1.77614515625E-07, -0.0023531027131625
1.7761646875E-07, -0.00231030073099761
1.77618421875E-07, -0.00201190416392478
1.77620375E-07, -0.00289982740938624
1.77622328125E-07, -0.00211242974890653
1.7762428125E-07, -0.00204754689557894
1.77626234375E-07, -0.00190009435251211
1.776281875E-07, -0.00251451883096862
1.77630140625E-07, -0.00231512274544641
1.7763209375E-07, -0.00214455010321602
1.77634046875E-07, -0.00202487183507951


