File Format, WaveformXYValues
Format Version, 1
Instrument, N1045A,04F,LOJ
SwVersion, A.06.71.21
SerialNumber, MY56260108
Date, 11/29/2023 13:25:36 GMT+08:00

Source Name, Channel 1A

Points, 2048
Signal Type, Unspecified
Channel Bandwidth, 2E+10
Channel Noise, 6.66857143682292E-05
X Units, Second
Y Units, Volt
Data, 
1.73636E-07, -0.00095455110775076
1.73637953125E-07, -0.000815696270049935
1.7363990625E-07, -0.00159893330324224
1.73641859375E-07, -0.000733724842502054
1.736438125E-07, -0.000987890728703015
1.73645765625E-07, -0.000940914703196017
1.7364771875E-07, -0.000903482165323375
1.73649671875E-07, -0.000808868124702115
1.73651625E-07, -0.0013582238683938
1.73653578125E-07, -0.000837900206559049
1.7365553125E-07, -0.00097510551585548
1.73657484375E-07, -0.000964272270042492
1.736594375E-07, -0.000981626998369778
1.73661390625E-07, -0.00101598794530665
1.7366334375E-07, -0.00155219651440367
1.73665296875E-07, -0.000911893853387769
1.7366725E-07, -0.000922156474881179
1.73669203125E-07, -0.000999558835549374
1.7367115625E-07, -0.000984458252801769
1.73673109375E-07, -0.00113973765423193
1.736750625E-07, -0.00113596304967051
1.73677015625E-07, -0.00105154322465502
1.7367896875E-07, -0.00115289551302862
1.73680921875E-07, -0.00117691220233971
1.73682875E-07, -0.00126793010222933
1.73684828125E-07, -0.00104854447482919
1.7368678125E-07, -0.00129183481237928
1.73688734375E-07, -0.00116993396560548
1.736906875E-07, -0.00103959355269149
1.73692640625E-07, -0.00119936069731419
1.7369459375E-07, -0.00110264519460848
1.73696546875E-07, -0.000894904290397834
1.736985E-07, -0.00119477853833631
1.73700453125E-07, -0.00103783255475578
1.7370240625E-07, -0.000807718227940051
1.73704359375E-07, -0.000968069249372283
1.737063125E-07, -0.00127978617581819
1.73708265625E-07, -0.00115428224172385
1.7371021875E-07, -0.00134559322759509
1.73712171875E-07, -0.00106450310161796
1.73714125E-07, -0.00137363480906742
1.73716078125E-07, -0.00123445752538948
1.7371803125E-07, -0.00113963500917683
1.73719984375E-07, -0.00141354748601766
1.737219375E-07, -0.00141819966495261
1.73723890625E-07, -0.00148179717446444
1.7372584375E-07, -0.0013267086843304
1.73727796875E-07, -0.00118287788222223
1.7372975E-07, -0.00121662355356412
1.73731703125E-07, -0.00134701387837876
1.7373365625E-07, -0.00123558933882616
1.73735609375E-07, -0.00118421180522821
1.737375625E-07, -0.00116076988951791
1.73739515625E-07, -0.00131012816245556
1.7374146875E-07, -0.0011789510731648
1.73743421875E-07, -0.00159194348187612
1.73745375E-07, -0.00110054812445001
1.73747328125E-07, -0.00140132492087438
1.7374928125E-07, -0.00166465535603725
1.73751234375E-07, -0.00108174920117839
1.737531875E-07, -0.00151680996696057
1.73755140625E-07, -0.00161398718891323
1.7375709375E-07, -0.00127456901472242
1.73759046875E-07, -0.001614769593474
1.73761E-07, -0.00180796380057863
1.73762953125E-07, -0.00217301591175187
1.7376490625E-07, -0.00172539384941194
1.73766859375E-07, -0.00156806924490983
1.737688125E-07, -0.000988370174492688
1.73770765625E-07, -0.00149224357913224
1.7377271875E-07, -0.00178377876175454
1.73774671875E-07, -0.00154125996841616
1.73776625E-07, -0.000951468321335356
1.73778578125E-07, -0.00175786589148732
1.7378053125E-07, -0.00166249947227928
1.73782484375E-07, -0.00192465240553058
1.737844375E-07, -0.00177027188000099
1.73786390625E-07, -0.00226192803626905
1.7378834375E-07, -0.00180679774392413
1.73790296875E-07, -0.00180101855692635
1.7379225E-07, -0.00212803420003872
1.73794203125E-07, -0.00173845761350638
1.7379615625E-07, -0.00182262321019431
1.73798109375E-07, -0.00154892478968457
1.738000625E-07, -0.0017066801622543
1.73802015625E-07, -0.00267966632982497
1.7380396875E-07, -0.00192327742489576
1.73805921875E-07, -0.00127292806686136
1.73807875E-07, -0.00219688407303006
1.73809828125E-07, -0.0024088549440851
1.7381178125E-07, -0.00263563877284462
1.73813734375E-07, -0.00179623172834786
1.738156875E-07, -0.00249698770671524
1.73817640625E-07, -0.0021605663899087
1.7381959375E-07, -0.00168195486087165
1.73821546875E-07, -0.00241222492372821
1.738235E-07, -0.00177002878699896
1.73825453125E-07, -0.00235327144395772
1.7382740625E-07, -0.00262966904789616
1.73829359375E-07, -0.00242823202349329
1.738313125E-07, -0.00259928321612161
1.73833265625E-07, -0.00248036205537701
1.7383521875E-07, -0.00207947616148855
1.73837171875E-07, -0.00315379072045203
1.73839125E-07, -0.00321278536334333
1.73841078125E-07, -0.00237087506457452
1.7384303125E-07, -0.00288334319450527
1.73844984375E-07, -0.0028266644781166
1.738469375E-07, -0.00301894454891983
1.73848890625E-07, -0.0032289407838013
1.7385084375E-07, -0.00280876397997529
1.73852796875E-07, -0.00305103923144146
1.7385475E-07, -0.00296125509545158
1.73856703125E-07, -0.00299920639011952
1.7385865625E-07, -0.00384194943632629
1.73860609375E-07, -0.00374193003229273
1.738625625E-07, -0.00402929154109336
1.73864515625E-07, -0.00333739292976946
1.7386646875E-07, -0.00389980725160184
1.73868421875E-07, -0.00386900946413279
1.73870375E-07, -0.00292189823714405
1.73872328125E-07, -0.00356580925012071
1.7387428125E-07, -0.00385699094484555
1.73876234375E-07, -0.00388650657791847
1.738781875E-07, -0.00442780388045541
1.73880140625E-07, -0.00370856323641719
1.7388209375E-07, -0.00411808332523092
1.73884046875E-07, -0.00376647713080206
1.73886E-07, -0.00404885200795484
1.73887953125E-07, -0.00402871380452972
1.7388990625E-07, -0.00431382719159228
1.73891859375E-07, -0.00412611311203414
1.738938125E-07, -0.00484956254359769
1.73895765625E-07, -0.00481728163450101
1.7389771875E-07, -0.00478296633516847
1.73899671875E-07, -0.00446891704532044
1.73901625E-07, -0.004423366934472
1.73903578125E-07, -0.00523381652987735
1.7390553125E-07, -0.00505400281870865
1.73907484375E-07, -0.00478568972947889
1.739094375E-07, -0.00522675392010826
1.73911390625E-07, -0.00468798505227536
1.7391334375E-07, -0.00422832464165307
1.73915296875E-07, -0.00533628122594156
1.7391725E-07, -0.00574285380689711
1.73919203125E-07, -0.00628519367868974
1.7392115625E-07, -0.00523004322883011
1.73923109375E-07, -0.00495800871346056
1.739250625E-07, -0.00536003388390921
1.73927015625E-07, -0.005306479842591
1.7392896875E-07, -0.00564475755218827
1.73930921875E-07, -0.00536104011621976
1.73932875E-07, -0.00561330748360649
1.73934828125E-07, -0.00537154694547252
1.7393678125E-07, -0.00567230715369027
1.73938734375E-07, -0.00568235739240934
1.739406875E-07, -0.00534130117364059
1.73942640625E-07, -0.00525430449403621
1.7394459375E-07, -0.00510325030762291
1.73946546875E-07, -0.00636318892688213
1.739485E-07, -0.00565028257620916
1.73950453125E-07, -0.00562792941315089
1.7395240625E-07, -0.00448468684382238
1.73954359375E-07, -0.00507526785735964
1.739563125E-07, -0.00536223036767468
1.73958265625E-07, -0.00428942581603049
1.7396021875E-07, -0.00492102376186947
1.73962171875E-07, -0.00528994644380228
1.73964125E-07, -0.00522300194991971
1.73966078125E-07, -0.00441673444132966
1.7396803125E-07, -0.00465333353531949
1.73969984375E-07, -0.00468393692764045
1.739719375E-07, -0.00475238728589885
1.73973890625E-07, -0.00426931542020056
1.7397584375E-07, -0.00370999029495488
1.73977796875E-07, -0.00468817496845024
1.7397975E-07, -0.00436581404136039
1.73981703125E-07, -0.00391896335079083
1.7398365625E-07, -0.00419808236126826
1.73985609375E-07, -0.00333130366580839
1.739875625E-07, -0.00360632796605054
1.73989515625E-07, -0.00344569581506831
1.7399146875E-07, -0.00344420852650814
1.73993421875E-07, -0.00366176761504054
1.73995375E-07, -0.00316047803529308
1.73997328125E-07, -0.00199039106193556
1.7399928125E-07, -0.0025393911840811
1.74001234375E-07, -0.00244422383816836
1.740031875E-07, -0.00235116309572114
1.74005140625E-07, -0.00205095798214725
1.7400709375E-07, -0.00159098239100083
1.74009046875E-07, -0.00132986702904416
1.74011E-07, -0.000888931722167398
1.74012953125E-07, -0.00111238123559818
1.7401490625E-07, -0.000995588311724882
1.74016859375E-07, -0.000128562155552778
1.740188125E-07, -0.000831203862472187
1.74020765625E-07, -0.000520787701656028
1.7402271875E-07, 0.000333865876097105
1.74024671875E-07, 0.000426972877429124
1.74026625E-07, 0.00110935341903695
1.74028578125E-07, 0.00137833674826838
1.7403053125E-07, 0.0011090097021403
1.74032484375E-07, 0.00219904741869327
1.740344375E-07, 0.00342118823237382
1.74036390625E-07, 0.00163181831858281
1.7403834375E-07, 0.00458718236362814
1.74040296875E-07, 0.00293154402138563
1.7404225E-07, 0.00525876546705162
1.74044203125E-07, 0.00381027144219988
1.7404615625E-07, 0.00520543970856334
1.74048109375E-07, 0.00455337797106179
1.740500625E-07, 0.0065196770038365
1.74052015625E-07, 0.00523278943647798
1.7405396875E-07, 0.00637089708307955
1.74055921875E-07, 0.00731390644192211
1.74057875E-07, 0.00783011253574157
1.74059828125E-07, 0.00802849424905276
1.7406178125E-07, 0.00841044088504193
1.74063734375E-07, 0.0078102246541275
1.740656875E-07, 0.00927936859217094
1.74067640625E-07, 0.00924393356948391
1.7406959375E-07, 0.0118342648126982
1.74071546875E-07, 0.00940552656659685
1.740735E-07, 0.0101198716695409
1.74075453125E-07, 0.0139123705309799
1.7407740625E-07, 0.0113106043653429
1.74079359375E-07, 0.0121922012934846
1.740813125E-07, 0.0115520979972163
1.74083265625E-07, 0.0119119975672528
1.7408521875E-07, 0.0130496841348162
1.74087171875E-07, 0.01387141891914
1.74089125E-07, 0.016289247455489
1.74091078125E-07, 0.0155069819708883
1.7409303125E-07, 0.0167958303788604
1.74094984375E-07, 0.0156830079988065
1.740969375E-07, 0.018961352901212
1.74098890625E-07, 0.0176053448545288
1.7410084375E-07, 0.0183258268872164
1.74102796875E-07, 0.0201034195707929
1.7410475E-07, 0.0187647725034675
1.74106703125E-07, 0.0205671423608616
1.7410865625E-07, 0.0194050103606092
1.74110609375E-07, 0.0213238148547163
1.741125625E-07, 0.0234054900786393
1.74114515625E-07, 0.0220600230681935
1.7411646875E-07, 0.0237389506131362
1.74118421875E-07, 0.0233534050289892
1.74120375E-07, 0.0224691588707444
1.74122328125E-07, 0.0257380974174415
1.7412428125E-07, 0.0259308232597264
1.74126234375E-07, 0.0258670504537111
1.741281875E-07, 0.0270747610951275
1.74130140625E-07, 0.0260836255299107
1.7413209375E-07, 0.0269137680510386
1.74134046875E-07, 0.0285991262738123
1.74136E-07, 0.0269174672882957
1.74137953125E-07, 0.0276214771275783
1.7413990625E-07, 0.0276206105067979
1.74141859375E-07, 0.0302563250822243
1.741438125E-07, 0.0301492250424251
1.74145765625E-07, 0.0303849468925917
1.7414771875E-07, 0.0301702693111708
1.74149671875E-07, 0.0313361743825871
1.74151625E-07, 0.0306035648187819
1.74153578125E-07, 0.0298918658838751
1.7415553125E-07, 0.0305210615214044
1.74157484375E-07, 0.0337495197280911
1.741594375E-07, 0.0334999511981307
1.74161390625E-07, 0.0300354137873734
1.7416334375E-07, 0.0321187023184902
1.74165296875E-07, 0.0338106106995807
1.7416725E-07, 0.0333333221459761
1.74169203125E-07, 0.0336814932417632
1.7417115625E-07, 0.0345006890755245
1.74173109375E-07, 0.0345662257596768
1.741750625E-07, 0.0341318315764917
1.74177015625E-07, 0.034811612300971
1.7417896875E-07, 0.0319502357666312
1.74180921875E-07, 0.0342410528359621
1.74182875E-07, 0.0356329510395794
1.74184828125E-07, 0.0354400432055861
1.7418678125E-07, 0.0340260473801473
1.74188734375E-07, 0.0335936912196775
1.741906875E-07, 0.0352152562145205
1.74192640625E-07, 0.0338077999090742
1.7419459375E-07, 0.0304559597483824
1.74196546875E-07, 0.0324684542078022
1.741985E-07, 0.0302363882072301
1.74200453125E-07, 0.0313997329496005
1.7420240625E-07, 0.0313381624801997
1.74204359375E-07, 0.0320916249289648
1.742063125E-07, 0.0309402168264481
1.74208265625E-07, 0.0287577508250345
1.7421021875E-07, 0.0283698222868028
1.74212171875E-07, 0.0306239881066455
1.74214125E-07, 0.0246664866233368
1.74216078125E-07, 0.0295156457394429
1.7421803125E-07, 0.0268395922778749
1.74219984375E-07, 0.0214177027082792
1.742219375E-07, 0.0260180081215846
1.74223890625E-07, 0.0214903573375551
1.7422584375E-07, 0.0242273487567494
1.74227796875E-07, 0.024692368588845
1.7422975E-07, 0.0226745085175271
1.74231703125E-07, 0.0232611534434417
1.7423365625E-07, 0.0208872292425896
1.74235609375E-07, 0.0208078985199971
1.742375625E-07, 0.0155517594884465
1.74239515625E-07, 0.0156880014362847
1.7424146875E-07, 0.0180234947954524
1.74243421875E-07, 0.0125408207456136
1.74245375E-07, 0.0138051003264835
1.74247328125E-07, 0.0102972840192327
1.7424928125E-07, 0.0108019816782957
1.74251234375E-07, 0.0108253111396972
1.742531875E-07, 0.00869631968144404
1.74255140625E-07, 0.00741961124609345
1.7425709375E-07, 0.00140710908117562
1.74259046875E-07, 0.00278800090858354
1.74261E-07, 0.00504040883277361
1.74262953125E-07, -0.000941529884862325
1.7426490625E-07, -0.000708943601666703
1.74266859375E-07, -0.00603625637435663
1.742688125E-07, -0.0113479909149957
1.74270765625E-07, -0.0109907996533151
1.7427271875E-07, -0.010753945570552
1.74274671875E-07, -0.0110663026899246
1.74276625E-07, -0.0195391132857152
1.74278578125E-07, -0.0131952761964863
1.7428053125E-07, -0.0184878401842171
1.74282484375E-07, -0.0260028200371712
1.742844375E-07, -0.0155604350702821
1.74286390625E-07, -0.0219839832927285
1.7428834375E-07, -0.0234178439967685
1.74290296875E-07, -0.0218567556830463
1.7429225E-07, -0.031860202385665
1.74294203125E-07, -0.0286584792356496
1.7429615625E-07, -0.0360867597555695
1.74298109375E-07, -0.0374647097879232
1.743000625E-07, -0.0402021390371058
1.74302015625E-07, -0.043757431431285
1.7430396875E-07, -0.0469442393504997
1.74305921875E-07, -0.0483808426389595
1.74307875E-07, -0.057556775240242
1.74309828125E-07, -0.054323824259326
1.7431178125E-07, -0.0470619948893916
1.74313734375E-07, -0.0515569722682466
1.743156875E-07, -0.0590116337211125
1.74317640625E-07, -0.0593591310135198
1.7431959375E-07, -0.0692577131426227
1.74321546875E-07, -0.0677268029788439
1.743235E-07, -0.0689540462128578
1.74325453125E-07, -0.068961105494996
1.7432740625E-07, -0.0794682316453287
1.74329359375E-07, -0.0763065601028014
1.743313125E-07, -0.0823934158002147
1.74333265625E-07, -0.0770227250888262
1.7433521875E-07, -0.0837238967089807
1.74337171875E-07, -0.0800949416003078
1.74339125E-07, -0.0879633469687957
1.74341078125E-07, -0.078567288711031
1.7434303125E-07, -0.0836650333092192
1.74344984375E-07, -0.0903396053057178
1.743469375E-07, -0.0991395359798039
1.74348890625E-07, -0.0946885564763419
1.7435084375E-07, -0.0985183555402651
1.74352796875E-07, -0.0983436399273725
1.7435475E-07, -0.0976355949889418
1.74356703125E-07, -0.09504236359203
1.7435865625E-07, -0.106596897125772
1.74360609375E-07, -0.10408532584029
1.743625625E-07, -0.112636373704244
1.74364515625E-07, -0.103393715018712
1.7436646875E-07, -0.0996360247600404
1.74368421875E-07, -0.109704826892215
1.74370375E-07, -0.10900965549145
1.74372328125E-07, -0.118188632215152
1.7437428125E-07, -0.116353741545182
1.74376234375E-07, -0.118776635660845
1.743781875E-07, -0.114771831174629
1.74380140625E-07, -0.114844445109887
1.7438209375E-07, -0.119315631794454
1.74384046875E-07, -0.120854554533184
1.74386E-07, -0.118958243340124
1.74387953125E-07, -0.117843138527021
1.7438990625E-07, -0.10984029614724
1.74391859375E-07, -0.121519160667459
1.743938125E-07, -0.109953259477369
1.74395765625E-07, -0.116799298596851
1.7439771875E-07, -0.119367581786639
1.74399671875E-07, -0.118208130712575
1.74401625E-07, -0.119199792564384
1.74403578125E-07, -0.12118463674218
1.7440553125E-07, -0.120359076716183
1.74407484375E-07, -0.118177903874344
1.744094375E-07, -0.107514231672526
1.74411390625E-07, -0.115827400762453
1.7441334375E-07, -0.109119215098199
1.74415296875E-07, -0.108167727118522
1.7441725E-07, -0.097986557625284
1.74419203125E-07, -0.101777228258072
1.7442115625E-07, -0.105585753839216
1.74423109375E-07, -0.101827269186717
1.744250625E-07, -0.100613510824127
1.74427015625E-07, -0.0935221094676449
1.7442896875E-07, -0.0819183754290122
1.74430921875E-07, -0.078510707627201
1.74432875E-07, -0.0848377072968065
1.74434828125E-07, -0.0718711788349031
1.7443678125E-07, -0.072578963737441
1.74438734375E-07, -0.0699246824914388
1.744406875E-07, -0.0685515006709887
1.74442640625E-07, -0.0519271568510485
1.7444459375E-07, -0.076208447394611
1.74446546875E-07, -0.0601928167750826
1.744485E-07, -0.0595060843205348
1.74450453125E-07, -0.0552564431151448
1.7445240625E-07, -0.0453644661513378
1.74454359375E-07, -0.043503136530854
1.744563125E-07, -0.0405293092599136
1.74458265625E-07, -0.0395978443757103
1.7446021875E-07, -0.0445310132299849
1.74462171875E-07, -0.0215604360308252
1.74464125E-07, -0.0273284548559871
1.74466078125E-07, -0.0148087081113771
1.7446803125E-07, -0.0153156998380937
1.74469984375E-07, -0.012732976278431
1.744719375E-07, 0.00140607878617641
1.74473890625E-07, 0.00499299255187048
1.7447584375E-07, 0.0143730468506258
1.74477796875E-07, 0.011477384497846
1.7447975E-07, 0.0124488001479351
1.74481703125E-07, 0.0117079271815354
1.7448365625E-07, 0.00735339879380163
1.74485609375E-07, 0.021005083150141
1.744875625E-07, 0.0346431244994428
1.74489515625E-07, 0.0349690701655342
1.7449146875E-07, 0.0423219784565652
1.74493421875E-07, 0.0383977228679102
1.74495375E-07, 0.0439625958420549
1.74497328125E-07, 0.0463947650140329
1.7449928125E-07, 0.0412521473600536
1.74501234375E-07, 0.0536071463509119
1.745031875E-07, 0.0582835043367025
1.74505140625E-07, 0.0601064551938432
1.7450709375E-07, 0.0654374027396185
1.74509046875E-07, 0.0576839624406787
1.74511E-07, 0.069470704536858
1.74512953125E-07, 0.0671690117555821
1.7451490625E-07, 0.0746768725855364
1.74516859375E-07, 0.07614318574698
1.745188125E-07, 0.0784563834375707
1.74520765625E-07, 0.0894638583796099
1.7452271875E-07, 0.0793575053815379
1.74524671875E-07, 0.0871031579015049
1.74526625E-07, 0.090039834024672
1.74528578125E-07, 0.0905130710714648
1.7453053125E-07, 0.0861695501687657
1.74532484375E-07, 0.0936440774017755
1.745344375E-07, 0.0970795638814116
1.74536390625E-07, 0.0976097614079755
1.7453834375E-07, 0.0974205725590493
1.74540296875E-07, 0.0950860326309283
1.7454225E-07, 0.100903571611419
1.74544203125E-07, 0.0981591270615104
1.7454615625E-07, 0.0956307058806165
1.74548109375E-07, 0.0994369894200365
1.745500625E-07, 0.100161932127551
1.74552015625E-07, 0.095548760441537
1.7455396875E-07, 0.093871814120878
1.74555921875E-07, 0.0934228425421911
1.74557875E-07, 0.0946678290966191
1.74559828125E-07, 0.0967762720559826
1.7456178125E-07, 0.096781095860677
1.74563734375E-07, 0.0957198817314284
1.745656875E-07, 0.0927918695916046
1.74567640625E-07, 0.0919091450514109
1.7456959375E-07, 0.0916331330584605
1.74571546875E-07, 0.0891521501058809
1.745735E-07, 0.082315748126864
1.74575453125E-07, 0.0827763422767451
1.7457740625E-07, 0.0785559918697866
1.74579359375E-07, 0.0836287386253685
1.745813125E-07, 0.0756618576441054
1.74583265625E-07, 0.0807537286685433
1.7458521875E-07, 0.08011332188947
1.74587171875E-07, 0.0784177612763897
1.74589125E-07, 0.0712137801251433
1.74591078125E-07, 0.0758680065390381
1.7459303125E-07, 0.0732885626388197
1.74594984375E-07, 0.069412683913346
1.745969375E-07, 0.0689588912188253
1.74598890625E-07, 0.0646182087593191
1.7460084375E-07, 0.0663313585415271
1.74602796875E-07, 0.0578901845669292
1.7460475E-07, 0.05969472354306
1.74606703125E-07, 0.0526926207220894
1.7460865625E-07, 0.0526971771229638
1.74610609375E-07, 0.0594940864718722
1.746125625E-07, 0.0525029541975587
1.74614515625E-07, 0.0502256079929958
1.7461646875E-07, 0.0454871532540348
1.74618421875E-07, 0.051457745173603
1.74620375E-07, 0.0487127773448892
1.74622328125E-07, 0.0461124940920011
1.7462428125E-07, 0.0387083965586298
1.74626234375E-07, 0.038992353834019
1.746281875E-07, 0.0372042178724476
1.74630140625E-07, 0.0368271909450019
1.7463209375E-07, 0.037800544444063
1.74634046875E-07, 0.031995532315053
1.74636E-07, 0.0298250145498218
1.74637953125E-07, 0.0296109041035604
1.7463990625E-07, 0.0296205773380334
1.74641859375E-07, 0.0278381872137069
1.746438125E-07, 0.0254366344207817
1.74645765625E-07, 0.0296539509742507
1.7464771875E-07, 0.0236164496312182
1.74649671875E-07, 0.025344765255711
1.74651625E-07, 0.0227765268355828
1.74653578125E-07, 0.0250342249220922
1.7465553125E-07, 0.0231636971178123
1.74657484375E-07, 0.0222849115065195
1.746594375E-07, 0.0220523126040644
1.74661390625E-07, 0.0209687086574081
1.7466334375E-07, 0.0196478137325744
1.74665296875E-07, 0.0217199093292377
1.7466725E-07, 0.0237355635958662
1.74669203125E-07, 0.0195359562078726
1.7467115625E-07, 0.019282357677028
1.74673109375E-07, 0.0189305231876166
1.746750625E-07, 0.0187323502915047
1.74677015625E-07, 0.0186953715019828
1.7467896875E-07, 0.0215189533524882
1.74680921875E-07, 0.019157295782279
1.74682875E-07, 0.0188301777967698
1.74684828125E-07, 0.0205507317340229
1.7468678125E-07, 0.0190205251186256
1.74688734375E-07, 0.019087723390823
1.746906875E-07, 0.0235320835700974
1.74692640625E-07, 0.0191616260619557
1.7469459375E-07, 0.0193006988123443
1.74696546875E-07, 0.0196538500676104
1.746985E-07, 0.0220196246825885
1.74700453125E-07, 0.0195473479292598
1.7470240625E-07, 0.0198896185642604
1.74704359375E-07, 0.0184025614329874
1.747063125E-07, 0.0198771517507945
1.74708265625E-07, 0.0192771077887118
1.7471021875E-07, 0.0189500068195208
1.74712171875E-07, 0.0208842487219105
1.74714125E-07, 0.0197380611748924
1.74716078125E-07, 0.0196779656756414
1.7471803125E-07, 0.0199440674109247
1.74719984375E-07, 0.0211348519494059
1.747219375E-07, 0.019378294525021
1.74723890625E-07, 0.0188311465037263
1.7472584375E-07, 0.0193079420054584
1.74727796875E-07, 0.0196939750999448
1.7472975E-07, 0.0184942480701381
1.74731703125E-07, 0.0191662691377957
1.7473365625E-07, 0.0166164770914947
1.74735609375E-07, 0.0179247852557665
1.747375625E-07, 0.0182247118611121
1.74739515625E-07, 0.0165292761361744
1.7474146875E-07, 0.0165614680242642
1.74743421875E-07, 0.0162822981433942
1.74745375E-07, 0.0154732238343628
1.74747328125E-07, 0.0161686114542443
1.7474928125E-07, 0.0147853769297924
1.74751234375E-07, 0.0147822145632064
1.747531875E-07, 0.0141238999788336
1.74755140625E-07, 0.0132609657492843
1.7475709375E-07, 0.0119013644194639
1.74759046875E-07, 0.0111885118358146
1.74761E-07, 0.0131034016886685
1.74762953125E-07, 0.0120188279933157
1.7476490625E-07, 0.00937325442402091
1.74766859375E-07, 0.00883588830235661
1.747688125E-07, 0.00965042704739482
1.74770765625E-07, 0.0102935589682221
1.7477271875E-07, 0.00815084652788281
1.74774671875E-07, 0.00687235754965615
1.74776625E-07, 0.00594243844926307
1.74778578125E-07, 0.0104359867923516
1.7478053125E-07, 0.00575154764753737
1.74782484375E-07, 0.00557845456088251
1.747844375E-07, 0.00494453242974982
1.74786390625E-07, 0.00286281126833478
1.7478834375E-07, 0.00232217771586633
1.74790296875E-07, 0.00220485721286832
1.7479225E-07, 0.00109086741143629
1.74794203125E-07, -5.91340743196678E-05
1.7479615625E-07, -0.000408459920313855
1.74798109375E-07, -0.000749538838366106
1.748000625E-07, -0.000438807454895295
1.74802015625E-07, -0.00198435623419377
1.7480396875E-07, -0.00227905000132953
1.74805921875E-07, -0.00138764221525138
1.74807875E-07, -0.00337173888940994
1.74809828125E-07, -0.0024383337145359
1.7481178125E-07, -0.00455637209585034
1.74813734375E-07, -0.00500833536111132
1.748156875E-07, -0.00390362553887753
1.74817640625E-07, -0.00521117879077276
1.7481959375E-07, -0.00489146162803677
1.74821546875E-07, -0.0064065696692127
1.748235E-07, -0.0072418729729509
1.74825453125E-07, -0.00664691291641081
1.7482740625E-07, -0.00744570864226988
1.74829359375E-07, -0.00624343627757715
1.748313125E-07, -0.00720569607894911
1.74833265625E-07, -0.00810168924285957
1.7483521875E-07, -0.00691265760296475
1.74837171875E-07, -0.00799513515987913
1.74839125E-07, -0.00808200657757839
1.74841078125E-07, -0.0083667516472113
1.7484303125E-07, -0.00842893556132361
1.74844984375E-07, -0.0083255226982893
1.748469375E-07, -0.00799445408458849
1.74848890625E-07, -0.00800352475558405
1.7485084375E-07, -0.00780953112516613
1.74852796875E-07, -0.00882364929756035
1.7485475E-07, -0.00823313989443548
1.74856703125E-07, -0.00840500713475758
1.7485865625E-07, -0.00715015298658305
1.74860609375E-07, -0.00710109054825273
1.748625625E-07, -0.00798590535428793
1.74864515625E-07, -0.00691454833437278
1.7486646875E-07, -0.00674603629311095
1.74868421875E-07, -0.00650150387293373
1.74870375E-07, -0.00690800578426719
1.74872328125E-07, -0.00710237913373066
1.7487428125E-07, -0.00522626415111504
1.74876234375E-07, -0.0052520756967324
1.748781875E-07, -0.00586805899214486
1.74880140625E-07, -0.00509892192375696
1.7488209375E-07, -0.00602867765287626
1.74884046875E-07, -0.00469217078779237
1.74886E-07, -0.00509695720216625
1.74887953125E-07, -0.00490596832610615
1.7488990625E-07, -0.00480825327950013
1.74891859375E-07, -0.00366035229510783
1.748938125E-07, -0.00387465640596998
1.74895765625E-07, -0.00322867772643069
1.7489771875E-07, -0.00340814788713989
1.74899671875E-07, -0.00195083361929243
1.74901625E-07, -0.0023829510577006
1.74903578125E-07, -0.00202072172857874
1.7490553125E-07, -0.00121203764167014
1.74907484375E-07, -0.00136913386041494
1.749094375E-07, -0.00170274996248478
1.74911390625E-07, -0.00189885773626737
1.7491334375E-07, -0.000917356088037518
1.74915296875E-07, 4.66001944017769E-05
1.7491725E-07, -8.27881339226997E-05
1.74919203125E-07, -0.000212276500683159
1.7492115625E-07, -0.000517289108451586
1.74923109375E-07, 0.000177641527236959
1.749250625E-07, 0.000731074132546218
1.74927015625E-07, 0.000735727111770241
1.7492896875E-07, 0.00111775712534029
1.74930921875E-07, 0.000822101360710027
1.74932875E-07, 0.00128119524982835
1.74934828125E-07, 0.00123398014853096
1.7493678125E-07, 0.00142979523240598
1.74938734375E-07, 0.00116854604126545
1.749406875E-07, 0.00128073960883083
1.74942640625E-07, 0.00218780298219623
1.7494459375E-07, 0.00114569192656521
1.74946546875E-07, 0.00172303854372436
1.749485E-07, 0.00210840835526998
1.74950453125E-07, 0.00141243423299013
1.7495240625E-07, 0.00168141967024269
1.74954359375E-07, 0.00148748698360184
1.749563125E-07, 0.00207138565225594
1.74958265625E-07, 0.00204678871050269
1.7496021875E-07, 0.001781729676654
1.74962171875E-07, 0.00180819972975345
1.74964125E-07, 0.00240597360939126
1.74966078125E-07, 0.00194255295493561
1.7496803125E-07, 0.000407095020448833
1.74969984375E-07, 0.00144922662340199
1.749719375E-07, 0.0012425032729649
1.74973890625E-07, 0.00153354431687837
1.7497584375E-07, 0.00136993899299614
1.74977796875E-07, 0.00114648152872241
1.7497975E-07, -8.45588469469611E-05
1.74981703125E-07, 0.00140045402340302
1.7498365625E-07, 0.00127876439354077
1.74985609375E-07, 0.000366191347248703
1.749875625E-07, 0.000429469948126994
1.74989515625E-07, 0.000469163816452068
1.7499146875E-07, -3.55375556125554E-05
1.74993421875E-07, -0.000509942413369881
1.74995375E-07, -1.04079621493094E-05
1.74997328125E-07, -0.000723704247006001
1.7499928125E-07, -0.00124630607560642
1.75001234375E-07, -0.000477661540320158
1.750031875E-07, -0.00226847466930193
1.75005140625E-07, -0.00128013051073873
1.7500709375E-07, -0.00198554083898197
1.75009046875E-07, -0.00166200733886709
1.75011E-07, -0.00181359739710281
1.75012953125E-07, -0.00291928951027881
1.7501490625E-07, -0.00320199530735186
1.75016859375E-07, -0.00301479162435657
1.750188125E-07, -0.00444671561335261
1.75020765625E-07, -0.00576038132847365
1.7502271875E-07, -0.00365026504773591
1.75024671875E-07, -0.00526932398460488
1.75026625E-07, -0.00447165194635341
1.75028578125E-07, -0.00623218077525243
1.7503053125E-07, -0.00601640234098187
1.75032484375E-07, -0.0063236220442803
1.750344375E-07, -0.00746335293180667
1.75036390625E-07, -0.00798722070405631
1.7503834375E-07, -0.00811277062891637
1.75040296875E-07, -0.00941418589432076
1.7504225E-07, -0.00808938729771144
1.75044203125E-07, -0.00912212596829448
1.7504615625E-07, -0.00951066016456745
1.75048109375E-07, -0.010645183938155
1.750500625E-07, -0.0119432243762536
1.75052015625E-07, -0.00966035771526359
1.7505396875E-07, -0.0114501109548713
1.75055921875E-07, -0.0123307657108247
1.75057875E-07, -0.0135186778264239
1.75059828125E-07, -0.0130130833145907
1.7506178125E-07, -0.0131963136436932
1.75063734375E-07, -0.0143368946019373
1.750656875E-07, -0.0154461769461945
1.75067640625E-07, -0.0146500621655593
1.7506959375E-07, -0.0142852363881917
1.75071546875E-07, -0.0146307227344926
1.750735E-07, -0.0168020076849285
1.75075453125E-07, -0.0179159647152594
1.7507740625E-07, -0.0159563817473838
1.75079359375E-07, -0.0182688361274114
1.750813125E-07, -0.0178398998233616
1.75083265625E-07, -0.0199570756342633
1.7508521875E-07, -0.0190222467292113
1.75087171875E-07, -0.0206454186162782
1.75089125E-07, -0.0207746044172258
1.75091078125E-07, -0.0218044557903925
1.7509303125E-07, -0.0210526172893648
1.75094984375E-07, -0.0221650991520196
1.750969375E-07, -0.0230644087377816
1.75098890625E-07, -0.0223003110785001
1.7510084375E-07, -0.024566165175162
1.75102796875E-07, -0.0252461109907457
1.7510475E-07, -0.025796207206679
1.75106703125E-07, -0.0255865452503494
1.7510865625E-07, -0.0258667994443396
1.75110609375E-07, -0.026956067647827
1.751125625E-07, -0.0271220768274078
1.75114515625E-07, -0.028367756750664
1.7511646875E-07, -0.0279495316132012
1.75118421875E-07, -0.0283379196450783
1.75120375E-07, -0.0291844513920874
1.75122328125E-07, -0.0273392450708047
1.7512428125E-07, -0.0301348465373499
1.75126234375E-07, -0.0292084925907423
1.751281875E-07, -0.0299334979995333
1.75130140625E-07, -0.0310693492831029
1.7513209375E-07, -0.0294479433831642
1.75134046875E-07, -0.0305596104583991
1.75136E-07, -0.0314500416716441
1.75137953125E-07, -0.0318104904602796
1.7513990625E-07, -0.0316016285354804
1.75141859375E-07, -0.0309641121332842
1.751438125E-07, -0.0326876261313571
1.75145765625E-07, -0.0329571514820677
1.7514771875E-07, -0.0322968772683464
1.75149671875E-07, -0.0330543559343581
1.75151625E-07, -0.0330122150743922
1.75153578125E-07, -0.0325182155447845
1.7515553125E-07, -0.0327811178256529
1.75157484375E-07, -0.0321116883652211
1.751594375E-07, -0.0319845426041955
1.75161390625E-07, -0.0325502074471652
1.7516334375E-07, -0.032849021785266
1.75165296875E-07, -0.0327843811395193
1.7516725E-07, -0.0325328727266681
1.75169203125E-07, -0.0324846548031456
1.7517115625E-07, -0.0324635723383945
1.75173109375E-07, -0.0305418032150844
1.751750625E-07, -0.0322250757058798
1.75177015625E-07, -0.0328682508447812
1.7517896875E-07, -0.0329635563545677
1.75180921875E-07, -0.0312006043671238
1.75182875E-07, -0.0311970136734516
1.75184828125E-07, -0.0310499177944909
1.7518678125E-07, -0.03071217848656
1.75188734375E-07, -0.0318784675537824
1.751906875E-07, -0.0307728734913371
1.75192640625E-07, -0.0311544889667634
1.7519459375E-07, -0.0299329607153208
1.75196546875E-07, -0.0298820460919003
1.751985E-07, -0.029539164308046
1.75200453125E-07, -0.0281319124651274
1.7520240625E-07, -0.0312463448771406
1.75204359375E-07, -0.029946145972549
1.752063125E-07, -0.0287556410040492
1.75208265625E-07, -0.027240742575914
1.7521021875E-07, -0.0283214629123223
1.75212171875E-07, -0.0287270832163086
1.75214125E-07, -0.0269314782367887
1.75216078125E-07, -0.0262805894936561
1.7521803125E-07, -0.0275903220867517
1.75219984375E-07, -0.0266880516675717
1.752219375E-07, -0.026625120669913
1.75223890625E-07, -0.0255288523875039
1.7522584375E-07, -0.0255985791861712
1.75227796875E-07, -0.0261236365377775
1.7522975E-07, -0.0247904066539241
1.75231703125E-07, -0.0251761234935071
1.7523365625E-07, -0.0244854753468107
1.75235609375E-07, -0.0234093821018589
1.752375625E-07, -0.0237049090442531
1.75239515625E-07, -0.0245633875000897
1.7524146875E-07, -0.0218964916559595
1.75243421875E-07, -0.0220249407904676
1.75245375E-07, -0.0226076934570104
1.75247328125E-07, -0.0219824855625642
1.7524928125E-07, -0.021052782354576
1.75251234375E-07, -0.0215102879985479
1.752531875E-07, -0.0208557855428526
1.75255140625E-07, -0.0199328860643639
1.7525709375E-07, -0.0194459760917674
1.75259046875E-07, -0.0201018476714065
1.75261E-07, -0.017960430019949
1.75262953125E-07, -0.018687413016734
1.7526490625E-07, -0.0194209957548263
1.75266859375E-07, -0.0184738333302369
1.752688125E-07, -0.017075582882171
1.75270765625E-07, -0.0169938128330577
1.7527271875E-07, -0.0168908851166851
1.75274671875E-07, -0.016343628482927
1.75276625E-07, -0.0156832434952089
1.75278578125E-07, -0.0157953511087715
1.7528053125E-07, -0.0158759423396322
1.75282484375E-07, -0.0150780448173821
1.752844375E-07, -0.0150075373525841
1.75286390625E-07, -0.0151920079386273
1.7528834375E-07, -0.0137096860195508
1.75290296875E-07, -0.0139816665066255
1.7529225E-07, -0.0142477332581935
1.75294203125E-07, -0.0124457202096945
1.7529615625E-07, -0.0122482033055185
1.75298109375E-07, -0.011659192678139
1.753000625E-07, -0.0115204552084199
1.75302015625E-07, -0.0120005689911553
1.7530396875E-07, -0.00909997975845145
1.75305921875E-07, -0.00922503047491626
1.75307875E-07, -0.00897366835996071
1.75309828125E-07, -0.00774081279272843
1.7531178125E-07, -0.00906356055771014
1.75313734375E-07, -0.00835776673777375
1.753156875E-07, -0.00932225698199835
1.75317640625E-07, -0.00813216601085122
1.7531959375E-07, -0.00711254054350102
1.75321546875E-07, -0.00760296216146744
1.753235E-07, -0.00738548714949419
1.75325453125E-07, -0.00532543221631219
1.7532740625E-07, -0.00641507068224407
1.75329359375E-07, -0.00458740774673265
1.753313125E-07, -0.00569563324492946
1.75333265625E-07, -0.00317617072645076
1.7533521875E-07, -0.00483672462831181
1.75337171875E-07, -0.00313852044016686
1.75339125E-07, -0.00340632317549145
1.75341078125E-07, -0.00369340885932454
1.7534303125E-07, -0.00202116386463325
1.75344984375E-07, -0.00284726873309122
1.753469375E-07, -0.00160070811177521
1.75348890625E-07, -0.00175648358797834
1.7535084375E-07, -0.00144472885051039
1.75352796875E-07, -0.00173084237986522
1.7535475E-07, -0.000440871960561011
1.75356703125E-07, -0.00164981388261705
1.7535865625E-07, -0.000700259869726376
1.75360609375E-07, -0.000471261474137055
1.753625625E-07, 0.00030470339167206
1.75364515625E-07, -0.000400306163930256
1.7536646875E-07, 0.00119990256044741
1.75368421875E-07, 0.00134201200934574
1.75370375E-07, 0.00089213022340042
1.75372328125E-07, 0.000371331180712673
1.7537428125E-07, 0.00210611983422769
1.75376234375E-07, 0.00100716785191853
1.753781875E-07, 0.00100334896874497
1.75380140625E-07, 0.00239110318281303
1.7538209375E-07, 0.00134859503009707
1.75384046875E-07, 0.00330148374655332
1.75386E-07, 0.00206375421585577
1.75387953125E-07, 0.00240468241791816
1.7538990625E-07, 0.00264020559653773
1.75391859375E-07, 0.00300928912321953
1.753938125E-07, 0.003422218982405
1.75395765625E-07, 0.003733676614627
1.7539771875E-07, 0.00323794437237088
1.75399671875E-07, 0.0039269856350468
1.75401625E-07, 0.00427970691202921
1.75403578125E-07, 0.00338026353662939
1.7540553125E-07, 0.00332671152735545
1.75407484375E-07, 0.00452184548946448
1.754094375E-07, 0.00290165105427981
1.75411390625E-07, 0.00469359862467231
1.7541334375E-07, 0.00351583746857924
1.75415296875E-07, 0.00453689415057847
1.7541725E-07, 0.00513619583400225
1.75419203125E-07, 0.00460374856957606
1.7542115625E-07, 0.00494242464392291
1.75423109375E-07, 0.00592885603389086
1.754250625E-07, 0.00646438754868751
1.75427015625E-07, 0.00618389501609725
1.7542896875E-07, 0.00631478794715971
1.75430921875E-07, 0.0068456018266415
1.75432875E-07, 0.00660476608102971
1.75434828125E-07, 0.00724425711613227
1.7543678125E-07, 0.00646187660495237
1.75438734375E-07, 0.00746405573473656
1.754406875E-07, 0.00713402507303162
1.75442640625E-07, 0.00783131255973947
1.7544459375E-07, 0.00744200651774537
1.75446546875E-07, 0.00869817041936587
1.754485E-07, 0.00854354448157365
1.75450453125E-07, 0.00846594768055291
1.7545240625E-07, 0.00926488373812668
1.75454359375E-07, 0.00894640148483601
1.754563125E-07, 0.00912942062800888
1.75458265625E-07, 0.0101292669155912
1.7546021875E-07, 0.0101323233480695
1.75462171875E-07, 0.0102618345156087
1.75464125E-07, 0.00995460530957102
1.75466078125E-07, 0.0104565493814667
1.7546803125E-07, 0.0110058103738873
1.75469984375E-07, 0.0107451844196408
1.754719375E-07, 0.0105925441131589
1.75473890625E-07, 0.0111627095645272
1.7547584375E-07, 0.0110076962735035
1.75477796875E-07, 0.0106091144749732
1.7547975E-07, 0.0114262149746036
1.75481703125E-07, 0.0114412879415654
1.7548365625E-07, 0.0126646305867294
1.75485609375E-07, 0.0115610713100557
1.754875625E-07, 0.0127871103103675
1.75489515625E-07, 0.0124792051901852
1.7549146875E-07, 0.0133453703686489
1.75493421875E-07, 0.0135285672184258
1.75495375E-07, 0.013858733089216
1.75497328125E-07, 0.0138284901631914
1.7549928125E-07, 0.0142259781590121
1.75501234375E-07, 0.0138631938060175
1.755031875E-07, 0.0138859887694664
1.75505140625E-07, 0.0136288443960821
1.7550709375E-07, 0.0136456118077402
1.75509046875E-07, 0.014391818000076
1.75511E-07, 0.0144786567551112
1.75512953125E-07, 0.0150561057501073
1.7551490625E-07, 0.0143637844713448
1.75516859375E-07, 0.0151700112401582
1.755188125E-07, 0.0150841947353559
1.75520765625E-07, 0.015226121007909
1.7552271875E-07, 0.0145977590824641
1.75524671875E-07, 0.014486478754927
1.75526625E-07, 0.0149899966215463
1.75528578125E-07, 0.0146776792663034
1.7553053125E-07, 0.0142035669937252
1.75532484375E-07, 0.014572460521055
1.755344375E-07, 0.0145261353398562
1.75536390625E-07, 0.0132276433289051
1.7553834375E-07, 0.0146631337111757
1.75540296875E-07, 0.0138937130511521
1.7554225E-07, 0.0142043714772033
1.75544203125E-07, 0.0140561467322332
1.7554615625E-07, 0.0137053554566889
1.75548109375E-07, 0.01301021784096
1.755500625E-07, 0.013488264900997
1.75552015625E-07, 0.0125233531925916
1.7555396875E-07, 0.0128347475391154
1.75555921875E-07, 0.0120901208477468
1.75557875E-07, 0.0123101796519627
1.75559828125E-07, 0.0118284094564322
1.7556178125E-07, 0.0112029107617513
1.75563734375E-07, 0.0130379229078113
1.755656875E-07, 0.0110893315332055
1.75567640625E-07, 0.0113478314958519
1.7556959375E-07, 0.0120450415208326
1.75571546875E-07, 0.00974691232312713
1.755735E-07, 0.0102928085934807
1.75575453125E-07, 0.00955193761432646
1.7557740625E-07, 0.0100112402559886
1.75579359375E-07, 0.0102853644768785
1.755813125E-07, 0.00916074784181678
1.75583265625E-07, 0.00916763408763114
1.7558521875E-07, 0.0093957240852026
1.75587171875E-07, 0.00909189423595951
1.75589125E-07, 0.0100385310745377
1.75591078125E-07, 0.00685215380808841
1.7559303125E-07, 0.00705005615824907
1.75594984375E-07, 0.00719674482479656
1.755969375E-07, 0.00700594107945963
1.75598890625E-07, 0.00690531153232314
1.7560084375E-07, 0.00575404005131053
1.75602796875E-07, 0.00705597591358094
1.7560475E-07, 0.00500653439318016
1.75606703125E-07, 0.00607190413292191
1.7560865625E-07, 0.00562534577975297
1.75610609375E-07, 0.00532479793287045
1.756125625E-07, 0.00591422071930131
1.75614515625E-07, 0.00528960072520523
1.7561646875E-07, 0.00507288914493457
1.75618421875E-07, 0.00538378378193705
1.75620375E-07, 0.00394628070305265
1.75622328125E-07, 0.00375018020364778
1.7562428125E-07, 0.00429003460651087
1.75626234375E-07, 0.00428302874481348
1.756281875E-07, 0.00448970663631092
1.75630140625E-07, 0.00387350168431378
1.7563209375E-07, 0.00423979501578159
1.75634046875E-07, 0.00371035802212655
1.75636E-07, 0.00376373199882382
1.75637953125E-07, 0.00408238861563982
1.7563990625E-07, 0.00327652676389377
1.75641859375E-07, 0.00369406040594507
1.756438125E-07, 0.00374920451275217
1.75645765625E-07, 0.00424697155315944
1.7564771875E-07, 0.00393002334378713
1.75649671875E-07, 0.00424470284783248
1.75651625E-07, 0.00338445228085038
1.75653578125E-07, 0.00391595337954382
1.7565553125E-07, 0.00399516779874109
1.75657484375E-07, 0.00373923724682264
1.756594375E-07, 0.00350374047181259
1.75661390625E-07, 0.00369947307307145
1.7566334375E-07, 0.00413432489547841
1.75665296875E-07, 0.00436142149937699
1.7566725E-07, 0.00413017483906934
1.75669203125E-07, 0.00407399549100766
1.7567115625E-07, 0.00321132244003746
1.75673109375E-07, 0.00469595995749489
1.756750625E-07, 0.00472863514583289
1.75677015625E-07, 0.00527644021219901
1.7567896875E-07, 0.00555988189340393
1.75680921875E-07, 0.00585088974836677
1.75682875E-07, 0.00453026698140904
1.75684828125E-07, 0.00466656404444848
1.7568678125E-07, 0.0050006032086497
1.75688734375E-07, 0.00553948598953671
1.756906875E-07, 0.00669224882809348
1.75692640625E-07, 0.00581635255548036
1.7569459375E-07, 0.00499037264801738
1.75696546875E-07, 0.00558228803513391
1.756985E-07, 0.00488690841647659
1.75700453125E-07, 0.00650340891769403
1.7570240625E-07, 0.00594048091237701
1.75704359375E-07, 0.00660562848624329
1.757063125E-07, 0.00536014711740245
1.75708265625E-07, 0.00582511261909867
1.7571021875E-07, 0.00706473550775635
1.75712171875E-07, 0.00638537437045421
1.75714125E-07, 0.00758196690805798
1.75716078125E-07, 0.00709800368261773
1.7571803125E-07, 0.00707088401810832
1.75719984375E-07, 0.00814246072223473
1.757219375E-07, 0.00685421816630812
1.75723890625E-07, 0.00751059469660259
1.7572584375E-07, 0.00770948433445835
1.75727796875E-07, 0.00827266185684679
1.7572975E-07, 0.00715670440318736
1.75731703125E-07, 0.00764068030348278
1.7573365625E-07, 0.00707035551917459
1.75735609375E-07, 0.00805039737877128
1.757375625E-07, 0.00835163372603054
1.75739515625E-07, 0.00695923080969133
1.7574146875E-07, 0.00850985994298128
1.75743421875E-07, 0.00889635688852351
1.75745375E-07, 0.00853858432734093
1.75747328125E-07, 0.0088316184680937
1.7574928125E-07, 0.00932690231341141
1.75751234375E-07, 0.00856980232909787
1.757531875E-07, 0.00924180631187765
1.75755140625E-07, 0.00923512716537467
1.7575709375E-07, 0.00906012473896484
1.75759046875E-07, 0.00907100800085073
1.75761E-07, 0.00915530762041668
1.75762953125E-07, 0.0104592118381401
1.7576490625E-07, 0.00932518886273711
1.75766859375E-07, 0.0093346093800059
1.757688125E-07, 0.0100103211650016
1.75770765625E-07, 0.00980247572392287
1.7577271875E-07, 0.0109288357666111
1.75774671875E-07, 0.00970048996893784
1.75776625E-07, 0.009917249302196
1.75778578125E-07, 0.010322923593989
1.7578053125E-07, 0.0106290458406196
1.75782484375E-07, 0.00952966760739856
1.757844375E-07, 0.00984836001401479
1.75786390625E-07, 0.0103001011106374
1.7578834375E-07, 0.0114475437351228
1.75790296875E-07, 0.0106615571496949
1.7579225E-07, 0.0102097374115248
1.75794203125E-07, 0.0105151193196425
1.7579615625E-07, 0.0115405277036726
1.75798109375E-07, 0.0105876783238381
1.758000625E-07, 0.011174394106622
1.75802015625E-07, 0.0104920114224456
1.7580396875E-07, 0.0111789793786032
1.75805921875E-07, 0.011023917326451
1.75807875E-07, 0.0105789135356278
1.75809828125E-07, 0.0111373978038952
1.7581178125E-07, 0.011697689745337
1.75813734375E-07, 0.0110351898761786
1.758156875E-07, 0.0112378489187342
1.75817640625E-07, 0.0103607592465343
1.7581959375E-07, 0.0114895972600631
1.75821546875E-07, 0.0117492888743536
1.758235E-07, 0.0110489371760926
1.75825453125E-07, 0.0121104288084514
1.7582740625E-07, 0.01182466407144
1.75829359375E-07, 0.012089740371689
1.758313125E-07, 0.0121551517550854
1.75833265625E-07, 0.0126061484283404
1.7583521875E-07, 0.0110720599219296
1.75837171875E-07, 0.0116727222423499
1.75839125E-07, 0.0129830764339852
1.75841078125E-07, 0.0119971193816977
1.7584303125E-07, 0.0123771239961851
1.75844984375E-07, 0.0120148846039376
1.758469375E-07, 0.0129056424661727
1.75848890625E-07, 0.01369677740975
1.7585084375E-07, 0.0116726161277542
1.75852796875E-07, 0.0126638090564536
1.7585475E-07, 0.012799838843547
1.75856703125E-07, 0.0123296350293397
1.7585865625E-07, 0.0130646563144532
1.75860609375E-07, 0.0128948809285944
1.758625625E-07, 0.0140288779290061
1.75864515625E-07, 0.0124825696636609
1.7586646875E-07, 0.0126514239304461
1.75868421875E-07, 0.0129100367896749
1.75870375E-07, 0.0125876992813211
1.75872328125E-07, 0.0127174256563831
1.7587428125E-07, 0.0129707195590835
1.75876234375E-07, 0.013971059796105
1.758781875E-07, 0.0128026608755204
1.75880140625E-07, 0.0131677606001898
1.7588209375E-07, 0.0134984972042515
1.75884046875E-07, 0.0137627552129699
1.75886E-07, 0.0135037649727765
1.75887953125E-07, 0.0137675081824428
1.7588990625E-07, 0.012089068781457
1.75891859375E-07, 0.0127922246837818
1.758938125E-07, 0.0132454340939025
1.75895765625E-07, 0.0117627172376645
1.7589771875E-07, 0.0137950015848262
1.75899671875E-07, 0.0128703265278323
1.75901625E-07, 0.0132100944525245
1.75903578125E-07, 0.0128605477222751
1.7590553125E-07, 0.0128243816427117
1.75907484375E-07, 0.0124319125467694
1.759094375E-07, 0.0129427411651625
1.75911390625E-07, 0.0115536835550868
1.7591334375E-07, 0.0118217388353238
1.75915296875E-07, 0.0116873317396046
1.7591725E-07, 0.0112932205125575
1.75919203125E-07, 0.0117743960025948
1.7592115625E-07, 0.0111535574395455
1.75923109375E-07, 0.0102035312667137
1.759250625E-07, 0.0113931720556292
1.75927015625E-07, 0.0104756679035492
1.7592896875E-07, 0.00958483702768146
1.75930921875E-07, 0.0114761039163268
1.75932875E-07, 0.0103727889847862
1.75934828125E-07, 0.0093889401528973
1.7593678125E-07, 0.00910050535185575
1.75938734375E-07, 0.00854684103944572
1.759406875E-07, 0.00820774007645124
1.75942640625E-07, 0.00907611145399641
1.7594459375E-07, 0.00550160278889793
1.75946546875E-07, 0.00784630590498948
1.759485E-07, 0.00789966643167962
1.75950453125E-07, 0.00622944032976066
1.7595240625E-07, 0.0059644463321833
1.75954359375E-07, 0.00668447247295857
1.759563125E-07, 0.00676425832825425
1.75958265625E-07, 0.00481022628812906
1.7596021875E-07, 0.00459111494156452
1.75962171875E-07, 0.00591926209856246
1.75964125E-07, 0.00353687621460171
1.75966078125E-07, 0.00549851379895098
1.7596803125E-07, 0.00381873551038499
1.75969984375E-07, 0.00364959133668906
1.759719375E-07, 0.0035538053594756
1.75973890625E-07, 0.00125690989324088
1.7597584375E-07, 0.0012763159447256
1.75977796875E-07, 0.00151794833171238
1.7597975E-07, 0.000788901467842828
1.75981703125E-07, 0.000557781629958487
1.7598365625E-07, -0.000401807866177892
1.75985609375E-07, -0.00106789068898741
1.759875625E-07, -0.00063023110036898
1.75989515625E-07, -0.00213766056327391
1.7599146875E-07, -0.00198197078421176
1.75993421875E-07, -0.00215466189018975
1.75995375E-07, -0.00207921767297827
1.75997328125E-07, -0.00191975090163261
1.7599928125E-07, -0.00448410532668905
1.76001234375E-07, -0.0042309983295565
1.760031875E-07, -0.00278134406704274
1.76005140625E-07, -0.00534020219806535
1.7600709375E-07, -0.00356624882612064
1.76009046875E-07, -0.00569849010741986
1.76011E-07, -0.0064746002606538
1.76012953125E-07, -0.00418173241404331
1.7601490625E-07, -0.00631704845076563
1.76016859375E-07, -0.00862447942567252
1.760188125E-07, -0.00718836191965137
1.76020765625E-07, -0.00892190615216419
1.7602271875E-07, -0.00724140276966978
1.76024671875E-07, -0.00908571162668769
1.76026625E-07, -0.00837920095518826
1.76028578125E-07, -0.0087209455140872
1.7603053125E-07, -0.00971494192653675
1.76032484375E-07, -0.00985791305633583
1.760344375E-07, -0.0120049363123697
1.76036390625E-07, -0.0107359692199893
1.7603834375E-07, -0.00960875997906091
1.76040296875E-07, -0.0132343981157786
1.7604225E-07, -0.0126751993484951
1.76044203125E-07, -0.0137802258427627
1.7604615625E-07, -0.012871102295359
1.76048109375E-07, -0.0137298888499545
1.760500625E-07, -0.012142444746057
1.76052015625E-07, -0.0138044627603294
1.7605396875E-07, -0.0132372733194986
1.76055921875E-07, -0.0143378190254479
1.76057875E-07, -0.0143380627007036
1.76059828125E-07, -0.0139760751237791
1.7606178125E-07, -0.0150209390899886
1.76063734375E-07, -0.0147435751861644
1.760656875E-07, -0.0152336022643418
1.76067640625E-07, -0.0136443405664005
1.7606959375E-07, -0.0161820750629047
1.76071546875E-07, -0.0155789120748691
1.760735E-07, -0.0155831567309859
1.76075453125E-07, -0.0156120724369861
1.7607740625E-07, -0.0159736806311464
1.76079359375E-07, -0.0163881266391835
1.760813125E-07, -0.0141287895868014
1.76083265625E-07, -0.0156443996840176
1.7608521875E-07, -0.0158429477946706
1.76087171875E-07, -0.0150887598012287
1.76089125E-07, -0.0161298248380758
1.76091078125E-07, -0.0157832944959392
1.7609303125E-07, -0.0151846328959157
1.76094984375E-07, -0.0158276047307724
1.760969375E-07, -0.0147038083494524
1.76098890625E-07, -0.0157393763542886
1.7610084375E-07, -0.0151035339110693
1.76102796875E-07, -0.0139949172121087
1.7610475E-07, -0.01448039830184
1.76106703125E-07, -0.0144984079101314
1.7610865625E-07, -0.0127271745609044
1.76110609375E-07, -0.0137171976064463
1.761125625E-07, -0.0137166085162151
1.76114515625E-07, -0.0127539137154445
1.7611646875E-07, -0.0124163640942217
1.76118421875E-07, -0.0114951669998593
1.76120375E-07, -0.0120273634701281
1.76122328125E-07, -0.0113232594375543
1.7612428125E-07, -0.0116568014670039
1.76126234375E-07, -0.0117364985472929
1.761281875E-07, -0.0112358260893738
1.76130140625E-07, -0.0115126514351585
1.7613209375E-07, -0.0108382080311893
1.76134046875E-07, -0.00984995009702775
1.76136E-07, -0.0102799618011101
1.76137953125E-07, -0.00969949233503297
1.7613990625E-07, -0.00875658207170544
1.76141859375E-07, -0.0090360437704643
1.761438125E-07, -0.00792671914363605
1.76145765625E-07, -0.00876903210247601
1.7614771875E-07, -0.00784601960448371
1.76149671875E-07, -0.0063305728723637
1.76151625E-07, -0.00701209462583879
1.76153578125E-07, -0.00751035994606332
1.7615553125E-07, -0.00625440459198532
1.76157484375E-07, -0.00674546931834838
1.761594375E-07, -0.00606267700830528
1.76161390625E-07, -0.00580528607306909
1.7616334375E-07, -0.00559574247589813
1.76165296875E-07, -0.00681846888442616
1.7616725E-07, -0.005746396568254
1.76169203125E-07, -0.00608236943459276
1.7617115625E-07, -0.00537162375603263
1.76173109375E-07, -0.00653977764493697
1.761750625E-07, -0.00572791201815493
1.76177015625E-07, -0.00565930527217978
1.7617896875E-07, -0.00470118137187931
1.76180921875E-07, -0.00535396146250134
1.76182875E-07, -0.00577079766412599
1.76184828125E-07, -0.00533691575194627
1.7618678125E-07, -0.00486739266907238
1.76188734375E-07, -0.00493817211632624
1.761906875E-07, -0.00482780599169966
1.76192640625E-07, -0.00522875538578981
1.7619459375E-07, -0.00613359013859696
1.76196546875E-07, -0.00544402289228429
1.761985E-07, -0.00568633932960057
1.76200453125E-07, -0.00535416707271416
1.7620240625E-07, -0.00539766645384394
1.76204359375E-07, -0.00541400621597371
1.762063125E-07, -0.00570453993123932
1.76208265625E-07, -0.00603654434232338
1.7621021875E-07, -0.00627846603694274
1.76212171875E-07, -0.00684068735165943
1.76214125E-07, -0.0067061859888298
1.76216078125E-07, -0.00704221048729787
1.7621803125E-07, -0.00682724101613338
1.76219984375E-07, -0.00659372198074396
1.762219375E-07, -0.00698342360476964
1.76223890625E-07, -0.0066818723184967
1.7622584375E-07, -0.00703755956304656
1.76227796875E-07, -0.00769445813547842
1.7622975E-07, -0.00757792373735058
1.76231703125E-07, -0.00759292011156532
1.7623365625E-07, -0.00747702542624635
1.76235609375E-07, -0.00855813123863867
1.762375625E-07, -0.00816632187609817
1.76239515625E-07, -0.00890362496378757
1.7624146875E-07, -0.00856714625473814
1.76243421875E-07, -0.00809336174961411
1.76245375E-07, -0.00901607838288874
1.76247328125E-07, -0.0089988802689997
1.7624928125E-07, -0.0090975321309283
1.76251234375E-07, -0.00981024872918817
1.762531875E-07, -0.0100973692037583
1.76255140625E-07, -0.00929346432360055
1.7625709375E-07, -0.00954319203950411
1.76259046875E-07, -0.00949954184659659
1.76261E-07, -0.0098413213892247
1.76262953125E-07, -0.0109047891999029
1.7626490625E-07, -0.00978326763104295
1.76266859375E-07, -0.00983694499855139
1.762688125E-07, -0.0106108798251233
1.76270765625E-07, -0.010268948380003
1.7627271875E-07, -0.00990324390685219
1.76274671875E-07, -0.0102115788443727
1.76276625E-07, -0.0100649351047947
1.76278578125E-07, -0.0111376415787543
1.7628053125E-07, -0.010339369365786
1.76282484375E-07, -0.0106896677041091
1.762844375E-07, -0.0105691945398131
1.76286390625E-07, -0.0109503674193569
1.7628834375E-07, -0.0111452117690689
1.76290296875E-07, -0.0103889164914943
1.7629225E-07, -0.0105294463724076
1.76294203125E-07, -0.0114812022620414
1.7629615625E-07, -0.00998520847312544
1.76298109375E-07, -0.00951039600776708
1.763000625E-07, -0.0108461316726722
1.76302015625E-07, -0.00919685124287984
1.7630396875E-07, -0.00994805340683161
1.76305921875E-07, -0.0101098076171808
1.76307875E-07, -0.0102814573862349
1.76309828125E-07, -0.00925162321175267
1.7631178125E-07, -0.00919610685890834
1.76313734375E-07, -0.00984430017213918
1.763156875E-07, -0.00910454392268663
1.76317640625E-07, -0.00949080567756413
1.7631959375E-07, -0.00888882335272081
1.76321546875E-07, -0.00871125124122342
1.763235E-07, -0.00832687284682371
1.76325453125E-07, -0.00844650687338068
1.7632740625E-07, -0.00805148296475131
1.76329359375E-07, -0.00796257294032851
1.763313125E-07, -0.00785798775034863
1.76333265625E-07, -0.00845164373417107
1.7633521875E-07, -0.00745957400642771
1.76337171875E-07, -0.00732967121499027
1.76339125E-07, -0.00755960586398679
1.76341078125E-07, -0.00764185027840613
1.7634303125E-07, -0.00885160818420527
1.76344984375E-07, -0.00719407032988324
1.763469375E-07, -0.0060824696269117
1.76348890625E-07, -0.00764592907116777
1.7635084375E-07, -0.00648935566195141
1.76352796875E-07, -0.00613841844772771
1.7635475E-07, -0.0068292565184967
1.76356703125E-07, -0.00674693695102133
1.7635865625E-07, -0.00682870138759639
1.76360609375E-07, -0.00561696037772098
1.763625625E-07, -0.00666824755222966
1.76364515625E-07, -0.00568437267254028
1.7636646875E-07, -0.00482121314635481
1.76368421875E-07, -0.00592811186256807
1.76370375E-07, -0.00545369700317894
1.76372328125E-07, -0.00548277784063337
1.7637428125E-07, -0.00502941860537725
1.76376234375E-07, -0.00572275894746879
1.763781875E-07, -0.00483339615960053
1.76380140625E-07, -0.00529656744365507
1.7638209375E-07, -0.00509415204222855
1.76384046875E-07, -0.00550184030959082
1.76386E-07, -0.00523074549233722
1.76387953125E-07, -0.00528794685463478
1.7638990625E-07, -0.00436095811536024
1.76391859375E-07, -0.00493856698816534
1.763938125E-07, -0.00473004856740439
1.76395765625E-07, -0.00432927434163495
1.7639771875E-07, -0.0051733191887165
1.76399671875E-07, -0.00517994300957281
1.76401625E-07, -0.00424222080541227
1.76403578125E-07, -0.00440667463085941
1.7640553125E-07, -0.00449224561379443
1.76407484375E-07, -0.00436452038962239
1.764094375E-07, -0.0046458018134593
1.76411390625E-07, -0.00480648698262828
1.7641334375E-07, -0.00455842247688593
1.76415296875E-07, -0.00602327786023045
1.7641725E-07, -0.00487575108132263
1.76419203125E-07, -0.00515264019463361
1.7642115625E-07, -0.00483058297484328
1.76423109375E-07, -0.0042215754571573
1.764250625E-07, -0.00532668625085635
1.76427015625E-07, -0.00498788848785172
1.7642896875E-07, -0.00467456134235124
1.76430921875E-07, -0.00448133676114749
1.76432875E-07, -0.00406833307717216
1.76434828125E-07, -0.00397198043139809
1.7643678125E-07, -0.00409082971625874
1.76438734375E-07, -0.00513723266191423
1.764406875E-07, -0.00488682077662103
1.76442640625E-07, -0.00484358270665479
1.7644459375E-07, -0.00512834779222968
1.76446546875E-07, -0.00533377425524602
1.764485E-07, -0.00511329127974769
1.76450453125E-07, -0.00510780634387852
1.7645240625E-07, -0.00470842958693768
1.76454359375E-07, -0.00562789510792902
1.764563125E-07, -0.0042075300161476
1.76458265625E-07, -0.00470340722552215
1.7646021875E-07, -0.00485498494191992
1.76462171875E-07, -0.0054415187208679
1.76464125E-07, -0.00389636928544918
1.76466078125E-07, -0.00471972159154084
1.7646803125E-07, -0.0052085663080456
1.76469984375E-07, -0.0051207039707224
1.764719375E-07, -0.00411166268956585
1.76473890625E-07, -0.00533150684467409
1.7647584375E-07, -0.00409584076765424
1.76477796875E-07, -0.00453680201724588
1.7647975E-07, -0.00449607337094712
1.76481703125E-07, -0.00406775499641038
1.7648365625E-07, -0.00546223404783283
1.76485609375E-07, -0.00459088006855578
1.764875625E-07, -0.00400115621703911
1.76489515625E-07, -0.00457427419499116
1.7649146875E-07, -0.00491051394808645
1.76493421875E-07, -0.00461258611430725
1.76495375E-07, -0.00392522939689615
1.76497328125E-07, -0.00390142729598468
1.7649928125E-07, -0.00420634037707184
1.76501234375E-07, -0.00419268232354948
1.765031875E-07, -0.00425507129442677
1.76505140625E-07, -0.00375808646916231
1.7650709375E-07, -0.00316833108314701
1.76509046875E-07, -0.00376938193912065
1.76511E-07, -0.00385005946213799
1.76512953125E-07, -0.0038957141936002
1.7651490625E-07, -0.00372578166067907
1.76516859375E-07, -0.00339561359885669
1.765188125E-07, -0.00386791791069474
1.76520765625E-07, -0.00358791490700521
1.7652271875E-07, -0.00340339386316973
1.76524671875E-07, -0.00371258032554324
1.76526625E-07, -0.00346028987861867
1.76528578125E-07, -0.00376085886965146
1.7653053125E-07, -0.00347550437190306
1.76532484375E-07, -0.00353217326341006
1.765344375E-07, -0.00313529417882525
1.76536390625E-07, -0.00305964379544019
1.7653834375E-07, -0.00267605312248294
1.76540296875E-07, -0.00358907557231175
1.7654225E-07, -0.00340439443515895
1.76544203125E-07, -0.00306005620206426
1.7654615625E-07, -0.00273440732721183
1.76548109375E-07, -0.0024741593511108
1.765500625E-07, -0.00282062118162614
1.76552015625E-07, -0.00265919133531215
1.7655396875E-07, -0.0030589220727679
1.76555921875E-07, -0.00305389917909337
1.76557875E-07, -0.00306559371838338
1.76559828125E-07, -0.00263681836450698
1.7656178125E-07, -0.00350200311888254
1.76563734375E-07, -0.00318399939648524
1.765656875E-07, -0.00345835568371707
1.76567640625E-07, -0.0037159906341741
1.7656959375E-07, -0.0029919315156545
1.76571546875E-07, -0.0032174784919653
1.765735E-07, -0.00312639038565744
1.76575453125E-07, -0.00307051954367003
1.7657740625E-07, -0.00317081930987239
1.76579359375E-07, -0.0026581801067783
1.765813125E-07, -0.00325470173151787
1.76583265625E-07, -0.00318658641275842
1.7658521875E-07, -0.00271148735693879
1.76587171875E-07, -0.00273987095148897
1.76589125E-07, -0.00282833789008565
1.76591078125E-07, -0.00311818211587418
1.7659303125E-07, -0.00290598911539157
1.76594984375E-07, -0.00262716675587382
1.765969375E-07, -0.00355025295086713
1.76598890625E-07, -0.00326683498407898
1.7660084375E-07, -0.00313524630038545
1.76602796875E-07, -0.00312141574357588
1.7660475E-07, -0.00313033599036905
1.76606703125E-07, -0.00283459882339504
1.7660865625E-07, -0.00245833792985817
1.76610609375E-07, -0.00324924034899154
1.766125625E-07, -0.00273193060920279
1.76614515625E-07, -0.00327157144354735
1.7661646875E-07, -0.00252603352010883
1.76618421875E-07, -0.00261621710814243
1.76620375E-07, -0.00285157264288838
1.76622328125E-07, -0.00269212905173134
1.7662428125E-07, -0.00289329602834907
1.76626234375E-07, -0.00272384940528589
1.766281875E-07, -0.00224469024931748
1.76630140625E-07, -0.00333496400605449
1.7663209375E-07, -0.00225778361359183
1.76634046875E-07, -0.00306351420148518
1.76636E-07, -0.0026807688518802
1.76637953125E-07, -0.00259018210714118
1.7663990625E-07, -0.00276822461852494
1.76641859375E-07, -0.00270701157049978
1.766438125E-07, -0.00260878913998575
1.76645765625E-07, -0.00193502412896133
1.7664771875E-07, -0.00252851310665229
1.76649671875E-07, -0.00243378408316774
1.76651625E-07, -0.00223206450846964
1.76653578125E-07, -0.00221763922896576
1.7665553125E-07, -0.0023026117443885
1.76657484375E-07, -0.00196708047115719
1.766594375E-07, -0.00225060361227515
1.76661390625E-07, -0.00256529008935323
1.7666334375E-07, -0.00230072818750905
1.76665296875E-07, -0.00179077627211562
1.7666725E-07, -0.0024162615123531
1.76669203125E-07, -0.0019587161698029
1.7667115625E-07, -0.0022766854054935
1.76673109375E-07, -0.00209824048018875
1.766750625E-07, -0.00165546548664273
1.76677015625E-07, -0.00176257528576005
1.7667896875E-07, -0.00204552122792828
1.76680921875E-07, -0.00244760563653795
1.76682875E-07, -0.00189333942895831
1.76684828125E-07, -0.00218238329027576
1.7668678125E-07, -0.00200735987344439
1.76688734375E-07, -0.0021821259693211
1.766906875E-07, -0.00171373344307801
1.76692640625E-07, -0.00156674343446154
1.7669459375E-07, -0.00225167158955871
1.76696546875E-07, -0.00204233758702676
1.766985E-07, -0.00193465789420071
1.76700453125E-07, -0.00226458228571215
1.7670240625E-07, -0.00206960545826954
1.76704359375E-07, -0.00255312073632356
1.767063125E-07, -0.00232075974513532
1.76708265625E-07, -0.0017621929080451
1.7671021875E-07, -0.00242560283745752
1.76712171875E-07, -0.00205937335625369
1.76714125E-07, -0.00172037730886168
1.76716078125E-07, -0.00190595371360093
1.7671803125E-07, -0.00174725857137721
1.76719984375E-07, -0.00243038406839085
1.767219375E-07, -0.00219839614673302
1.76723890625E-07, -0.00245139175768257
1.7672584375E-07, -0.00140509042537202
1.76727796875E-07, -0.00185689522462785
1.7672975E-07, -0.00239512030289313
1.76731703125E-07, -0.00137047685950563
1.7673365625E-07, -0.00160450065223125
1.76735609375E-07, -0.00242770587909103
1.767375625E-07, -0.00242457741486504
1.76739515625E-07, -0.00166277353518919
1.7674146875E-07, -0.0020906777310422
1.76743421875E-07, -0.00208146444326177
1.76745375E-07, -0.00249317369962371
1.76747328125E-07, -0.00167217922681231
1.7674928125E-07, -0.00215384761022297
1.76751234375E-07, -0.0015072814815761
1.767531875E-07, -0.000940112355353257
1.76755140625E-07, -0.000840673580276205
1.7675709375E-07, -0.0010768089432929
1.76759046875E-07, -0.000681954613347202
1.76761E-07, -0.00112836911656495
1.76762953125E-07, -0.000608006556354298
1.7676490625E-07, -0.000144807754601416
1.76766859375E-07, -0.00144811537205545
1.767688125E-07, -6.16984726365503E-08
1.76770765625E-07, -4.50143488317551E-05
1.7677271875E-07, 0.000315241132121603
1.76774671875E-07, 0.000487683419790121
1.76776625E-07, 0.000395400175137862
1.76778578125E-07, 0.000456964053700384
1.7678053125E-07, 0.00155440460313358
1.76782484375E-07, 0.00190455858472194
1.767844375E-07, 0.00198600332269496
1.76786390625E-07, 0.00186284058558759
1.7678834375E-07, 0.00206983095821484
1.76790296875E-07, 0.00318335141886351
1.7679225E-07, 0.0026590985947909
1.76794203125E-07, 0.00308447420003258
1.7679615625E-07, 0.00353704598977343
1.76798109375E-07, 0.00395715363154364
1.768000625E-07, 0.00455689568747667
1.76802015625E-07, 0.00411625178793578
1.7680396875E-07, 0.00420127828271124
1.76805921875E-07, 0.00451442507943739
1.76807875E-07, 0.00480959049357601
1.76809828125E-07, 0.00563059328949999
1.7681178125E-07, 0.00574519451784546
1.76813734375E-07, 0.00574045979773603
1.768156875E-07, 0.00612936060919248
1.76817640625E-07, 0.00593529907507898
1.7681959375E-07, 0.00594094484334887
1.76821546875E-07, 0.00660184281835223
1.768235E-07, 0.0064963414369879
1.76825453125E-07, 0.00682724773398672
1.7682740625E-07, 0.00659467091912653
1.76829359375E-07, 0.00701989776905927
1.768313125E-07, 0.00620380827748285
1.76833265625E-07, 0.00657922541641618
1.7683521875E-07, 0.0059386715872054
1.76837171875E-07, 0.00695652221362463
1.76839125E-07, 0.00714160036968278
1.76841078125E-07, 0.00664580716943808
1.7684303125E-07, 0.00726297700949175
1.76844984375E-07, 0.00634542153876087
1.768469375E-07, 0.00646563941688371
1.76848890625E-07, 0.00595230176311712
1.7685084375E-07, 0.00606533727193457
1.76852796875E-07, 0.00587299136137249
1.7685475E-07, 0.00642120622846468
1.76856703125E-07, 0.00592164945174164
1.7685865625E-07, 0.00515848550706266
1.76860609375E-07, 0.00563937781487729
1.768625625E-07, 0.00459892202777143
1.76864515625E-07, 0.00519645410620077
1.7686646875E-07, 0.00497770048416896
1.76868421875E-07, 0.00483736870419898
1.76870375E-07, 0.00473385996078472
1.76872328125E-07, 0.00408144947747843
1.7687428125E-07, 0.00405050968031063
1.76876234375E-07, 0.00360041430450526
1.768781875E-07, 0.00402185831543331
1.76880140625E-07, 0.00330078665533366
1.7688209375E-07, 0.00326233807656507
1.76884046875E-07, 0.00323675946366875
1.76886E-07, 0.00244278830467507
1.76887953125E-07, 0.00244976963151614
1.7688990625E-07, 0.00146841533671985
1.76891859375E-07, 0.00120574823005539
1.768938125E-07, 0.00114220963282717
1.76895765625E-07, 0.000961821853610263
1.7689771875E-07, 0.000766881430609197
1.76899671875E-07, 0.000778341003830701
1.76901625E-07, 0.000203311056118907
1.76903578125E-07, 0.000228468971427547
1.7690553125E-07, -0.000265588571366469
1.76907484375E-07, -0.000355138483440022
1.769094375E-07, -0.000220908795259241
1.76911390625E-07, 4.78144122070543E-05
1.7691334375E-07, -0.000539182869490351
1.76915296875E-07, 0.000484366840369154
1.7691725E-07, -0.000492516694923267
1.76919203125E-07, -0.00127568773867372
1.7692115625E-07, -0.000704428720390138
1.76923109375E-07, -0.00074299762604822
1.769250625E-07, -0.00176996090851734
1.76927015625E-07, -0.00116708288446542
1.7692896875E-07, -0.00122181893690443
1.76930921875E-07, -0.00109129142575876
1.76932875E-07, -0.000275260570428181
1.76934828125E-07, -0.000324525796559167
1.7693678125E-07, -0.000531358708469501
1.76938734375E-07, -0.000906878054148734
1.769406875E-07, -0.000488768618682961
1.76942640625E-07, -0.000619937225672649
1.7694459375E-07, -0.000797333859971386
1.76946546875E-07, -0.000628104317606115
1.769485E-07, -0.000741884180823667
1.76950453125E-07, -0.000143817845556129
1.7695240625E-07, -0.000605618940335825
1.76954359375E-07, -0.000161521297682889
1.769563125E-07, -0.000729641487247724
1.76958265625E-07, -0.000335816957200917
1.7696021875E-07, -0.000262024354251403
1.76962171875E-07, -0.000397931714592032
1.76964125E-07, 3.65426358043677E-05
1.76966078125E-07, 4.4398614800338E-05
1.7696803125E-07, 0.00014476091257244
1.76969984375E-07, 0.000556895128435909
1.769719375E-07, 0.000780177724413942
1.76973890625E-07, 0.000365936686554965
1.7697584375E-07, 0.00050437782982166
1.76977796875E-07, 0.000715620942403357
1.7697975E-07, 0.000599287078874791
1.76981703125E-07, 0.000491592454054808
1.7698365625E-07, 0.000558792997599964
1.76985609375E-07, 0.000822158190539322
1.769875625E-07, 0.000905543787988464
1.76989515625E-07, 0.000286807990500397
1.7699146875E-07, 0.00115133395610998
1.76993421875E-07, 0.00164674911139905
1.76995375E-07, 0.00117495946326808
1.76997328125E-07, 0.00110960675465124
1.7699928125E-07, 0.00134328987348797
1.77001234375E-07, 0.00188666329209641
1.770031875E-07, 0.00109232278671108
1.77005140625E-07, 0.00168360681222086
1.7700709375E-07, 0.00139967416982379
1.77009046875E-07, 0.00145051635192432
1.77011E-07, 0.000694394608133851
1.77012953125E-07, 0.00091557160499361
1.7701490625E-07, 0.00161627583848794
1.77016859375E-07, 0.000355823802150769
1.770188125E-07, 0.00107211881890127
1.77020765625E-07, 0.0015262847661493
1.7702271875E-07, 0.00145720566707973
1.77024671875E-07, 0.000662862228246673
1.77026625E-07, 0.0010561897390445
1.77028578125E-07, 0.000383351846583983
1.7703053125E-07, 0.00184024383874878
1.77032484375E-07, 0.00104824039011442
1.770344375E-07, 0.000809549242890062
1.77036390625E-07, 0.0012312229918942
1.7703834375E-07, 0.000410354780133846
1.77040296875E-07, 0.000644662996976133
1.7704225E-07, 0.00157065280349617
1.77044203125E-07, -0.000116235363776373
1.7704615625E-07, 0.00032202209498754
1.77048109375E-07, -0.00032113921058067
1.770500625E-07, 0.00152105547198071
1.77052015625E-07, -0.000276302779292019
1.7705396875E-07, 0.000634332324033013
1.77055921875E-07, 0.00077709563787103
1.77057875E-07, 0.000367334938115092
1.77059828125E-07, 0.00107609980417703
1.7706178125E-07, 0.00138735892790458
1.77063734375E-07, 0.000822911804976628
1.770656875E-07, 7.64379054701115E-05
1.77067640625E-07, 0.000197980226196525
1.7706959375E-07, 0.000275467968607832
1.77071546875E-07, 0.00062382202310956
1.770735E-07, 0.000791412411760264
1.77075453125E-07, 0.000507977183711048
1.7707740625E-07, 0.00088461175591771
1.77079359375E-07, 0.00145891209087061
1.770813125E-07, 0.000399156628881544
1.77083265625E-07, 0.00088200396745403
1.7708521875E-07, 0.00138894958278053
1.77087171875E-07, 0.000751799177387297
1.77089125E-07, 0.00165453749269554
1.77091078125E-07, 0.00126123933718236
1.7709303125E-07, 0.00104060204909514
1.77094984375E-07, 0.00191979587158713
1.770969375E-07, 0.00161518662377184
1.77098890625E-07, 0.00224885123226826
1.7710084375E-07, 0.00232619134281107
1.77102796875E-07, 0.00211306754038167
1.7710475E-07, 0.00184871605766249
1.77106703125E-07, 0.00306100109064478
1.7710865625E-07, 0.00269791693855908
1.77110609375E-07, 0.00255227100178425
1.771125625E-07, 0.00218047890716862
1.77114515625E-07, 0.00376169453227099
1.7711646875E-07, 0.00292175706256415
1.77118421875E-07, 0.00453835757902194
1.77120375E-07, 0.00382167289380059
1.77122328125E-07, 0.00518481509264519
1.7712428125E-07, 0.00371955000982513
1.77126234375E-07, 0.00490195677591935
1.771281875E-07, 0.00355013006270299
1.77130140625E-07, 0.00525990827324396
1.7713209375E-07, 0.00497688158242467
1.77134046875E-07, 0.00539038200147564
1.77136E-07, 0.00519446311440539
1.77137953125E-07, 0.00534876449137415
1.7713990625E-07, 0.00605059456163844
1.77141859375E-07, 0.00605287856199361
1.771438125E-07, 0.00666639435182229
1.77145765625E-07, 0.00634524014874145
1.7714771875E-07, 0.00673519910616527
1.77149671875E-07, 0.0064126359914228
1.77151625E-07, 0.00710826647227277
1.77153578125E-07, 0.0066274376547952
1.7715553125E-07, 0.00733186007365114
1.77157484375E-07, 0.00713066697642061
1.771594375E-07, 0.00748096973945606
1.77161390625E-07, 0.00821177732850175
1.7716334375E-07, 0.00679919599690824
1.77165296875E-07, 0.00758997961214689
1.7716725E-07, 0.00787719354861881
1.77169203125E-07, 0.00782301166715349
1.7717115625E-07, 0.00790115406166124
1.77173109375E-07, 0.00812566860579357
1.771750625E-07, 0.00786040047737694
1.77177015625E-07, 0.00793776241470091
1.7717896875E-07, 0.00899801442931093
1.77180921875E-07, 0.00854702636243024
1.77182875E-07, 0.00880044926558036
1.77184828125E-07, 0.00897182748866504
1.7718678125E-07, 0.00837264500655195
1.77188734375E-07, 0.00826138732532376
1.771906875E-07, 0.00846716527007448
1.77192640625E-07, 0.00861466786618475
1.7719459375E-07, 0.00875907330197414
1.77196546875E-07, 0.00838256832315966
1.771985E-07, 0.00762073789575799
1.77200453125E-07, 0.00849431010356242
1.7720240625E-07, 0.0085149103708022
1.77204359375E-07, 0.00801844936340414
1.772063125E-07, 0.00884298461386266
1.77208265625E-07, 0.00881130241715546
1.7721021875E-07, 0.00843829489444233
1.77212171875E-07, 0.00776546368695752
1.77214125E-07, 0.00789247065197421
1.77216078125E-07, 0.00773967704569564
1.7721803125E-07, 0.00699599511130703
1.77219984375E-07, 0.00787523347857079
1.772219375E-07, 0.00691108530835789
1.77223890625E-07, 0.00712673563982925
1.7722584375E-07, 0.00696176533197478
1.77227796875E-07, 0.00742404940522135
1.7722975E-07, 0.00747821521991275
1.77231703125E-07, 0.00710817991678335
1.7723365625E-07, 0.00759700912926068
1.77235609375E-07, 0.0062585143581826
1.772375625E-07, 0.00694102678784831
1.77239515625E-07, 0.00633918749961125
1.7724146875E-07, 0.00652121850418829
1.77243421875E-07, 0.0067692059540247
1.77245375E-07, 0.00649209874390686
1.77247328125E-07, 0.0067973196457241
1.7724928125E-07, 0.00586558850829414
1.77251234375E-07, 0.00607588504224229
1.772531875E-07, 0.00483437426372219
1.77255140625E-07, 0.00556138633925386
1.7725709375E-07, 0.00525720149542977
1.77259046875E-07, 0.00506453765420156
1.77261E-07, 0.0050213266423946
1.77262953125E-07, 0.00564211772560227
1.7726490625E-07, 0.00475368746019672
1.77266859375E-07, 0.00524452797202008
1.772688125E-07, 0.00429450047052194
1.77270765625E-07, 0.00412128779362161
1.7727271875E-07, 0.00330824377040065
1.77274671875E-07, 0.00339982345552942
1.77276625E-07, 0.00387339185905095
1.77278578125E-07, 0.00262617068553826
1.7728053125E-07, 0.00289287764978459
1.77282484375E-07, 0.00294080899062742
1.772844375E-07, 0.00316274908601355
1.77286390625E-07, 0.00264667868216418
1.7728834375E-07, 0.00256567689544605
1.77290296875E-07, 0.0027775728294432
1.7729225E-07, 0.00177317078172126
1.77294203125E-07, 0.00346520481609446
1.7729615625E-07, 0.00213103605208272
1.77298109375E-07, 0.00255078180024873
1.773000625E-07, 0.00158443946179488
1.77302015625E-07, 0.00152703751941999
1.7730396875E-07, 0.00249426809816427
1.77305921875E-07, 0.00182102199246238
1.77307875E-07, 0.00187938592512742
1.77309828125E-07, 0.000899917640840196
1.7731178125E-07, 0.00108584556927651
1.77313734375E-07, 0.00150228608634956
1.773156875E-07, 0.00124439765667921
1.77317640625E-07, 0.00089410245829388
1.7731959375E-07, 0.0018682781478729
1.77321546875E-07, 0.000987227459433018
1.773235E-07, 0.0013958111101256
1.77325453125E-07, 0.00067681463109328
1.7732740625E-07, 1.54560406824201E-05
1.77329359375E-07, 0.00038302577647399
1.773313125E-07, 0.000549513226252335
1.77333265625E-07, 0.000625738247449535
1.7733521875E-07, 0.00113524110003876
1.77337171875E-07, 0.000655831881249367
1.77339125E-07, 0.000191035245262971
1.77341078125E-07, 0.000822737132223917
1.7734303125E-07, 0.000731931848482557
1.77344984375E-07, -8.39442121003603E-06
1.773469375E-07, -5.26131597940637E-05
1.77348890625E-07, -0.000128836560928336
1.7735084375E-07, 0.000169639563957328
1.77352796875E-07, -0.000516663650457953
1.7735475E-07, -5.54755440568458E-05
1.77356703125E-07, 0.000623149103662987
1.7735865625E-07, -0.000246607724972208
1.77360609375E-07, -0.000852276306866088
1.773625625E-07, -0.00034549299718295
1.77364515625E-07, 0.000442669495251063
1.7736646875E-07, -0.000561582646845976
1.77368421875E-07, 0.000759189508856371
1.77370375E-07, -0.000155639676649218
1.77372328125E-07, -0.000221965045078734
1.7737428125E-07, -0.00033880706271488
1.77376234375E-07, -0.000197376978387778
1.773781875E-07, -0.000260081703786169
1.77380140625E-07, -0.000915532427099729
1.7738209375E-07, -0.00104869146275277
1.77384046875E-07, -0.00100528032093075
1.77386E-07, -0.000115733256685618
1.77387953125E-07, -0.000790966316331889
1.7738990625E-07, -0.00073430382360748
1.77391859375E-07, -0.000207599060458428
1.773938125E-07, -0.000157044108900282
1.77395765625E-07, -0.000371702916539048
1.7739771875E-07, -0.0010488532173886
1.77399671875E-07, -0.000368564749965089
1.77401625E-07, -4.06920848833126E-05
1.77403578125E-07, -0.0014794033778733
1.7740553125E-07, -0.000586290392263148
1.77407484375E-07, -0.00158615549540524
1.774094375E-07, -0.0013398561502308
1.77411390625E-07, -0.00168546708798483
1.7741334375E-07, -0.00163618021962623
1.77415296875E-07, -0.00147529323177714
1.7741725E-07, -0.00161761684657817
1.77419203125E-07, -0.00126677866740948
1.7742115625E-07, -0.00251705963340634
1.77423109375E-07, -0.00194710346481662
1.774250625E-07, -0.00231661308725462
1.77427015625E-07, -0.000630475993447056
1.7742896875E-07, -0.00210615156050354
1.77430921875E-07, -0.0034983314930211
1.77432875E-07, -0.00368197110688432
1.77434828125E-07, -0.00224537233343492
1.7743678125E-07, -0.0032030952639391
1.77438734375E-07, -0.00325135690140532
1.774406875E-07, -0.00347640718661335
1.77442640625E-07, -0.00379410560026222
1.7744459375E-07, -0.00332767435410042
1.77446546875E-07, -0.00400241516278018
1.774485E-07, -0.00349859677867279
1.77450453125E-07, -0.00390195905370107
1.7745240625E-07, -0.00374439693524264
1.77454359375E-07, -0.00465571127700402
1.774563125E-07, -0.00510940680249607
1.77458265625E-07, -0.00453359079641203
1.7746021875E-07, -0.00462639107264968
1.77462171875E-07, -0.00481608575618113
1.77464125E-07, -0.00465909380920021
1.77466078125E-07, -0.00460178500214658
1.7746803125E-07, -0.0049987684738909
1.77469984375E-07, -0.00509101047385917
1.774719375E-07, -0.00523931720484961
1.77473890625E-07, -0.00481575142399887
1.7747584375E-07, -0.00616834414021729
1.77477796875E-07, -0.00543677719442054
1.7747975E-07, -0.00542247292583909
1.77481703125E-07, -0.00515413170111063
1.7748365625E-07, -0.00579280441509762
1.77485609375E-07, -0.00541332176308815
1.774875625E-07, -0.00509226004986705
1.77489515625E-07, -0.00576592451636865
1.7749146875E-07, -0.00535274005553935
1.77493421875E-07, -0.00562815229764647
1.77495375E-07, -0.00489386391029627
1.77497328125E-07, -0.00527549985033411
1.7749928125E-07, -0.00563853951156251
1.77501234375E-07, -0.00560650115592551
1.775031875E-07, -0.00625435634613455
1.77505140625E-07, -0.00582157000936311
1.7750709375E-07, -0.00546689330738137
1.77509046875E-07, -0.00515548678901836
1.77511E-07, -0.00563774093171987
1.77512953125E-07, -0.00571330688055811
1.7751490625E-07, -0.00509537552445249
1.77516859375E-07, -0.00545788986575953
1.775188125E-07, -0.00625578031283638
1.77520765625E-07, -0.00563471607758988
1.7752271875E-07, -0.00496537444778331
1.77524671875E-07, -0.00537404161327209
1.77526625E-07, -0.00496492122853732
1.77528578125E-07, -0.00542475338282551
1.7753053125E-07, -0.00521532043671899
1.77532484375E-07, -0.00488956813546266
1.775344375E-07, -0.00592913793221486
1.77536390625E-07, -0.00501162865478585
1.7753834375E-07, -0.00581171470481867
1.77540296875E-07, -0.00511596138492708
1.7754225E-07, -0.00475172833998025
1.77544203125E-07, -0.00415009274296043
1.7754615625E-07, -0.0057319309475579
1.77548109375E-07, -0.00464857122495828
1.775500625E-07, -0.00520219330286053
1.77552015625E-07, -0.00513851300774293
1.7755396875E-07, -0.0054031895896999
1.77555921875E-07, -0.00477577941868225
1.77557875E-07, -0.00547368062735608
1.77559828125E-07, -0.00461072291877846
1.7756178125E-07, -0.00458244083532037
1.77563734375E-07, -0.0034046563126107
1.775656875E-07, -0.00384494229606568
1.77567640625E-07, -0.00518093586549934
1.7756959375E-07, -0.00399376969758556
1.77571546875E-07, -0.00466748808514342
1.775735E-07, -0.0043054383892289
1.77575453125E-07, -0.00391802947088582
1.7757740625E-07, -0.00438479282779928
1.77579359375E-07, -0.0038619093939839
1.775813125E-07, -0.00386212589432455
1.77583265625E-07, -0.00487768204984649
1.7758521875E-07, -0.00356950828699852
1.77587171875E-07, -0.00324886394477836
1.77589125E-07, -0.00391344549434257
1.77591078125E-07, -0.00348720751461458
1.7759303125E-07, -0.00407196090439789
1.77594984375E-07, -0.00339465042515204
1.775969375E-07, -0.00343005780192343
1.77598890625E-07, -0.00362287012999385
1.7760084375E-07, -0.00408284333835408
1.77602796875E-07, -0.0036681245185908
1.7760475E-07, -0.00300416410019207
1.77606703125E-07, -0.00238703209902992
1.7760865625E-07, -0.00332542907680915
1.77610609375E-07, -0.00301139297318294
1.776125625E-07, -0.00295096663969635
1.77614515625E-07, -0.00273531331409973
1.7761646875E-07, -0.00270768240091421
1.77618421875E-07, -0.00264474638840317
1.77620375E-07, -0.00323813134437964
1.77622328125E-07, -0.0012824724683179
1.7762428125E-07, -0.00191907918569063
1.77626234375E-07, -0.00134519695010864
1.776281875E-07, -0.00239139191229389
1.77630140625E-07, -0.00112088237247361
1.7763209375E-07, -0.00187894363252316
1.77634046875E-07, -0.00211011226959617


