File Format, WaveformXYValues
Format Version, 1
Instrument, N1045A,04F,LOJ
SwVersion, A.06.71.21
SerialNumber, MY56260108
Date, 11/29/2023 13:25:51 GMT+08:00

Source Name, Channel 1A

Points, 2048
Signal Type, Unspecified
Channel Bandwidth, 2E+10
Channel Noise, 6.66857143682292E-05
X Units, Second
Y Units, Volt
Data, 
1.73636E-07, -0.00118041837693157
1.73637953125E-07, -0.00160107225181765
1.7363990625E-07, -0.00128610368646843
1.73641859375E-07, -0.00116561582184927
1.736438125E-07, -0.00139344472403826
1.73645765625E-07, -0.00138711172989446
1.7364771875E-07, -0.00130697997044675
1.73649671875E-07, -0.00106239690094835
1.73651625E-07, -0.00132688724652022
1.73653578125E-07, -0.00109119743360799
1.7365553125E-07, -0.00147711625866579
1.73657484375E-07, -0.00135824617181001
1.736594375E-07, -0.00111052259755401
1.73661390625E-07, -0.0013049766710641
1.7366334375E-07, -0.00124569530068577
1.73665296875E-07, -0.00131079468222962
1.7366725E-07, -0.0013915243045361
1.73669203125E-07, -0.00157666699231081
1.7367115625E-07, -0.00140969992517243
1.73673109375E-07, -0.00137743211204249
1.736750625E-07, -0.00128998384303416
1.73677015625E-07, -0.00128489814102416
1.7367896875E-07, -0.001185796582902
1.73680921875E-07, -0.00131294847615229
1.73682875E-07, -0.000870320307656454
1.73684828125E-07, -0.00137420869006413
1.7368678125E-07, -0.00151755470661958
1.73688734375E-07, -0.00115864344727654
1.736906875E-07, -0.00128206809371996
1.73692640625E-07, -0.00146747943141155
1.7369459375E-07, -0.00117077065512447
1.73696546875E-07, -0.00108290745515276
1.736985E-07, -0.00131869365879771
1.73700453125E-07, -0.00131713535160215
1.7370240625E-07, -0.00129348136160586
1.73704359375E-07, -0.00142306920992643
1.737063125E-07, -0.00155851230977179
1.73708265625E-07, -0.00122802351601295
1.7371021875E-07, -0.00125410367559223
1.73712171875E-07, -0.00107826895121184
1.73714125E-07, -0.0012539871218131
1.73716078125E-07, -0.00148000271745699
1.7371803125E-07, -0.00137372917601781
1.73719984375E-07, -0.000870090137198156
1.737219375E-07, -0.00204266490066953
1.73723890625E-07, -0.00149333775049221
1.7372584375E-07, -0.00159166391061361
1.73727796875E-07, -0.00156926670784321
1.7372975E-07, -0.00138486432791847
1.73731703125E-07, -0.00146312432641933
1.7373365625E-07, -0.0015636975037064
1.73735609375E-07, -0.00165731041557639
1.737375625E-07, -0.00132291969565746
1.73739515625E-07, -0.00184672232887456
1.7374146875E-07, -0.00185103132786709
1.73743421875E-07, -0.00155075503251407
1.73745375E-07, -0.00175637037885291
1.73747328125E-07, -0.00113301920616647
1.7374928125E-07, -0.00145534512912363
1.73751234375E-07, -0.00198800384625153
1.737531875E-07, -0.00174131892220887
1.73755140625E-07, -0.00178079102733009
1.7375709375E-07, -0.00118345986978693
1.73759046875E-07, -0.00135987350531366
1.73761E-07, -0.00162367463063224
1.73762953125E-07, -0.00148298046212007
1.7376490625E-07, -0.00122965112454879
1.73766859375E-07, -0.00109662452917065
1.737688125E-07, -0.00127528331960812
1.73770765625E-07, -0.00124798673710256
1.7377271875E-07, -0.00177863817915749
1.73774671875E-07, -0.00154765995087546
1.73776625E-07, -0.00184440401911518
1.73778578125E-07, -0.00174946857965522
1.7378053125E-07, -0.00175005567599996
1.73782484375E-07, -0.0015448972772019
1.737844375E-07, -0.00166574593587563
1.73786390625E-07, -0.00176618754049964
1.7378834375E-07, -0.00120731468456465
1.73790296875E-07, -0.0019369279684324
1.7379225E-07, -0.00216019030816727
1.73794203125E-07, -0.00172191881644795
1.7379615625E-07, -0.00221650027307812
1.73798109375E-07, -0.00205585813442004
1.738000625E-07, -0.00196269112962662
1.73802015625E-07, -0.00205721934926582
1.7380396875E-07, -0.00195398737743607
1.73805921875E-07, -0.00174260768206655
1.73807875E-07, -0.0018200270704287
1.73809828125E-07, -0.00196286336805767
1.7381178125E-07, -0.00217914562732767
1.73813734375E-07, -0.002052497217366
1.738156875E-07, -0.00213472266057991
1.73817640625E-07, -0.0022871576358953
1.7381959375E-07, -0.0021303536751443
1.73821546875E-07, -0.0024969351798154
1.738235E-07, -0.00237290204163016
1.73825453125E-07, -0.00247277425033052
1.7382740625E-07, -0.00246605368073769
1.73829359375E-07, -0.00253997308310878
1.738313125E-07, -0.00280586036871053
1.73833265625E-07, -0.00256098479312712
1.7383521875E-07, -0.00287018288425107
1.73837171875E-07, -0.00296519505069641
1.73839125E-07, -0.00298763859824445
1.73841078125E-07, -0.00275047941968557
1.7384303125E-07, -0.0029152933257547
1.73844984375E-07, -0.00304527083757704
1.738469375E-07, -0.00291805461613081
1.73848890625E-07, -0.00313309009568278
1.7385084375E-07, -0.00317749770519468
1.73852796875E-07, -0.00337063293315465
1.7385475E-07, -0.00309086544872725
1.73856703125E-07, -0.00351117065215471
1.7385865625E-07, -0.00321441119897427
1.73860609375E-07, -0.00323805728186104
1.738625625E-07, -0.00372894936987001
1.73864515625E-07, -0.00367577981223566
1.7386646875E-07, -0.00321178894062501
1.73868421875E-07, -0.00367579482114022
1.73870375E-07, -0.00336158165818584
1.73872328125E-07, -0.00398002585062795
1.7387428125E-07, -0.00397899790425054
1.73876234375E-07, -0.00391844989846474
1.738781875E-07, -0.00414392936348231
1.73880140625E-07, -0.00407109949317288
1.7388209375E-07, -0.00405089705019262
1.73884046875E-07, -0.0045695140559743
1.73886E-07, -0.00424401392248347
1.73887953125E-07, -0.00411582586282289
1.7388990625E-07, -0.004621628538068
1.73891859375E-07, -0.00438481888386931
1.738938125E-07, -0.0045957376375348
1.73895765625E-07, -0.00432523458312522
1.7389771875E-07, -0.00500391379252584
1.73899671875E-07, -0.00472713704486404
1.73901625E-07, -0.00447225061156512
1.73903578125E-07, -0.00499551807706331
1.7390553125E-07, -0.00483641460510848
1.73907484375E-07, -0.00466658174482166
1.739094375E-07, -0.00517469255675134
1.73911390625E-07, -0.00378222850452791
1.7391334375E-07, -0.00521911117502614
1.73915296875E-07, -0.00485592785140183
1.7391725E-07, -0.00514836068328466
1.73919203125E-07, -0.00544221737205961
1.7392115625E-07, -0.00529307248595304
1.73923109375E-07, -0.00519321236355478
1.739250625E-07, -0.00506418619025778
1.73927015625E-07, -0.0054516612423548
1.7392896875E-07, -0.00532218723624388
1.73930921875E-07, -0.00566144717997711
1.73932875E-07, -0.00527603526232833
1.73934828125E-07, -0.00542384159766889
1.7393678125E-07, -0.00511282508071475
1.73938734375E-07, -0.00485002142862836
1.739406875E-07, -0.0041117253956737
1.73942640625E-07, -0.00525337246975002
1.7394459375E-07, -0.00496405363057688
1.73946546875E-07, -0.00551917381645667
1.739485E-07, -0.00520356558218942
1.73950453125E-07, -0.00499536452051476
1.7395240625E-07, -0.00498731539557184
1.73954359375E-07, -0.00513530950128191
1.739563125E-07, -0.00495024017272239
1.73958265625E-07, -0.0054099411089834
1.7396021875E-07, -0.00412618537950629
1.73962171875E-07, -0.00398156660392364
1.73964125E-07, -0.00449365460127536
1.73966078125E-07, -0.00492893681921531
1.7396803125E-07, -0.00483506815606158
1.73969984375E-07, -0.00428578980655087
1.739719375E-07, -0.00450156655220637
1.73973890625E-07, -0.00410311267209309
1.7397584375E-07, -0.00430073683058553
1.73977796875E-07, -0.00401495508163287
1.7397975E-07, -0.00400853652946877
1.73981703125E-07, -0.00364844433606908
1.7398365625E-07, -0.00344004807011492
1.73985609375E-07, -0.00407490871995304
1.739875625E-07, -0.00351978598920739
1.73989515625E-07, -0.00334191685623081
1.7399146875E-07, -0.00276996316664083
1.73993421875E-07, -0.00175558972272101
1.73995375E-07, -0.00247998476147366
1.73997328125E-07, -0.00163560061857134
1.7399928125E-07, -0.00206190947842991
1.74001234375E-07, -0.0010353373856087
1.740031875E-07, -0.00155975046375989
1.74005140625E-07, -0.00156190293372703
1.7400709375E-07, -0.000156130573756762
1.74009046875E-07, 0.00112848085988466
1.74011E-07, -0.000458038169527569
1.74012953125E-07, -0.00157295992058873
1.7401490625E-07, 3.42549806363113E-05
1.74016859375E-07, -4.99880396668254E-05
1.740188125E-07, 0.000317122056088142
1.74020765625E-07, -0.000340290707574169
1.7402271875E-07, 0.00130566146388484
1.74024671875E-07, 0.00116100621462782
1.74026625E-07, 0.00149849718527467
1.74028578125E-07, 0.0038838577210495
1.7403053125E-07, 0.00269707409840152
1.74032484375E-07, 0.00293931289070963
1.740344375E-07, 0.0040663956864007
1.74036390625E-07, 0.00353864883216559
1.7403834375E-07, 0.00507236110956034
1.74040296875E-07, 0.00452337602136754
1.7404225E-07, 0.00542354103239238
1.74044203125E-07, 0.00484258655552996
1.7404615625E-07, 0.00612349455902545
1.74048109375E-07, 0.00728363914000901
1.740500625E-07, 0.0051488780129916
1.74052015625E-07, 0.00663614586949104
1.7405396875E-07, 0.00693194976015164
1.74055921875E-07, 0.00771407915211695
1.74057875E-07, 0.00779897977231106
1.74059828125E-07, 0.00870635036992892
1.7406178125E-07, 0.00754676062469323
1.74063734375E-07, 0.00983216602675014
1.740656875E-07, 0.0101219405035808
1.74067640625E-07, 0.00987064649164778
1.7406959375E-07, 0.0107557802924375
1.74071546875E-07, 0.0108821099355907
1.740735E-07, 0.0116573226800691
1.74075453125E-07, 0.0132860833641019
1.7407740625E-07, 0.011738598857364
1.74079359375E-07, 0.01312150451324
1.740813125E-07, 0.014470629513168
1.74083265625E-07, 0.0139581473999612
1.7408521875E-07, 0.01567448976029
1.74087171875E-07, 0.0145695195338871
1.74089125E-07, 0.016501421821004
1.74091078125E-07, 0.0172117687911757
1.7409303125E-07, 0.0177745635713069
1.74094984375E-07, 0.0176378515040248
1.740969375E-07, 0.0192395839829924
1.74098890625E-07, 0.0202807993538139
1.7410084375E-07, 0.0196391007463034
1.74102796875E-07, 0.0194118236654811
1.7410475E-07, 0.0201578772041738
1.74106703125E-07, 0.0220006878756596
1.7410865625E-07, 0.0217049937230992
1.74110609375E-07, 0.0225237065880789
1.741125625E-07, 0.0244982862070943
1.74114515625E-07, 0.0234717079817766
1.7411646875E-07, 0.0253342067138349
1.74118421875E-07, 0.02492931525487
1.74120375E-07, 0.0238203815201915
1.74122328125E-07, 0.0253827484948374
1.7412428125E-07, 0.0269320467049998
1.74126234375E-07, 0.0271215418157301
1.741281875E-07, 0.0263774333163169
1.74130140625E-07, 0.0287997827811146
1.7413209375E-07, 0.0290040588420125
1.74134046875E-07, 0.0292816459887753
1.74136E-07, 0.0294722040681911
1.74137953125E-07, 0.0293188806518094
1.7413990625E-07, 0.0302675218469191
1.74141859375E-07, 0.0284755592304049
1.741438125E-07, 0.0308298032921993
1.74145765625E-07, 0.0296473652585373
1.7414771875E-07, 0.032031217133647
1.74149671875E-07, 0.0327304211410585
1.74151625E-07, 0.0314921989745508
1.74153578125E-07, 0.0317975327061205
1.7415553125E-07, 0.0316930218748573
1.74157484375E-07, 0.0326738206440714
1.741594375E-07, 0.0341456501877974
1.74161390625E-07, 0.0341156955174104
1.7416334375E-07, 0.0333646223200239
1.74165296875E-07, 0.03294525726426
1.7416725E-07, 0.0322215463352441
1.74169203125E-07, 0.0343656091467186
1.7417115625E-07, 0.0304441785069498
1.74173109375E-07, 0.0339244248449483
1.741750625E-07, 0.0332419128293309
1.74177015625E-07, 0.0346259217157408
1.7417896875E-07, 0.0344727347604122
1.74180921875E-07, 0.0345138740097529
1.74182875E-07, 0.0342269515115551
1.74184828125E-07, 0.0345798657924943
1.7418678125E-07, 0.0341436316377556
1.74188734375E-07, 0.0340839739322524
1.741906875E-07, 0.0328379023333589
1.74192640625E-07, 0.0329687306448358
1.7419459375E-07, 0.0320591338065084
1.74196546875E-07, 0.0306674184957292
1.741985E-07, 0.0326462213072267
1.74200453125E-07, 0.0312942259507397
1.7420240625E-07, 0.0305623619390468
1.74204359375E-07, 0.0294008953220835
1.742063125E-07, 0.03008582248666
1.74208265625E-07, 0.0259505479231598
1.7421021875E-07, 0.0260221864206934
1.74212171875E-07, 0.0282058732540174
1.74214125E-07, 0.0229798462839094
1.74216078125E-07, 0.0282779275271728
1.7421803125E-07, 0.0210778345403755
1.74219984375E-07, 0.0252419484406668
1.742219375E-07, 0.0251109629958153
1.74223890625E-07, 0.0194055378811033
1.7422584375E-07, 0.0211500988002115
1.74227796875E-07, 0.0140086963240562
1.7422975E-07, 0.021189047183087
1.74231703125E-07, 0.0209021284594616
1.7423365625E-07, 0.0211091915068344
1.74235609375E-07, 0.0198176123744541
1.742375625E-07, 0.0164757253814802
1.74239515625E-07, 0.0154572220601998
1.7424146875E-07, 0.00888448187768354
1.74243421875E-07, 0.0128722385565645
1.74245375E-07, 0.00959828405441609
1.74247328125E-07, 0.0112262383489589
1.7424928125E-07, 0.0043119631046526
1.74251234375E-07, 0.0022064472837948
1.742531875E-07, 0.00550914335004975
1.74255140625E-07, 0.00492714433578029
1.7425709375E-07, 0.000651922509142625
1.74259046875E-07, -3.89621139756468E-05
1.74261E-07, -0.0011977718114361
1.74262953125E-07, -0.00282614919926849
1.7426490625E-07, -0.00663231609438885
1.74266859375E-07, -0.0093336518074198
1.742688125E-07, -0.0100127395461279
1.74270765625E-07, -0.00977790793579835
1.7427271875E-07, -0.0106995094343303
1.74274671875E-07, -0.0220394962085484
1.74276625E-07, -0.0164387698670404
1.74278578125E-07, -0.0192222825679026
1.7428053125E-07, -0.0177162363522225
1.74282484375E-07, -0.0232936382688788
1.742844375E-07, -0.0249923507014954
1.74286390625E-07, -0.0227916730716394
1.7428834375E-07, -0.0261784330108859
1.74290296875E-07, -0.0340041549695608
1.7429225E-07, -0.0348864620825461
1.74294203125E-07, -0.0378657351702581
1.7429615625E-07, -0.0353101689430223
1.74298109375E-07, -0.0395889891984787
1.743000625E-07, -0.041695282271332
1.74302015625E-07, -0.045318663921685
1.7430396875E-07, -0.0412298293478443
1.74305921875E-07, -0.050224447862402
1.74307875E-07, -0.0501762540551753
1.74309828125E-07, -0.0555375891966293
1.7431178125E-07, -0.0543120421092639
1.74313734375E-07, -0.0578051258094678
1.743156875E-07, -0.0604715666142358
1.74317640625E-07, -0.0623986523921991
1.7431959375E-07, -0.0641145451679894
1.74321546875E-07, -0.073883465003803
1.743235E-07, -0.0691623046653202
1.74325453125E-07, -0.0742263196338886
1.7432740625E-07, -0.0696693987020568
1.74329359375E-07, -0.078815345700999
1.743313125E-07, -0.0824474371362851
1.74333265625E-07, -0.0827718982075791
1.7433521875E-07, -0.0854794778166074
1.74337171875E-07, -0.094226154012587
1.74339125E-07, -0.0921618669995177
1.74341078125E-07, -0.090211095314261
1.7434303125E-07, -0.0927581258894319
1.74344984375E-07, -0.0896868316503676
1.743469375E-07, -0.0982354925336227
1.74348890625E-07, -0.0938320288394143
1.7435084375E-07, -0.0987887051138585
1.74352796875E-07, -0.102957560633894
1.7435475E-07, -0.100275703383525
1.74356703125E-07, -0.107141682236291
1.7435865625E-07, -0.103194876704813
1.74360609375E-07, -0.107276343959996
1.743625625E-07, -0.107729345570606
1.74364515625E-07, -0.11447186395179
1.7436646875E-07, -0.112025091583884
1.74368421875E-07, -0.117694422964627
1.74370375E-07, -0.11790362029751
1.74372328125E-07, -0.119397705689908
1.7437428125E-07, -0.112339854581557
1.74376234375E-07, -0.116283931721082
1.743781875E-07, -0.118308961609792
1.74380140625E-07, -0.120165734908313
1.7438209375E-07, -0.121150128884853
1.74384046875E-07, -0.122328593010959
1.74386E-07, -0.116857687792294
1.74387953125E-07, -0.12250861170746
1.7438990625E-07, -0.112119681480691
1.74391859375E-07, -0.119420982971212
1.743938125E-07, -0.117889791995613
1.74395765625E-07, -0.117470549638901
1.7439771875E-07, -0.120496369498105
1.74399671875E-07, -0.116610763164898
1.74401625E-07, -0.120517876285956
1.74403578125E-07, -0.118958517352331
1.7440553125E-07, -0.104322915757527
1.74407484375E-07, -0.115443835686077
1.744094375E-07, -0.0966902916254094
1.74411390625E-07, -0.104007575343934
1.7441334375E-07, -0.108863826056016
1.74415296875E-07, -0.102466937672416
1.7441725E-07, -0.108059001306597
1.74419203125E-07, -0.103451624454125
1.7442115625E-07, -0.0975340829602632
1.74423109375E-07, -0.0998584567132791
1.744250625E-07, -0.0756869900325328
1.74427015625E-07, -0.0976377265556012
1.7442896875E-07, -0.0875693888501156
1.74430921875E-07, -0.0702925421021497
1.74432875E-07, -0.0889662519356565
1.74434828125E-07, -0.0740904305684915
1.7443678125E-07, -0.0788822277494968
1.74438734375E-07, -0.0662832510227547
1.744406875E-07, -0.0637490968164595
1.74442640625E-07, -0.0662250711077973
1.7444459375E-07, -0.0496679744368347
1.74446546875E-07, -0.0507750507864031
1.744485E-07, -0.0514471397053781
1.74450453125E-07, -0.0325030553722134
1.7445240625E-07, -0.0436535360142025
1.74454359375E-07, -0.0341737100085395
1.744563125E-07, -0.0477355640672807
1.74458265625E-07, -0.0321422836828148
1.7446021875E-07, -0.0305072046097542
1.74462171875E-07, -0.024696669618101
1.74464125E-07, -0.0195611166603955
1.74466078125E-07, -0.020304810967537
1.7446803125E-07, -0.0100152022492272
1.74469984375E-07, -0.000967022113401363
1.744719375E-07, 0.0112585324299473
1.74473890625E-07, 0.00385509231037288
1.7447584375E-07, 0.000114246130734757
1.74477796875E-07, 0.0196385904605037
1.7447975E-07, 0.00876511638507851
1.74481703125E-07, 0.0243824752872958
1.7448365625E-07, 0.0332300055493593
1.74485609375E-07, 0.0317827495049261
1.744875625E-07, 0.0251084005689774
1.74489515625E-07, 0.0363920357247546
1.7449146875E-07, 0.0443056660881671
1.74493421875E-07, 0.0508804039845823
1.74495375E-07, 0.0504336792416242
1.74497328125E-07, 0.0524529581496515
1.7449928125E-07, 0.0655067695407023
1.74501234375E-07, 0.0538887764273155
1.745031875E-07, 0.0583693324223404
1.74505140625E-07, 0.0701470621949946
1.7450709375E-07, 0.0692014414876811
1.74509046875E-07, 0.0686477365082749
1.74511E-07, 0.073343650637966
1.74512953125E-07, 0.0761610613983359
1.7451490625E-07, 0.0801116295213841
1.74516859375E-07, 0.0827524831979108
1.745188125E-07, 0.0836358594259678
1.74520765625E-07, 0.0820045429415238
1.7452271875E-07, 0.0856250389359705
1.74524671875E-07, 0.0877167635394583
1.74526625E-07, 0.0924158986584274
1.74528578125E-07, 0.0904678537211688
1.7453053125E-07, 0.0957366323366956
1.74532484375E-07, 0.0975332734651715
1.745344375E-07, 0.0962777172158771
1.74536390625E-07, 0.0966142368458849
1.7453834375E-07, 0.0992863847501193
1.74540296875E-07, 0.097703372742915
1.7454225E-07, 0.0979652234903375
1.74544203125E-07, 0.101799136423673
1.7454615625E-07, 0.0995479310166376
1.74548109375E-07, 0.100302118914912
1.745500625E-07, 0.0981412507551555
1.74552015625E-07, 0.101303150649837
1.7455396875E-07, 0.0989506381690251
1.74555921875E-07, 0.0976081568086902
1.74557875E-07, 0.0962561096016101
1.74559828125E-07, 0.0959343424119122
1.7456178125E-07, 0.0922300724828314
1.74563734375E-07, 0.0898491187692857
1.745656875E-07, 0.0876620386050833
1.74567640625E-07, 0.0895069808566555
1.7456959375E-07, 0.0932039151005228
1.74571546875E-07, 0.0847281982517923
1.745735E-07, 0.0886754132260474
1.74575453125E-07, 0.0797701428229372
1.7457740625E-07, 0.0827894060691967
1.74579359375E-07, 0.0745264915551419
1.745813125E-07, 0.0780654177707759
1.74583265625E-07, 0.077592568450816
1.7458521875E-07, 0.0718115730500647
1.74587171875E-07, 0.0760620324169557
1.74589125E-07, 0.0671564350521174
1.74591078125E-07, 0.0638331787037989
1.7459303125E-07, 0.0667785975027553
1.74594984375E-07, 0.0643588789954616
1.745969375E-07, 0.0670778022007755
1.74598890625E-07, 0.0607377747383437
1.7460084375E-07, 0.0603240437718138
1.74602796875E-07, 0.0636406246192839
1.7460475E-07, 0.0495277591787764
1.74606703125E-07, 0.053698834253475
1.7460865625E-07, 0.0562498652755964
1.74610609375E-07, 0.0508711782803967
1.746125625E-07, 0.0481022879756523
1.74614515625E-07, 0.0422387585329398
1.7461646875E-07, 0.0456554425890646
1.74618421875E-07, 0.0437106275465978
1.74620375E-07, 0.0422563316205935
1.74622328125E-07, 0.0405991915144806
1.7462428125E-07, 0.0373791780329335
1.74626234375E-07, 0.0390436180065623
1.746281875E-07, 0.0352325773237617
1.74630140625E-07, 0.0315210314941358
1.7463209375E-07, 0.0336338175195484
1.74634046875E-07, 0.034627429722828
1.74636E-07, 0.0302865538465685
1.74637953125E-07, 0.027763168139826
1.7463990625E-07, 0.0315222107610382
1.74641859375E-07, 0.0272448652806661
1.746438125E-07, 0.0271489835171914
1.74645765625E-07, 0.0289964131225396
1.7464771875E-07, 0.0246471640845755
1.74649671875E-07, 0.0224305566313358
1.74651625E-07, 0.0236939071298507
1.74653578125E-07, 0.0241710636514725
1.7465553125E-07, 0.0251088303588511
1.74657484375E-07, 0.0235241613825177
1.746594375E-07, 0.0201473826341863
1.74661390625E-07, 0.024122922478588
1.7466334375E-07, 0.0201381055800045
1.74665296875E-07, 0.0257891351900622
1.7466725E-07, 0.019597221271592
1.74669203125E-07, 0.020265621817619
1.7467115625E-07, 0.0209383426985858
1.74673109375E-07, 0.0203773414594058
1.746750625E-07, 0.0189959732942258
1.74677015625E-07, 0.0188154218725991
1.7467896875E-07, 0.0200737437616874
1.74680921875E-07, 0.0196777599754342
1.74682875E-07, 0.0200524732141974
1.74684828125E-07, 0.0185291443609223
1.7468678125E-07, 0.0195671697243235
1.74688734375E-07, 0.0256362814492715
1.746906875E-07, 0.0196135429981833
1.74692640625E-07, 0.0212714089707452
1.7469459375E-07, 0.0201959988102456
1.74696546875E-07, 0.0201020711384379
1.746985E-07, 0.0196112924193114
1.74700453125E-07, 0.0188698098585749
1.7470240625E-07, 0.0231623800097621
1.74704359375E-07, 0.0183404282883141
1.747063125E-07, 0.0199330081969721
1.74708265625E-07, 0.0198683377159672
1.7471021875E-07, 0.0208946284784411
1.74712171875E-07, 0.0195157996790498
1.74714125E-07, 0.018849405338262
1.74716078125E-07, 0.0181283351068128
1.7471803125E-07, 0.0206623176277427
1.74719984375E-07, 0.0198141943039067
1.747219375E-07, 0.0190928951348652
1.74723890625E-07, 0.0189107310944569
1.7472584375E-07, 0.0215757786741241
1.74727796875E-07, 0.0195347836295872
1.7472975E-07, 0.0206121779591969
1.74731703125E-07, 0.0178059210557391
1.7473365625E-07, 0.0189814505256094
1.74735609375E-07, 0.015706630031503
1.747375625E-07, 0.0169485806785086
1.74739515625E-07, 0.0155248394327312
1.7474146875E-07, 0.016366836234677
1.74743421875E-07, 0.015465471535999
1.74745375E-07, 0.0147818164424353
1.74747328125E-07, 0.0148394626531462
1.7474928125E-07, 0.014029353752124
1.74751234375E-07, 0.0136257397871892
1.747531875E-07, 0.0135516161357272
1.74755140625E-07, 0.0107267540532065
1.7475709375E-07, 0.0104695839370422
1.74759046875E-07, 0.0114876089538761
1.74761E-07, 0.011083665487659
1.74762953125E-07, 0.0124652512425363
1.7476490625E-07, 0.00930809565077584
1.74766859375E-07, 0.0112685500318651
1.747688125E-07, 0.00875179033982155
1.74770765625E-07, 0.00699790710577407
1.7477271875E-07, 0.00804145990346075
1.74774671875E-07, 0.00622117377666874
1.74776625E-07, 0.00376605610760199
1.74778578125E-07, 0.00509208781634459
1.7478053125E-07, 0.00494477059819616
1.74782484375E-07, 0.00309318080578239
1.747844375E-07, 0.00269509514689585
1.74786390625E-07, 0.00292159030715251
1.7478834375E-07, 0.00212527051010671
1.74790296875E-07, 0.00111770313339743
1.7479225E-07, 0.000216772987741477
1.74794203125E-07, 0.000107717960457716
1.7479615625E-07, -0.000991233640259227
1.74798109375E-07, -0.0011979812448111
1.748000625E-07, -0.0013992522664135
1.74802015625E-07, -0.00203563603979016
1.7480396875E-07, -0.00205455815502801
1.74805921875E-07, -0.00341606662336555
1.74807875E-07, -0.00440955425768493
1.74809828125E-07, -0.00626318718348903
1.7481178125E-07, -0.00496491933090608
1.74813734375E-07, -0.00578228781727073
1.748156875E-07, -0.00624524144462264
1.74817640625E-07, -0.00120934980869712
1.7481959375E-07, -0.00467597047598059
1.74821546875E-07, -0.00550526897928087
1.748235E-07, -0.00704541113535586
1.74825453125E-07, -0.00736015552131133
1.7482740625E-07, -0.00621069226189205
1.74829359375E-07, -0.0072338667897106
1.748313125E-07, -0.00762527184041243
1.74833265625E-07, -0.00792940907533885
1.7483521875E-07, -0.00752562180648116
1.74837171875E-07, -0.00714471546764429
1.74839125E-07, -0.00784551395425763
1.74841078125E-07, -0.00841892269525987
1.7484303125E-07, -0.0076075806111558
1.74844984375E-07, -0.00777956750605429
1.748469375E-07, -0.00829206256123189
1.74848890625E-07, -0.00730504308434921
1.7485084375E-07, -0.00715350975990597
1.74852796875E-07, -0.00661787250381357
1.7485475E-07, -0.00599198912199703
1.74856703125E-07, -0.00699254297477272
1.7485865625E-07, -0.00767364524580351
1.74860609375E-07, -0.00637687947189226
1.748625625E-07, -0.00740245315141453
1.74864515625E-07, -0.00597465645182809
1.7486646875E-07, -0.00655809100835498
1.74868421875E-07, -0.00643823618182367
1.74870375E-07, -0.00674404059725997
1.74872328125E-07, -0.00666972244718859
1.7487428125E-07, -0.00589955007195483
1.74876234375E-07, -0.00539867726918886
1.748781875E-07, -0.0050004276234284
1.74880140625E-07, -0.00522417290583793
1.7488209375E-07, -0.00453680998287316
1.74884046875E-07, -0.00451218077153509
1.74886E-07, -0.00546940308264527
1.74887953125E-07, -0.00417708092163908
1.7488990625E-07, -0.00325790267746344
1.74891859375E-07, -0.00324352872174213
1.748938125E-07, -0.00325681717946164
1.74895765625E-07, -0.00253595527516138
1.7489771875E-07, -0.00276444858676619
1.74899671875E-07, -0.00261614026590462
1.74901625E-07, -0.00179768900618887
1.74903578125E-07, -0.00189177834774935
1.7490553125E-07, -0.00191333426768024
1.74907484375E-07, -0.00182204036475177
1.749094375E-07, -0.000607550106881474
1.74911390625E-07, -0.00148362244515653
1.7491334375E-07, -0.000501766232943342
1.74915296875E-07, 0.000200517642007103
1.7491725E-07, 8.9342925878399E-05
1.74919203125E-07, -0.000545073113332547
1.7492115625E-07, 0.000259568505397591
1.74923109375E-07, 0.000542456127764582
1.749250625E-07, 0.000897502029541619
1.74927015625E-07, 0.000516026525703186
1.7492896875E-07, 0.00125478508084276
1.74930921875E-07, 0.00109057265252791
1.74932875E-07, 0.00137107553225482
1.74934828125E-07, 0.00140802224775598
1.7493678125E-07, 0.000490291225952751
1.74938734375E-07, 0.00199103882398104
1.749406875E-07, 0.00169893908604032
1.74942640625E-07, 0.00144574373634617
1.7494459375E-07, 0.00191344980210843
1.74946546875E-07, 0.00176569973179915
1.749485E-07, 0.000988860294262554
1.74950453125E-07, 0.0016716328923775
1.7495240625E-07, 0.00165464438869009
1.74954359375E-07, 0.00219318237620234
1.749563125E-07, 0.00102799760795792
1.74958265625E-07, 0.00183627234278269
1.7496021875E-07, 0.000542104463842832
1.74962171875E-07, 0.00146156740692405
1.74964125E-07, 0.00180630174891804
1.74966078125E-07, 0.00153379017745936
1.7496803125E-07, 0.0012286625039524
1.74969984375E-07, 0.0017260938121365
1.749719375E-07, 0.000948919124958272
1.74973890625E-07, 0.00152384761253553
1.7497584375E-07, 0.00131632360687451
1.74977796875E-07, 0.000914617064554979
1.7497975E-07, 0.000690230924125033
1.74981703125E-07, 0.000658806455625772
1.7498365625E-07, -0.0001881375833607
1.74985609375E-07, 0.000151679238524062
1.749875625E-07, -8.38973732645082E-05
1.74989515625E-07, 0.000361589285990052
1.7499146875E-07, -0.000360906317059541
1.74993421875E-07, -1.09179560235888E-05
1.74995375E-07, -0.000202892807042137
1.74997328125E-07, -0.00107146818687524
1.7499928125E-07, -0.000912764298281794
1.75001234375E-07, -0.000787695092668655
1.750031875E-07, -0.00199663857189485
1.75005140625E-07, -0.00139869195240352
1.7500709375E-07, -0.00327396567745345
1.75009046875E-07, -0.00303043132404519
1.75011E-07, -0.00255189177801006
1.75012953125E-07, -0.00258534150939557
1.7501490625E-07, -0.0057681651178302
1.75016859375E-07, -0.00518298166989626
1.750188125E-07, -0.00471217466569201
1.75020765625E-07, -0.00489054910074793
1.7502271875E-07, -0.00437369168046201
1.75024671875E-07, -0.00608099133893452
1.75026625E-07, -0.00440535302150408
1.75028578125E-07, -0.00675543124129469
1.7503053125E-07, -0.00606433159205359
1.75032484375E-07, -0.00768221563867844
1.750344375E-07, -0.00654568912641742
1.75036390625E-07, -0.00822438052692657
1.7503834375E-07, -0.0071657202410392
1.75040296875E-07, -0.00927536002679682
1.7504225E-07, -0.00881011360234831
1.75044203125E-07, -0.00954864511295917
1.7504615625E-07, -0.00872920196670655
1.75048109375E-07, -0.00995530054422014
1.750500625E-07, -0.0118713193149786
1.75052015625E-07, -0.0105208282486115
1.7505396875E-07, -0.0124111628832164
1.75055921875E-07, -0.0138652308966782
1.75057875E-07, -0.0128405251984205
1.75059828125E-07, -0.0141168918984601
1.7506178125E-07, -0.0149930907914484
1.75063734375E-07, -0.0138202740503365
1.750656875E-07, -0.0167386655372338
1.75067640625E-07, -0.0168249948001478
1.7506959375E-07, -0.0152908878488643
1.75071546875E-07, -0.0173390118469134
1.750735E-07, -0.0169772016106657
1.75075453125E-07, -0.019744957404339
1.7507740625E-07, -0.0192252194642273
1.75079359375E-07, -0.0189836005555183
1.750813125E-07, -0.0209171907706157
1.75083265625E-07, -0.0204555036904066
1.7508521875E-07, -0.0221072522719642
1.75087171875E-07, -0.0206154010044319
1.75089125E-07, -0.0224567298923031
1.75091078125E-07, -0.0221573137984114
1.7509303125E-07, -0.0230687211181805
1.75094984375E-07, -0.0232864597178381
1.750969375E-07, -0.0222012658749138
1.75098890625E-07, -0.0240934508397915
1.7510084375E-07, -0.023344955096401
1.75102796875E-07, -0.0254917669873527
1.7510475E-07, -0.0250620772301253
1.75106703125E-07, -0.025269889510487
1.7510865625E-07, -0.026942575423566
1.75110609375E-07, -0.0265946077425675
1.751125625E-07, -0.0275898767571909
1.75114515625E-07, -0.028612140056051
1.7511646875E-07, -0.028440644389357
1.75118421875E-07, -0.0276924999039369
1.75120375E-07, -0.0273488183960002
1.75122328125E-07, -0.0294869952577925
1.7512428125E-07, -0.028813513064006
1.75126234375E-07, -0.0311529287241053
1.751281875E-07, -0.0306602661938978
1.75130140625E-07, -0.0314488044627052
1.7513209375E-07, -0.0288456334081579
1.75134046875E-07, -0.0316295739203714
1.75136E-07, -0.0319358405296078
1.75137953125E-07, -0.0319909962029867
1.7513990625E-07, -0.0320787637120242
1.75141859375E-07, -0.0311144226508649
1.751438125E-07, -0.031423794207527
1.75145765625E-07, -0.0327591255684612
1.7514771875E-07, -0.0327804127653375
1.75149671875E-07, -0.0331942310824075
1.75151625E-07, -0.0325865082922253
1.75153578125E-07, -0.0329651409284693
1.7515553125E-07, -0.0330248019931443
1.75157484375E-07, -0.0328434080756891
1.751594375E-07, -0.0323263976127186
1.75161390625E-07, -0.0315166223731467
1.7516334375E-07, -0.031060107390382
1.75165296875E-07, -0.0328706594969846
1.7516725E-07, -0.031697989559249
1.75169203125E-07, -0.0328447375761979
1.7517115625E-07, -0.032199907906288
1.75173109375E-07, -0.032405317550408
1.751750625E-07, -0.0320180721011166
1.75177015625E-07, -0.0316182349947979
1.7517896875E-07, -0.0317975623376656
1.75180921875E-07, -0.032083021831089
1.75182875E-07, -0.0316466982781225
1.75184828125E-07, -0.0300883144365589
1.7518678125E-07, -0.03121858142047
1.75188734375E-07, -0.0298199097910361
1.751906875E-07, -0.0296022771367899
1.75192640625E-07, -0.0306965157369862
1.7519459375E-07, -0.030379445463007
1.75196546875E-07, -0.0304977523613731
1.751985E-07, -0.0298106197624938
1.75200453125E-07, -0.0296660704594075
1.7520240625E-07, -0.0292156808074129
1.75204359375E-07, -0.0287147587903451
1.752063125E-07, -0.0282685711813712
1.75208265625E-07, -0.0277682606145597
1.7521021875E-07, -0.0258605123987073
1.75212171875E-07, -0.0280320416235097
1.75214125E-07, -0.0275055565265225
1.75216078125E-07, -0.0269989803073205
1.7521803125E-07, -0.0280227045510347
1.75219984375E-07, -0.0261429583582368
1.752219375E-07, -0.0266635121450869
1.75223890625E-07, -0.0253363197008593
1.7522584375E-07, -0.0251319222907204
1.75227796875E-07, -0.0254140603352899
1.7522975E-07, -0.0237716161936009
1.75231703125E-07, -0.0240839633235817
1.7523365625E-07, -0.024288686123662
1.75235609375E-07, -0.0235300243957144
1.752375625E-07, -0.0228378231104015
1.75239515625E-07, -0.0222352756997884
1.7524146875E-07, -0.0224781505154648
1.75243421875E-07, -0.0219975366980155
1.75245375E-07, -0.0208363055514662
1.75247328125E-07, -0.0220377489750185
1.7524928125E-07, -0.0218864943713465
1.75251234375E-07, -0.0196956818743914
1.752531875E-07, -0.0209982478035216
1.75255140625E-07, -0.0187470318528133
1.7525709375E-07, -0.0189265462651031
1.75259046875E-07, -0.0189725119227231
1.75261E-07, -0.0180334456251708
1.75262953125E-07, -0.0184157816179159
1.7526490625E-07, -0.0180562736150362
1.75266859375E-07, -0.0179852593755677
1.752688125E-07, -0.0189389121117978
1.75270765625E-07, -0.015844723212299
1.7527271875E-07, -0.0152765074961153
1.75274671875E-07, -0.0168307910739462
1.75276625E-07, -0.0149131186047638
1.75278578125E-07, -0.0158977304807589
1.7528053125E-07, -0.0148931753793384
1.75282484375E-07, -0.0138882894984522
1.752844375E-07, -0.0127821237609073
1.75286390625E-07, -0.014481082285801
1.7528834375E-07, -0.0125046771512537
1.75290296875E-07, -0.0121749571518701
1.7529225E-07, -0.0107057971781812
1.75294203125E-07, -0.0118466208000924
1.7529615625E-07, -0.0115626477262494
1.75298109375E-07, -0.0114810220072581
1.753000625E-07, -0.0104488417803051
1.75302015625E-07, -0.00959321580707609
1.7530396875E-07, -0.0100910371922412
1.75305921875E-07, -0.00841880656786517
1.75307875E-07, -0.00734334587424418
1.75309828125E-07, -0.0096529978504068
1.7531178125E-07, -0.0089847932636993
1.75313734375E-07, -0.00758966512423318
1.753156875E-07, -0.0081295087115011
1.75317640625E-07, -0.0070951845907287
1.7531959375E-07, -0.00734751702518729
1.75321546875E-07, -0.00662326888326034
1.753235E-07, -0.00649196210111997
1.75325453125E-07, -0.00345856183400377
1.7532740625E-07, -0.00552278767983562
1.75329359375E-07, -0.00490158351965521
1.753313125E-07, -0.00448742850473707
1.75333265625E-07, -0.00401043863632106
1.7533521875E-07, -0.00361553257040207
1.75337171875E-07, -0.0039974772008951
1.75339125E-07, -0.00161745049211634
1.75341078125E-07, -0.00141721628037865
1.7534303125E-07, -0.00162321414591386
1.75344984375E-07, -0.00133544562047661
1.753469375E-07, -0.00212698870012005
1.75348890625E-07, -0.0033471420332995
1.7535084375E-07, -0.00138979796697504
1.75352796875E-07, 0.0007176082494754
1.7535475E-07, -6.34553743493087E-05
1.75356703125E-07, 4.80135843753145E-05
1.7535865625E-07, -0.00208555263498091
1.75360609375E-07, 0.00071667961689236
1.753625625E-07, 0.000347855392331789
1.75364515625E-07, 0.000587246113173637
1.7536646875E-07, 0.000553588368681821
1.75368421875E-07, 0.00101624076616957
1.75370375E-07, 0.000521722578849406
1.75372328125E-07, 0.00147189689973771
1.7537428125E-07, 0.00238441751301301
1.75376234375E-07, 0.00198496670447659
1.753781875E-07, 0.0020280725902869
1.75380140625E-07, 0.00200951472896425
1.7538209375E-07, 0.00182357423183388
1.75384046875E-07, 0.00259709979795619
1.75386E-07, 0.00307080731678887
1.75387953125E-07, 0.0025463455032587
1.7538990625E-07, 0.00351599599229611
1.75391859375E-07, 0.00359732790433207
1.753938125E-07, 0.0034963977768255
1.75395765625E-07, 0.00436756819182935
1.7539771875E-07, 0.00371972333562807
1.75399671875E-07, 0.00369408598719488
1.75401625E-07, 0.00380013657382627
1.75403578125E-07, 0.00426851097641373
1.7540553125E-07, 0.00513259269095731
1.75407484375E-07, 0.00493699260377079
1.754094375E-07, 0.00469998301114299
1.75411390625E-07, 0.00498341822898997
1.7541334375E-07, 0.00473962510538361
1.75415296875E-07, 0.00563157885550776
1.7541725E-07, 0.00536352602953772
1.75419203125E-07, 0.00563731054935048
1.7542115625E-07, 0.00735298969788
1.75423109375E-07, 0.0052849311275603
1.754250625E-07, 0.00671163162703872
1.75427015625E-07, 0.00572255906845874
1.7542896875E-07, 0.00556097538550833
1.75430921875E-07, 0.00714739082542254
1.75432875E-07, 0.00691420704076114
1.75434828125E-07, 0.0069510842191552
1.7543678125E-07, 0.00760825722790513
1.75438734375E-07, 0.00776613681416663
1.754406875E-07, 0.00792792653659324
1.75442640625E-07, 0.00589175955013796
1.7544459375E-07, 0.00819337786152932
1.75446546875E-07, 0.00901153633496542
1.754485E-07, 0.00933876422165304
1.75450453125E-07, 0.00891371636662718
1.7545240625E-07, 0.00965377768202978
1.75454359375E-07, 0.00917433572390842
1.754563125E-07, 0.0101896403343485
1.75458265625E-07, 0.00931016143966867
1.7546021875E-07, 0.0102501851895154
1.75462171875E-07, 0.0108258710689238
1.75464125E-07, 0.0102705162382395
1.75466078125E-07, 0.0113024553662665
1.7546803125E-07, 0.0111657911028442
1.75469984375E-07, 0.0113269545851379
1.754719375E-07, 0.0110948870332742
1.75473890625E-07, 0.0121266741093248
1.7547584375E-07, 0.0124957926282479
1.75477796875E-07, 0.0125479314563261
1.7547975E-07, 0.0117436986401283
1.75481703125E-07, 0.0126954580836546
1.7548365625E-07, 0.0125059624351383
1.75485609375E-07, 0.0137031004886487
1.754875625E-07, 0.0134963872943529
1.75489515625E-07, 0.0135023333564143
1.7549146875E-07, 0.0135703076142584
1.75493421875E-07, 0.0140086817754349
1.75495375E-07, 0.0139939160970032
1.75497328125E-07, 0.0132894293895739
1.7549928125E-07, 0.014636012658667
1.75501234375E-07, 0.0136824472396844
1.755031875E-07, 0.0144004983557282
1.75505140625E-07, 0.0148165627386158
1.7550709375E-07, 0.0147910226341901
1.75509046875E-07, 0.0150331736693976
1.75511E-07, 0.0140241180407648
1.75512953125E-07, 0.0151132392274295
1.7551490625E-07, 0.0150208330787931
1.75516859375E-07, 0.0151297165585103
1.755188125E-07, 0.0148418431371206
1.75520765625E-07, 0.0149586485388084
1.7552271875E-07, 0.0143932672064151
1.75524671875E-07, 0.0151909771159892
1.75526625E-07, 0.013969781747779
1.75528578125E-07, 0.0143175272465608
1.7553053125E-07, 0.0142852963154812
1.75532484375E-07, 0.0144430307350688
1.755344375E-07, 0.0142278626685021
1.75536390625E-07, 0.0145862793448597
1.7553834375E-07, 0.0145343038597833
1.75540296875E-07, 0.0139412863823086
1.7554225E-07, 0.0134410993804214
1.75544203125E-07, 0.0134960387438681
1.7554615625E-07, 0.0137671346246247
1.75548109375E-07, 0.013332273460136
1.755500625E-07, 0.0124035780873865
1.75552015625E-07, 0.0121642692380906
1.7555396875E-07, 0.0123795251415009
1.75555921875E-07, 0.0126817188645099
1.75557875E-07, 0.0119611188818189
1.75559828125E-07, 0.0105706014706901
1.7556178125E-07, 0.0109452869657722
1.75563734375E-07, 0.0117974882789987
1.755656875E-07, 0.0095835277598462
1.75567640625E-07, 0.0110987025853681
1.7556959375E-07, 0.0097919761146782
1.75571546875E-07, 0.00921132357786261
1.755735E-07, 0.0103156968160336
1.75575453125E-07, 0.00878873981564913
1.7557740625E-07, 0.0097628547062724
1.75579359375E-07, 0.00987524775473121
1.755813125E-07, 0.00852197486146867
1.75583265625E-07, 0.00885769844569704
1.7558521875E-07, 0.00847910276738762
1.75587171875E-07, 0.00783872645469983
1.75589125E-07, 0.00837166391742621
1.75591078125E-07, 0.00673341970569145
1.7559303125E-07, 0.00783196898150748
1.75594984375E-07, 0.00712004062364809
1.755969375E-07, 0.00622799548676205
1.75598890625E-07, 0.00608897758986067
1.7560084375E-07, 0.00593226995187651
1.75602796875E-07, 0.00644046440593646
1.7560475E-07, 0.00661191300966588
1.75606703125E-07, 0.00529600328773975
1.7560865625E-07, 0.00540475978255351
1.75610609375E-07, 0.00547539576700467
1.756125625E-07, 0.00506634667392913
1.75614515625E-07, 0.00481818034425179
1.7561646875E-07, 0.00440814897925468
1.75618421875E-07, 0.00492454958779022
1.75620375E-07, 0.0038256416142977
1.75622328125E-07, 0.00429914782352069
1.7562428125E-07, 0.00466929442911641
1.75626234375E-07, 0.00377650780278567
1.756281875E-07, 0.00384850847360194
1.75630140625E-07, 0.00416334530179384
1.7563209375E-07, 0.00386907622308253
1.75634046875E-07, 0.00420868570855102
1.75636E-07, 0.00298391823368291
1.75637953125E-07, 0.00365202821702448
1.7563990625E-07, 0.00333662526430771
1.75641859375E-07, 0.00360618323986866
1.756438125E-07, 0.0039235213363889
1.75645765625E-07, 0.00431763360083927
1.7564771875E-07, 0.00356171684157534
1.75649671875E-07, 0.00435807009714065
1.75651625E-07, 0.00379708736752231
1.75653578125E-07, 0.00392825847707381
1.7565553125E-07, 0.00383363471293368
1.75657484375E-07, 0.00373991448193596
1.756594375E-07, 0.00335767279927731
1.75661390625E-07, 0.00364190013448497
1.7566334375E-07, 0.00414989837771324
1.75665296875E-07, 0.0041321660873004
1.7566725E-07, 0.00426165663115026
1.75669203125E-07, 0.00432227138568833
1.7567115625E-07, 0.00423612913617071
1.75673109375E-07, 0.00454193594761077
1.756750625E-07, 0.00477984894484283
1.75677015625E-07, 0.00407817213832168
1.7567896875E-07, 0.00427249040850367
1.75680921875E-07, 0.00514696243284104
1.75682875E-07, 0.00527033850951285
1.75684828125E-07, 0.00491854884183964
1.7568678125E-07, 0.00451288792324291
1.75688734375E-07, 0.00553898748005616
1.756906875E-07, 0.00593060283078231
1.75692640625E-07, 0.00521435058282124
1.7569459375E-07, 0.00575024843918793
1.75696546875E-07, 0.0063725785938263
1.756985E-07, 0.00587742707743696
1.75700453125E-07, 0.00638861180571901
1.7570240625E-07, 0.00609391892766219
1.75704359375E-07, 0.00581695371971394
1.757063125E-07, 0.00639102260373664
1.75708265625E-07, 0.00707225492533114
1.7571021875E-07, 0.00688697806958532
1.75712171875E-07, 0.00686840489646677
1.75714125E-07, 0.00697835871245912
1.75716078125E-07, 0.00722520121817052
1.7571803125E-07, 0.00703599213491932
1.75719984375E-07, 0.0073155903394268
1.757219375E-07, 0.00768881143481741
1.75723890625E-07, 0.00722113881242656
1.7572584375E-07, 0.00810722239741438
1.75727796875E-07, 0.00770113842610901
1.7572975E-07, 0.00771540593506371
1.75731703125E-07, 0.00833887995161958
1.7573365625E-07, 0.00796025110765961
1.75735609375E-07, 0.00825925173613177
1.757375625E-07, 0.00848640645272878
1.75739515625E-07, 0.00838098352614016
1.7574146875E-07, 0.00809644815204601
1.75743421875E-07, 0.00865758672144581
1.75745375E-07, 0.00877409611214698
1.75747328125E-07, 0.00873828357847873
1.7574928125E-07, 0.00896211937051797
1.75751234375E-07, 0.00886760274222894
1.757531875E-07, 0.00901767952438198
1.75755140625E-07, 0.00892275220880697
1.7575709375E-07, 0.00934087200891123
1.75759046875E-07, 0.00939497569121603
1.75761E-07, 0.00983144940521565
1.75762953125E-07, 0.00976942765950223
1.7576490625E-07, 0.00951123140677936
1.75766859375E-07, 0.00972699201017404
1.757688125E-07, 0.00951542846986273
1.75770765625E-07, 0.0101373701430086
1.7577271875E-07, 0.00950727532343384
1.75774671875E-07, 0.00978803744284986
1.75776625E-07, 0.0100793090422085
1.75778578125E-07, 0.0102455006566367
1.7578053125E-07, 0.0105404025505475
1.75782484375E-07, 0.010077082419338
1.757844375E-07, 0.0106663979984028
1.75786390625E-07, 0.0104572043071428
1.7578834375E-07, 0.0106247706377636
1.75790296875E-07, 0.0106744283541411
1.7579225E-07, 0.0107809225226009
1.75794203125E-07, 0.0106779532402753
1.7579615625E-07, 0.0108394337910762
1.75798109375E-07, 0.0109618646954684
1.758000625E-07, 0.0110877351914025
1.75802015625E-07, 0.011308436238063
1.7580396875E-07, 0.010986172857651
1.75805921875E-07, 0.0111662532406458
1.75807875E-07, 0.0110994388010062
1.75809828125E-07, 0.0117327988752953
1.7581178125E-07, 0.0116065985285525
1.75813734375E-07, 0.0118438675113563
1.758156875E-07, 0.0116225448677506
1.75817640625E-07, 0.0114384526097126
1.7581959375E-07, 0.0119959968345268
1.75821546875E-07, 0.012077449701107
1.758235E-07, 0.0120814514354377
1.75825453125E-07, 0.0123701414636288
1.7582740625E-07, 0.0118003522374962
1.75829359375E-07, 0.011982851811853
1.758313125E-07, 0.0121977214016198
1.75833265625E-07, 0.0126935751952695
1.7583521875E-07, 0.012483059109848
1.75837171875E-07, 0.0122363271581152
1.75839125E-07, 0.0124957857723674
1.75841078125E-07, 0.0124816625848123
1.7584303125E-07, 0.012736284574037
1.75844984375E-07, 0.0121974830013697
1.758469375E-07, 0.0130914551538128
1.75848890625E-07, 0.012660014818671
1.7585084375E-07, 0.0131365082755165
1.75852796875E-07, 0.0132817401867223
1.7585475E-07, 0.0129994304651172
1.75856703125E-07, 0.0127058954817207
1.7585865625E-07, 0.0129627326646759
1.75860609375E-07, 0.0132596778873719
1.758625625E-07, 0.013662401612041
1.75864515625E-07, 0.0130448600801708
1.7586646875E-07, 0.0131071066077585
1.75868421875E-07, 0.0133488257803171
1.75870375E-07, 0.0125027173368311
1.75872328125E-07, 0.0134143566489744
1.7587428125E-07, 0.0130466891626455
1.75876234375E-07, 0.0133042745341147
1.758781875E-07, 0.0135821479861922
1.75880140625E-07, 0.0133084754081494
1.7588209375E-07, 0.0133865768588706
1.75884046875E-07, 0.0126973988884907
1.75886E-07, 0.0135142820670397
1.75887953125E-07, 0.0132790356304883
1.7588990625E-07, 0.0102461415514705
1.75891859375E-07, 0.0132243855524272
1.758938125E-07, 0.013292720472611
1.75895765625E-07, 0.0123412010362385
1.7589771875E-07, 0.011300136192897
1.75899671875E-07, 0.0117877016052141
1.75901625E-07, 0.0124999457783631
1.75903578125E-07, 0.0126832385567124
1.7590553125E-07, 0.0129333588557663
1.75907484375E-07, 0.0121141148252908
1.759094375E-07, 0.011711850117256
1.75911390625E-07, 0.0117422747667685
1.7591334375E-07, 0.011622116969192
1.75915296875E-07, 0.011715159609141
1.7591725E-07, 0.0112631726028965
1.75919203125E-07, 0.00991167230134861
1.7592115625E-07, 0.0107607316662111
1.75923109375E-07, 0.0112597535492301
1.759250625E-07, 0.0115420443942594
1.75927015625E-07, 0.0103341262915738
1.7592896875E-07, 0.0106672015634055
1.75930921875E-07, 0.00926412426566561
1.75932875E-07, 0.0080871475379882
1.75934828125E-07, 0.0096260158151983
1.7593678125E-07, 0.00917658515296383
1.75938734375E-07, 0.00894798002074718
1.759406875E-07, 0.00931141746695142
1.75942640625E-07, 0.0082814062009614
1.7594459375E-07, 0.00764653950884468
1.75946546875E-07, 0.00695374176994827
1.759485E-07, 0.00651819283016669
1.75950453125E-07, 0.00739048173349696
1.7595240625E-07, 0.00552122842515192
1.75954359375E-07, 0.00678126817926253
1.759563125E-07, 0.00543641429031652
1.75958265625E-07, 0.00522297617177058
1.7596021875E-07, 0.00450095236633016
1.75962171875E-07, 0.00460013471785687
1.75964125E-07, 0.00416565082208142
1.75966078125E-07, 0.00250245180160059
1.7596803125E-07, 0.00340529336268454
1.75969984375E-07, 0.00253458461575993
1.759719375E-07, 0.00175370459807383
1.75973890625E-07, 0.00108430569795847
1.7597584375E-07, 0.000253464862766989
1.75977796875E-07, 0.00140416435557684
1.7597975E-07, 0.000139604949804563
1.75981703125E-07, -0.00119208802754592
1.7598365625E-07, -0.000809888526038912
1.75985609375E-07, -0.00166761134337472
1.759875625E-07, -0.0014833717661816
1.75989515625E-07, -0.0020698756772989
1.7599146875E-07, -0.00144440618109122
1.75993421875E-07, -0.00303378715459831
1.75995375E-07, -0.00433408482948224
1.75997328125E-07, -0.00446225817960247
1.7599928125E-07, -0.00369992348773938
1.76001234375E-07, -0.00454521166205365
1.760031875E-07, -0.00240877710101193
1.76005140625E-07, -0.00467442987545625
1.7600709375E-07, -0.00478574794499532
1.76009046875E-07, -0.00410403777361137
1.76011E-07, -0.00610257037246681
1.76012953125E-07, -0.006649168471058
1.7601490625E-07, -0.00780378825345522
1.76016859375E-07, -0.00754460350226604
1.760188125E-07, -0.00828060471104076
1.76020765625E-07, -0.00753090479132101
1.7602271875E-07, -0.00809257604774575
1.76024671875E-07, -0.00979888126735406
1.76026625E-07, -0.00967433452805007
1.76028578125E-07, -0.00928005765951822
1.7603053125E-07, -0.0102250446232005
1.76032484375E-07, -0.0099483555222863
1.760344375E-07, -0.0111145606672205
1.76036390625E-07, -0.0108802832156327
1.7603834375E-07, -0.0112412155699035
1.76040296875E-07, -0.0125207815306182
1.7604225E-07, -0.011100122299322
1.76044203125E-07, -0.0132366299098565
1.7604615625E-07, -0.0138293340356179
1.76048109375E-07, -0.0124481688647616
1.760500625E-07, -0.0138584026778703
1.76052015625E-07, -0.0140120075608374
1.7605396875E-07, -0.0142063353695426
1.76055921875E-07, -0.0140684365304598
1.76057875E-07, -0.0138062996811647
1.76059828125E-07, -0.0153431571084534
1.7606178125E-07, -0.0150361681197741
1.76063734375E-07, -0.0153182318056241
1.760656875E-07, -0.015912799642035
1.76067640625E-07, -0.0146636252061966
1.7606959375E-07, -0.0158636153397957
1.76071546875E-07, -0.0154622397300515
1.760735E-07, -0.0159258667792422
1.76075453125E-07, -0.0146352261949412
1.7607740625E-07, -0.0151867928134072
1.76079359375E-07, -0.0160036528174856
1.760813125E-07, -0.0152118188146216
1.76083265625E-07, -0.015776328413547
1.7608521875E-07, -0.0159181438707168
1.76087171875E-07, -0.015227275505145
1.76089125E-07, -0.0154077467170958
1.76091078125E-07, -0.0154132900030492
1.7609303125E-07, -0.0150711183848773
1.76094984375E-07, -0.0142160961488318
1.760969375E-07, -0.0146761819792041
1.76098890625E-07, -0.0137911890666586
1.7610084375E-07, -0.014258032456885
1.76102796875E-07, -0.0133343002568418
1.7610475E-07, -0.0129090589515544
1.76106703125E-07, -0.0136585530358029
1.7610865625E-07, -0.0119693712740978
1.76110609375E-07, -0.012535280294344
1.761125625E-07, -0.0128692031309216
1.76114515625E-07, -0.0124022312321917
1.7611646875E-07, -0.0125631413586898
1.76118421875E-07, -0.0113955483021553
1.76120375E-07, -0.011644585409744
1.76122328125E-07, -0.0107482601236475
1.7612428125E-07, -0.011499105588086
1.76126234375E-07, -0.0109741948627112
1.761281875E-07, -0.00967497311658226
1.76130140625E-07, -0.0105121685716502
1.7613209375E-07, -0.00971673985698095
1.76134046875E-07, -0.00915646166433041
1.76136E-07, -0.0077051327707611
1.76137953125E-07, -0.00981181154555218
1.7613990625E-07, -0.00821791348874603
1.76141859375E-07, -0.00818994290956494
1.761438125E-07, -0.00756456590095517
1.76145765625E-07, -0.00697291963575525
1.7614771875E-07, -0.00811426694440905
1.76149671875E-07, -0.00701093938963433
1.76151625E-07, -0.00640244140228086
1.76153578125E-07, -0.00716327492269004
1.7615553125E-07, -0.00692159187905752
1.76157484375E-07, -0.00608589668855205
1.761594375E-07, -0.00647600440100532
1.76161390625E-07, -0.00574987019885789
1.7616334375E-07, -0.00602686141654351
1.76165296875E-07, -0.00569722616957246
1.7616725E-07, -0.00548379631811271
1.76169203125E-07, -0.00546298927937228
1.7617115625E-07, -0.00514953229701697
1.76173109375E-07, -0.00509110416714402
1.761750625E-07, -0.00514457746831333
1.76177015625E-07, -0.00476871802024981
1.7617896875E-07, -0.0048081338521034
1.76180921875E-07, -0.0050776481109347
1.76182875E-07, -0.00491860716559662
1.76184828125E-07, -0.00494281068298324
1.7618678125E-07, -0.0054913318368978
1.76188734375E-07, -0.00467738513447076
1.761906875E-07, -0.00529611235917037
1.76192640625E-07, -0.00505587415492272
1.7619459375E-07, -0.00567268250892371
1.76196546875E-07, -0.0053401575755715
1.761985E-07, -0.00535733185394636
1.76200453125E-07, -0.0051448650302701
1.7620240625E-07, -0.00583143682442513
1.76204359375E-07, -0.00495651989533951
1.762063125E-07, -0.00636068121504493
1.76208265625E-07, -0.00536840414842272
1.7621021875E-07, -0.0059992880565879
1.76212171875E-07, -0.00658653350305127
1.76214125E-07, -0.00612678631921607
1.76216078125E-07, -0.00641382988655718
1.7621803125E-07, -0.00645094038821141
1.76219984375E-07, -0.00695357137523199
1.762219375E-07, -0.00731892742992606
1.76223890625E-07, -0.00737445123572603
1.7622584375E-07, -0.00739439001799068
1.76227796875E-07, -0.00746707390285775
1.7622975E-07, -0.0074393443016584
1.76231703125E-07, -0.00792692840095966
1.7623365625E-07, -0.0079389831518389
1.76235609375E-07, -0.00776426280091457
1.762375625E-07, -0.00820299020909203
1.76239515625E-07, -0.00828751187405936
1.7624146875E-07, -0.00861845483041654
1.76243421875E-07, -0.00902727249096729
1.76245375E-07, -0.00944121704751795
1.76247328125E-07, -0.00893536025200312
1.7624928125E-07, -0.00918663433974767
1.76251234375E-07, -0.00978088347996978
1.762531875E-07, -0.00903487161837986
1.76255140625E-07, -0.00979821492975858
1.7625709375E-07, -0.0101044177880241
1.76259046875E-07, -0.00972153076751578
1.76261E-07, -0.00964315993406663
1.76262953125E-07, -0.0098126032542536
1.7626490625E-07, -0.009691125643481
1.76266859375E-07, -0.00969250898595914
1.762688125E-07, -0.0101546758529943
1.76270765625E-07, -0.00969635989425079
1.7627271875E-07, -0.0100551309504673
1.76274671875E-07, -0.0106336342080207
1.76276625E-07, -0.0100184675489711
1.76278578125E-07, -0.0103131833021197
1.7628053125E-07, -0.0105420844638598
1.76282484375E-07, -0.0101939050320687
1.762844375E-07, -0.0104220458951352
1.76286390625E-07, -0.0101873002148792
1.7628834375E-07, -0.0102861816320148
1.76290296875E-07, -0.0101627549548398
1.7629225E-07, -0.00936308993392727
1.76294203125E-07, -0.0101277911152798
1.7629615625E-07, -0.00994967579731556
1.76298109375E-07, -0.0105813321167549
1.763000625E-07, -0.0102548855656929
1.76302015625E-07, -0.00999179357238299
1.7630396875E-07, -0.00925585689747887
1.76305921875E-07, -0.00982935219919997
1.76307875E-07, -0.00960553659712559
1.76309828125E-07, -0.0095286381880601
1.7631178125E-07, -0.0096696811919967
1.76313734375E-07, -0.00902545037839162
1.763156875E-07, -0.00875011979390725
1.76317640625E-07, -0.0090519639178103
1.7631959375E-07, -0.00828407908157914
1.76321546875E-07, -0.00860329066509123
1.763235E-07, -0.00819109693675394
1.76325453125E-07, -0.00835318063740275
1.7632740625E-07, -0.00842393988537636
1.76329359375E-07, -0.00769055014031506
1.763313125E-07, -0.00795688039747181
1.76333265625E-07, -0.00847845981706895
1.7633521875E-07, -0.00753824356087096
1.76337171875E-07, -0.00731108802037398
1.76339125E-07, -0.00766689255051271
1.76341078125E-07, -0.00731668834489026
1.7634303125E-07, -0.00689382313560386
1.76344984375E-07, -0.00683907695290287
1.763469375E-07, -0.00696001925805277
1.76348890625E-07, -0.00689290828263399
1.7635084375E-07, -0.00636990764341389
1.76352796875E-07, -0.00703101805648477
1.7635475E-07, -0.00663192108854931
1.76356703125E-07, -0.00636692094299504
1.7635865625E-07, -0.00590749214855718
1.76360609375E-07, -0.00674425910165347
1.763625625E-07, -0.00571410485162861
1.76364515625E-07, -0.006268110860901
1.7636646875E-07, -0.00571030656389235
1.76368421875E-07, -0.00550622962871664
1.76370375E-07, -0.00550045144834794
1.76372328125E-07, -0.0057972933167128
1.7637428125E-07, -0.00552012828858266
1.76376234375E-07, -0.00577420052859836
1.763781875E-07, -0.00490847026017043
1.76380140625E-07, -0.00488216936163285
1.7638209375E-07, -0.00531270930941745
1.76384046875E-07, -0.00557789060837027
1.76386E-07, -0.00457629673474603
1.76387953125E-07, -0.00447745170598197
1.7638990625E-07, -0.00505689299756914
1.76391859375E-07, -0.00493190053847756
1.763938125E-07, -0.0049336904397077
1.76395765625E-07, -0.00474664615253266
1.7639771875E-07, -0.00476573501679965
1.76399671875E-07, -0.00445080582905731
1.76401625E-07, -0.00423464100606344
1.76403578125E-07, -0.00470168395450343
1.7640553125E-07, -0.00469486557470319
1.76407484375E-07, -0.0045512932562685
1.764094375E-07, -0.00484572355696019
1.76411390625E-07, -0.00499741832769805
1.7641334375E-07, -0.00497730086423204
1.76415296875E-07, -0.00485353453746252
1.7641725E-07, -0.00475549129884566
1.76419203125E-07, -0.00480609766855358
1.7642115625E-07, -0.00444595105184452
1.76423109375E-07, -0.00477496033390854
1.764250625E-07, -0.0049058347980995
1.76427015625E-07, -0.0047222432827372
1.7642896875E-07, -0.00496930548548232
1.76430921875E-07, -0.00499090576222983
1.76432875E-07, -0.00491017174002054
1.76434828125E-07, -0.00470780809602705
1.7643678125E-07, -0.00489815224075292
1.76438734375E-07, -0.00516724912963132
1.764406875E-07, -0.00479473328702102
1.76442640625E-07, -0.00475274935872882
1.7644459375E-07, -0.00500803563385218
1.76446546875E-07, -0.00514993868257646
1.764485E-07, -0.00511270462732815
1.76450453125E-07, -0.00477392620387254
1.7645240625E-07, -0.00491260796785438
1.76454359375E-07, -0.00481066484812951
1.764563125E-07, -0.0050462009449516
1.76458265625E-07, -0.00464926436633717
1.7646021875E-07, -0.00493189026451855
1.76462171875E-07, -0.00490159531876432
1.76464125E-07, -0.00483094138448076
1.76466078125E-07, -0.00472367772590767
1.7646803125E-07, -0.00486016190294092
1.76469984375E-07, -0.00497266737640947
1.764719375E-07, -0.00443701949145531
1.76473890625E-07, -0.00408635916234738
1.7647584375E-07, -0.00468406704370818
1.76477796875E-07, -0.00461192112339366
1.7647975E-07, -0.00458483240569528
1.76481703125E-07, -0.00433337964101171
1.7648365625E-07, -0.00429418250444612
1.76485609375E-07, -0.00395221591818568
1.764875625E-07, -0.00453402999810789
1.76489515625E-07, -0.00440146824509813
1.7649146875E-07, -0.00406880046102631
1.76493421875E-07, -0.00429927953839275
1.76495375E-07, -0.00411625036537214
1.76497328125E-07, -0.00427707564672399
1.7649928125E-07, -0.00371039767686608
1.76501234375E-07, -0.00381519428201667
1.765031875E-07, -0.00434191943447554
1.76505140625E-07, -0.00418185817722741
1.7650709375E-07, -0.00394608243451173
1.76509046875E-07, -0.0039321115489243
1.76511E-07, -0.00349688873589299
1.76512953125E-07, -0.00364045598655512
1.7651490625E-07, -0.0037892218585009
1.76516859375E-07, -0.00368046712600558
1.765188125E-07, -0.00356027352777686
1.76520765625E-07, -0.00323273344000763
1.7652271875E-07, -0.00333489830016567
1.76524671875E-07, -0.00374112164693148
1.76526625E-07, -0.00323573581998262
1.76528578125E-07, -0.00331651168094187
1.7653053125E-07, -0.00320937533437581
1.76532484375E-07, -0.00312415545365943
1.765344375E-07, -0.00339291604333851
1.76536390625E-07, -0.00354227133413105
1.7653834375E-07, -0.00314928581321123
1.76540296875E-07, -0.00328801160846942
1.7654225E-07, -0.00314817334458992
1.76544203125E-07, -0.00303400712366553
1.7654615625E-07, -0.00310459279247171
1.76548109375E-07, -0.00275098937838739
1.765500625E-07, -0.00304201004131909
1.76552015625E-07, -0.00310446845620375
1.7655396875E-07, -0.00321789895297212
1.76555921875E-07, -0.00274446922471186
1.76557875E-07, -0.00294284011885839
1.76559828125E-07, -0.00304261990140338
1.7656178125E-07, -0.00310133928520671
1.76563734375E-07, -0.00331010918183778
1.765656875E-07, -0.00300661159412619
1.76567640625E-07, -0.00327136427200854
1.7656959375E-07, -0.00295500857531107
1.76571546875E-07, -0.00259951283062722
1.765735E-07, -0.00344452859103055
1.76575453125E-07, -0.00295895919402383
1.7657740625E-07, -0.00270679073969417
1.76579359375E-07, -0.00303355779010364
1.765813125E-07, -0.00304331242541872
1.76583265625E-07, -0.00303691183797126
1.7658521875E-07, -0.00269882710460871
1.76587171875E-07, -0.00296991822023826
1.76589125E-07, -0.00297844351015143
1.76591078125E-07, -0.00267893072102683
1.7659303125E-07, -0.00283858555411846
1.76594984375E-07, -0.00299432230910302
1.765969375E-07, -0.00322677866033135
1.76598890625E-07, -0.00283828589908485
1.7660084375E-07, -0.00298010367036037
1.76602796875E-07, -0.00290423817209301
1.7660475E-07, -0.00277738654394095
1.76606703125E-07, -0.00292517604538207
1.7660865625E-07, -0.0030985697515969
1.76610609375E-07, -0.00292822210367788
1.766125625E-07, -0.00297723605904822
1.76614515625E-07, -0.00298622582377248
1.7661646875E-07, -0.00301469578101136
1.76618421875E-07, -0.0027269912251267
1.76620375E-07, -0.00344090300058634
1.76622328125E-07, -0.00293041560262575
1.7662428125E-07, -0.00255759966881772
1.76626234375E-07, -0.00326984040710272
1.766281875E-07, -0.00211626244055553
1.76630140625E-07, -0.00250293110536447
1.7663209375E-07, -0.00298210526853133
1.76634046875E-07, -0.00256157154864756
1.76636E-07, -0.00281515713680908
1.76637953125E-07, -0.00264485114498705
1.7663990625E-07, -0.00276352161695343
1.76641859375E-07, -0.0027910772240763
1.766438125E-07, -0.00262195161511449
1.76645765625E-07, -0.00264093038555343
1.7664771875E-07, -0.00186539024456974
1.76649671875E-07, -0.00245934236921529
1.76651625E-07, -0.0024491222760837
1.76653578125E-07, -0.00190436447595312
1.7665553125E-07, -0.0021517516902222
1.76657484375E-07, -0.00214630358917
1.766594375E-07, -0.00211539165462737
1.76661390625E-07, -0.00226948420799867
1.7666334375E-07, -0.00238084963249062
1.76665296875E-07, -0.00179347374426563
1.7666725E-07, -0.00206742456385466
1.76669203125E-07, -0.00226275609166608
1.7667115625E-07, -0.00221168108465507
1.76673109375E-07, -0.0018020762895826
1.766750625E-07, -0.00217992389356884
1.76677015625E-07, -0.00223899642825347
1.7667896875E-07, -0.00207003729836005
1.76680921875E-07, -0.00214297919214195
1.76682875E-07, -0.00185653722945021
1.76684828125E-07, -0.00225697894082828
1.7668678125E-07, -0.00197278546869004
1.76688734375E-07, -0.00216537285229214
1.766906875E-07, -0.00221437494736953
1.76692640625E-07, -0.00200792676094461
1.7669459375E-07, -0.00213240574086759
1.76696546875E-07, -0.00207081276022918
1.766985E-07, -0.00186197697446922
1.76700453125E-07, -0.00197238238072831
1.7670240625E-07, -0.00202591622941446
1.76704359375E-07, -0.00200212957583261
1.767063125E-07, -0.00223469864277285
1.76708265625E-07, -0.0020328681607023
1.7671021875E-07, -0.00192760173848135
1.76712171875E-07, -0.00220732878204948
1.76714125E-07, -0.00196112598234841
1.76716078125E-07, -0.00245837857248905
1.7671803125E-07, -0.00247777742050966
1.76719984375E-07, -0.0021092260404935
1.767219375E-07, -0.0019107220077267
1.76723890625E-07, -0.00213245244201562
1.7672584375E-07, -0.00231902225492007
1.76727796875E-07, -0.00193254578400108
1.7672975E-07, -0.00207606695199523
1.76731703125E-07, -0.00199875474243997
1.7673365625E-07, -0.00218085557903188
1.76735609375E-07, -0.00182514943001262
1.767375625E-07, -0.00153434392821957
1.76739515625E-07, -0.00152863463517777
1.7674146875E-07, -0.00199809067762827
1.76743421875E-07, -0.00147874610899493
1.76745375E-07, -0.00199541365905548
1.76747328125E-07, -0.00180069801221543
1.7674928125E-07, -0.00178257382019947
1.76751234375E-07, -0.00071482778704671
1.767531875E-07, -0.000720402112038234
1.76755140625E-07, -0.000918534456890268
1.7675709375E-07, -0.00101836709844136
1.76759046875E-07, -0.000409114651895743
1.76761E-07, -0.000564813795996181
1.76762953125E-07, -0.0003415898918811
1.7676490625E-07, -1.33032901573211E-05
1.76766859375E-07, 0.000156118377749892
1.767688125E-07, 0.000847733637656274
1.76770765625E-07, 0.000286853450084848
1.7677271875E-07, 0.00100997088165972
1.76774671875E-07, 0.0015081943215933
1.76776625E-07, 0.00178668000142721
1.76778578125E-07, 0.00150945908496665
1.7678053125E-07, 0.00197677965917645
1.76782484375E-07, 0.00198562321607043
1.767844375E-07, 0.00250585175501359
1.76786390625E-07, 0.00320400944219406
1.7678834375E-07, 0.00268085307510927
1.76790296875E-07, 0.0024430216688738
1.7679225E-07, 0.00342535722441302
1.76794203125E-07, 0.00357920392895036
1.7679615625E-07, 0.00348970853791699
1.76798109375E-07, 0.00392176473065219
1.768000625E-07, 0.00430090027397807
1.76802015625E-07, 0.00499463709123162
1.7680396875E-07, 0.00498863491310907
1.76805921875E-07, 0.00518581090999602
1.76807875E-07, 0.00526738864443601
1.76809828125E-07, 0.00598245935758353
1.7681178125E-07, 0.00593248754928503
1.76813734375E-07, 0.00577057574228635
1.768156875E-07, 0.00573040884853218
1.76817640625E-07, 0.00643909093133831
1.7681959375E-07, 0.00670534846823189
1.76821546875E-07, 0.00694833696306342
1.768235E-07, 0.0062922010504111
1.76825453125E-07, 0.00693917744121139
1.7682740625E-07, 0.00666458204312512
1.76829359375E-07, 0.0070655292797409
1.768313125E-07, 0.00636700191028515
1.76833265625E-07, 0.00677668115206791
1.7683521875E-07, 0.00632743110182981
1.76837171875E-07, 0.00689980406156583
1.76839125E-07, 0.00670322755329322
1.76841078125E-07, 0.00588677776098856
1.7684303125E-07, 0.00656946415244064
1.76844984375E-07, 0.00627881218007543
1.768469375E-07, 0.00600742909801256
1.76848890625E-07, 0.00632058188505803
1.7685084375E-07, 0.00601702390577612
1.76852796875E-07, 0.00492316938627475
1.7685475E-07, 0.00585681402360575
1.76856703125E-07, 0.00526203155555616
1.7685865625E-07, 0.00505484358850093
1.76860609375E-07, 0.00475006634655554
1.768625625E-07, 0.00492987311752588
1.76864515625E-07, 0.00506995690970054
1.7686646875E-07, 0.00387072892365815
1.76868421875E-07, 0.00385385309764981
1.76870375E-07, 0.00437999251584427
1.76872328125E-07, 0.00315684296865679
1.7687428125E-07, 0.00311401769177561
1.76876234375E-07, 0.00307622168754429
1.768781875E-07, 0.00273285868878676
1.76880140625E-07, 0.00242385494723288
1.7688209375E-07, 0.00216017947824221
1.76884046875E-07, 0.00153825138352443
1.76886E-07, 0.00180695312273079
1.76887953125E-07, 0.00140255187832082
1.7688990625E-07, 0.00145402650784321
1.76891859375E-07, 0.0007251310311004
1.768938125E-07, 0.00174568334909915
1.76895765625E-07, 0.00103011264190246
1.7689771875E-07, 6.75296969168912E-05
1.76899671875E-07, 6.41894931625716E-05
1.76901625E-07, -9.95326170195048E-05
1.76903578125E-07, 0.000377507935087724
1.7690553125E-07, -0.000128376744281325
1.76907484375E-07, -0.000258224665828518
1.769094375E-07, -0.000767077080641829
1.76911390625E-07, 8.65690502095857E-05
1.7691334375E-07, -0.000739884095604559
1.76915296875E-07, -0.00043953103779342
1.7691725E-07, -0.000856815303252268
1.76919203125E-07, -0.000676369934714626
1.7692115625E-07, 0.000322198198454163
1.76923109375E-07, -0.00105398128020507
1.769250625E-07, -0.000313559814597206
1.76927015625E-07, -0.000860551397596325
1.7692896875E-07, -0.000908525343657334
1.76930921875E-07, -0.00102309682968839
1.76932875E-07, -0.000872166130536411
1.76934828125E-07, -0.000939857625711982
1.7693678125E-07, -0.000953487993571875
1.76938734375E-07, -0.000414107587141599
1.769406875E-07, -0.000507144537945865
1.76942640625E-07, -0.000469199360730769
1.7694459375E-07, -0.000560545798324124
1.76946546875E-07, -0.000622048728486667
1.769485E-07, -0.00014121245577916
1.76950453125E-07, -0.000343884154617907
1.7695240625E-07, -0.000234563320042564
1.76954359375E-07, 0.00016678564601285
1.769563125E-07, 0.000210530002425204
1.76958265625E-07, 0.000402627343110459
1.7696021875E-07, 0.000359097466419199
1.76962171875E-07, -2.36348592380055E-05
1.76964125E-07, 0.000586955515323847
1.76966078125E-07, 4.47621806875348E-05
1.7696803125E-07, 0.000209870808346592
1.76969984375E-07, 0.000459916084860876
1.769719375E-07, 0.000693720271910098
1.76973890625E-07, 0.000682813390646141
1.7697584375E-07, 0.000954157092549464
1.76977796875E-07, 0.000887975363844806
1.7697975E-07, 0.000647915251082795
1.76981703125E-07, 0.00114224513897002
1.7698365625E-07, 0.000886079851347598
1.76985609375E-07, 0.00121061350820972
1.769875625E-07, 0.00136220954611971
1.76989515625E-07, 0.00140519897354658
1.7699146875E-07, 0.00117590067680564
1.76993421875E-07, 0.00104683290089639
1.76995375E-07, 0.00131699715307384
1.76997328125E-07, 0.000580406773905407
1.7699928125E-07, 0.00115694259285037
1.77001234375E-07, 0.00122225533181033
1.770031875E-07, 0.000985122672772045
1.77005140625E-07, 0.00146414125428901
1.7700709375E-07, 0.00074938037632327
1.77009046875E-07, 0.00084481455251339
1.77011E-07, 0.00135964853755211
1.77012953125E-07, 0.00107490079838894
1.7701490625E-07, 0.000927110502402409
1.77016859375E-07, 0.00065957775231038
1.770188125E-07, 0.000499584157627931
1.77020765625E-07, 0.000754134756483772
1.7702271875E-07, 0.000366232021477322
1.77024671875E-07, 0.000470382430125636
1.77026625E-07, 0.000604421953978395
1.77028578125E-07, 0.000429198796150787
1.7703053125E-07, 0.000478428033829927
1.77032484375E-07, 0.000350116118436098
1.770344375E-07, 0.000413657209344533
1.77036390625E-07, 0.000420170430648304
1.7703834375E-07, 0.000150154009828414
1.77040296875E-07, 0.000311523815924279
1.7704225E-07, 0.000192692572603938
1.77044203125E-07, 0.000539499440319858
1.7704615625E-07, -5.63605916639318E-05
1.77048109375E-07, 0.000374204870685977
1.770500625E-07, 0.000547363383263406
1.77052015625E-07, 0.000220042300855292
1.7705396875E-07, -0.000134648920473395
1.77055921875E-07, -0.000156657359906024
1.77057875E-07, 0.000184279383888563
1.77059828125E-07, 0.000287193821724867
1.7706178125E-07, 0.000102932096976355
1.77063734375E-07, 0.000269081825899524
1.770656875E-07, 0.000180038551331341
1.77067640625E-07, 0.00075414924318651
1.7706959375E-07, 0.000392257934165481
1.77071546875E-07, 0.00111398043465986
1.770735E-07, 0.00160986528357187
1.77075453125E-07, 0.000747648896923791
1.7707740625E-07, 0.00140258419301578
1.77079359375E-07, 0.00162565945115198
1.770813125E-07, 0.00156870015935362
1.77083265625E-07, 0.00291531679900143
1.7708521875E-07, 0.00185788798020464
1.77087171875E-07, 0.00224093683556529
1.77089125E-07, 0.00290036672816034
1.77091078125E-07, 0.00252835799166171
1.7709303125E-07, 0.00277448107837315
1.77094984375E-07, 0.00196555762003274
1.770969375E-07, 0.00199754662982618
1.77098890625E-07, 0.00319457369017275
1.7710084375E-07, 0.0036099953676874
1.77102796875E-07, 0.0039485530911843
1.7710475E-07, 0.00405149048509657
1.77106703125E-07, 0.00358840874174071
1.7710865625E-07, 0.00427376977276986
1.77110609375E-07, 0.00496823696259204
1.771125625E-07, 0.00509798211431591
1.77114515625E-07, 0.00567123115987251
1.7711646875E-07, 0.00511519410746366
1.77118421875E-07, 0.00525945029340852
1.77120375E-07, 0.00571781387472923
1.77122328125E-07, 0.00678167230568514
1.7712428125E-07, 0.00586510692889086
1.77126234375E-07, 0.00631624215602571
1.771281875E-07, 0.00653282816333311
1.77130140625E-07, 0.00691848045834255
1.7713209375E-07, 0.00742706932436043
1.77134046875E-07, 0.00751439438731559
1.77136E-07, 0.00721383087156818
1.77137953125E-07, 0.00755557461952934
1.7713990625E-07, 0.00841872912388789
1.77141859375E-07, 0.0090273400589486
1.771438125E-07, 0.00819119992233596
1.77145765625E-07, 0.00889511039725762
1.7714771875E-07, 0.00881624540907557
1.77149671875E-07, 0.0091087323305231
1.77151625E-07, 0.00957290301713968
1.77153578125E-07, 0.00885954053115398
1.7715553125E-07, 0.00869862856615647
1.77157484375E-07, 0.00945051555309352
1.771594375E-07, 0.00876703037806646
1.77161390625E-07, 0.00891987094249485
1.7716334375E-07, 0.00946914331286187
1.77165296875E-07, 0.0091120496049131
1.7716725E-07, 0.00944546389180585
1.77169203125E-07, 0.00938312995763879
1.7717115625E-07, 0.00928588658378654
1.77173109375E-07, 0.00948376914039921
1.771750625E-07, 0.00952119299744127
1.77177015625E-07, 0.00945578222047694
1.7717896875E-07, 0.00962073519907781
1.77180921875E-07, 0.00933929494929504
1.77182875E-07, 0.00954877317448451
1.77184828125E-07, 0.00927896895092402
1.7718678125E-07, 0.00942308551871931
1.77188734375E-07, 0.00892037001364547
1.771906875E-07, 0.0088058704908148
1.77192640625E-07, 0.00897366359543599
1.7719459375E-07, 0.00926156516816112
1.77196546875E-07, 0.00815131501486363
1.771985E-07, 0.00824161716317167
1.77200453125E-07, 0.00914573810755565
1.7720240625E-07, 0.00832242031306539
1.77204359375E-07, 0.0086139369171414
1.772063125E-07, 0.00820031150252171
1.77208265625E-07, 0.00764024977158329
1.7721021875E-07, 0.00692503661716982
1.77212171875E-07, 0.00750777060809047
1.77214125E-07, 0.00743542961350356
1.77216078125E-07, 0.00696456843748862
1.7721803125E-07, 0.00727665408804502
1.77219984375E-07, 0.00644736072077993
1.772219375E-07, 0.00644058151784576
1.77223890625E-07, 0.00572728087169297
1.7722584375E-07, 0.00618961700399538
1.77227796875E-07, 0.00593851960937524
1.7722975E-07, 0.00580952178477435
1.77231703125E-07, 0.00553591141098062
1.7723365625E-07, 0.00524411916134231
1.77235609375E-07, 0.00494501718972274
1.772375625E-07, 0.00479299074603018
1.77239515625E-07, 0.00486980070505091
1.7724146875E-07, 0.00489594654331329
1.77243421875E-07, 0.00468135261275915
1.77245375E-07, 0.00409349025741929
1.77247328125E-07, 0.00383288779596652
1.7724928125E-07, 0.00403104884065694
1.77251234375E-07, 0.00357947556091964
1.772531875E-07, 0.00281212794298296
1.77255140625E-07, 0.00334562676394775
1.7725709375E-07, 0.00265987527702355
1.77259046875E-07, 0.00302260935495215
1.77261E-07, 0.00285422342543668
1.77262953125E-07, 0.00286843512879853
1.7726490625E-07, 0.00254611586579875
1.77266859375E-07, 0.0024809188705882
1.772688125E-07, 0.00265850516064596
1.77270765625E-07, 0.00242406288847422
1.7727271875E-07, 0.00186134515375128
1.77274671875E-07, 0.00165064860169859
1.77276625E-07, 0.00187975316891616
1.77278578125E-07, 0.00151414449543075
1.7728053125E-07, 0.00182430868330941
1.77282484375E-07, 0.00139899945771702
1.772844375E-07, 0.000936114520016453
1.77286390625E-07, 0.00116988005966074
1.7728834375E-07, 0.00134044131339972
1.77290296875E-07, 0.0010371215845101
1.7729225E-07, 0.00058297893091687
1.77294203125E-07, 0.00110125670805393
1.7729615625E-07, 0.000925972351506187
1.77298109375E-07, 0.000405000251083732
1.773000625E-07, 0.000212021764594072
1.77302015625E-07, 0.000471226238212462
1.7730396875E-07, 0.000559993137772973
1.77305921875E-07, -9.95758519859458E-06
1.77307875E-07, 0.000514548131106605
1.77309828125E-07, -0.000243774891117234
1.7731178125E-07, 0.000139703185452762
1.77313734375E-07, 3.71293168000784E-05
1.773156875E-07, 0.000416146959388142
1.77317640625E-07, 3.07120123040555E-05
1.7731959375E-07, -0.00031063188113591
1.77321546875E-07, -0.000153871919117476
1.773235E-07, -0.00020218238917318
1.77325453125E-07, -0.000708612584433794
1.7732740625E-07, -0.000399491261501568
1.77329359375E-07, -0.000523945979044415
1.773313125E-07, -0.000351442687225746
1.77333265625E-07, -0.000437059578350548
1.7733521875E-07, -0.000557735595656447
1.77337171875E-07, -0.000649576021494498
1.77339125E-07, -0.00060594402117876
1.77341078125E-07, -0.000500908404903244
1.7734303125E-07, -0.000855305021583387
1.77344984375E-07, -0.000865751545789566
1.773469375E-07, -0.000586639743135308
1.77348890625E-07, -0.000741188139773196
1.7735084375E-07, -0.000631460795324124
1.77352796875E-07, -0.00100391461491882
1.7735475E-07, -0.00110826234165961
1.77356703125E-07, -0.000496028396649127
1.7735865625E-07, -0.000923194711333106
1.77360609375E-07, -0.000624892086679296
1.773625625E-07, -0.000474992587196658
1.77364515625E-07, -0.000883116178863539
1.7736646875E-07, -0.000931967254202586
1.77368421875E-07, -0.000778117877819749
1.77370375E-07, -0.000919937331214476
1.77372328125E-07, -0.000758215078788209
1.7737428125E-07, -0.000560740374877581
1.77376234375E-07, -0.00142539947787417
1.773781875E-07, -0.00114395637690352
1.77380140625E-07, -0.00177685739639986
1.7738209375E-07, -0.00102847009861906
1.77384046875E-07, -0.00117580715812236
1.77386E-07, -0.000718551130461639
1.77387953125E-07, -0.00144350064869272
1.7738990625E-07, -0.00146065044023898
1.77391859375E-07, -0.00128683589641048
1.773938125E-07, -0.00130266729435905
1.77395765625E-07, -0.00167188718655871
1.7739771875E-07, -0.00160884027935107
1.77399671875E-07, -0.00191599603431076
1.77401625E-07, -0.00192426070613058
1.77403578125E-07, -0.00209243764564959
1.7740553125E-07, -0.00191729071189126
1.77407484375E-07, -0.00239672048739461
1.774094375E-07, -0.00198650107888564
1.77411390625E-07, -0.00247992198127385
1.7741334375E-07, -0.0022620814049734
1.77415296875E-07, -0.00324279110600085
1.7741725E-07, -0.00209334578755822
1.77419203125E-07, -0.00262460665417945
1.7742115625E-07, -0.00246060399916719
1.77423109375E-07, -0.00288087794836109
1.774250625E-07, -0.00361474899312396
1.77427015625E-07, -0.00314128355831056
1.7742896875E-07, -0.00296329277399464
1.77430921875E-07, -0.0032890061387526
1.77432875E-07, -0.00359916919889236
1.77434828125E-07, -0.00392599457399028
1.7743678125E-07, -0.00328505827108145
1.77438734375E-07, -0.00424647582034669
1.774406875E-07, -0.00418539145232611
1.77442640625E-07, -0.00415600421949107
1.7744459375E-07, -0.00415827437976637
1.77446546875E-07, -0.00412471932063563
1.774485E-07, -0.00420307126220965
1.77450453125E-07, -0.00433979158728278
1.7745240625E-07, -0.00449104049850763
1.77454359375E-07, -0.00489597397565656
1.774563125E-07, -0.00452897825587347
1.77458265625E-07, -0.00422439790319764
1.7746021875E-07, -0.0050080625574214
1.77462171875E-07, -0.00486586573649864
1.77464125E-07, -0.0048817749166303
1.77466078125E-07, -0.00482793327436675
1.7746803125E-07, -0.00468759656784575
1.77469984375E-07, -0.00467617637616905
1.774719375E-07, -0.00429249542956332
1.77473890625E-07, -0.00453058216783622
1.7747584375E-07, -0.00501290056423321
1.77477796875E-07, -0.00521967517289682
1.7747975E-07, -0.00502730085894205
1.77481703125E-07, -0.00485585413302893
1.7748365625E-07, -0.00500127226321538
1.77485609375E-07, -0.00474449551886607
1.774875625E-07, -0.00506404759051845
1.77489515625E-07, -0.0047337430356069
1.7749146875E-07, -0.00445638389010973
1.77493421875E-07, -0.0050106512035467
1.77495375E-07, -0.0047401029352198
1.77497328125E-07, -0.00478468586105146
1.7749928125E-07, -0.00497434978412274
1.77501234375E-07, -0.00438271956007528
1.775031875E-07, -0.00492707035443701
1.77505140625E-07, -0.00464940129209676
1.7750709375E-07, -0.00460598346270809
1.77509046875E-07, -0.00437669775467036
1.77511E-07, -0.00450001220879668
1.77512953125E-07, -0.00430917720604843
1.7751490625E-07, -0.00487265973331179
1.77516859375E-07, -0.00446982240975999
1.775188125E-07, -0.00453081596646983
1.77520765625E-07, -0.00454529149255284
1.7752271875E-07, -0.00417666450404759
1.77524671875E-07, -0.00436931583379086
1.77526625E-07, -0.00426920850357412
1.77528578125E-07, -0.00486697894651039
1.7753053125E-07, -0.00409871643743817
1.77532484375E-07, -0.00403228077686788
1.775344375E-07, -0.00451143331860503
1.77536390625E-07, -0.00411774705396998
1.7753834375E-07, -0.00403843637562928
1.77540296875E-07, -0.00416585635718068
1.7754225E-07, -0.00409428336513697
1.77544203125E-07, -0.00424760776926681
1.7754615625E-07, -0.00420242051743225
1.77548109375E-07, -0.00433720965337907
1.775500625E-07, -0.0041417774363118
1.77552015625E-07, -0.00391316684414553
1.7755396875E-07, -0.00396597547029137
1.77555921875E-07, -0.00389523911583722
1.77557875E-07, -0.00344969643852285
1.77559828125E-07, -0.00371906152620324
1.7756178125E-07, -0.00400521018348376
1.77563734375E-07, -0.0038046207627723
1.775656875E-07, -0.00384920852618884
1.77567640625E-07, -0.0036837871085864
1.7756959375E-07, -0.00368230055382478
1.77571546875E-07, -0.00363365593343534
1.775735E-07, -0.00333172901450212
1.77575453125E-07, -0.00312650853026835
1.7757740625E-07, -0.00322055031615993
1.77579359375E-07, -0.00330818061429578
1.775813125E-07, -0.00306338445039852
1.77583265625E-07, -0.00307032450466929
1.7758521875E-07, -0.00283901045509258
1.77587171875E-07, -0.00292639888764237
1.77589125E-07, -0.00275518881653391
1.77591078125E-07, -0.0029237569620343
1.7759303125E-07, -0.00298412758476573
1.77594984375E-07, -0.00280804005638494
1.775969375E-07, -0.00232338567136557
1.77598890625E-07, -0.00247075375105365
1.7760084375E-07, -0.00222104235078975
1.77602796875E-07, -0.00169894910826398
1.7760475E-07, -0.0018410549397032
1.77606703125E-07, -0.0016569990012941
1.7760865625E-07, -0.00207905279866164
1.77610609375E-07, -0.00124505729041464
1.776125625E-07, -0.00172353629213916
1.77614515625E-07, -0.00207923292775258
1.7761646875E-07, -0.00145230248934811
1.77618421875E-07, -0.00118204028837133
1.77620375E-07, -0.00117246016810747
1.77622328125E-07, -0.00160007373448129
1.7762428125E-07, -0.00114907296941353
1.77626234375E-07, -0.000683121975102691
1.776281875E-07, -0.000911142859279729
1.77630140625E-07, -0.000933257830024511
1.7763209375E-07, -0.000880080610721692
1.77634046875E-07, -0.0012675785935106


