File Format, WaveformXYValues
Format Version, 1
Instrument, N1045A,04F,LOJ
SwVersion, A.06.71.21
SerialNumber, MY56260108
Date, 11/29/2023 13:26:06 GMT+08:00

Source Name, Channel 1A

Points, 2048
Signal Type, Unspecified
Channel Bandwidth, 2E+10
Channel Noise, 6.66857143682292E-05
X Units, Second
Y Units, Volt
Data, 
1.73636E-07, -0.000750056984579181
1.73637953125E-07, -0.00135882926176361
1.7363990625E-07, -0.00182235360455295
1.73641859375E-07, -0.00154172966557643
1.736438125E-07, -0.00185840493033557
1.73645765625E-07, -0.00168122974253704
1.7364771875E-07, -0.00181377128087163
1.73649671875E-07, -0.0014465191615722
1.73651625E-07, -0.00129307726873142
1.73653578125E-07, -0.00101827965113499
1.7365553125E-07, -0.00103379369153501
1.73657484375E-07, -0.00113710335017479
1.736594375E-07, -0.000878250338103486
1.73661390625E-07, -0.000932969302619704
1.7366334375E-07, -0.000504364436655234
1.73665296875E-07, -0.00194103547859139
1.7366725E-07, -0.00039127562257935
1.73669203125E-07, -0.00154957612000375
1.7367115625E-07, -0.00116055367248855
1.73673109375E-07, -0.00172819254527868
1.736750625E-07, -0.00144227744227782
1.73677015625E-07, -0.00143975056413161
1.7367896875E-07, -0.00121306761325089
1.73680921875E-07, -0.000988004587228113
1.73682875E-07, -0.00170861294197926
1.73684828125E-07, -0.00188624404518449
1.7368678125E-07, -0.00104216908977663
1.73688734375E-07, -0.00157294518709723
1.736906875E-07, -0.000419160466390626
1.73692640625E-07, -0.000407494001953534
1.7369459375E-07, -0.00140407213301211
1.73696546875E-07, -0.0014783485657459
1.736985E-07, -0.00135816223939833
1.73700453125E-07, -0.00222580709454052
1.7370240625E-07, -0.00157293531583479
1.73704359375E-07, -0.00206183369634434
1.737063125E-07, -0.00125620341328544
1.73708265625E-07, -0.00159205992622638
1.7371021875E-07, -0.00185694025428661
1.73712171875E-07, -0.0019625273830743
1.73714125E-07, -0.0011065266752318
1.73716078125E-07, -0.00148325536873765
1.7371803125E-07, -0.0014943146551283
1.73719984375E-07, -0.00105409517898597
1.737219375E-07, -0.00168452896050768
1.73723890625E-07, -0.00164295531621297
1.7372584375E-07, -0.00163085160815948
1.73727796875E-07, -0.00145054392834225
1.7372975E-07, -0.00142456671096491
1.73731703125E-07, -0.00162492444506207
1.7373365625E-07, -0.0013260222211466
1.73735609375E-07, -0.00160114264826939
1.737375625E-07, -0.00138653216890762
1.73739515625E-07, -0.00101544823136854
1.7374146875E-07, -0.00111072973980149
1.73743421875E-07, -0.00107438765093422
1.73745375E-07, -0.00142011699615963
1.73747328125E-07, -0.000964838509459275
1.7374928125E-07, -0.000885888662474054
1.73751234375E-07, -0.00103340931127261
1.737531875E-07, -0.00184798031585585
1.73755140625E-07, -0.00151188018537576
1.7375709375E-07, -0.00171229346893198
1.73759046875E-07, -0.0011134336955373
1.73761E-07, -0.00106584826541859
1.73762953125E-07, -0.00184694237883584
1.7376490625E-07, -0.00208901465455556
1.73766859375E-07, -0.00208820201833694
1.737688125E-07, -0.0024518202628258
1.73770765625E-07, -0.00182981388008944
1.7377271875E-07, -0.00184737445947107
1.73774671875E-07, -0.00160286973473604
1.73776625E-07, -0.000842366362738805
1.73778578125E-07, -0.00180448175548471
1.7378053125E-07, -0.0013373423480394
1.73782484375E-07, -0.00160953914703406
1.737844375E-07, -0.00140547305026207
1.73786390625E-07, -0.00223395568485532
1.7378834375E-07, -0.0012181066049363
1.73790296875E-07, -0.00133261042643942
1.7379225E-07, -0.00186763883595228
1.73794203125E-07, -0.00205810707407329
1.7379615625E-07, -0.00145873597587813
1.73798109375E-07, -0.00149800277350817
1.738000625E-07, -0.00230548590472169
1.73802015625E-07, -0.00255240190561678
1.7380396875E-07, -0.00181243219676054
1.73805921875E-07, -0.00201596310466187
1.73807875E-07, -0.00197847636838413
1.73809828125E-07, -0.00139440035415595
1.7381178125E-07, -0.00251417009621812
1.73813734375E-07, -0.00219188219662283
1.738156875E-07, -0.00201448630079652
1.73817640625E-07, -0.00157842083407807
1.7381959375E-07, -0.00198791680157061
1.73821546875E-07, -0.00219489208693223
1.738235E-07, -0.002316495695584
1.73825453125E-07, -0.00258996607944419
1.7382740625E-07, -0.00209840001482707
1.73829359375E-07, -0.00347063662831349
1.738313125E-07, -0.00243696028215286
1.73833265625E-07, -0.0027200682495953
1.7383521875E-07, -0.00230015626231669
1.73837171875E-07, -0.00329108004662133
1.73839125E-07, -0.00242312448149336
1.73841078125E-07, -0.00326849361444519
1.7384303125E-07, -0.00282122162301531
1.73844984375E-07, -0.00244211984964766
1.738469375E-07, -0.00302688897401893
1.73848890625E-07, -0.00288964852289175
1.7385084375E-07, -0.00229310766089021
1.73852796875E-07, -0.00287762366346236
1.7385475E-07, -0.00372976927012587
1.73856703125E-07, -0.00243472321491615
1.7385865625E-07, -0.00338402439146673
1.73860609375E-07, -0.00369443215604789
1.738625625E-07, -0.00312137965038981
1.73864515625E-07, -0.00390453247209247
1.7386646875E-07, -0.00313830540737583
1.73868421875E-07, -0.00405916943420183
1.73870375E-07, -0.00387085733986982
1.73872328125E-07, -0.00378654267152645
1.7387428125E-07, -0.00437684436231799
1.73876234375E-07, -0.00418640590101521
1.738781875E-07, -0.00430261830737038
1.73880140625E-07, -0.00375017578246157
1.7388209375E-07, -0.00420372188097834
1.73884046875E-07, -0.00398902051769426
1.73886E-07, -0.00390413903902227
1.73887953125E-07, -0.00425687155468284
1.7388990625E-07, -0.00479168562228956
1.73891859375E-07, -0.0043160477760348
1.738938125E-07, -0.00437792730334505
1.73895765625E-07, -0.00485317144647987
1.7389771875E-07, -0.00419509166984323
1.73899671875E-07, -0.00462803180684175
1.73901625E-07, -0.00529372122101208
1.73903578125E-07, -0.0050276907955761
1.7390553125E-07, -0.00571564027587207
1.73907484375E-07, -0.00465524064058435
1.739094375E-07, -0.00623157903128205
1.73911390625E-07, -0.00550653245032848
1.7391334375E-07, -0.00534672400790304
1.73915296875E-07, -0.00522508219108516
1.7391725E-07, -0.00534099241996086
1.73919203125E-07, -0.00487015561145284
1.7392115625E-07, -0.00513802512578988
1.73923109375E-07, -0.00534520293369048
1.739250625E-07, -0.00602714204202208
1.73927015625E-07, -0.0043605962954363
1.7392896875E-07, -0.00501260706583295
1.73930921875E-07, -0.00462704853657031
1.73932875E-07, -0.0057580069077292
1.73934828125E-07, -0.00594147173383147
1.7393678125E-07, -0.00529657372726676
1.73938734375E-07, -0.00596593768328835
1.739406875E-07, -0.00467151018935786
1.73942640625E-07, -0.00490496030406036
1.7394459375E-07, -0.00545519491320619
1.73946546875E-07, -0.00421171688112652
1.739485E-07, -0.00488453318431027
1.73950453125E-07, -0.0050250968324971
1.7395240625E-07, -0.00436583138288175
1.73954359375E-07, -0.00412418070439428
1.739563125E-07, -0.0046047960144975
1.73958265625E-07, -0.00417591381746239
1.7396021875E-07, -0.00465072574033417
1.73962171875E-07, -0.00509282547259831
1.73964125E-07, -0.00421053708597437
1.73966078125E-07, -0.00490031690912969
1.7396803125E-07, -0.00367431668802299
1.73969984375E-07, -0.00503917130189826
1.739719375E-07, -0.00347505024461124
1.73973890625E-07, -0.00375962468858163
1.7397584375E-07, -0.00278568617246193
1.73977796875E-07, -0.00455147505849571
1.7397975E-07, -0.00401358973569356
1.73981703125E-07, -0.00455487876309601
1.7398365625E-07, -0.00341351098436041
1.73985609375E-07, -0.0025673471907231
1.739875625E-07, -0.0027068074507974
1.73989515625E-07, -0.00278029057956556
1.7399146875E-07, -0.00220404214983805
1.73993421875E-07, -0.000598872081009172
1.73995375E-07, -0.00298501768784404
1.73997328125E-07, -0.00256593506438408
1.7399928125E-07, -0.00164985059034411
1.74001234375E-07, -0.000854431171798482
1.740031875E-07, -0.00101585557850674
1.74005140625E-07, -0.00156935384733591
1.7400709375E-07, -0.00038029160037852
1.74009046875E-07, 0.000732274220779652
1.74011E-07, -0.000422504667180512
1.74012953125E-07, 0.000191717040570844
1.7401490625E-07, 0.000409156529873875
1.74016859375E-07, -0.000284380102336308
1.740188125E-07, 0.000759584805756184
1.74020765625E-07, 0.00173973631485667
1.7402271875E-07, 0.00125775062328946
1.74024671875E-07, 0.00168039584221535
1.74026625E-07, 0.00214752940423109
1.74028578125E-07, 0.00294242382565581
1.7403053125E-07, 0.00218876355555023
1.74032484375E-07, 0.00405862267543942
1.740344375E-07, 0.00297252355461422
1.74036390625E-07, 0.00339209205427794
1.7403834375E-07, 0.00399015256992227
1.74040296875E-07, 0.00458232367255853
1.7404225E-07, 0.0048134877040295
1.74044203125E-07, 0.00619658233952647
1.7404615625E-07, 0.0054080811397443
1.74048109375E-07, 0.00698415404321846
1.740500625E-07, 0.0077060530891901
1.74052015625E-07, 0.00702097186842105
1.7405396875E-07, 0.00794222344896704
1.74055921875E-07, 0.00737609680807011
1.74057875E-07, 0.00904642915910801
1.74059828125E-07, 0.00832594869810445
1.7406178125E-07, 0.00883480353748179
1.74063734375E-07, 0.00839729533391227
1.740656875E-07, 0.0102043511643489
1.74067640625E-07, 0.0134588978572189
1.7406959375E-07, 0.0109808526573586
1.74071546875E-07, 0.0115456406449885
1.740735E-07, 0.0124764342800746
1.74075453125E-07, 0.012391491475695
1.7407740625E-07, 0.0115544537447028
1.74079359375E-07, 0.0133045060431969
1.740813125E-07, 0.0142032948696655
1.74083265625E-07, 0.0150219073774344
1.7408521875E-07, 0.0158134541628003
1.74087171875E-07, 0.0151781571316446
1.74089125E-07, 0.0181178519588492
1.74091078125E-07, 0.0180114632232265
1.7409303125E-07, 0.0178790535679971
1.74094984375E-07, 0.0162872594152584
1.740969375E-07, 0.0187572209804126
1.74098890625E-07, 0.0195425213369266
1.7410084375E-07, 0.019944346026754
1.74102796875E-07, 0.0207606338140455
1.7410475E-07, 0.0194869603215185
1.74106703125E-07, 0.0218624684712502
1.7410865625E-07, 0.0223249636687627
1.74110609375E-07, 0.0224858676123331
1.741125625E-07, 0.022740413163534
1.74114515625E-07, 0.0244505872247318
1.7411646875E-07, 0.0259835562958607
1.74118421875E-07, 0.0248712639014462
1.74120375E-07, 0.0255674863116966
1.74122328125E-07, 0.0276885639861616
1.7412428125E-07, 0.026020331491204
1.74126234375E-07, 0.0285750410123458
1.741281875E-07, 0.0282423018641071
1.74130140625E-07, 0.0284515434858753
1.7413209375E-07, 0.0286424731083709
1.74134046875E-07, 0.0293838900321198
1.74136E-07, 0.0301676180280705
1.74137953125E-07, 0.0288483856421301
1.7413990625E-07, 0.0296776551219425
1.74141859375E-07, 0.0298253408074994
1.741438125E-07, 0.0308328918574785
1.74145765625E-07, 0.0261790777602407
1.7414771875E-07, 0.0323982527912846
1.74149671875E-07, 0.0313814064980624
1.74151625E-07, 0.0331221405914198
1.74153578125E-07, 0.0326883966518551
1.7415553125E-07, 0.0335597128898594
1.74157484375E-07, 0.032530666610185
1.741594375E-07, 0.0341881869441378
1.74161390625E-07, 0.0342270621784841
1.7416334375E-07, 0.03068540743238
1.74165296875E-07, 0.0346430805099967
1.7416725E-07, 0.033822152275017
1.74169203125E-07, 0.0345178719306458
1.7417115625E-07, 0.028685076402959
1.74173109375E-07, 0.0320079739301053
1.741750625E-07, 0.0340924166793445
1.74177015625E-07, 0.0349698330332326
1.7417896875E-07, 0.0264144008988473
1.74180921875E-07, 0.0333949217387233
1.74182875E-07, 0.0328692693380359
1.74184828125E-07, 0.0323487074522289
1.7418678125E-07, 0.0338733499569127
1.74188734375E-07, 0.0345401838764384
1.741906875E-07, 0.0346871211849046
1.74192640625E-07, 0.0327443122537784
1.7419459375E-07, 0.0323767621589734
1.74196546875E-07, 0.0311024806068895
1.741985E-07, 0.0273898177877867
1.74200453125E-07, 0.0276905240916399
1.7420240625E-07, 0.0314159686705518
1.74204359375E-07, 0.031071115665009
1.742063125E-07, 0.0289275513940856
1.74208265625E-07, 0.0292948435046677
1.7421021875E-07, 0.0284868784765766
1.74212171875E-07, 0.0267931047280312
1.74214125E-07, 0.0249434008485739
1.74216078125E-07, 0.025811106245661
1.7421803125E-07, 0.0244925900123896
1.74219984375E-07, 0.0267315404500401
1.742219375E-07, 0.0246664544852951
1.74223890625E-07, 0.0209527432093346
1.7422584375E-07, 0.021512964081671
1.74227796875E-07, 0.0235376476434726
1.7422975E-07, 0.0152026259613294
1.74231703125E-07, 0.0131425592009067
1.7423365625E-07, 0.0151086925128013
1.74235609375E-07, 0.0158632648686938
1.742375625E-07, 0.0180883929045692
1.74239515625E-07, 0.0153114865741661
1.7424146875E-07, 0.010412497112187
1.74243421875E-07, 0.00995429065343497
1.74245375E-07, 0.00893802448053089
1.74247328125E-07, 0.0121511321944334
1.7424928125E-07, 0.0014282447694024
1.74251234375E-07, 0.00367374793835844
1.742531875E-07, -0.00211820891185487
1.74255140625E-07, 0.00204810358836658
1.7425709375E-07, 0.00270397884770197
1.74259046875E-07, 0.00127578463538935
1.74261E-07, 6.3499296906141E-05
1.74262953125E-07, -0.00473435914484576
1.7426490625E-07, -0.00385103113740286
1.74266859375E-07, -0.00299951652373964
1.742688125E-07, -0.0160904811435851
1.74270765625E-07, -0.0117607679543126
1.7427271875E-07, -0.0157121125855852
1.74274671875E-07, -0.0170844122168161
1.74276625E-07, -0.0157810067528672
1.74278578125E-07, -0.0183572905240754
1.7428053125E-07, -0.0205304705544873
1.74282484375E-07, -0.0220697710957058
1.742844375E-07, -0.0268748454186171
1.74286390625E-07, -0.0318851538765667
1.7428834375E-07, -0.0353581247428368
1.74290296875E-07, -0.0292970509394574
1.7429225E-07, -0.0439734337573111
1.74294203125E-07, -0.0344593522663271
1.7429615625E-07, -0.0410683444718458
1.74298109375E-07, -0.0363497154342047
1.743000625E-07, -0.0467172894002233
1.74302015625E-07, -0.0492957328824169
1.7430396875E-07, -0.0532948995968585
1.74305921875E-07, -0.0507622502300989
1.74307875E-07, -0.054798958641214
1.74309828125E-07, -0.0552783731756483
1.7431178125E-07, -0.0542862057311037
1.74313734375E-07, -0.0669685817847907
1.743156875E-07, -0.0642738117276337
1.74317640625E-07, -0.0643325912659023
1.7431959375E-07, -0.0726609065613659
1.74321546875E-07, -0.0694251821760909
1.743235E-07, -0.0671789205378216
1.74325453125E-07, -0.0774729315105613
1.7432740625E-07, -0.0814531724077848
1.74329359375E-07, -0.0786176014789151
1.743313125E-07, -0.0824653404988459
1.74333265625E-07, -0.074575220938077
1.7433521875E-07, -0.0847807089400364
1.74337171875E-07, -0.0920656220139212
1.74339125E-07, -0.0944326723585173
1.74341078125E-07, -0.0973002515934939
1.7434303125E-07, -0.101444812183275
1.74344984375E-07, -0.099295760514398
1.743469375E-07, -0.100172755683937
1.74348890625E-07, -0.10246105161777
1.7435084375E-07, -0.105497270913625
1.74352796875E-07, -0.101653939280055
1.7435475E-07, -0.110110773923723
1.74356703125E-07, -0.10905565073665
1.7435865625E-07, -0.112236642559752
1.74360609375E-07, -0.107112234486076
1.743625625E-07, -0.105653299488979
1.74364515625E-07, -0.11239886817456
1.7436646875E-07, -0.113515774052047
1.74368421875E-07, -0.11556169906377
1.74370375E-07, -0.120334488783188
1.74372328125E-07, -0.115204074145099
1.7437428125E-07, -0.121021684986406
1.74376234375E-07, -0.120939751233021
1.743781875E-07, -0.110511506492483
1.74380140625E-07, -0.118179809525402
1.7438209375E-07, -0.120668147678719
1.74384046875E-07, -0.11197531278387
1.74386E-07, -0.120865755460547
1.74387953125E-07, -0.119317392368672
1.7438990625E-07, -0.117950223094637
1.74391859375E-07, -0.120417518564466
1.743938125E-07, -0.114584305484126
1.74395765625E-07, -0.108316977212246
1.7439771875E-07, -0.114067810364942
1.74399671875E-07, -0.104697140456857
1.74401625E-07, -0.117472648947533
1.74403578125E-07, -0.115661147959472
1.7440553125E-07, -0.102620722163583
1.74407484375E-07, -0.0995578654093612
1.744094375E-07, -0.107277501155476
1.74411390625E-07, -0.10077876771391
1.7441334375E-07, -0.110791226439908
1.74415296875E-07, -0.104748506968269
1.7441725E-07, -0.104527445821115
1.74419203125E-07, -0.102257282180276
1.7442115625E-07, -0.0960274804921817
1.74423109375E-07, -0.0950238464920383
1.744250625E-07, -0.0888966505434418
1.74427015625E-07, -0.0853375383325152
1.7442896875E-07, -0.0802750426185374
1.74430921875E-07, -0.0841220942782724
1.74432875E-07, -0.0799966159419149
1.74434828125E-07, -0.0731591837171743
1.7443678125E-07, -0.0750353856930732
1.74438734375E-07, -0.0582413970395634
1.744406875E-07, -0.0627875155371203
1.74442640625E-07, -0.0586594949914331
1.7444459375E-07, -0.0528335002654637
1.74446546875E-07, -0.0571983577641406
1.744485E-07, -0.0447680515046277
1.74450453125E-07, -0.0477077878276927
1.7445240625E-07, -0.0415264199340041
1.74454359375E-07, -0.0263075996143193
1.744563125E-07, -0.0335799036937793
1.74458265625E-07, -0.0285406312523686
1.7446021875E-07, -0.0268367636110071
1.74462171875E-07, -0.0174557107146445
1.74464125E-07, -0.00970712275561133
1.74466078125E-07, -0.00403061378233763
1.7446803125E-07, 0.0046878778304145
1.74469984375E-07, -0.00250153377569174
1.744719375E-07, 0.00419298079834096
1.74473890625E-07, 0.00808539992108312
1.7447584375E-07, 0.00148118280271338
1.74477796875E-07, 0.0160401088118475
1.7447975E-07, 0.011179574052834
1.74481703125E-07, 0.0307968988843054
1.7448365625E-07, 0.0249353958547541
1.74485609375E-07, 0.0277194274869026
1.744875625E-07, 0.0361789044715023
1.74489515625E-07, 0.0393801506133349
1.7449146875E-07, 0.0286333561480589
1.74493421875E-07, 0.0470010499392087
1.74495375E-07, 0.0538531825065516
1.74497328125E-07, 0.0569995016506442
1.7449928125E-07, 0.0511813516760762
1.74501234375E-07, 0.0640814720832733
1.745031875E-07, 0.0596473004247061
1.74505140625E-07, 0.0658705449148032
1.7450709375E-07, 0.0714117544569378
1.74509046875E-07, 0.07252494352116
1.74511E-07, 0.0720706640295285
1.74512953125E-07, 0.0715582556676719
1.7451490625E-07, 0.0791009923968708
1.74516859375E-07, 0.0875829330889884
1.745188125E-07, 0.0856584321264369
1.74520765625E-07, 0.0840419968110752
1.7452271875E-07, 0.0839286181592973
1.74524671875E-07, 0.0905272384470253
1.74526625E-07, 0.0898247376427225
1.74528578125E-07, 0.0912251871751261
1.7453053125E-07, 0.096741044690549
1.74532484375E-07, 0.0939029948290979
1.745344375E-07, 0.100625523078622
1.74536390625E-07, 0.0914310537356741
1.7453834375E-07, 0.0965346029185042
1.74540296875E-07, 0.100302723573148
1.7454225E-07, 0.0934228523382316
1.74544203125E-07, 0.0993898988828626
1.7454615625E-07, 0.098298733694164
1.74548109375E-07, 0.0971851971158937
1.745500625E-07, 0.0916611315778554
1.74552015625E-07, 0.096512865610243
1.7455396875E-07, 0.0964092869910153
1.74555921875E-07, 0.0926970476197691
1.74557875E-07, 0.0925958206846655
1.74559828125E-07, 0.0916733384599704
1.7456178125E-07, 0.089274900669475
1.74563734375E-07, 0.0893050149810997
1.745656875E-07, 0.0853288350100155
1.74567640625E-07, 0.0915231695925592
1.7456959375E-07, 0.0876976021985824
1.74571546875E-07, 0.0826946259516796
1.745735E-07, 0.0882003721276093
1.74575453125E-07, 0.0838164376189472
1.7457740625E-07, 0.0811772849136565
1.74579359375E-07, 0.0771186756593837
1.745813125E-07, 0.0744693203060855
1.74583265625E-07, 0.0731435675084013
1.7458521875E-07, 0.0723672268351339
1.74587171875E-07, 0.0733947778682678
1.74589125E-07, 0.0673717147295743
1.74591078125E-07, 0.0721519428894859
1.7459303125E-07, 0.0604153222611597
1.74594984375E-07, 0.0628339057061903
1.745969375E-07, 0.0617806580895893
1.74598890625E-07, 0.0606415966910829
1.7460084375E-07, 0.0563635769255439
1.74602796875E-07, 0.0550540980854905
1.7460475E-07, 0.0564212726834987
1.74606703125E-07, 0.0554976687330719
1.7460865625E-07, 0.0516864165166058
1.74610609375E-07, 0.0468193099267343
1.746125625E-07, 0.0468354430233299
1.74614515625E-07, 0.0432626536420856
1.7461646875E-07, 0.0452800026202445
1.74618421875E-07, 0.0436576244516193
1.74620375E-07, 0.0401213635153919
1.74622328125E-07, 0.0369529124759949
1.7462428125E-07, 0.0362570864789115
1.74626234375E-07, 0.0358874664278132
1.746281875E-07, 0.0385324776006249
1.74630140625E-07, 0.0341837718543319
1.7463209375E-07, 0.0330661495471987
1.74634046875E-07, 0.0328459479357954
1.74636E-07, 0.0295116719673299
1.74637953125E-07, 0.0346956266444659
1.7463990625E-07, 0.0260271918596578
1.74641859375E-07, 0.0255502005769132
1.746438125E-07, 0.0263602283922765
1.74645765625E-07, 0.0282075905989041
1.7464771875E-07, 0.025042748977241
1.74649671875E-07, 0.0244938586441735
1.74651625E-07, 0.0233933322718313
1.74653578125E-07, 0.0240888700179074
1.7465553125E-07, 0.0198120397138463
1.74657484375E-07, 0.0236291040622986
1.746594375E-07, 0.0220440231512382
1.74661390625E-07, 0.023727213823635
1.7466334375E-07, 0.0208984177252824
1.74665296875E-07, 0.0191015500872313
1.7466725E-07, 0.0189250161377468
1.74669203125E-07, 0.0242851609389718
1.7467115625E-07, 0.0193292234810513
1.74673109375E-07, 0.0190049309858544
1.746750625E-07, 0.021601272141714
1.74677015625E-07, 0.0187480981829798
1.7467896875E-07, 0.0221938066599577
1.74680921875E-07, 0.0191378169302179
1.74682875E-07, 0.0187788000454668
1.74684828125E-07, 0.0194968814185973
1.7468678125E-07, 0.0188439001394022
1.74688734375E-07, 0.0196705698722538
1.746906875E-07, 0.0196067125816043
1.74692640625E-07, 0.020927168770788
1.7469459375E-07, 0.0197079499431154
1.74696546875E-07, 0.0198612601151466
1.746985E-07, 0.0200334875971993
1.74700453125E-07, 0.0198169190106277
1.7470240625E-07, 0.019367277897407
1.74704359375E-07, 0.0188077623068925
1.747063125E-07, 0.0195404299427622
1.74708265625E-07, 0.0201673450461899
1.7471021875E-07, 0.0201304875294519
1.74712171875E-07, 0.0189395456231286
1.74714125E-07, 0.020055475716479
1.74716078125E-07, 0.0200803165771863
1.7471803125E-07, 0.0200989203375288
1.74719984375E-07, 0.0183192809986291
1.747219375E-07, 0.0189977631267795
1.74723890625E-07, 0.0191576768523776
1.7472584375E-07, 0.0182408675541794
1.74727796875E-07, 0.0185491598581651
1.7472975E-07, 0.0171192676993633
1.74731703125E-07, 0.0176610205840076
1.7473365625E-07, 0.0169661141401499
1.74735609375E-07, 0.0155301424988378
1.747375625E-07, 0.0181821455734833
1.74739515625E-07, 0.0150104123949355
1.7474146875E-07, 0.0156869141285442
1.74743421875E-07, 0.0153162304194857
1.74745375E-07, 0.0153716480055052
1.74747328125E-07, 0.0146701013722701
1.7474928125E-07, 0.0137454453192195
1.74751234375E-07, 0.013130293398111
1.747531875E-07, 0.0136479731069709
1.74755140625E-07, 0.0127804458002139
1.7475709375E-07, 0.0115517020082158
1.74759046875E-07, 0.0115850646835333
1.74761E-07, 0.0109000643041031
1.74762953125E-07, 0.00837012451476684
1.7476490625E-07, 0.00844249666177326
1.74766859375E-07, 0.00795276636272193
1.747688125E-07, 0.00797810284224861
1.74770765625E-07, 0.00981466640259402
1.7477271875E-07, 0.00795968394185863
1.74774671875E-07, 0.00626962474612941
1.74776625E-07, 0.0046242250753505
1.74778578125E-07, 0.00484965935005247
1.7478053125E-07, 0.00538362198280402
1.74782484375E-07, 0.00382806926062043
1.747844375E-07, 0.00138933434810849
1.74786390625E-07, 0.000778660360331598
1.7478834375E-07, 0.000475211223383821
1.74790296875E-07, 0.00112799465220666
1.7479225E-07, 0.000161861694476578
1.74794203125E-07, 0.000259843555309776
1.7479615625E-07, -0.00176473978689628
1.74798109375E-07, -0.00233681194079252
1.748000625E-07, -0.0029974255524208
1.74802015625E-07, -0.00254471447319848
1.7480396875E-07, -0.00311445993523171
1.74805921875E-07, -0.00197306674272525
1.74807875E-07, -0.00414253475060723
1.74809828125E-07, -0.00551745914163708
1.7481178125E-07, -0.00579512332499102
1.74813734375E-07, -0.00488815362627918
1.748156875E-07, -0.00503585907836664
1.74817640625E-07, -0.00397723366858862
1.7481959375E-07, -0.00506974604335426
1.74821546875E-07, -0.00656144897445666
1.748235E-07, -0.00587572965684632
1.74825453125E-07, -0.00657351739641498
1.7482740625E-07, -0.0071544864850252
1.74829359375E-07, -0.0080029943031059
1.748313125E-07, -0.0077864055209361
1.74833265625E-07, -0.0074257270877527
1.7483521875E-07, -0.00737993582906039
1.74837171875E-07, -0.00795187523438942
1.74839125E-07, -0.0082862219148491
1.74841078125E-07, -0.0081656947654649
1.7484303125E-07, -0.00790528665084606
1.74844984375E-07, -0.00691583611949626
1.748469375E-07, -0.00705196251563969
1.74848890625E-07, -0.00669948228781334
1.7485084375E-07, -0.00766877222948025
1.74852796875E-07, -0.00701149565930995
1.7485475E-07, -0.00817857563239649
1.74856703125E-07, -0.00744591104192816
1.7485865625E-07, -0.00736999504638064
1.74860609375E-07, -0.00667651092961736
1.748625625E-07, -0.00726848033570097
1.74864515625E-07, -0.00575886676594316
1.7486646875E-07, -0.00553689812637529
1.74868421875E-07, -0.0057168381741847
1.74870375E-07, -0.00604583312424803
1.74872328125E-07, -0.0060639583816558
1.7487428125E-07, -0.00534376358512537
1.74876234375E-07, -0.0042001925259683
1.748781875E-07, -0.00516177807941748
1.74880140625E-07, -0.00498283280220941
1.7488209375E-07, -0.0043696672441938
1.74884046875E-07, -0.00352330788960429
1.74886E-07, -0.00387646937935432
1.74887953125E-07, -0.004002381199591
1.7488990625E-07, -0.00276723611002051
1.74891859375E-07, -0.00227330063040892
1.748938125E-07, -0.00301406081768065
1.74895765625E-07, -0.002731127786184
1.7489771875E-07, -0.00289019247769384
1.74899671875E-07, -0.00262404429354859
1.74901625E-07, -0.00078692912356547
1.74903578125E-07, -0.00196017026138887
1.7490553125E-07, -0.00145687346107662
1.74907484375E-07, -0.00111137686370478
1.749094375E-07, -0.000268596822282725
1.74911390625E-07, -0.000557788920235325
1.7491334375E-07, 0.00015212652354592
1.74915296875E-07, -0.000191258598485439
1.7491725E-07, 0.0011897901664764
1.74919203125E-07, 0.000205580727889349
1.7492115625E-07, -0.000639059494707865
1.74923109375E-07, 0.000189864800842313
1.749250625E-07, 0.000629006723727311
1.74927015625E-07, 0.000506683830713606
1.7492896875E-07, 0.0017788174549121
1.74930921875E-07, 0.00148209107623219
1.74932875E-07, 0.00120791215206265
1.74934828125E-07, 0.00126261648868007
1.7493678125E-07, 0.00129461679188012
1.74938734375E-07, 0.00196945751198374
1.749406875E-07, 0.00151718469807006
1.74942640625E-07, 0.00242599691877258
1.7494459375E-07, 0.00175623136980445
1.74946546875E-07, 0.00211247159129218
1.749485E-07, 0.00155276597094313
1.74950453125E-07, 0.00274973972759804
1.7495240625E-07, 0.00219820782673071
1.74954359375E-07, 0.00196697556327645
1.749563125E-07, 0.00155146260330185
1.74958265625E-07, 0.00187403361987454
1.7496021875E-07, 0.00146990672732315
1.74962171875E-07, 0.00132085706156419
1.74964125E-07, 0.0011201093951496
1.74966078125E-07, 0.00117095746964732
1.7496803125E-07, 0.001419458019087
1.74969984375E-07, 0.0015580785602346
1.749719375E-07, 0.00121128996549037
1.74973890625E-07, 0.00088794146208716
1.7497584375E-07, 0.000788383208540466
1.74977796875E-07, 0.000310732517535778
1.7497975E-07, 0.000207145630472113
1.74981703125E-07, 0.00148337738054196
1.7498365625E-07, 0.000434995220866639
1.74985609375E-07, -0.000485122800449898
1.749875625E-07, 0.000826002120327302
1.74989515625E-07, -0.000830541425677859
1.7499146875E-07, -0.00032308513905087
1.74993421875E-07, -0.00049219068880714
1.74995375E-07, -0.00130957900319885
1.74997328125E-07, -0.000132346137193804
1.7499928125E-07, -0.00179504053850049
1.75001234375E-07, -0.00106559901556504
1.750031875E-07, -0.00173728895986374
1.75005140625E-07, -0.00242713203225556
1.7500709375E-07, -0.00186628553209207
1.75009046875E-07, -0.00401385369570905
1.75011E-07, -0.00266999251402984
1.75012953125E-07, -0.00273929344742548
1.7501490625E-07, -0.00409487787030939
1.75016859375E-07, -0.00396729464690199
1.750188125E-07, -0.00369159344359892
1.75020765625E-07, -0.00371163391609732
1.7502271875E-07, -0.00544583837911949
1.75024671875E-07, -0.00637380138300813
1.75026625E-07, -0.0049625414640192
1.75028578125E-07, -0.00706900819662005
1.7503053125E-07, -0.00694046049895131
1.75032484375E-07, -0.00688497052608659
1.750344375E-07, -0.00666696556035463
1.75036390625E-07, -0.00823703834310246
1.7503834375E-07, -0.00757205499039922
1.75040296875E-07, -0.00786687058486551
1.7504225E-07, -0.00997931747997639
1.75044203125E-07, -0.00948523982716629
1.7504615625E-07, -0.0113470720826968
1.75048109375E-07, -0.0103793593629557
1.750500625E-07, -0.0120705327680183
1.75052015625E-07, -0.0128097027099472
1.7505396875E-07, -0.0127504478542126
1.75055921875E-07, -0.0128124893238824
1.75057875E-07, -0.0133342858209049
1.75059828125E-07, -0.013965381433546
1.7506178125E-07, -0.0150302759969859
1.75063734375E-07, -0.0128731722301605
1.750656875E-07, -0.0154658526927321
1.75067640625E-07, -0.0160918923494506
1.7506959375E-07, -0.0167130759158825
1.75071546875E-07, -0.0179517441559822
1.750735E-07, -0.017958615090721
1.75075453125E-07, -0.0181101677725546
1.7507740625E-07, -0.0179748113471385
1.75079359375E-07, -0.0198792645564
1.750813125E-07, -0.0191894772431891
1.75083265625E-07, -0.0222889131929857
1.7508521875E-07, -0.0217502034781059
1.75087171875E-07, -0.0201849739238491
1.75089125E-07, -0.0216759907734144
1.75091078125E-07, -0.0237034302275941
1.7509303125E-07, -0.022854845414898
1.75094984375E-07, -0.0243058384612439
1.750969375E-07, -0.0239755346382612
1.75098890625E-07, -0.0239745081748258
1.7510084375E-07, -0.0250345996259837
1.75102796875E-07, -0.0269863588355073
1.7510475E-07, -0.0266291201589732
1.75106703125E-07, -0.0265572570574903
1.7510865625E-07, -0.0276413009515792
1.75110609375E-07, -0.0275600477129774
1.751125625E-07, -0.0282083247347119
1.75114515625E-07, -0.0274913831129712
1.7511646875E-07, -0.029851336201636
1.75118421875E-07, -0.0281706186650683
1.75120375E-07, -0.0289145246166414
1.75122328125E-07, -0.0303790160720862
1.7512428125E-07, -0.0294033065295218
1.75126234375E-07, -0.0305388289224774
1.751281875E-07, -0.0304685413589476
1.75130140625E-07, -0.0309255420657901
1.7513209375E-07, -0.0322582815145234
1.75134046875E-07, -0.0309371237357277
1.75136E-07, -0.0310947010009914
1.75137953125E-07, -0.0322282446920864
1.7513990625E-07, -0.0322866541154345
1.75141859375E-07, -0.0319628799947888
1.751438125E-07, -0.0301920935465754
1.75145765625E-07, -0.0319513104305355
1.7514771875E-07, -0.0322929412899889
1.75149671875E-07, -0.0327230838027505
1.75151625E-07, -0.0327499298481274
1.75153578125E-07, -0.0312827172083327
1.7515553125E-07, -0.0320132163300183
1.75157484375E-07, -0.032325261592581
1.751594375E-07, -0.0331469426246364
1.75161390625E-07, -0.0323881987153914
1.7516334375E-07, -0.0323548811419668
1.75165296875E-07, -0.0334201062088051
1.7516725E-07, -0.031903818207765
1.75169203125E-07, -0.0326391541989283
1.7517115625E-07, -0.0325980926152048
1.75173109375E-07, -0.0327476916493188
1.751750625E-07, -0.0321151956250561
1.75177015625E-07, -0.0320322302493026
1.7517896875E-07, -0.0324760896902942
1.75180921875E-07, -0.031655342996552
1.75182875E-07, -0.0318624623325386
1.75184828125E-07, -0.0320733213110848
1.7518678125E-07, -0.0320186905697454
1.75188734375E-07, -0.0308905250804662
1.751906875E-07, -0.0303093825800819
1.75192640625E-07, -0.0289169923621428
1.7519459375E-07, -0.0302662280825212
1.75196546875E-07, -0.0295388936669568
1.751985E-07, -0.0311490094713091
1.75200453125E-07, -0.0301195398742145
1.7520240625E-07, -0.0286111749274929
1.75204359375E-07, -0.0287629515532734
1.752063125E-07, -0.0271785056284278
1.75208265625E-07, -0.0278840051227162
1.7521021875E-07, -0.0276279815500655
1.75212171875E-07, -0.0263381292087478
1.75214125E-07, -0.0270177907950066
1.75216078125E-07, -0.0268067927910569
1.7521803125E-07, -0.0258243107190843
1.75219984375E-07, -0.0264477260669957
1.752219375E-07, -0.0254830313307115
1.75223890625E-07, -0.0253475906804553
1.7522584375E-07, -0.0256216629386973
1.75227796875E-07, -0.0248651823225824
1.7522975E-07, -0.0243108790304944
1.75231703125E-07, -0.0240572597098301
1.7523365625E-07, -0.0223680550413018
1.75235609375E-07, -0.0228995962122239
1.752375625E-07, -0.02344107016568
1.75239515625E-07, -0.0220099142911271
1.7524146875E-07, -0.0231980646638666
1.75243421875E-07, -0.0217949261661904
1.75245375E-07, -0.0204603419292805
1.75247328125E-07, -0.0213027927473855
1.7524928125E-07, -0.0215032654935018
1.75251234375E-07, -0.0202577813010256
1.752531875E-07, -0.0203739753333062
1.75255140625E-07, -0.0202743191833927
1.7525709375E-07, -0.0189452283655779
1.75259046875E-07, -0.0193401510197733
1.75261E-07, -0.0195791807503371
1.75262953125E-07, -0.0181760057831784
1.7526490625E-07, -0.0183617045750413
1.75266859375E-07, -0.0186222142481056
1.752688125E-07, -0.015795339087378
1.75270765625E-07, -0.0158035552171046
1.7527271875E-07, -0.0160266576945553
1.75274671875E-07, -0.0161581131142873
1.75276625E-07, -0.0164625328410329
1.75278578125E-07, -0.0152729206259637
1.7528053125E-07, -0.0154457393205549
1.75282484375E-07, -0.0150273680425448
1.752844375E-07, -0.0137158611203017
1.75286390625E-07, -0.0131015548135345
1.7528834375E-07, -0.0118620798617537
1.75290296875E-07, -0.0125478825680213
1.7529225E-07, -0.0114663539734234
1.75294203125E-07, -0.0118059537931013
1.7529615625E-07, -0.0101041933283196
1.75298109375E-07, -0.0107907541002482
1.753000625E-07, -0.0098424255728447
1.75302015625E-07, -0.00852621862390506
1.7530396875E-07, -0.00930345828845489
1.75305921875E-07, -0.00868925792563013
1.75307875E-07, -0.00845845609254854
1.75309828125E-07, -0.00850088086753827
1.7531178125E-07, -0.00790020397429449
1.75313734375E-07, -0.00813397276891374
1.753156875E-07, -0.00597465949177114
1.75317640625E-07, -0.00638570142889613
1.7531959375E-07, -0.00514251666866782
1.75321546875E-07, -0.0068680395156608
1.753235E-07, -0.0061084514061654
1.75325453125E-07, -0.00300843573693207
1.7532740625E-07, -0.00444131851897952
1.75329359375E-07, -0.00472065006997026
1.753313125E-07, -0.00480693941532514
1.75333265625E-07, -0.00322374554568128
1.7533521875E-07, -0.001727455062968
1.75337171875E-07, -0.00470655086251005
1.75339125E-07, -0.00276096895952188
1.75341078125E-07, -0.0032216585682523
1.7534303125E-07, -0.00244771781864876
1.75344984375E-07, -0.00180278368181777
1.753469375E-07, -0.00114128874234608
1.75348890625E-07, -0.00171234880510615
1.7535084375E-07, -0.00181710995864299
1.75352796875E-07, -0.00105198969872807
1.7535475E-07, -0.000438595476797045
1.75356703125E-07, 9.58353895533892E-06
1.7535865625E-07, -0.000419354243686649
1.75360609375E-07, 0.000463378002635887
1.753625625E-07, -4.83001655851597E-06
1.75364515625E-07, 0.000876952001373142
1.7536646875E-07, 0.00122315496360663
1.75368421875E-07, 0.00141607654372318
1.75370375E-07, 0.00197486301838286
1.75372328125E-07, 0.00164930858554218
1.7537428125E-07, 0.00133250252343007
1.75376234375E-07, 0.00274781277301144
1.753781875E-07, 0.00173323782061542
1.75380140625E-07, 0.00228391198494734
1.7538209375E-07, 0.00176588512022248
1.75384046875E-07, 0.00277853206484174
1.75386E-07, 0.00265093203374224
1.75387953125E-07, 0.00346512483265725
1.7538990625E-07, 0.00308491869956766
1.75391859375E-07, 0.00412981085349503
1.753938125E-07, 0.00279955148175835
1.75395765625E-07, 0.00365238360573817
1.7539771875E-07, 0.0025412822684681
1.75399671875E-07, 0.00388696179020585
1.75401625E-07, 0.00420345711624132
1.75403578125E-07, 0.00398282827864124
1.7540553125E-07, 0.00487146570846571
1.75407484375E-07, 0.00544322663752857
1.754094375E-07, 0.00501096698820664
1.75411390625E-07, 0.00523257913293936
1.7541334375E-07, 0.00533459864349095
1.75415296875E-07, 0.00530833133543318
1.7541725E-07, 0.00615616991708608
1.75419203125E-07, 0.00584751888111762
1.7542115625E-07, 0.00595304287741893
1.75423109375E-07, 0.00634834864264457
1.754250625E-07, 0.00542626112581877
1.75427015625E-07, 0.00580282436364735
1.7542896875E-07, 0.0062491634533287
1.75430921875E-07, 0.00611039940268904
1.75432875E-07, 0.00746331608702878
1.75434828125E-07, 0.0070976542802154
1.7543678125E-07, 0.00649439496098859
1.75438734375E-07, 0.00782730389267134
1.754406875E-07, 0.00828525938115091
1.75442640625E-07, 0.00913668995379742
1.7544459375E-07, 0.00905114857230161
1.75446546875E-07, 0.00930754094893321
1.754485E-07, 0.00872108923821595
1.75450453125E-07, 0.00893310367299375
1.7545240625E-07, 0.00907790929723579
1.75454359375E-07, 0.00950735339718072
1.754563125E-07, 0.00994363551975269
1.75458265625E-07, 0.00984689772881191
1.7546021875E-07, 0.0105371085548764
1.75462171875E-07, 0.0107597871492502
1.75464125E-07, 0.0103506233306453
1.75466078125E-07, 0.0109084877205481
1.7546803125E-07, 0.0115598839187577
1.75469984375E-07, 0.0115545401960259
1.754719375E-07, 0.0120688279899048
1.75473890625E-07, 0.0123694040723237
1.7547584375E-07, 0.0121863647302028
1.75477796875E-07, 0.0116171924100267
1.7547975E-07, 0.0114073754564917
1.75481703125E-07, 0.0122664872361917
1.7548365625E-07, 0.0127889378152246
1.75485609375E-07, 0.013159146484673
1.754875625E-07, 0.0138081302417759
1.75489515625E-07, 0.0143137347478914
1.7549146875E-07, 0.0137364498957076
1.75493421875E-07, 0.0142776270871849
1.75495375E-07, 0.0137892584906075
1.75497328125E-07, 0.0139149360503335
1.7549928125E-07, 0.0136511096597815
1.75501234375E-07, 0.0147190659996651
1.755031875E-07, 0.014257449576816
1.75505140625E-07, 0.0142734040680881
1.7550709375E-07, 0.0136996891822892
1.75509046875E-07, 0.0134013852638308
1.75511E-07, 0.0148754430765954
1.75512953125E-07, 0.0146373494897042
1.7551490625E-07, 0.0151117544422344
1.75516859375E-07, 0.0145663093839602
1.755188125E-07, 0.015831818283667
1.75520765625E-07, 0.0149669539387611
1.7552271875E-07, 0.014531556335634
1.75524671875E-07, 0.0148593447633436
1.75526625E-07, 0.0149276941805419
1.75528578125E-07, 0.0144320780024175
1.7553053125E-07, 0.0142204049446001
1.75532484375E-07, 0.0143365355754795
1.755344375E-07, 0.014137766795219
1.75536390625E-07, 0.0142642333450434
1.7553834375E-07, 0.0137113724501665
1.75540296875E-07, 0.0130983307526357
1.7554225E-07, 0.0135276237403125
1.75544203125E-07, 0.0135270824343457
1.7554615625E-07, 0.0121521582100033
1.75548109375E-07, 0.0132312476048078
1.755500625E-07, 0.012847964582539
1.75552015625E-07, 0.0125852830344426
1.7555396875E-07, 0.012972986894348
1.75555921875E-07, 0.0118905559049516
1.75557875E-07, 0.0117104898713282
1.75559828125E-07, 0.0108007920558789
1.7556178125E-07, 0.0119211948121984
1.75563734375E-07, 0.011098098014691
1.755656875E-07, 0.0101648193466817
1.75567640625E-07, 0.0104329437788542
1.7556959375E-07, 0.00973729702121465
1.75571546875E-07, 0.0103169904906109
1.755735E-07, 0.00919739427076181
1.75575453125E-07, 0.00845403487545556
1.7557740625E-07, 0.00880823671210394
1.75579359375E-07, 0.00854273040164889
1.755813125E-07, 0.00876106426495051
1.75583265625E-07, 0.00852394530296688
1.7558521875E-07, 0.0085973763823289
1.75587171875E-07, 0.00776989307272311
1.75589125E-07, 0.00666192676463443
1.75591078125E-07, 0.00763082696734903
1.7559303125E-07, 0.00743076806018532
1.75594984375E-07, 0.00723614353701111
1.755969375E-07, 0.00572729341139634
1.75598890625E-07, 0.00595457514388408
1.7560084375E-07, 0.00706581006101623
1.75602796875E-07, 0.00642443550192478
1.7560475E-07, 0.00554005322290038
1.75606703125E-07, 0.00557160453808989
1.7560865625E-07, 0.00553212441499598
1.75610609375E-07, 0.00476287983932863
1.756125625E-07, 0.00337098133906791
1.75614515625E-07, 0.00394448594200083
1.7561646875E-07, 0.00496338926037758
1.75618421875E-07, 0.00418457673808845
1.75620375E-07, 0.00412212663186753
1.75622328125E-07, 0.00381520693962712
1.7562428125E-07, 0.0037565187945405
1.75626234375E-07, 0.00367415045271307
1.756281875E-07, 0.00397009259468403
1.75630140625E-07, 0.00372715939232108
1.7563209375E-07, 0.00365885827940717
1.75634046875E-07, 0.00352132042845713
1.75636E-07, 0.00302642426042208
1.75637953125E-07, 0.00328492820771956
1.7563990625E-07, 0.00394990572028877
1.75641859375E-07, 0.00315486157211074
1.756438125E-07, 0.00265271557059205
1.75645765625E-07, 0.00306843879088363
1.7564771875E-07, 0.00397766303283144
1.75649671875E-07, 0.00341305872114126
1.75651625E-07, 0.00346226622658204
1.75653578125E-07, 0.0031954386569703
1.7565553125E-07, 0.00363422816573983
1.75657484375E-07, 0.00381965719794884
1.756594375E-07, 0.0041258030705239
1.75661390625E-07, 0.00358321528278315
1.7566334375E-07, 0.00419326106554574
1.75665296875E-07, 0.00382960940287868
1.7566725E-07, 0.00397636012231345
1.75669203125E-07, 0.00518208849840549
1.7567115625E-07, 0.00468970102543884
1.75673109375E-07, 0.00410145867025826
1.756750625E-07, 0.00500624467504227
1.75677015625E-07, 0.00513373579896332
1.7567896875E-07, 0.00437154370039903
1.75680921875E-07, 0.00453151044947155
1.75682875E-07, 0.00505187249515379
1.75684828125E-07, 0.00529460487231897
1.7568678125E-07, 0.00533112332163622
1.75688734375E-07, 0.00569317252861484
1.756906875E-07, 0.0055728060492663
1.75692640625E-07, 0.00507073997533335
1.7569459375E-07, 0.00561058301438747
1.75696546875E-07, 0.0061024643299115
1.756985E-07, 0.00600981408766303
1.75700453125E-07, 0.0068431608968383
1.7570240625E-07, 0.00669227177452545
1.75704359375E-07, 0.00634443489770629
1.757063125E-07, 0.00668918800390284
1.75708265625E-07, 0.00650749212629826
1.7571021875E-07, 0.00630574034560188
1.75712171875E-07, 0.00675637600156533
1.75714125E-07, 0.00734149721651967
1.75716078125E-07, 0.00759696199262996
1.7571803125E-07, 0.00754061596259225
1.75719984375E-07, 0.00664217288267585
1.757219375E-07, 0.00749277792573751
1.75723890625E-07, 0.00739875900528305
1.7572584375E-07, 0.00790315887619123
1.75727796875E-07, 0.00792628077297527
1.7572975E-07, 0.00760339179478123
1.75731703125E-07, 0.00832579657896969
1.7573365625E-07, 0.00790247335954439
1.75735609375E-07, 0.00860099111124784
1.757375625E-07, 0.00841905530474838
1.75739515625E-07, 0.00823932811390831
1.7574146875E-07, 0.00813561435221339
1.75743421875E-07, 0.00829156779023598
1.75745375E-07, 0.00935693630737752
1.75747328125E-07, 0.00856688935868994
1.7574928125E-07, 0.00898703374719912
1.75751234375E-07, 0.00979479615477597
1.757531875E-07, 0.00969936867445016
1.75755140625E-07, 0.0091963218562588
1.7575709375E-07, 0.00981528467146849
1.75759046875E-07, 0.00903816168379643
1.75761E-07, 0.0086752074383008
1.75762953125E-07, 0.00948247669965761
1.7576490625E-07, 0.00945177152348888
1.75766859375E-07, 0.00912280247393636
1.757688125E-07, 0.0104898843100077
1.75770765625E-07, 0.010169395754134
1.7577271875E-07, 0.00955368657564347
1.75774671875E-07, 0.00936547714223989
1.75776625E-07, 0.00995621531917983
1.75778578125E-07, 0.0100045665987937
1.7578053125E-07, 0.00944674086114021
1.75782484375E-07, 0.010591249320025
1.757844375E-07, 0.0103415313903597
1.75786390625E-07, 0.0100503619068534
1.7578834375E-07, 0.0103447886564866
1.75790296875E-07, 0.00979646415885254
1.7579225E-07, 0.0106481368460279
1.75794203125E-07, 0.0112101387686459
1.7579615625E-07, 0.0105623864667556
1.75798109375E-07, 0.0108805760752944
1.758000625E-07, 0.0109808686572527
1.75802015625E-07, 0.0095949334056648
1.7580396875E-07, 0.0119159223516488
1.75805921875E-07, 0.0118279338631992
1.75807875E-07, 0.0113696043123473
1.75809828125E-07, 0.0129349408821409
1.7581178125E-07, 0.0116495713136489
1.75813734375E-07, 0.0124325291963978
1.758156875E-07, 0.0124656034653021
1.75817640625E-07, 0.0122296122523351
1.7581959375E-07, 0.0121264835449685
1.75821546875E-07, 0.0125383316240993
1.758235E-07, 0.011816022242027
1.75825453125E-07, 0.0114215759674539
1.7582740625E-07, 0.0126365281123099
1.75829359375E-07, 0.0113886487897
1.758313125E-07, 0.0119029134240029
1.75833265625E-07, 0.0122913277718973
1.7583521875E-07, 0.0122714620871922
1.75837171875E-07, 0.0127943837814972
1.75839125E-07, 0.0123912686830834
1.75841078125E-07, 0.012909931986644
1.7584303125E-07, 0.0126332162453703
1.75844984375E-07, 0.0128593203556823
1.758469375E-07, 0.0124316862546808
1.75848890625E-07, 0.0121634619769377
1.7585084375E-07, 0.0121117584423312
1.75852796875E-07, 0.0133698738519961
1.7585475E-07, 0.0123708607763886
1.75856703125E-07, 0.0134540999634013
1.7585865625E-07, 0.0136698541949956
1.75860609375E-07, 0.013212512887168
1.758625625E-07, 0.0132416398030639
1.75864515625E-07, 0.013336137032196
1.7586646875E-07, 0.0132735491026581
1.75868421875E-07, 0.0139090374282466
1.75870375E-07, 0.0134675614044795
1.75872328125E-07, 0.0135958463368842
1.7587428125E-07, 0.0133595909768758
1.75876234375E-07, 0.0130068179954174
1.758781875E-07, 0.0129757644188889
1.75880140625E-07, 0.0138215466938536
1.7588209375E-07, 0.0135606548787732
1.75884046875E-07, 0.0130761835300465
1.75886E-07, 0.0132829048762395
1.75887953125E-07, 0.0131162282501276
1.7588990625E-07, 0.0134565484871549
1.75891859375E-07, 0.0124271543082436
1.758938125E-07, 0.0122081320091881
1.75895765625E-07, 0.0126552303022
1.7589771875E-07, 0.0132596308207038
1.75899671875E-07, 0.0121593431224386
1.75901625E-07, 0.0126015719700046
1.75903578125E-07, 0.0120498906876064
1.7590553125E-07, 0.0123002601277897
1.75907484375E-07, 0.0120780071448432
1.759094375E-07, 0.0125876547885895
1.75911390625E-07, 0.0114489721133547
1.7591334375E-07, 0.0107739282686009
1.75915296875E-07, 0.0118967905177668
1.7591725E-07, 0.00998614427642683
1.75919203125E-07, 0.0116509410381509
1.7592115625E-07, 0.0102782431382673
1.75923109375E-07, 0.0093896236512134
1.759250625E-07, 0.00993971511153689
1.75927015625E-07, 0.0100779855832077
1.7592896875E-07, 0.0106287783300841
1.75930921875E-07, 0.00874997802845161
1.75932875E-07, 0.00860569252018405
1.75934828125E-07, 0.00970967376544926
1.7593678125E-07, 0.00950540825930048
1.75938734375E-07, 0.00901168792135807
1.759406875E-07, 0.00630564678169449
1.75942640625E-07, 0.00736111731889505
1.7594459375E-07, 0.00850014880827119
1.75946546875E-07, 0.00763602258215486
1.759485E-07, 0.00595846840213115
1.75950453125E-07, 0.00546157097332278
1.7595240625E-07, 0.00493801772584893
1.75954359375E-07, 0.00646166477029609
1.759563125E-07, 0.00416450306407266
1.75958265625E-07, 0.00474520824723215
1.7596021875E-07, 0.00442801496676992
1.75962171875E-07, 0.00402846579692561
1.75964125E-07, 0.00425321643715888
1.75966078125E-07, 0.0021211577040357
1.7596803125E-07, 0.00204154287081859
1.75969984375E-07, 0.00276815728287225
1.759719375E-07, 0.000333127918266786
1.75973890625E-07, 0.00267563838849
1.7597584375E-07, 0.000894139868945286
1.75977796875E-07, 0.000914406366088311
1.7597975E-07, 0.000173344569939558
1.75981703125E-07, -0.000421013849878547
1.7598365625E-07, -0.000834601089751525
1.75985609375E-07, -0.00253068850202783
1.759875625E-07, -0.00184830948665791
1.75989515625E-07, -0.00310652362204697
1.7599146875E-07, -0.00173619895744256
1.75993421875E-07, -0.00447420911876444
1.75995375E-07, -0.00573558270021276
1.75997328125E-07, -0.00326629677651847
1.7599928125E-07, -0.00278935387756246
1.76001234375E-07, -0.00408704324412141
1.760031875E-07, -0.00451580767058946
1.76005140625E-07, -0.00464806337455913
1.7600709375E-07, -0.00536321601663044
1.76009046875E-07, -0.0076662505196646
1.76011E-07, -0.00712151224600563
1.76012953125E-07, -0.00741446935624825
1.7601490625E-07, -0.00578333275618573
1.76016859375E-07, -0.00880923351490149
1.760188125E-07, -0.00872887090762044
1.76020765625E-07, -0.00856224834463544
1.7602271875E-07, -0.00951637213954599
1.76024671875E-07, -0.00736588416494329
1.76026625E-07, -0.0112391989978547
1.76028578125E-07, -0.00890563050690248
1.7603053125E-07, -0.0105297295981668
1.76032484375E-07, -0.0109663820804376
1.760344375E-07, -0.0113312677069042
1.76036390625E-07, -0.012424912486696
1.7603834375E-07, -0.011297339955275
1.76040296875E-07, -0.0129542513064925
1.7604225E-07, -0.011717403050794
1.76044203125E-07, -0.0130569148979131
1.7604615625E-07, -0.0130558715885845
1.76048109375E-07, -0.0139712405793368
1.760500625E-07, -0.0147957826083667
1.76052015625E-07, -0.013268806653958
1.7605396875E-07, -0.0149587239189419
1.76055921875E-07, -0.0138685223745507
1.76057875E-07, -0.0145996871073457
1.76059828125E-07, -0.0158388833455621
1.7606178125E-07, -0.0150207241781131
1.76063734375E-07, -0.0147509120263608
1.760656875E-07, -0.0154265709268287
1.76067640625E-07, -0.014417653244455
1.7606959375E-07, -0.0151274558087737
1.76071546875E-07, -0.0160742471348317
1.760735E-07, -0.0150623181068936
1.76075453125E-07, -0.0152289856369362
1.7607740625E-07, -0.0148927612942906
1.76079359375E-07, -0.0146947979749378
1.760813125E-07, -0.014750699147991
1.76083265625E-07, -0.014714371849028
1.7608521875E-07, -0.0159858859206401
1.76087171875E-07, -0.0145110086105547
1.76089125E-07, -0.0154613198366462
1.76091078125E-07, -0.0140255379499196
1.7609303125E-07, -0.0131802003736066
1.76094984375E-07, -0.0151092342248519
1.760969375E-07, -0.0137678457910049
1.76098890625E-07, -0.01396360904239
1.7610084375E-07, -0.0147909926256458
1.76102796875E-07, -0.0136077270457908
1.7610475E-07, -0.0125266414926522
1.76106703125E-07, -0.0131206740465227
1.7610865625E-07, -0.0126950358277532
1.76110609375E-07, -0.0125965060664338
1.761125625E-07, -0.0124636615342156
1.76114515625E-07, -0.0134388082978164
1.7611646875E-07, -0.0114276054217055
1.76118421875E-07, -0.0115382275383224
1.76120375E-07, -0.0109985843924948
1.76122328125E-07, -0.010884277703251
1.7612428125E-07, -0.0111320493740973
1.76126234375E-07, -0.0109299310551347
1.761281875E-07, -0.0103086904369052
1.76130140625E-07, -0.00856485552754369
1.7613209375E-07, -0.00948174283339997
1.76134046875E-07, -0.00880603048913608
1.76136E-07, -0.00758936276800155
1.76137953125E-07, -0.0089090549745242
1.7613990625E-07, -0.00744773020357454
1.76141859375E-07, -0.00767090908978026
1.761438125E-07, -0.00807510962316637
1.76145765625E-07, -0.00833245327574308
1.7614771875E-07, -0.00708726780042
1.76149671875E-07, -0.00762747547803212
1.76151625E-07, -0.00677392942354501
1.76153578125E-07, -0.00611561845388825
1.7615553125E-07, -0.00691409199790658
1.76157484375E-07, -0.00557543859625239
1.761594375E-07, -0.00601158437319986
1.76161390625E-07, -0.00544668269348265
1.7616334375E-07, -0.00519268998121276
1.76165296875E-07, -0.0053018024536048
1.7616725E-07, -0.00501115553790868
1.76169203125E-07, -0.00607830084581508
1.7617115625E-07, -0.0050779279825128
1.76173109375E-07, -0.00538154058424341
1.761750625E-07, -0.00543493168936966
1.76177015625E-07, -0.00469042914841464
1.7617896875E-07, -0.00466675049988699
1.76180921875E-07, -0.0045521847721923
1.76182875E-07, -0.00465892494979351
1.76184828125E-07, -0.00530790156149665
1.7618678125E-07, -0.00475433845828313
1.76188734375E-07, -0.00395402256374063
1.761906875E-07, -0.00485605947111208
1.76192640625E-07, -0.00532561272913263
1.7619459375E-07, -0.00499932676955882
1.76196546875E-07, -0.00474831881842739
1.761985E-07, -0.00572846284284143
1.76200453125E-07, -0.00545842378768946
1.7620240625E-07, -0.0053202738566686
1.76204359375E-07, -0.00535075729201089
1.762063125E-07, -0.00617736432275044
1.76208265625E-07, -0.00468047583190941
1.7621021875E-07, -0.0063630187418622
1.76212171875E-07, -0.0066064798558215
1.76214125E-07, -0.00603525703528752
1.76216078125E-07, -0.00713982737837824
1.7621803125E-07, -0.0073944334532896
1.76219984375E-07, -0.00705510709933444
1.762219375E-07, -0.00666564531415899
1.76223890625E-07, -0.00639860025466069
1.7622584375E-07, -0.00673971120566572
1.76227796875E-07, -0.00659491834012131
1.7622975E-07, -0.00851820352903856
1.76231703125E-07, -0.00739524911203919
1.7623365625E-07, -0.0087566834994064
1.76235609375E-07, -0.00827018193793015
1.762375625E-07, -0.00952223593780195
1.76239515625E-07, -0.00784649363795681
1.7624146875E-07, -0.0093082170354264
1.76243421875E-07, -0.00887371264524517
1.76245375E-07, -0.0094089927395256
1.76247328125E-07, -0.00852477664719846
1.7624928125E-07, -0.00925600389015427
1.76251234375E-07, -0.00964754378736452
1.762531875E-07, -0.00887688957284842
1.76255140625E-07, -0.00903535805682441
1.7625709375E-07, -0.00931898851524775
1.76259046875E-07, -0.0108895869401977
1.76261E-07, -0.0101642000523574
1.76262953125E-07, -0.00943318626191245
1.7626490625E-07, -0.0105305116647214
1.76266859375E-07, -0.00997380425437643
1.762688125E-07, -0.0102187198648157
1.76270765625E-07, -0.0100594676845088
1.7627271875E-07, -0.00937081447723467
1.76274671875E-07, -0.00947956658579385
1.76276625E-07, -0.00984924986047345
1.76278578125E-07, -0.00964495048184256
1.7628053125E-07, -0.00930043943844631
1.76282484375E-07, -0.0114569158281702
1.762844375E-07, -0.0104037557201322
1.76286390625E-07, -0.00932098366417605
1.7628834375E-07, -0.0102411587984409
1.76290296875E-07, -0.0101536805124661
1.7629225E-07, -0.0095177158068414
1.76294203125E-07, -0.010187254059553
1.7629615625E-07, -0.00946940995298715
1.76298109375E-07, -0.00931927911175274
1.763000625E-07, -0.00959814236821869
1.76302015625E-07, -0.00871390741217426
1.7630396875E-07, -0.0101450587391751
1.76305921875E-07, -0.00877560504615957
1.76307875E-07, -0.00991250182478769
1.76309828125E-07, -0.00987225097431624
1.7631178125E-07, -0.00903569218249109
1.76313734375E-07, -0.00849268343883613
1.763156875E-07, -0.00919675019530252
1.76317640625E-07, -0.00918434955465948
1.7631959375E-07, -0.00877941547843792
1.76321546875E-07, -0.0093850190273906
1.763235E-07, -0.0076927054688704
1.76325453125E-07, -0.0085025521119694
1.7632740625E-07, -0.00815566476460882
1.76329359375E-07, -0.00774200081717726
1.763313125E-07, -0.00819006445968664
1.76333265625E-07, -0.00729951907135496
1.7633521875E-07, -0.00779018793297234
1.76337171875E-07, -0.00701543652869727
1.76339125E-07, -0.0073661783517903
1.76341078125E-07, -0.00694068907240484
1.7634303125E-07, -0.00641062364153182
1.76344984375E-07, -0.00726719680350179
1.763469375E-07, -0.00660807114141504
1.76348890625E-07, -0.00723413563078109
1.7635084375E-07, -0.00661869907581041
1.76352796875E-07, -0.00623018128657399
1.7635475E-07, -0.00610563020735714
1.76356703125E-07, -0.00588551434643744
1.7635865625E-07, -0.00667242730920509
1.76360609375E-07, -0.00580303611744343
1.763625625E-07, -0.00567357966360003
1.76364515625E-07, -0.0056573427053466
1.7636646875E-07, -0.00551936928396764
1.76368421875E-07, -0.00605858031154479
1.76370375E-07, -0.00546566007767662
1.76372328125E-07, -0.00590044043840183
1.7637428125E-07, -0.00540118754178215
1.76376234375E-07, -0.00577597671970553
1.763781875E-07, -0.00498840802873918
1.76380140625E-07, -0.00482883698929285
1.7638209375E-07, -0.00447369804781682
1.76384046875E-07, -0.00452009158990533
1.76386E-07, -0.00485907567611392
1.76387953125E-07, -0.00434148624015725
1.7638990625E-07, -0.00469400603927179
1.76391859375E-07, -0.00500306698074691
1.763938125E-07, -0.00469295086906599
1.76395765625E-07, -0.00387171737910309
1.7639771875E-07, -0.00506013473128804
1.76399671875E-07, -0.00519120805413746
1.76401625E-07, -0.00477785804309448
1.76403578125E-07, -0.00473254344956154
1.7640553125E-07, -0.00479001933927192
1.76407484375E-07, -0.00492694175643246
1.764094375E-07, -0.00539007104825885
1.76411390625E-07, -0.00418241863443121
1.7641334375E-07, -0.00506278909692645
1.76415296875E-07, -0.00490157646343783
1.7641725E-07, -0.0046251713092931
1.76419203125E-07, -0.00512835328692578
1.7642115625E-07, -0.00471646875536959
1.76423109375E-07, -0.00487830161589015
1.764250625E-07, -0.00448344011208027
1.76427015625E-07, -0.00434619401452072
1.7642896875E-07, -0.00470067440825973
1.76430921875E-07, -0.00486115406398698
1.76432875E-07, -0.00485885066852469
1.76434828125E-07, -0.00457929604099499
1.7643678125E-07, -0.00516155221417283
1.76438734375E-07, -0.00499864769938864
1.764406875E-07, -0.00426145970268775
1.76442640625E-07, -0.00472645523167184
1.7644459375E-07, -0.00507026342774515
1.76446546875E-07, -0.00495325766825667
1.764485E-07, -0.0040761465649972
1.76450453125E-07, -0.00445426418572185
1.7645240625E-07, -0.00507937824449132
1.76454359375E-07, -0.00460967433479519
1.764563125E-07, -0.00397392031104453
1.76458265625E-07, -0.00466702392703364
1.7646021875E-07, -0.00434926575935837
1.76462171875E-07, -0.00441781741100569
1.76464125E-07, -0.0046622419476468
1.76466078125E-07, -0.00479362539294001
1.7646803125E-07, -0.0040553623368798
1.76469984375E-07, -0.00481847632687007
1.764719375E-07, -0.00486815916406833
1.76473890625E-07, -0.00514898238491017
1.7647584375E-07, -0.00451363052663184
1.76477796875E-07, -0.00438977886704687
1.7647975E-07, -0.00468345776344034
1.76481703125E-07, -0.00546539274387461
1.7648365625E-07, -0.00426445189277256
1.76485609375E-07, -0.00493777423628912
1.764875625E-07, -0.00418766744753432
1.76489515625E-07, -0.00398583850586567
1.7649146875E-07, -0.00433391456555061
1.76493421875E-07, -0.00400287363420587
1.76495375E-07, -0.00409934465513815
1.76497328125E-07, -0.00302247801755004
1.7649928125E-07, -0.00390355860607803
1.76501234375E-07, -0.0035797102457993
1.765031875E-07, -0.0034555285745041
1.76505140625E-07, -0.00455053654925671
1.7650709375E-07, -0.00380109131798126
1.76509046875E-07, -0.00355354591963687
1.76511E-07, -0.00336930119793685
1.76512953125E-07, -0.00382736065905028
1.7651490625E-07, -0.0038003702718415
1.76516859375E-07, -0.00456498741896438
1.765188125E-07, -0.00351657438551996
1.76520765625E-07, -0.00374214358034096
1.7652271875E-07, -0.00314086893578951
1.76524671875E-07, -0.00313849197292424
1.76526625E-07, -0.00247417402113908
1.76528578125E-07, -0.0029906032088718
1.7653053125E-07, -0.00354508086980593
1.76532484375E-07, -0.00423324476069641
1.765344375E-07, -0.00314450653008349
1.76536390625E-07, -0.00280412511889337
1.7653834375E-07, -0.00364083558567564
1.76540296875E-07, -0.00266293004509766
1.7654225E-07, -0.00361788224786047
1.76544203125E-07, -0.00419178423146117
1.7654615625E-07, -0.00232802644124591
1.76548109375E-07, -0.00250969774405378
1.765500625E-07, -0.00223073338494478
1.76552015625E-07, -0.00314215489072148
1.7655396875E-07, -0.00334090258100886
1.76555921875E-07, -0.00330260909397603
1.76557875E-07, -0.00338998121831031
1.76559828125E-07, -0.00305965593685578
1.7656178125E-07, -0.00349080848431481
1.76563734375E-07, -0.00339704114573313
1.765656875E-07, -0.00205117740499313
1.76567640625E-07, -0.0027465091499742
1.7656959375E-07, -0.00300422769598103
1.76571546875E-07, -0.0032138292398493
1.765735E-07, -0.00307277869055267
1.76575453125E-07, -0.00289064339895561
1.7657740625E-07, -0.00366868663297626
1.76579359375E-07, -0.00328621064749931
1.765813125E-07, -0.00331120428543405
1.76583265625E-07, -0.00259745676590961
1.7658521875E-07, -0.0032247571362295
1.76587171875E-07, -0.00239998817902165
1.76589125E-07, -0.00293660097273671
1.76591078125E-07, -0.00261974960164468
1.7659303125E-07, -0.00307039813339129
1.76594984375E-07, -0.00237828569938189
1.765969375E-07, -0.00294633997661386
1.76598890625E-07, -0.00298816151321307
1.7660084375E-07, -0.00328732535875354
1.76602796875E-07, -0.002788457670602
1.7660475E-07, -0.0031235943396287
1.76606703125E-07, -0.00259103836221906
1.7660865625E-07, -0.00300644675476967
1.76610609375E-07, -0.00283824085703014
1.766125625E-07, -0.00302280900906307
1.76614515625E-07, -0.00242826666616221
1.7661646875E-07, -0.00279931458943845
1.76618421875E-07, -0.00276798353628085
1.76620375E-07, -0.00258188367769815
1.76622328125E-07, -0.0028605534795696
1.7662428125E-07, -0.00273166935585114
1.76626234375E-07, -0.00224309214645631
1.766281875E-07, -0.00265047609779202
1.76630140625E-07, -0.00169227741784057
1.7663209375E-07, -0.00345723260095267
1.76634046875E-07, -0.00251356260190098
1.76636E-07, -0.00248257124194116
1.76637953125E-07, -0.00357104023244904
1.7663990625E-07, -0.0028546429181675
1.76641859375E-07, -0.00230542268442991
1.766438125E-07, -0.00270508700188923
1.76645765625E-07, -0.00235302400265221
1.7664771875E-07, -0.00200507097236979
1.76649671875E-07, -0.00299132439023435
1.76651625E-07, -0.00274069861214237
1.76653578125E-07, -0.00202273148927271
1.7665553125E-07, -0.00197475254680341
1.76657484375E-07, -0.00182609742273625
1.766594375E-07, -0.00274352200956456
1.76661390625E-07, -0.00192785737859724
1.7666334375E-07, -0.00217491874414494
1.76665296875E-07, -0.00261451985297218
1.7666725E-07, -0.00283885515194344
1.76669203125E-07, -0.00223324330226832
1.7667115625E-07, -0.00149785223747915
1.76673109375E-07, -0.00212989454398865
1.766750625E-07, -0.00232150496010515
1.76677015625E-07, -0.00179253018708393
1.7667896875E-07, -0.00161700698411386
1.76680921875E-07, -0.00245445765814714
1.76682875E-07, -0.00198059992004724
1.76684828125E-07, -0.00289232515346178
1.7668678125E-07, -0.0014439795233
1.76688734375E-07, -0.00231846036391615
1.766906875E-07, -0.00193475452031851
1.76692640625E-07, -0.00246445011151904
1.7669459375E-07, -0.00185369050161097
1.76696546875E-07, -0.00228997396890902
1.766985E-07, -0.0022851762264375
1.76700453125E-07, -0.00351068871447926
1.7670240625E-07, -0.00209558403064937
1.76704359375E-07, -0.00234687463061873
1.767063125E-07, -0.00188572441244329
1.76708265625E-07, -0.00258709913687255
1.7671021875E-07, -0.00240433182913084
1.76712171875E-07, -0.00226581680711987
1.76714125E-07, -0.00211503095623224
1.76716078125E-07, -0.0026919274168244
1.7671803125E-07, -0.00194072174053974
1.76719984375E-07, -0.00285292478419636
1.767219375E-07, -0.00134442718667174
1.76723890625E-07, -0.00270529469019797
1.7672584375E-07, -0.00170143560939442
1.76727796875E-07, -0.00146093402143936
1.7672975E-07, -0.00115367811864313
1.76731703125E-07, -0.0015598437216876
1.7673365625E-07, -0.00224170062058438
1.76735609375E-07, -0.00261570840549771
1.767375625E-07, -0.00154228271390629
1.76739515625E-07, -0.00230122086328184
1.7674146875E-07, -0.000869682910000646
1.76743421875E-07, -0.00235229474097157
1.76745375E-07, -0.00137164347086831
1.76747328125E-07, -0.00161637815382831
1.7674928125E-07, -0.000652740045118923
1.76751234375E-07, -0.000666148186553732
1.767531875E-07, -0.00134273551502765
1.76755140625E-07, 0.000182998243539602
1.7675709375E-07, -0.00017493440926053
1.76759046875E-07, 0.000261082597693892
1.76761E-07, -0.000628633664962731
1.76762953125E-07, -0.000874740825982189
1.7676490625E-07, -5.2356016411799E-05
1.76766859375E-07, 0.00120190780204145
1.767688125E-07, 0.000378299602350343
1.76770765625E-07, 0.00211126597692764
1.7677271875E-07, 0.000868754839080578
1.76774671875E-07, 0.000690438388925312
1.76776625E-07, 0.00240956666966109
1.76778578125E-07, 0.00119759039213869
1.7678053125E-07, 0.00285860952407831
1.76782484375E-07, 0.00369075277635379
1.767844375E-07, 0.00274531203504659
1.76786390625E-07, 0.00365695947686562
1.7678834375E-07, 0.00355402564057312
1.76790296875E-07, 0.00347364773603169
1.7679225E-07, 0.00438805976110163
1.76794203125E-07, 0.00471295337904607
1.7679615625E-07, 0.00557990537274046
1.76798109375E-07, 0.00379322403950142
1.768000625E-07, 0.00445694948115662
1.76802015625E-07, 0.005288792094277
1.7680396875E-07, 0.00629710299350811
1.76805921875E-07, 0.00604144505773454
1.76807875E-07, 0.00491621412261312
1.76809828125E-07, 0.00594596012501319
1.7681178125E-07, 0.00589522498946956
1.76813734375E-07, 0.00619227599154082
1.768156875E-07, 0.00718119444138585
1.76817640625E-07, 0.00535244319477087
1.7681959375E-07, 0.00705693242180902
1.76821546875E-07, 0.00654178689594251
1.768235E-07, 0.00759473833808346
1.76825453125E-07, 0.00709209630852297
1.7682740625E-07, 0.00709073984214354
1.76829359375E-07, 0.00713496222233019
1.768313125E-07, 0.00740504854709123
1.76833265625E-07, 0.00727593014803145
1.7683521875E-07, 0.00674173124972585
1.76837171875E-07, 0.00606087256712765
1.76839125E-07, 0.00686897558880287
1.76841078125E-07, 0.00554118366525734
1.7684303125E-07, 0.00699875519369798
1.76844984375E-07, 0.00663413416338834
1.768469375E-07, 0.00583300498240226
1.76848890625E-07, 0.00653562469480015
1.7685084375E-07, 0.00643529051875394
1.76852796875E-07, 0.00602921151300385
1.7685475E-07, 0.00541011271418835
1.76856703125E-07, 0.00438725102399258
1.7685865625E-07, 0.00440217661738897
1.76860609375E-07, 0.00492951372928056
1.768625625E-07, 0.00436879081771161
1.76864515625E-07, 0.00368409254918634
1.7686646875E-07, 0.00368276209415334
1.76868421875E-07, 0.00300999499433415
1.76870375E-07, 0.00358449895904339
1.76872328125E-07, 0.00295506768553944
1.7687428125E-07, 0.00276915812883093
1.76876234375E-07, 0.00250257726165842
1.768781875E-07, 0.00263392012613409
1.76880140625E-07, 0.0022559989961096
1.7688209375E-07, 0.00150497007076219
1.76884046875E-07, 0.00211288696927019
1.76886E-07, 0.00159187105535919
1.76887953125E-07, 0.00116338631862364
1.7688990625E-07, 0.00201592788766726
1.76891859375E-07, 0.000597918275088985
1.768938125E-07, 0.000753615799083249
1.76895765625E-07, 0.000512046785125482
1.7689771875E-07, -9.62678814794367E-05
1.76899671875E-07, 0.000280414489598143
1.76901625E-07, -0.000224668446875295
1.76903578125E-07, -0.000252908458000619
1.7690553125E-07, 0.00070878469664133
1.76907484375E-07, -0.000383244056460617
1.769094375E-07, 5.66580479222126E-05
1.76911390625E-07, -0.000198901537496989
1.7691334375E-07, -0.000314936585530491
1.76915296875E-07, -0.000377757672247656
1.7691725E-07, -0.000254587558353088
1.76919203125E-07, -0.000474967762183647
1.7692115625E-07, -0.000160744258143251
1.76923109375E-07, -0.000496836048045562
1.769250625E-07, -0.00065045492716498
1.76927015625E-07, -0.000410593163053592
1.7692896875E-07, -0.0001411963876883
1.76930921875E-07, -0.000305810907884157
1.76932875E-07, -0.00021009855833788
1.76934828125E-07, -9.00369433700416E-05
1.7693678125E-07, 0.000119108291609564
1.76938734375E-07, 0.000120186055306775
1.769406875E-07, 0.000491611096824131
1.76942640625E-07, 0.000345906800727065
1.7694459375E-07, 0.000412460920096548
1.76946546875E-07, 0.000862560899406127
1.769485E-07, 0.000716168745641621
1.76950453125E-07, 0.000490316236958618
1.7695240625E-07, 0.00119829995351279
1.76954359375E-07, 0.000826231778793926
1.769563125E-07, 0.00078391441961196
1.76958265625E-07, 0.00111199457459504
1.7696021875E-07, 0.00058802340478492
1.76962171875E-07, 0.00140317377154652
1.76964125E-07, 0.00124360719593299
1.76966078125E-07, 0.00134432517331801
1.7696803125E-07, 0.00135409008543437
1.76969984375E-07, 0.00110334356822489
1.769719375E-07, 0.00103947604857871
1.76973890625E-07, 0.00164326813154766
1.7697584375E-07, 0.00144408782779997
1.76977796875E-07, 0.000957336316471625
1.7697975E-07, 0.00144291363624275
1.76981703125E-07, 0.00123363639047264
1.7698365625E-07, 0.00196088873801336
1.76985609375E-07, 0.00149181838345044
1.769875625E-07, 0.0016126826940951
1.76989515625E-07, 0.00127286853022888
1.7699146875E-07, 0.000602660235204858
1.76993421875E-07, 0.00105401472347194
1.76995375E-07, 0.00182419429545806
1.76997328125E-07, 0.00102905495615241
1.7699928125E-07, 0.00104814975498527
1.77001234375E-07, 0.00103723942044946
1.770031875E-07, 0.000588491018796957
1.77005140625E-07, 0.000798646897528316
1.7700709375E-07, 0.000914002246539233
1.77009046875E-07, 0.000623937575592937
1.77011E-07, 0.00126674022993954
1.77012953125E-07, 0.00124248031453232
1.7701490625E-07, 0.000630532690693364
1.77016859375E-07, 0.000302216753543635
1.770188125E-07, 0.000930214467750514
1.77020765625E-07, 0.00112109555425664
1.7702271875E-07, 0.000334390142655376
1.77024671875E-07, 3.10560861062738E-05
1.77026625E-07, 0.000463360703709654
1.77028578125E-07, -5.30751695844001E-05
1.7703053125E-07, 0.00053018965073976
1.77032484375E-07, 0.000961298222743079
1.770344375E-07, 0.000103070052220246
1.77036390625E-07, 0.000454094951892335
1.7703834375E-07, 0.000209818674518162
1.77040296875E-07, 0.000534843823806813
1.7704225E-07, 0.000364310528699391
1.77044203125E-07, -0.000394740881155139
1.7704615625E-07, -0.000171731708745873
1.77048109375E-07, 0.000328749471114748
1.770500625E-07, 0.000229191457478499
1.77052015625E-07, -0.000175218347573609
1.7705396875E-07, 0.000207171794037519
1.77055921875E-07, 0.000313977825045736
1.77057875E-07, 0.000692608071350291
1.77059828125E-07, 0.000979159371727106
1.7706178125E-07, 0.0010232413654402
1.77063734375E-07, 0.000197769576095504
1.770656875E-07, 0.00101408108864589
1.77067640625E-07, 0.00137514974319129
1.7706959375E-07, 0.00138961022677236
1.77071546875E-07, 0.00104285678737636
1.770735E-07, 0.00126423486261409
1.77075453125E-07, 0.00204721314494221
1.7707740625E-07, 0.00183369026117651
1.77079359375E-07, 0.00245358169420081
1.770813125E-07, 0.00281165606210098
1.77083265625E-07, 0.00255456668007081
1.7708521875E-07, 0.00314407322486388
1.77087171875E-07, 0.0026439314774746
1.77089125E-07, 0.00372992616848338
1.77091078125E-07, 0.0036677319193741
1.7709303125E-07, 0.00355345724823294
1.77094984375E-07, 0.00445825983350585
1.770969375E-07, 0.00435648039982529
1.77098890625E-07, 0.00443382855313977
1.7710084375E-07, 0.00467212734901785
1.77102796875E-07, 0.00455017740225267
1.7710475E-07, 0.0052007641175893
1.77106703125E-07, 0.00514575383483157
1.7710865625E-07, 0.00534227034632647
1.77110609375E-07, 0.00545402199561552
1.771125625E-07, 0.00594829338943163
1.77114515625E-07, 0.00623512387532535
1.7711646875E-07, 0.00685680839733916
1.77118421875E-07, 0.00591641800652464
1.77120375E-07, 0.00566217421999822
1.77122328125E-07, 0.00665496584805289
1.7712428125E-07, 0.00705309549967205
1.77126234375E-07, 0.00746529255786991
1.771281875E-07, 0.00710287352734405
1.77130140625E-07, 0.00777399094889981
1.7713209375E-07, 0.00735860345016554
1.77134046875E-07, 0.00759530390299907
1.77136E-07, 0.00803355883089034
1.77137953125E-07, 0.00812149623245558
1.7713990625E-07, 0.00749321058691307
1.77141859375E-07, 0.00821013745503231
1.771438125E-07, 0.00761508364517583
1.77145765625E-07, 0.00807456269780362
1.7714771875E-07, 0.00813985206354831
1.77149671875E-07, 0.00810537207727424
1.77151625E-07, 0.00843188559480362
1.77153578125E-07, 0.00805102970535843
1.7715553125E-07, 0.00838806739786725
1.77157484375E-07, 0.00821239303251057
1.771594375E-07, 0.00754239126680293
1.77161390625E-07, 0.00832609869796885
1.7716334375E-07, 0.00786253266075116
1.77165296875E-07, 0.00836496007127285
1.7716725E-07, 0.00804663694807863
1.77169203125E-07, 0.00732116968816787
1.7717115625E-07, 0.00811059573454653
1.77173109375E-07, 0.00785463519313259
1.771750625E-07, 0.00747441433854686
1.77177015625E-07, 0.00748263207158289
1.7717896875E-07, 0.00785329115651989
1.77180921875E-07, 0.00801743702531474
1.77182875E-07, 0.00734700708149663
1.77184828125E-07, 0.00712720319382922
1.7718678125E-07, 0.0073420198351096
1.77188734375E-07, 0.00671705829845364
1.771906875E-07, 0.00685414500316164
1.77192640625E-07, 0.00656397644239076
1.7719459375E-07, 0.00650113073511862
1.77196546875E-07, 0.00652987306603801
1.771985E-07, 0.00632378284022262
1.77200453125E-07, 0.00637461677356118
1.7720240625E-07, 0.00523661941517757
1.77204359375E-07, 0.0058408414277967
1.772063125E-07, 0.00519269087588872
1.77208265625E-07, 0.00514498347258329
1.7721021875E-07, 0.00535653913589774
1.77212171875E-07, 0.00501465154946063
1.77214125E-07, 0.0045926815398465
1.77216078125E-07, 0.00470708329678778
1.7721803125E-07, 0.00439795090897575
1.77219984375E-07, 0.00427092823463103
1.772219375E-07, 0.00391346335077234
1.77223890625E-07, 0.00361878624960929
1.7722584375E-07, 0.00385332108533307
1.77227796875E-07, 0.00410352506649235
1.7722975E-07, 0.00273628752550961
1.77231703125E-07, 0.00299819878583165
1.7723365625E-07, 0.00383933373503154
1.77235609375E-07, 0.00309528005563455
1.772375625E-07, 0.00285741041531516
1.77239515625E-07, 0.00337872444403437
1.7724146875E-07, 0.00317388576065549
1.77243421875E-07, 0.000694336995450118
1.77245375E-07, 0.00349494204267607
1.77247328125E-07, 0.00141066218836997
1.7724928125E-07, 0.00120292833554549
1.77251234375E-07, 0.00273930664433774
1.772531875E-07, 0.00258070666051494
1.77255140625E-07, 0.00236003351810855
1.7725709375E-07, 0.000642160815179836
1.77259046875E-07, 0.00248579435360949
1.77261E-07, 0.000963630579652741
1.77262953125E-07, 0.000195060155298441
1.7726490625E-07, 0.000952250434383464
1.77266859375E-07, 0.00113990418821855
1.772688125E-07, 0.000771958944252197
1.77270765625E-07, 0.00124949400221888
1.7727271875E-07, 0.00019239122555637
1.77274671875E-07, 0.00123030764674917
1.77276625E-07, -0.000295186877929568
1.77278578125E-07, 0.000735151640006028
1.7728053125E-07, 0.000428183277128739
1.77282484375E-07, 0.000699206141411933
1.772844375E-07, 0.000807831842111872
1.77286390625E-07, -5.31184178688282E-05
1.7728834375E-07, -0.000197839167821133
1.77290296875E-07, 0.000334754001251933
1.7729225E-07, 0.000188925122130564
1.77294203125E-07, 0.000478257627483724
1.7729615625E-07, -0.000437293305820062
1.77298109375E-07, 0.000209716482998658
1.773000625E-07, 0.000585711624852919
1.77302015625E-07, 0.000634662133050826
1.7730396875E-07, 0.000141062050854975
1.77305921875E-07, 0.00108130575717425
1.77307875E-07, 0.00156583680026396
1.77309828125E-07, -0.000679489255873149
1.7731178125E-07, -0.00141363795734738
1.77313734375E-07, 0.000874283336871032
1.773156875E-07, -0.000293014745594818
1.77317640625E-07, 5.36531546692933E-05
1.7731959375E-07, -0.000376539311538249
1.77321546875E-07, 0.000744212229352693
1.773235E-07, 0.000383032379374385
1.77325453125E-07, -4.51896514746118E-05
1.7732740625E-07, -5.30938413600075E-05
1.77329359375E-07, -0.000608537597995725
1.773313125E-07, -0.000328508495982673
1.77333265625E-07, -0.000653034937282395
1.7733521875E-07, -4.19875578165976E-05
1.77337171875E-07, 0.00108342103483884
1.77339125E-07, -0.000620529798659829
1.77341078125E-07, -0.00115019073741059
1.7734303125E-07, -0.000170460868437461
1.77344984375E-07, -0.000546251353183279
1.773469375E-07, -0.000433541790480183
1.77348890625E-07, 0.000694188652487655
1.7735084375E-07, 0.000448536882812144
1.77352796875E-07, 0.000531505413457688
1.7735475E-07, 0.00098355382986695
1.77356703125E-07, -0.000587037452492263
1.7735865625E-07, -0.000629944923404339
1.77360609375E-07, 0.000301150276627284
1.773625625E-07, 0.000368783191909014
1.77364515625E-07, -0.000557429377523902
1.7736646875E-07, -5.08635273975902E-05
1.77368421875E-07, -0.0002797333367979
1.77370375E-07, 8.78219277432351E-05
1.77372328125E-07, -0.000829657617143895
1.7737428125E-07, 0.000542572403765294
1.77376234375E-07, -0.000730575736362393
1.773781875E-07, -0.000531944947693633
1.77380140625E-07, 5.68693820959635E-05
1.7738209375E-07, -0.000268494829351066
1.77384046875E-07, -0.000137838649248137
1.77386E-07, -4.76422629681665E-05
1.77387953125E-07, -0.000908300337365173
1.7738990625E-07, -0.000897513920896625
1.77391859375E-07, -0.00033870121269785
1.773938125E-07, -0.000848235710120265
1.77395765625E-07, -0.00047610591724026
1.7739771875E-07, -0.00106708349383661
1.77399671875E-07, -0.00132198940928011
1.77401625E-07, -0.0003856747225836
1.77403578125E-07, -0.000841604434940237
1.7740553125E-07, -0.00094705773321323
1.77407484375E-07, -0.00121799465784089
1.774094375E-07, -0.00104370420794152
1.77411390625E-07, -0.00165352759487914
1.7741334375E-07, -0.000925977147635291
1.77415296875E-07, -0.00117897623254193
1.7741725E-07, -0.00135560529653437
1.77419203125E-07, -0.00148697754663285
1.7742115625E-07, -0.00179741251087603
1.77423109375E-07, -0.00183155441818525
1.774250625E-07, -0.00222126795946111
1.77427015625E-07, -0.00193715387273275
1.7742896875E-07, -0.00213430632851381
1.77430921875E-07, -0.0017010859094059
1.77432875E-07, -0.00213879212875101
1.77434828125E-07, -0.00256302338418831
1.7743678125E-07, -0.00280123034460775
1.77438734375E-07, -0.00211199713137527
1.774406875E-07, -0.00259703673969805
1.77442640625E-07, -0.00229882406340563
1.7744459375E-07, -0.00264756636260654
1.77446546875E-07, -0.00302759064133824
1.774485E-07, -0.00289476361372449
1.77450453125E-07, -0.00269285287036135
1.7745240625E-07, -0.00279369683914676
1.77454359375E-07, -0.00337772794022333
1.774563125E-07, -0.00254847726863062
1.77458265625E-07, -0.00272609135561425
1.7746021875E-07, -0.00353698919606693
1.77462171875E-07, -0.0030097481984779
1.77464125E-07, -0.00301652890210097
1.77466078125E-07, -0.00294845574905282
1.7746803125E-07, -0.00388460455101658
1.77469984375E-07, -0.00335689407179183
1.774719375E-07, -0.00299593921186448
1.77473890625E-07, -0.00383855757610475
1.7747584375E-07, -0.00316714850818666
1.77477796875E-07, -0.00350411464499508
1.7747975E-07, -0.00358693967517781
1.77481703125E-07, -0.00419545230657061
1.7748365625E-07, -0.00350659869221964
1.77485609375E-07, -0.00349872337410214
1.774875625E-07, -0.00412642789861885
1.77489515625E-07, -0.00398852055051334
1.7749146875E-07, -0.00376509818863009
1.77493421875E-07, -0.00306285061649777
1.77495375E-07, -0.00311460836361611
1.77497328125E-07, -0.004519808050071
1.7749928125E-07, -0.00432621262470933
1.77501234375E-07, -0.00323210269897952
1.775031875E-07, -0.00366256796261814
1.77505140625E-07, -0.00404764933470854
1.7750709375E-07, -0.00360005779269414
1.77509046875E-07, -0.00404882746535639
1.77511E-07, -0.00416063645311987
1.77512953125E-07, -0.00377673285193978
1.7751490625E-07, -0.00471376148234022
1.77516859375E-07, -0.00382496730685992
1.775188125E-07, -0.0035331844739727
1.77520765625E-07, -0.00382686591575908
1.7752271875E-07, -0.00428823433843577
1.77524671875E-07, -0.00378868980461805
1.77526625E-07, -0.00357418737794872
1.77528578125E-07, -0.00401940594826133
1.7753053125E-07, -0.00457338044606009
1.77532484375E-07, -0.00428480681587298
1.775344375E-07, -0.00391988046043813
1.77536390625E-07, -0.00442680420481105
1.7753834375E-07, -0.00377284393007538
1.77540296875E-07, -0.00373478234839848
1.7754225E-07, -0.00339979750615214
1.77544203125E-07, -0.00477215621206
1.7754615625E-07, -0.00370051069673125
1.77548109375E-07, -0.00350213204490279
1.775500625E-07, -0.00382391825029938
1.77552015625E-07, -0.00374674220143982
1.7755396875E-07, -0.00434209667034178
1.77555921875E-07, -0.00415750959953745
1.77557875E-07, -0.00379974470485044
1.77559828125E-07, -0.00387083045079009
1.7756178125E-07, -0.00309815536244929
1.77563734375E-07, -0.00341339061770821
1.775656875E-07, -0.00368772913663994
1.77567640625E-07, -0.00283953737121114
1.7756959375E-07, -0.00254323261290443
1.77571546875E-07, -0.00335330346294782
1.775735E-07, -0.00355249128045494
1.77575453125E-07, -0.00298498672714101
1.7757740625E-07, -0.00282191459022358
1.77579359375E-07, -0.00313222103850016
1.775813125E-07, -0.00275793883273255
1.77583265625E-07, -0.00246364587237537
1.7758521875E-07, -0.00232764960564162
1.77587171875E-07, -0.00235602667010575
1.77589125E-07, -0.00235500465522302
1.77591078125E-07, -0.00256244810721954
1.7759303125E-07, -0.00223589040995275
1.77594984375E-07, -0.00200270105813891
1.775969375E-07, -0.00174300220560933
1.77598890625E-07, -0.0022673397088378
1.7760084375E-07, -0.00171382562434733
1.77602796875E-07, -0.00180864582597375
1.7760475E-07, -0.00157529895828311
1.77606703125E-07, -0.00167516222324537
1.7760865625E-07, -0.00146912973341519
1.77610609375E-07, -0.00055831522176579
1.776125625E-07, -0.00126500204962679
1.77614515625E-07, -0.00115357459724622
1.7761646875E-07, -0.000870681244791533
1.77618421875E-07, -0.00130459065895063
1.77620375E-07, -0.000550805176172367
1.77622328125E-07, -0.00104319851869532
1.7762428125E-07, -0.00141086258385763
1.77626234375E-07, -0.00104330297251087
1.776281875E-07, -0.00120453184472914
1.77630140625E-07, -0.000965776709897686
1.7763209375E-07, -0.000624116968668674
1.77634046875E-07, -0.00168990921303686


