File Format, WaveformXYValues
Format Version, 1
Instrument, N1045A,04F,LOJ
SwVersion, A.06.71.21
SerialNumber, MY56260108
Date, 11/29/2023 13:29:14 GMT+08:00

Source Name, Channel 1A

Points, 2048
Signal Type, Unspecified
Channel Bandwidth, 2E+10
Channel Noise, 6.66857143682292E-05
X Units, Second
Y Units, Volt
Data, 
1.73636E-07, -0.000822563977203423
1.73637953125E-07, -0.00116192154206273
1.7363990625E-07, -0.000811957132191439
1.73641859375E-07, -0.000916668949750331
1.736438125E-07, -0.000986063183100264
1.73645765625E-07, -0.000909085383390847
1.7364771875E-07, -0.000644736128707554
1.73649671875E-07, -0.000552062354588791
1.73651625E-07, -0.00123691608294053
1.73653578125E-07, -0.00105857624238112
1.7365553125E-07, -0.000986930148729742
1.73657484375E-07, -0.0012800677735405
1.736594375E-07, -0.00108282052995624
1.73661390625E-07, -0.00118666141246163
1.7366334375E-07, -0.00128551080619046
1.73665296875E-07, -0.00127806718165547
1.7366725E-07, -0.00118666577555843
1.73669203125E-07, -0.00118403859957199
1.7367115625E-07, -0.00112615261108091
1.73673109375E-07, -0.000850464176935412
1.736750625E-07, -0.00132595119800445
1.73677015625E-07, -0.00123729221490868
1.7367896875E-07, -0.00102310198867843
1.73680921875E-07, -0.00144707286258976
1.73682875E-07, -0.00105177135431013
1.73684828125E-07, -0.00116866033989774
1.7368678125E-07, -0.00118542095904353
1.73688734375E-07, -0.00143350220148453
1.736906875E-07, -0.00089802745623735
1.73692640625E-07, -0.000820917907259794
1.7369459375E-07, -0.00152184059354283
1.73696546875E-07, -0.00147915142971992
1.736985E-07, -0.00103800220142151
1.73700453125E-07, -0.0013273848364117
1.7370240625E-07, -0.00129077184802646
1.73704359375E-07, -0.00142794332959272
1.737063125E-07, -0.00136332635014734
1.73708265625E-07, -0.00115774564843343
1.7371021875E-07, -0.00133262174992021
1.73712171875E-07, -0.00123350287845524
1.73714125E-07, -0.00143300329531015
1.73716078125E-07, -0.00125650021717835
1.7371803125E-07, -0.001354727060916
1.73719984375E-07, -0.00116945648935535
1.737219375E-07, -0.00169027221173164
1.73723890625E-07, -0.00172183997551304
1.7372584375E-07, -0.00172449405917428
1.73727796875E-07, -0.00143099989617341
1.7372975E-07, -0.00152651542746347
1.73731703125E-07, -0.00135408469470728
1.7373365625E-07, -0.00135474843046069
1.73735609375E-07, -0.00167370165122835
1.737375625E-07, -0.00167640997758561
1.73739515625E-07, -0.00129425967226048
1.7374146875E-07, -0.00135942048726461
1.73743421875E-07, -0.00149765407382043
1.73745375E-07, -0.00171788209320329
1.73747328125E-07, -0.00123697635378354
1.7374928125E-07, -0.00163808764060512
1.73751234375E-07, -0.00144428711715813
1.737531875E-07, -0.00125774867792367
1.73755140625E-07, -0.0012213613438125
1.7375709375E-07, -0.00149484965795142
1.73759046875E-07, -0.00138157854041005
1.73761E-07, -0.00163314200136395
1.73762953125E-07, -0.00132204845840007
1.7376490625E-07, -0.00154156474411985
1.73766859375E-07, -0.00157262617392309
1.737688125E-07, -0.00178958924408986
1.73770765625E-07, -0.00166023923791067
1.7377271875E-07, -0.0017387686919714
1.73774671875E-07, -0.00133187471162942
1.73776625E-07, -0.00199155033298456
1.73778578125E-07, -0.00151078233099902
1.7378053125E-07, -0.00204804895511746
1.73782484375E-07, -0.00188535144251505
1.737844375E-07, -0.00198390245015648
1.73786390625E-07, -0.00196598997851671
1.7378834375E-07, -0.0019254915393649
1.73790296875E-07, -0.00174624857685247
1.7379225E-07, -0.00167927242857956
1.73794203125E-07, -0.00178833902203674
1.7379615625E-07, -0.00198178073672209
1.73798109375E-07, -0.00223132148275583
1.738000625E-07, -0.00165206270244956
1.73802015625E-07, -0.00216264722456138
1.7380396875E-07, -0.00193631028001526
1.73805921875E-07, -0.00222699945313668
1.73807875E-07, -0.00194681572171012
1.73809828125E-07, -0.00160884066346819
1.7381178125E-07, -0.00207805582041948
1.73813734375E-07, -0.00218565691869317
1.738156875E-07, -0.00193928350117183
1.73817640625E-07, -0.00180594346117544
1.7381959375E-07, -0.00213512394615905
1.73821546875E-07, -0.00239047415214679
1.738235E-07, -0.00208450778572488
1.73825453125E-07, -0.00208148630724528
1.7382740625E-07, -0.00233927012746901
1.73829359375E-07, -0.00276077629818344
1.738313125E-07, -0.00236349737919106
1.73833265625E-07, -0.00223810529646118
1.7383521875E-07, -0.00225512095131988
1.73837171875E-07, -0.00288668332885094
1.73839125E-07, -0.0024782471227619
1.73841078125E-07, -0.00295871914295682
1.7384303125E-07, -0.00298814374190271
1.73844984375E-07, -0.00257211919981508
1.738469375E-07, -0.00307106241019372
1.73848890625E-07, -0.00284190123220582
1.7385084375E-07, -0.00243363364448078
1.73852796875E-07, -0.00254196339959645
1.7385475E-07, -0.00292037206613446
1.73856703125E-07, -0.00291567918316437
1.7385865625E-07, -0.00314943735801075
1.73860609375E-07, -0.00273829576374167
1.738625625E-07, -0.00370289174013504
1.73864515625E-07, -0.00330212361727528
1.7386646875E-07, -0.00310955302859228
1.73868421875E-07, -0.00350083137521494
1.73870375E-07, -0.0031773324755173
1.73872328125E-07, -0.00373411076587661
1.7387428125E-07, -0.00355391049212424
1.73876234375E-07, -0.00321938316014104
1.738781875E-07, -0.00391364681333222
1.73880140625E-07, -0.00285412431349218
1.7388209375E-07, -0.00343821746221
1.73884046875E-07, -0.00356833593538655
1.73886E-07, -0.00374835206930558
1.73887953125E-07, -0.00396675159975968
1.7388990625E-07, -0.00432543916571135
1.73891859375E-07, -0.00423176240493339
1.738938125E-07, -0.00465771937492265
1.73895765625E-07, -0.00476598359687998
1.7389771875E-07, -0.00378779348759611
1.73899671875E-07, -0.00392016329730522
1.73901625E-07, -0.00491103741413755
1.73903578125E-07, -0.004827757849219
1.7390553125E-07, -0.00461679414141362
1.73907484375E-07, -0.00407234413670843
1.739094375E-07, -0.00539418657145158
1.73911390625E-07, -0.00467043426140127
1.7391334375E-07, -0.00437896680852969
1.73915296875E-07, -0.00455693995457275
1.7391725E-07, -0.00491652096684658
1.73919203125E-07, -0.00545924962279678
1.7392115625E-07, -0.00445912840068126
1.73923109375E-07, -0.00455884356015232
1.739250625E-07, -0.00511758229473745
1.73927015625E-07, -0.00564075717714895
1.7392896875E-07, -0.00614246553981801
1.73930921875E-07, -0.00482989227425755
1.73932875E-07, -0.00547057924957574
1.73934828125E-07, -0.00508422751519179
1.7393678125E-07, -0.00482267680728018
1.73938734375E-07, -0.0051864008883114
1.739406875E-07, -0.00605450024959962
1.73942640625E-07, -0.00496203032488092
1.7394459375E-07, -0.00550863626287466
1.73946546875E-07, -0.00588558441153391
1.739485E-07, -0.00493426771487438
1.73950453125E-07, -0.00495315128293655
1.7395240625E-07, -0.00515315161158975
1.73954359375E-07, -0.00513102520881996
1.739563125E-07, -0.00571755948595644
1.73958265625E-07, -0.00471814819096046
1.7396021875E-07, -0.00526212036344704
1.73962171875E-07, -0.00515505586266424
1.73964125E-07, -0.00520297842612168
1.73966078125E-07, -0.00525193762749029
1.7396803125E-07, -0.00603691763696049
1.73969984375E-07, -0.0058334050580099
1.739719375E-07, -0.00507074573983232
1.73973890625E-07, -0.00528481819430436
1.7397584375E-07, -0.00465340509928039
1.73977796875E-07, -0.00555311482671677
1.7397975E-07, -0.00515767158286166
1.73981703125E-07, -0.00501150763002783
1.7398365625E-07, -0.00467659457407003
1.73985609375E-07, -0.00411835334380426
1.739875625E-07, -0.00368312817833599
1.73989515625E-07, -0.00515611502535127
1.7399146875E-07, -0.00429013356148532
1.73993421875E-07, -0.00421239723141009
1.73995375E-07, -0.0036128833828059
1.73997328125E-07, -0.00444982048822441
1.7399928125E-07, -0.00430700730209823
1.74001234375E-07, -0.00317302171834909
1.740031875E-07, -0.00364619783077586
1.74005140625E-07, -0.00318087878457821
1.7400709375E-07, -0.00338202144883375
1.74009046875E-07, -0.0026464999277299
1.74011E-07, -0.00287552638847676
1.74012953125E-07, -0.00230773732826013
1.7401490625E-07, -0.00209709496868624
1.74016859375E-07, -0.00239781816924923
1.740188125E-07, -0.00158775429684032
1.74020765625E-07, -0.00161917014938993
1.7402271875E-07, -0.00146416649786231
1.74024671875E-07, -0.000671204059283152
1.74026625E-07, -0.00109124733976679
1.74028578125E-07, -0.0008401181616347
1.7403053125E-07, -0.000434053590293385
1.74032484375E-07, 0.000796366387567083
1.740344375E-07, -0.000684435589667228
1.74036390625E-07, 0.00175537170680067
1.7403834375E-07, 0.00222535944946861
1.74040296875E-07, 0.00110279797201588
1.7404225E-07, 0.00255669273685662
1.74044203125E-07, 0.000777148761997853
1.7404615625E-07, 0.00214503445525732
1.74048109375E-07, 0.00243152168937589
1.740500625E-07, 0.00229241976594878
1.74052015625E-07, 0.00518900153166506
1.7405396875E-07, 0.00403526912069176
1.74055921875E-07, 0.00545849926955529
1.74057875E-07, 0.00438403661602294
1.74059828125E-07, 0.00445323628136905
1.7406178125E-07, 0.00505532709052038
1.74063734375E-07, 0.00482861054098857
1.740656875E-07, 0.00751262478002034
1.74067640625E-07, 0.00761510064687157
1.7406959375E-07, 0.00639205671865959
1.74071546875E-07, 0.00818562957299239
1.740735E-07, 0.00876354692263546
1.74075453125E-07, 0.00889544373891446
1.7407740625E-07, 0.00793374501751708
1.74079359375E-07, 0.00920772687457655
1.740813125E-07, 0.0101810142474256
1.74083265625E-07, 0.00969204803711
1.7408521875E-07, 0.0109401306030563
1.74087171875E-07, 0.0120215083854801
1.74089125E-07, 0.0130367041802724
1.74091078125E-07, 0.011916187206035
1.7409303125E-07, 0.0126891918344116
1.74094984375E-07, 0.0148844871230993
1.740969375E-07, 0.0139983722255331
1.74098890625E-07, 0.0141002742093044
1.7410084375E-07, 0.0157269281381917
1.74102796875E-07, 0.0146508535506041
1.7410475E-07, 0.0159002405597785
1.74106703125E-07, 0.0169246090807895
1.7410865625E-07, 0.0167247857997553
1.74110609375E-07, 0.0181299040158436
1.741125625E-07, 0.019298130846037
1.74114515625E-07, 0.0186746921731209
1.7411646875E-07, 0.0207984450820427
1.74118421875E-07, 0.0190136887705955
1.74120375E-07, 0.0195077891043272
1.74122328125E-07, 0.0215565182192097
1.7412428125E-07, 0.0208850048024038
1.74126234375E-07, 0.0197495407188379
1.741281875E-07, 0.0221022039393762
1.74130140625E-07, 0.0232820336935175
1.7413209375E-07, 0.025458842200069
1.74134046875E-07, 0.0238922576427752
1.74136E-07, 0.0265797269297694
1.74137953125E-07, 0.0259915776383112
1.7413990625E-07, 0.0263774414954548
1.74141859375E-07, 0.0268206230202781
1.741438125E-07, 0.0259754524668279
1.74145765625E-07, 0.0284612472121008
1.7414771875E-07, 0.030031008698316
1.74149671875E-07, 0.0277903254848129
1.74151625E-07, 0.0300635193524931
1.74153578125E-07, 0.0265636896243877
1.7415553125E-07, 0.026961740599592
1.74157484375E-07, 0.0306739330529625
1.741594375E-07, 0.0315209724488802
1.74161390625E-07, 0.0309698511018883
1.7416334375E-07, 0.0314643871994193
1.74165296875E-07, 0.0333352633722626
1.7416725E-07, 0.0314506656839166
1.74169203125E-07, 0.0334162088960744
1.7417115625E-07, 0.0337539397633652
1.74173109375E-07, 0.0332101388091458
1.741750625E-07, 0.0327063455751204
1.74177015625E-07, 0.034187185139493
1.7417896875E-07, 0.0344933974415651
1.74180921875E-07, 0.0345593656212668
1.74182875E-07, 0.0343932331022737
1.74184828125E-07, 0.0342203188254214
1.7418678125E-07, 0.0335507694042666
1.74188734375E-07, 0.0336548733850186
1.741906875E-07, 0.0352992196193328
1.74192640625E-07, 0.0258736046187186
1.7419459375E-07, 0.0338914654981577
1.74196546875E-07, 0.0338117093228449
1.741985E-07, 0.0350441194241477
1.74200453125E-07, 0.0347301147303899
1.7420240625E-07, 0.0334986380467552
1.74204359375E-07, 0.0348320947788249
1.742063125E-07, 0.0337754318261939
1.74208265625E-07, 0.0327761910478342
1.7421021875E-07, 0.034993614664865
1.74212171875E-07, 0.0279937498868064
1.74214125E-07, 0.032174814517536
1.74216078125E-07, 0.0314636248072646
1.7421803125E-07, 0.0285625638751067
1.74219984375E-07, 0.0305151333998444
1.742219375E-07, 0.0320598083276076
1.74223890625E-07, 0.0291749665501721
1.7422584375E-07, 0.0253523563020274
1.74227796875E-07, 0.0244242764111183
1.7422975E-07, 0.0290896706496301
1.74231703125E-07, 0.0270662151825775
1.7423365625E-07, 0.0296265240280046
1.74235609375E-07, 0.0239488949988795
1.742375625E-07, 0.0242792518078581
1.74239515625E-07, 0.022847819566572
1.7424146875E-07, 0.0209092511702608
1.74243421875E-07, 0.0218978636444665
1.74245375E-07, 0.0200527486265915
1.74247328125E-07, 0.0202025759852577
1.7424928125E-07, 0.0120181270982355
1.74251234375E-07, 0.0192520844033199
1.742531875E-07, 0.016780173749089
1.74255140625E-07, 0.013712944089491
1.7425709375E-07, 0.0118741310317294
1.74259046875E-07, 0.0122781316781205
1.74261E-07, 0.0107877069836568
1.74262953125E-07, 0.00921519771350708
1.7426490625E-07, 0.00986587800701819
1.74266859375E-07, 0.00970753125258357
1.742688125E-07, 0.00572911124866271
1.74270765625E-07, 0.00868813792313168
1.7427271875E-07, -0.00901866557080334
1.74274671875E-07, 0.00270510517306369
1.74276625E-07, -0.00157666747304376
1.74278578125E-07, -0.00344601975864827
1.7428053125E-07, -0.0024379133739941
1.74282484375E-07, -0.0112400693390236
1.742844375E-07, -0.00920642963571917
1.74286390625E-07, -0.0169013220168279
1.7428834375E-07, -0.00624069666165236
1.74290296875E-07, -0.0139049999947752
1.7429225E-07, -0.0154439493085444
1.74294203125E-07, -0.0139579111055069
1.7429615625E-07, -0.0236654290692288
1.74298109375E-07, -0.0195135597745883
1.743000625E-07, -0.0228798494652549
1.74302015625E-07, -0.0327857106432608
1.7430396875E-07, -0.0221978279977059
1.74305921875E-07, -0.0390526651021743
1.74307875E-07, -0.0343892219015407
1.74309828125E-07, -0.0364955523407249
1.7431178125E-07, -0.0465581552869613
1.74313734375E-07, -0.0364624623215498
1.743156875E-07, -0.0471493434982447
1.74317640625E-07, -0.0484540090923525
1.7431959375E-07, -0.0432110283766831
1.74321546875E-07, -0.0527286218307421
1.743235E-07, -0.0430146333698644
1.74325453125E-07, -0.0554706360471893
1.7432740625E-07, -0.0638559378486113
1.74329359375E-07, -0.064122422200944
1.743313125E-07, -0.0578464565388126
1.74333265625E-07, -0.0613074299335906
1.7433521875E-07, -0.0629151468087801
1.74337171875E-07, -0.0582081573088344
1.74339125E-07, -0.0681148968290881
1.74341078125E-07, -0.0759557623161434
1.7434303125E-07, -0.0793219734579919
1.74344984375E-07, -0.0710861941105539
1.743469375E-07, -0.0822065676045291
1.74348890625E-07, -0.0825378251794802
1.7435084375E-07, -0.0819536783837946
1.74352796875E-07, -0.0859948321598078
1.7435475E-07, -0.0928895692539831
1.74356703125E-07, -0.0944826618377322
1.7435865625E-07, -0.0904356609762859
1.74360609375E-07, -0.0909520373421208
1.743625625E-07, -0.103129552473753
1.74364515625E-07, -0.100245262232783
1.7436646875E-07, -0.101608991990314
1.74368421875E-07, -0.0969022141376033
1.74370375E-07, -0.0998641460361918
1.74372328125E-07, -0.111076023781698
1.7437428125E-07, -0.108066767631454
1.74376234375E-07, -0.111416016394453
1.743781875E-07, -0.112963209138366
1.74380140625E-07, -0.102764754409206
1.7438209375E-07, -0.11146432526369
1.74384046875E-07, -0.110932362827867
1.74386E-07, -0.115526223923786
1.74387953125E-07, -0.120172069715849
1.7438990625E-07, -0.111638252911897
1.74391859375E-07, -0.122738021890902
1.743938125E-07, -0.117054294335653
1.74395765625E-07, -0.122026511020406
1.7439771875E-07, -0.119551437040878
1.74399671875E-07, -0.119641741526386
1.74401625E-07, -0.122265027508911
1.74403578125E-07, -0.121196825592722
1.7440553125E-07, -0.119937780327834
1.74407484375E-07, -0.123508672056015
1.744094375E-07, -0.110720564106534
1.74411390625E-07, -0.118396873162449
1.7441334375E-07, -0.118404968772317
1.74415296875E-07, -0.120141637522795
1.7441725E-07, -0.11751432397144
1.74419203125E-07, -0.116368132986054
1.7442115625E-07, -0.112899466032928
1.74423109375E-07, -0.114924311896835
1.744250625E-07, -0.115608566256606
1.74427015625E-07, -0.10792608686289
1.7442896875E-07, -0.107299838438712
1.74430921875E-07, -0.112607711536866
1.74432875E-07, -0.099247934145387
1.74434828125E-07, -0.105171649686984
1.7443678125E-07, -0.0990474630612273
1.74438734375E-07, -0.0914474617172159
1.744406875E-07, -0.0927985248999554
1.74442640625E-07, -0.085068244883324
1.7444459375E-07, -0.0929227822811226
1.74446546875E-07, -0.0927359563732337
1.744485E-07, -0.0857721281393731
1.74450453125E-07, -0.0735862136487764
1.7445240625E-07, -0.0714225511640318
1.74454359375E-07, -0.0806443457020737
1.744563125E-07, -0.0638179141291437
1.74458265625E-07, -0.0670316417426581
1.7446021875E-07, -0.0786921225615206
1.74462171875E-07, -0.059641755559166
1.74464125E-07, -0.0606775368894148
1.74466078125E-07, -0.0372584162840605
1.7446803125E-07, -0.0310543792297165
1.74469984375E-07, -0.0313346536585567
1.744719375E-07, -0.0273126563399906
1.74473890625E-07, -0.0298398552564857
1.7447584375E-07, -0.0272593769300765
1.74477796875E-07, -0.0274772106348344
1.7447975E-07, -0.0175279169766008
1.74481703125E-07, -0.00531984015047718
1.7448365625E-07, -0.0173583934176991
1.74485609375E-07, -0.00475700654183731
1.744875625E-07, -0.00826402021149637
1.74489515625E-07, 0.00282865229597291
1.7449146875E-07, 0.0168439590169933
1.74493421875E-07, 0.00903338767533947
1.74495375E-07, 0.00946118564413052
1.74497328125E-07, 0.0290722989286922
1.7449928125E-07, 0.0274576606175041
1.74501234375E-07, 0.02794320607182
1.745031875E-07, 0.0274425386256266
1.74505140625E-07, 0.0316767076109293
1.7450709375E-07, 0.0344541013331958
1.74509046875E-07, 0.0435483792517601
1.74511E-07, 0.0455429047560775
1.74512953125E-07, 0.0634363473672577
1.7451490625E-07, 0.0509338785853487
1.74516859375E-07, 0.0604838078288587
1.745188125E-07, 0.0612589091616645
1.74520765625E-07, 0.0564532688362093
1.7452271875E-07, 0.0750167601975493
1.74524671875E-07, 0.0736066986302391
1.74526625E-07, 0.0786186477232959
1.74528578125E-07, 0.0695513568048714
1.7453053125E-07, 0.0728434731530185
1.74532484375E-07, 0.0837295772103725
1.745344375E-07, 0.0856589777014833
1.74536390625E-07, 0.0887283676786191
1.7453834375E-07, 0.0880861933856127
1.74540296875E-07, 0.0877688650103483
1.7454225E-07, 0.0960001527526362
1.74544203125E-07, 0.0895075197067699
1.7454615625E-07, 0.0909533625341209
1.74548109375E-07, 0.0929630584370613
1.745500625E-07, 0.0944108982678511
1.74552015625E-07, 0.0950864217207381
1.7455396875E-07, 0.0939323591228476
1.74555921875E-07, 0.0994968042838631
1.74557875E-07, 0.0960439384127313
1.74559828125E-07, 0.0984754393876212
1.7456178125E-07, 0.0983976493309106
1.74563734375E-07, 0.0940292314263932
1.745656875E-07, 0.0981408273527768
1.74567640625E-07, 0.0983938655685936
1.7456959375E-07, 0.0964130014210455
1.74571546875E-07, 0.0984590365288103
1.745735E-07, 0.0993691857521528
1.74575453125E-07, 0.0981517130420509
1.7457740625E-07, 0.0973437264567548
1.74579359375E-07, 0.0931886133704832
1.745813125E-07, 0.0885421954055821
1.74583265625E-07, 0.0917277910338818
1.7458521875E-07, 0.0922116619744294
1.74587171875E-07, 0.0851775652202855
1.74589125E-07, 0.0882157778338296
1.74591078125E-07, 0.0851967767769584
1.7459303125E-07, 0.0801275687246862
1.74594984375E-07, 0.0866891791540869
1.745969375E-07, 0.0805158114190642
1.74598890625E-07, 0.0743992781705661
1.7460084375E-07, 0.0773864881120165
1.74602796875E-07, 0.0681362762968874
1.7460475E-07, 0.0743624962932132
1.74606703125E-07, 0.0731201951343012
1.7460865625E-07, 0.0719577102223684
1.74610609375E-07, 0.0725782761881515
1.746125625E-07, 0.0641585693873733
1.74614515625E-07, 0.0628991976945552
1.7461646875E-07, 0.0604589261953022
1.74618421875E-07, 0.0577295894732912
1.74620375E-07, 0.0544774771745802
1.74622328125E-07, 0.0507016116156241
1.7462428125E-07, 0.0506442727425316
1.74626234375E-07, 0.0494519600012247
1.746281875E-07, 0.0405198935743197
1.74630140625E-07, 0.0453909461721452
1.7463209375E-07, 0.0464945057984117
1.74634046875E-07, 0.0430705086731153
1.74636E-07, 0.038233115683121
1.74637953125E-07, 0.038658545117726
1.7463990625E-07, 0.0380549820869228
1.74641859375E-07, 0.0344833794472941
1.746438125E-07, 0.0386407314019701
1.74645765625E-07, 0.0321762752790249
1.7464771875E-07, 0.0295955618269226
1.74649671875E-07, 0.0289900418813729
1.74651625E-07, 0.0279747446898317
1.74653578125E-07, 0.0358583969142766
1.7465553125E-07, 0.0253875341751115
1.74657484375E-07, 0.0264586714081253
1.746594375E-07, 0.0253143389853411
1.74661390625E-07, 0.0260043144882279
1.7466334375E-07, 0.0252595681273507
1.74665296875E-07, 0.0221600225631904
1.7466725E-07, 0.0249817279910023
1.74669203125E-07, 0.0237761726974147
1.7467115625E-07, 0.0234257629008664
1.74673109375E-07, 0.022607514777898
1.746750625E-07, 0.0221892986619706
1.74677015625E-07, 0.021143664836715
1.7467896875E-07, 0.0210743179269795
1.74680921875E-07, 0.0186039970726765
1.74682875E-07, 0.0216911885070825
1.74684828125E-07, 0.021298077108402
1.7468678125E-07, 0.0188990780454857
1.74688734375E-07, 0.0187468802965108
1.746906875E-07, 0.0192404882714392
1.74692640625E-07, 0.0188378311897556
1.7469459375E-07, 0.0204563578329448
1.74696546875E-07, 0.020252021100812
1.746985E-07, 0.0173327002052072
1.74700453125E-07, 0.0181918801842112
1.7470240625E-07, 0.0198461557089504
1.74704359375E-07, 0.0185980415775685
1.747063125E-07, 0.0184359758244911
1.74708265625E-07, 0.0190672814798384
1.7471021875E-07, 0.0211495417854235
1.74712171875E-07, 0.0191184935263562
1.74714125E-07, 0.0186517143228194
1.74716078125E-07, 0.0191017662680174
1.7471803125E-07, 0.0196123567433663
1.74719984375E-07, 0.0189416269205321
1.747219375E-07, 0.0192514320208198
1.74723890625E-07, 0.018939863767351
1.7472584375E-07, 0.0191599354617804
1.74727796875E-07, 0.0193564601169412
1.7472975E-07, 0.0183672513179975
1.74731703125E-07, 0.0184823151856491
1.7473365625E-07, 0.0184613492535474
1.74735609375E-07, 0.0184419913066116
1.747375625E-07, 0.0194965173978688
1.74739515625E-07, 0.0185247508765402
1.7474146875E-07, 0.0179270674388676
1.74743421875E-07, 0.0177995314020131
1.74745375E-07, 0.0179250523761017
1.74747328125E-07, 0.0171887315688986
1.7474928125E-07, 0.0177897370156096
1.74751234375E-07, 0.0170412484366658
1.747531875E-07, 0.0144401618347764
1.74755140625E-07, 0.0146574708285882
1.7475709375E-07, 0.0160569991540266
1.74759046875E-07, 0.015160370756337
1.74761E-07, 0.014160029436951
1.74762953125E-07, 0.0133185406027596
1.7476490625E-07, 0.0132373856932471
1.74766859375E-07, 0.013894625903674
1.747688125E-07, 0.0120662788117248
1.74770765625E-07, 0.0115045512470137
1.7477271875E-07, 0.0106992512977656
1.74774671875E-07, 0.00968510432354519
1.74776625E-07, 0.00986373982087674
1.74778578125E-07, 0.0106030729184125
1.7478053125E-07, 0.009838944772449
1.74782484375E-07, 0.0080207531040471
1.747844375E-07, 0.00865143254946778
1.74786390625E-07, 0.00652748134234078
1.7478834375E-07, 0.00473393062721667
1.74790296875E-07, 0.00571032836809334
1.7479225E-07, 0.00484794126778406
1.74794203125E-07, 0.00585396372960217
1.7479615625E-07, 0.00266154942843799
1.74798109375E-07, 0.00328762631152158
1.748000625E-07, 0.00305975578695174
1.74802015625E-07, 0.00052718564553512
1.7480396875E-07, 0.00346030841979143
1.74805921875E-07, -0.000290552182476643
1.74807875E-07, -0.00136100133836004
1.74809828125E-07, -0.000239880443053274
1.7481178125E-07, -0.000932527571932638
1.74813734375E-07, -8.88306454446892E-05
1.748156875E-07, -0.00373827655574904
1.74817640625E-07, -0.00410592414951485
1.7481959375E-07, -0.00169153333594088
1.74821546875E-07, -0.0051438768624032
1.748235E-07, -0.00470974105972407
1.74825453125E-07, -0.00517215770323561
1.7482740625E-07, -0.00602540017245339
1.74829359375E-07, -0.00432053447794278
1.748313125E-07, -0.0047946642761144
1.74833265625E-07, -0.00742372353425821
1.7483521875E-07, -0.00684288501485992
1.74837171875E-07, -0.00746431945251092
1.74839125E-07, -0.00732245473043589
1.74841078125E-07, -0.00758698206201455
1.7484303125E-07, -0.0068661666739884
1.74844984375E-07, -0.00873276771741757
1.748469375E-07, -0.00830687198298641
1.74848890625E-07, -0.00798994231235563
1.7485084375E-07, -0.00884378518755933
1.74852796875E-07, -0.00889560584206434
1.7485475E-07, -0.00913847464583974
1.74856703125E-07, -0.00876461738768199
1.7485865625E-07, -0.00873922504788652
1.74860609375E-07, -0.00870015878367401
1.748625625E-07, -0.00636146721476211
1.74864515625E-07, -0.00838782540744749
1.7486646875E-07, -0.00797927259149223
1.74868421875E-07, -0.00839037990397275
1.74870375E-07, -0.0087184276546101
1.74872328125E-07, -0.00813835442281569
1.7487428125E-07, -0.00734528320793859
1.74876234375E-07, -0.00718106471951584
1.748781875E-07, -0.00814351859836378
1.74880140625E-07, -0.00755293564399768
1.7488209375E-07, -0.00762919531669209
1.74884046875E-07, -0.00770376371579933
1.74886E-07, -0.00626563635962174
1.74887953125E-07, -0.00587472501026808
1.7488990625E-07, -0.00582043102150585
1.74891859375E-07, -0.00604792252523734
1.748938125E-07, -0.00636398559803538
1.74895765625E-07, -0.00446280964368899
1.7489771875E-07, -0.00608479176856537
1.74899671875E-07, -0.00432240534910112
1.74901625E-07, -0.00493961831188297
1.74903578125E-07, -0.00530025541427784
1.7490553125E-07, -0.00363381756711969
1.74907484375E-07, -0.00381291450335771
1.749094375E-07, -0.00421587971826443
1.74911390625E-07, -0.00340053161592904
1.7491334375E-07, -0.00254010915180789
1.74915296875E-07, -0.00291858603382855
1.7491725E-07, -0.00187890817645266
1.74919203125E-07, -0.00315883280036952
1.7492115625E-07, -0.00230103659788581
1.74923109375E-07, -0.0011181498517356
1.749250625E-07, -0.00144837391075381
1.74927015625E-07, -0.000337622557922217
1.7492896875E-07, -0.00106753881441932
1.74930921875E-07, -0.00158287903202108
1.74932875E-07, -0.000496766952221944
1.74934828125E-07, -0.00102749890003846
1.7493678125E-07, -0.000383890672669407
1.74938734375E-07, 0.000233691511587006
1.749406875E-07, 0.000233639243218786
1.74942640625E-07, 0.000145624650057793
1.7494459375E-07, 0.00068646821194801
1.74946546875E-07, 0.000943728721755363
1.749485E-07, -0.000885083427297116
1.74950453125E-07, -0.00113943660542213
1.7495240625E-07, 0.000690926404136448
1.74954359375E-07, 0.000610239809448515
1.749563125E-07, 0.000881859631330244
1.74958265625E-07, 0.00113142944362323
1.7496021875E-07, 0.00107087458687828
1.74962171875E-07, 0.000715540075171189
1.74964125E-07, 0.000582200428520527
1.74966078125E-07, 0.00147544374999426
1.7496803125E-07, 0.000535107468810331
1.74969984375E-07, 0.00196495416050359
1.749719375E-07, 0.00221073279599876
1.74973890625E-07, 0.00235435251934872
1.7497584375E-07, 0.000963918614800171
1.74977796875E-07, 0.0020428422924259
1.7497975E-07, 0.00196787749640687
1.74981703125E-07, 5.29976155465489E-05
1.7498365625E-07, 0.0018148131869975
1.74985609375E-07, 0.00156531505843428
1.749875625E-07, 0.000436722123967853
1.74989515625E-07, 0.000521322228989308
1.7499146875E-07, -0.00121204727725908
1.74993421875E-07, 0.00143835439415791
1.74995375E-07, 0.000204145792794235
1.74997328125E-07, 0.00103442233924709
1.7499928125E-07, 0.000346104662719478
1.75001234375E-07, 0.000858513738532887
1.750031875E-07, -0.00163180464080944
1.75005140625E-07, -0.000221018105283138
1.7500709375E-07, 0.000487113046574629
1.75009046875E-07, 0.000148474374688091
1.75011E-07, -0.00129072494782069
1.75012953125E-07, -0.00105839807510681
1.7501490625E-07, -0.00126846259386959
1.75016859375E-07, -0.00296555658638571
1.750188125E-07, -0.000826795114080424
1.75020765625E-07, -0.00222581111307106
1.7502271875E-07, -0.00250665231914288
1.75024671875E-07, -0.00211135165148769
1.75026625E-07, -0.00185843125053639
1.75028578125E-07, -0.00310999323199547
1.7503053125E-07, -0.00596214143169785
1.75032484375E-07, -0.00383134258618483
1.750344375E-07, -0.00321181728949178
1.75036390625E-07, -0.00507730075707188
1.7503834375E-07, -0.00410282615249892
1.75040296875E-07, -0.00416328303832837
1.7504225E-07, -0.00576246986970996
1.75044203125E-07, -0.00528327620497546
1.7504615625E-07, -0.00872616496565694
1.75048109375E-07, -0.00695151075325971
1.750500625E-07, -0.00807370908704286
1.75052015625E-07, -0.0107998907485537
1.7505396875E-07, -0.00853655769104359
1.75055921875E-07, -0.00739241554586313
1.75057875E-07, -0.00871169571805379
1.75059828125E-07, -0.0105402651990624
1.7506178125E-07, -0.0105654406218974
1.75063734375E-07, -0.009857303998121
1.750656875E-07, -0.00966069519562716
1.75067640625E-07, -0.0140679065121378
1.7506959375E-07, -0.01157810115893
1.75071546875E-07, -0.0118783567744272
1.750735E-07, -0.0122440203240051
1.75075453125E-07, -0.0124398595302869
1.7507740625E-07, -0.0134853316766586
1.75079359375E-07, -0.0133729233056413
1.750813125E-07, -0.0148787931476156
1.75083265625E-07, -0.0158553893079157
1.7508521875E-07, -0.0170735255563079
1.75087171875E-07, -0.0162908084323932
1.75089125E-07, -0.0179944436822585
1.75091078125E-07, -0.0178969742810587
1.7509303125E-07, -0.0189313046271203
1.75094984375E-07, -0.0189601329257431
1.750969375E-07, -0.0200018723644168
1.75098890625E-07, -0.020779561255707
1.7510084375E-07, -0.020373405707462
1.75102796875E-07, -0.0212625816107946
1.7510475E-07, -0.0222769117465619
1.75106703125E-07, -0.0227886105394529
1.7510865625E-07, -0.0238255233608072
1.75110609375E-07, -0.023657754588989
1.751125625E-07, -0.0244606805145874
1.75114515625E-07, -0.0237706966565743
1.7511646875E-07, -0.0258205067661798
1.75118421875E-07, -0.0249660699547553
1.75120375E-07, -0.0251820196485961
1.75122328125E-07, -0.0275020431118598
1.7512428125E-07, -0.0268649709648418
1.75126234375E-07, -0.0277029364712318
1.751281875E-07, -0.0272163438604036
1.75130140625E-07, -0.0280856684901627
1.7513209375E-07, -0.0289506023399064
1.75134046875E-07, -0.0283021134967384
1.75136E-07, -0.0294514801185647
1.75137953125E-07, -0.0297790502884299
1.7513990625E-07, -0.0300833994884275
1.75141859375E-07, -0.030110412701153
1.751438125E-07, -0.0298340438205614
1.75145765625E-07, -0.0315743469532845
1.7514771875E-07, -0.0315893951958795
1.75149671875E-07, -0.0312202740786736
1.75151625E-07, -0.0315387989008879
1.75153578125E-07, -0.0313850138035481
1.7515553125E-07, -0.0323617308062557
1.75157484375E-07, -0.0322014106477482
1.751594375E-07, -0.0324590678356349
1.75161390625E-07, -0.0318713382456568
1.7516334375E-07, -0.0320431291179377
1.75165296875E-07, -0.0322927569022275
1.7516725E-07, -0.0321812480406175
1.75169203125E-07, -0.0324403393154798
1.7517115625E-07, -0.0333564898079345
1.75173109375E-07, -0.0327549626555881
1.751750625E-07, -0.0331779736467008
1.75177015625E-07, -0.032590106505871
1.7517896875E-07, -0.0325837524034872
1.75180921875E-07, -0.0331751545393012
1.75182875E-07, -0.0316606435231815
1.75184828125E-07, -0.0331704311482384
1.7518678125E-07, -0.0320744861828834
1.75188734375E-07, -0.0320698218099153
1.751906875E-07, -0.032316593811067
1.75192640625E-07, -0.0315595401350463
1.7519459375E-07, -0.0316099707492723
1.75196546875E-07, -0.032009824748247
1.751985E-07, -0.0313061216706075
1.75200453125E-07, -0.0306756960141119
1.7520240625E-07, -0.030992629743132
1.75204359375E-07, -0.0309083527274634
1.752063125E-07, -0.0307938702815278
1.75208265625E-07, -0.0306449163697315
1.7521021875E-07, -0.0305581358676854
1.75212171875E-07, -0.0295703267711489
1.75214125E-07, -0.0302588048149776
1.75216078125E-07, -0.0289625585948
1.7521803125E-07, -0.0281089049734578
1.75219984375E-07, -0.027358578646357
1.752219375E-07, -0.0285805933493087
1.75223890625E-07, -0.0281000625012171
1.7522584375E-07, -0.0286563077698371
1.75227796875E-07, -0.0282246421257177
1.7522975E-07, -0.0274046887792508
1.75231703125E-07, -0.0258709486553586
1.7523365625E-07, -0.0261534965742319
1.75235609375E-07, -0.0263301408599902
1.752375625E-07, -0.0255324169569663
1.75239515625E-07, -0.0259583695750674
1.7524146875E-07, -0.0251275605889473
1.75243421875E-07, -0.0237714057897897
1.75245375E-07, -0.0242587906745909
1.75247328125E-07, -0.0243928049487777
1.7524928125E-07, -0.0242665251939512
1.75251234375E-07, -0.0230710596125274
1.752531875E-07, -0.0248831556433106
1.75255140625E-07, -0.0236113041923999
1.7525709375E-07, -0.0213691059756637
1.75259046875E-07, -0.0221437297835864
1.75261E-07, -0.0228151116635278
1.75262953125E-07, -0.0197692662563657
1.7526490625E-07, -0.0211546206385888
1.75266859375E-07, -0.0216469618124588
1.752688125E-07, -0.0208428599568626
1.75270765625E-07, -0.0201003963957765
1.7527271875E-07, -0.0183525585642585
1.75274671875E-07, -0.0196528014280788
1.75276625E-07, -0.0184194661172469
1.75278578125E-07, -0.0184178885995707
1.7528053125E-07, -0.0172642618325564
1.75282484375E-07, -0.0174636615722357
1.752844375E-07, -0.0176136856695137
1.75286390625E-07, -0.0150110307227745
1.7528834375E-07, -0.0163387023892792
1.75290296875E-07, -0.0154625422391926
1.7529225E-07, -0.0156674802154962
1.75294203125E-07, -0.0163232138781004
1.7529615625E-07, -0.0153258952853624
1.75298109375E-07, -0.0139183560929916
1.753000625E-07, -0.0141103775415428
1.75302015625E-07, -0.0138233192352963
1.7530396875E-07, -0.0137233840627224
1.75305921875E-07, -0.0117214088823748
1.75307875E-07, -0.0130981082734818
1.75309828125E-07, -0.0127750357017884
1.7531178125E-07, -0.012192123967555
1.75313734375E-07, -0.0109735848669333
1.753156875E-07, -0.0113109088579966
1.75317640625E-07, -0.0103629788936305
1.7531959375E-07, -0.00980193788658462
1.75321546875E-07, -0.00995518349532223
1.753235E-07, -0.00984520632413767
1.75325453125E-07, -0.00856536339982982
1.7532740625E-07, -0.00747095236320847
1.75329359375E-07, -0.00686094584242089
1.753313125E-07, -0.00824575623566659
1.75333265625E-07, -0.00575252987687858
1.7533521875E-07, -0.00611476645021458
1.75337171875E-07, -0.00692293547644702
1.75339125E-07, -0.00763243588292821
1.75341078125E-07, -0.00456588539226187
1.7534303125E-07, -0.00387877845574735
1.75344984375E-07, -0.00702099305877281
1.753469375E-07, -0.00439444925079858
1.75348890625E-07, -0.00345445801161932
1.7535084375E-07, -0.00442372974123785
1.75352796875E-07, -0.00214822292848558
1.7535475E-07, -0.00410180280799095
1.75356703125E-07, -0.00268715344842641
1.7535865625E-07, -0.00140312584795852
1.75360609375E-07, -0.00342823586746422
1.753625625E-07, -0.00176866910393724
1.75364515625E-07, -0.000885728782271069
1.7536646875E-07, -0.00149205533325788
1.75368421875E-07, -0.000862446198683196
1.75370375E-07, -0.000806102427276322
1.75372328125E-07, 0.000382929598900884
1.7537428125E-07, -0.0011226646774514
1.75376234375E-07, 0.000628539993128546
1.753781875E-07, 0.000991826665224197
1.75380140625E-07, 0.00179763097092889
1.7538209375E-07, -0.000387131573606025
1.75384046875E-07, 0.000759037016859108
1.75386E-07, 0.00185679908440533
1.75387953125E-07, 0.00205330845231237
1.7538990625E-07, 0.00241492213121372
1.75391859375E-07, 0.0025429135184141
1.753938125E-07, 0.00294253186036657
1.75395765625E-07, 0.00264359254675053
1.7539771875E-07, 0.00334118257886051
1.75399671875E-07, 0.00328918946752033
1.75401625E-07, 0.0029316725284861
1.75403578125E-07, 0.00413126927779276
1.7540553125E-07, 0.00312636805802652
1.75407484375E-07, 0.00367572014723448
1.754094375E-07, 0.00413166188361005
1.75411390625E-07, 0.00448294012930536
1.7541334375E-07, 0.00374007185484979
1.75415296875E-07, 0.00481676597324715
1.7541725E-07, 0.00494619614647299
1.75419203125E-07, 0.00465423364577753
1.7542115625E-07, 0.00400115145089516
1.75423109375E-07, 0.0051522176778634
1.754250625E-07, 0.00550475029670465
1.75427015625E-07, 0.00461766302943436
1.7542896875E-07, 0.00543988076008504
1.75430921875E-07, 0.00539602764974357
1.75432875E-07, 0.00656369527851966
1.75434828125E-07, 0.00549579883154801
1.7543678125E-07, 0.00629470616924257
1.75438734375E-07, 0.0061573346709643
1.754406875E-07, 0.00715446519770544
1.75442640625E-07, 0.00522615472932352
1.7544459375E-07, 0.0073063086402555
1.75446546875E-07, 0.0074200928468789
1.754485E-07, 0.00750181752365707
1.75450453125E-07, 0.00567447229752027
1.7545240625E-07, 0.00717879889335096
1.75454359375E-07, 0.00757052824458449
1.754563125E-07, 0.00806807760957354
1.75458265625E-07, 0.00835298131638388
1.7546021875E-07, 0.00888530048195431
1.75462171875E-07, 0.00797832202295258
1.75464125E-07, 0.0081126709665123
1.75466078125E-07, 0.00958479280452399
1.7546803125E-07, 0.00933132247750382
1.75469984375E-07, 0.0105184655512453
1.754719375E-07, 0.0102959066410152
1.75473890625E-07, 0.0104726371301828
1.7547584375E-07, 0.0100092425739716
1.75477796875E-07, 0.0115093104224253
1.7547975E-07, 0.0107980774544593
1.75481703125E-07, 0.0103282801647082
1.7548365625E-07, 0.0112848904827996
1.75485609375E-07, 0.011756266474573
1.754875625E-07, 0.0111445939349113
1.75489515625E-07, 0.0115440380836797
1.7549146875E-07, 0.0119203164347702
1.75493421875E-07, 0.0119338188587752
1.75495375E-07, 0.0120058544412956
1.75497328125E-07, 0.0116639034907922
1.7549928125E-07, 0.0122958040467167
1.75501234375E-07, 0.0127032887128932
1.755031875E-07, 0.0122696162907818
1.75505140625E-07, 0.0120377186833851
1.7550709375E-07, 0.0136147949394105
1.75509046875E-07, 0.0140368545400932
1.75511E-07, 0.0143715859523419
1.75512953125E-07, 0.0138533421264946
1.7551490625E-07, 0.014148924382251
1.75516859375E-07, 0.0142651947483544
1.755188125E-07, 0.0137396702950786
1.75520765625E-07, 0.0142303511147034
1.7552271875E-07, 0.0145308929177969
1.75524671875E-07, 0.0139693032275595
1.75526625E-07, 0.014871296242657
1.75528578125E-07, 0.0148724706486614
1.7553053125E-07, 0.0140854384775805
1.75532484375E-07, 0.0143291506896664
1.755344375E-07, 0.0141575126328032
1.75536390625E-07, 0.0134696247658276
1.7553834375E-07, 0.0140107894968449
1.75540296875E-07, 0.0134129111995872
1.7554225E-07, 0.014410552434482
1.75544203125E-07, 0.0145389278792199
1.7554615625E-07, 0.0143160166205967
1.75548109375E-07, 0.0140121345085228
1.755500625E-07, 0.0134807652134924
1.75552015625E-07, 0.013395534211489
1.7555396875E-07, 0.0134302326845418
1.75555921875E-07, 0.0132937253333593
1.75557875E-07, 0.0120440596952263
1.75559828125E-07, 0.0135935773437314
1.7556178125E-07, 0.0130254686922582
1.75563734375E-07, 0.012258192757373
1.755656875E-07, 0.0122882314442717
1.75567640625E-07, 0.0121317856468029
1.7556959375E-07, 0.011023490999557
1.75571546875E-07, 0.0120549224116052
1.755735E-07, 0.0113633294878826
1.75575453125E-07, 0.0113836193348755
1.7557740625E-07, 0.0111135444803507
1.75579359375E-07, 0.010639621015949
1.755813125E-07, 0.010716341509434
1.75583265625E-07, 0.0103107843866989
1.7558521875E-07, 0.0102635794461674
1.75587171875E-07, 0.00976931731626289
1.75589125E-07, 0.00859001845864804
1.75591078125E-07, 0.0096272966302128
1.7559303125E-07, 0.00887314989701752
1.75594984375E-07, 0.00808509033609015
1.755969375E-07, 0.00830893923451529
1.75598890625E-07, 0.0075832326867359
1.7560084375E-07, 0.00760510016962178
1.75602796875E-07, 0.00751934435280901
1.7560475E-07, 0.00780279795822581
1.75606703125E-07, 0.00642062733805972
1.7560865625E-07, 0.0067554608367969
1.75610609375E-07, 0.00657362734302761
1.756125625E-07, 0.00575957887514648
1.75614515625E-07, 0.00644492715639527
1.7561646875E-07, 0.00537304407311352
1.75618421875E-07, 0.00554437982055253
1.75620375E-07, 0.00580442748621797
1.75622328125E-07, 0.0051506128912142
1.7562428125E-07, 0.0050788057627389
1.75626234375E-07, 0.00456329833651951
1.756281875E-07, 0.00461945353261183
1.75630140625E-07, 0.00505345638145282
1.7563209375E-07, 0.00383707323608972
1.75634046875E-07, 0.00400962719542754
1.75636E-07, 0.00421123812700426
1.75637953125E-07, 0.00390173455874634
1.7563990625E-07, 0.00357165500002923
1.75641859375E-07, 0.00354884087176365
1.756438125E-07, 0.00386062579529983
1.75645765625E-07, 0.00363326125990196
1.7564771875E-07, 0.00339272286229018
1.75649671875E-07, 0.003541678310098
1.75651625E-07, 0.00321998955882761
1.75653578125E-07, 0.00336441804603096
1.7565553125E-07, 0.00406746293621849
1.75657484375E-07, 0.00360218353807302
1.756594375E-07, 0.00312718734753594
1.75661390625E-07, 0.00336900304952843
1.7566334375E-07, 0.00358367882679904
1.75665296875E-07, 0.00357806425183188
1.7566725E-07, 0.00362361618360153
1.75669203125E-07, 0.00295790983834377
1.7567115625E-07, 0.00368413450534915
1.75673109375E-07, 0.00417308051683173
1.756750625E-07, 0.00441697601338852
1.75677015625E-07, 0.00415797658215757
1.7567896875E-07, 0.00422445925082889
1.75680921875E-07, 0.00374816459517183
1.75682875E-07, 0.00458562502329314
1.75684828125E-07, 0.00422223056235238
1.7568678125E-07, 0.00443766921102632
1.75688734375E-07, 0.00439511439878531
1.756906875E-07, 0.00455165068379732
1.75692640625E-07, 0.00459007034863389
1.7569459375E-07, 0.00495335819117188
1.75696546875E-07, 0.00503559837594428
1.756985E-07, 0.00537040794783163
1.75700453125E-07, 0.00512462404038658
1.7570240625E-07, 0.00559508885357885
1.75704359375E-07, 0.00597545990076747
1.757063125E-07, 0.00551495628045046
1.75708265625E-07, 0.00601501571809434
1.7571021875E-07, 0.00594017083386632
1.75712171875E-07, 0.00614043440752647
1.75714125E-07, 0.00616645870730771
1.75716078125E-07, 0.00620944272271578
1.7571803125E-07, 0.00687108442978417
1.75719984375E-07, 0.00681816947721814
1.757219375E-07, 0.0065192403284066
1.75723890625E-07, 0.00672105762249771
1.7572584375E-07, 0.00663338161531044
1.75727796875E-07, 0.00678479555083773
1.7572975E-07, 0.0069382119283031
1.75731703125E-07, 0.00680470578996262
1.7573365625E-07, 0.00722606176320918
1.75735609375E-07, 0.00755845078955471
1.757375625E-07, 0.00793176131743451
1.75739515625E-07, 0.00763069930993419
1.7574146875E-07, 0.00785162446456473
1.75743421875E-07, 0.0075212875243062
1.75745375E-07, 0.00788466164975223
1.75747328125E-07, 0.008292119043311
1.7574928125E-07, 0.00869336608333091
1.75751234375E-07, 0.00789151269740765
1.757531875E-07, 0.00798291833391153
1.75755140625E-07, 0.00844903960679639
1.7575709375E-07, 0.00846945729048426
1.75759046875E-07, 0.00882206954593801
1.75761E-07, 0.0089380597991348
1.75762953125E-07, 0.00847570436784658
1.7576490625E-07, 0.00882514112288909
1.75766859375E-07, 0.00903205483044349
1.757688125E-07, 0.0095724817246363
1.75770765625E-07, 0.00944819420821225
1.7577271875E-07, 0.00962247931282809
1.75774671875E-07, 0.00886913904352626
1.75776625E-07, 0.00919846941998202
1.75778578125E-07, 0.00948217474819624
1.7578053125E-07, 0.00907202105091191
1.75782484375E-07, 0.00995924679777873
1.757844375E-07, 0.00907825384712555
1.75786390625E-07, 0.00948168331939925
1.7578834375E-07, 0.00991419438369508
1.75790296875E-07, 0.0102587557783173
1.7579225E-07, 0.00962808469984325
1.75794203125E-07, 0.00978479691605635
1.7579615625E-07, 0.00961860996150224
1.75798109375E-07, 0.0104048635261763
1.758000625E-07, 0.0103791410747448
1.75802015625E-07, 0.0093561916748663
1.7580396875E-07, 0.0101333341452205
1.75805921875E-07, 0.0100899955284875
1.75807875E-07, 0.00970993618682087
1.75809828125E-07, 0.00977307783073298
1.7581178125E-07, 0.0107433799533396
1.75813734375E-07, 0.0104530809681665
1.758156875E-07, 0.0105291211071334
1.75817640625E-07, 0.0109156873886709
1.7581959375E-07, 0.0108499091340875
1.75821546875E-07, 0.0111557230987393
1.758235E-07, 0.0107615365717907
1.75825453125E-07, 0.0109474618541123
1.7582740625E-07, 0.0103966573717318
1.75829359375E-07, 0.0103234539161125
1.758313125E-07, 0.0107447278176507
1.75833265625E-07, 0.0113796218807837
1.7583521875E-07, 0.0113624822123351
1.75837171875E-07, 0.0119419196549595
1.75839125E-07, 0.0118190653833222
1.75841078125E-07, 0.0108929916264285
1.7584303125E-07, 0.0121826722162514
1.75844984375E-07, 0.0112543594623571
1.758469375E-07, 0.0114121066170657
1.75848890625E-07, 0.0119551029241082
1.7585084375E-07, 0.0109710605877071
1.75852796875E-07, 0.0116976704146399
1.7585475E-07, 0.0115507234114423
1.75856703125E-07, 0.0123922753079926
1.7585865625E-07, 0.012132549020695
1.75860609375E-07, 0.0126025012917664
1.758625625E-07, 0.0120811104931575
1.75864515625E-07, 0.0119640152459133
1.7586646875E-07, 0.012356394850578
1.75868421875E-07, 0.0120975431832321
1.75870375E-07, 0.0122867024003242
1.75872328125E-07, 0.0125690469932183
1.7587428125E-07, 0.0124764631173345
1.75876234375E-07, 0.0120916794551385
1.758781875E-07, 0.0119771586724038
1.75880140625E-07, 0.0126636229146007
1.7588209375E-07, 0.0124980371957359
1.75884046875E-07, 0.0120678376991321
1.75886E-07, 0.0120549569027958
1.75887953125E-07, 0.0122610738352347
1.7588990625E-07, 0.0120190483358931
1.75891859375E-07, 0.0119062915829339
1.758938125E-07, 0.0124947180230975
1.75895765625E-07, 0.0124670364000668
1.7589771875E-07, 0.0122342776619424
1.75899671875E-07, 0.0122779587279695
1.75901625E-07, 0.0123611459596904
1.75903578125E-07, 0.0115592682664989
1.7590553125E-07, 0.0122408811838266
1.75907484375E-07, 0.0121969511840201
1.759094375E-07, 0.0117850137770535
1.75911390625E-07, 0.0111734199938353
1.7591334375E-07, 0.0119558985221997
1.75915296875E-07, 0.0119576360450642
1.7591725E-07, 0.0117513810738567
1.75919203125E-07, 0.0116308968054505
1.7592115625E-07, 0.0118207668249187
1.75923109375E-07, 0.0108003972603936
1.759250625E-07, 0.0112172237775406
1.75927015625E-07, 0.0111328327090801
1.7592896875E-07, 0.00932021935119075
1.75930921875E-07, 0.0114975624383999
1.75932875E-07, 0.0105058287382459
1.75934828125E-07, 0.00990982046594932
1.7593678125E-07, 0.00999334898844361
1.75938734375E-07, 0.00895967554061282
1.759406875E-07, 0.010026854170872
1.75942640625E-07, 0.0100153134425615
1.7594459375E-07, 0.00945553963627842
1.75946546875E-07, 0.00945639622934641
1.759485E-07, 0.00900945028061341
1.75950453125E-07, 0.00870489269221755
1.7595240625E-07, 0.00695939417387903
1.75954359375E-07, 0.00742003660274785
1.759563125E-07, 0.00775920005388217
1.75958265625E-07, 0.00677104253208804
1.7596021875E-07, 0.00707056203625555
1.75962171875E-07, 0.00609203525420905
1.75964125E-07, 0.00538540180325811
1.75966078125E-07, 0.00423002059016371
1.7596803125E-07, 0.00434908885979678
1.75969984375E-07, 0.00603177987026964
1.759719375E-07, 0.00403938773528252
1.75973890625E-07, 0.00296430729838902
1.7597584375E-07, 0.00287073781575638
1.75977796875E-07, 0.00534097861984661
1.7597975E-07, 0.00412463872680526
1.75981703125E-07, 0.00245344317380211
1.7598365625E-07, 0.00157446093190979
1.75985609375E-07, 0.00215806571482346
1.759875625E-07, 0.000150370129649166
1.75989515625E-07, 0.000955827010145353
1.7599146875E-07, 0.00208070219214898
1.75993421875E-07, -0.00110286066187691
1.75995375E-07, 0.000874133329937397
1.75997328125E-07, -0.000767679183765989
1.7599928125E-07, -0.00141470545264061
1.76001234375E-07, 0.00180045758579331
1.760031875E-07, -0.00141730235023708
1.76005140625E-07, 7.3856733434076E-05
1.7600709375E-07, -0.00223246750838005
1.76009046875E-07, -0.00196244275499223
1.76011E-07, -0.000979465945227087
1.76012953125E-07, -0.00302465607941267
1.7601490625E-07, -0.00515149182717743
1.76016859375E-07, -0.00313338102237276
1.760188125E-07, -0.00685545205741604
1.76020765625E-07, -0.00329718313587011
1.7602271875E-07, -0.00645532462531718
1.76024671875E-07, -0.00652898532595347
1.76026625E-07, -0.00729740112913999
1.76028578125E-07, -0.00943668187635483
1.7603053125E-07, -0.00646056850706929
1.76032484375E-07, -0.00822606465865099
1.760344375E-07, -0.00845724864122066
1.76036390625E-07, -0.00905294284113099
1.7603834375E-07, -0.0121707495455399
1.76040296875E-07, -0.0120579353147602
1.7604225E-07, -0.0111353512401161
1.76044203125E-07, -0.0117623878356307
1.7604615625E-07, -0.0117330763490904
1.76048109375E-07, -0.0120663492732448
1.760500625E-07, -0.0122795517633031
1.76052015625E-07, -0.013103470286486
1.7605396875E-07, -0.0123182837503981
1.76055921875E-07, -0.0122668080656372
1.76057875E-07, -0.0128982106313343
1.76059828125E-07, -0.0137930441141547
1.7606178125E-07, -0.0138547764411662
1.76063734375E-07, -0.0152924143648888
1.760656875E-07, -0.0146900477194303
1.76067640625E-07, -0.014430646679138
1.7606959375E-07, -0.0153054609271482
1.76071546875E-07, -0.0157600265807536
1.760735E-07, -0.0136780020788848
1.76075453125E-07, -0.0151835831602672
1.7607740625E-07, -0.0159471077545483
1.76079359375E-07, -0.0158209909536088
1.760813125E-07, -0.0160332491748971
1.76083265625E-07, -0.0157618413789028
1.7608521875E-07, -0.0157934432167783
1.76087171875E-07, -0.0166064708747379
1.76089125E-07, -0.0171017325946304
1.76091078125E-07, -0.015854241299962
1.7609303125E-07, -0.0162764965927836
1.76094984375E-07, -0.0162025009017547
1.760969375E-07, -0.0140544663039906
1.76098890625E-07, -0.0154564456930886
1.7610084375E-07, -0.0158774952573171
1.76102796875E-07, -0.0151165518872573
1.7610475E-07, -0.0148488338751144
1.76106703125E-07, -0.0159121126674484
1.7610865625E-07, -0.0150024418285171
1.76110609375E-07, -0.0158015089521117
1.761125625E-07, -0.0154080609141563
1.76114515625E-07, -0.0145336880412765
1.7611646875E-07, -0.0151256379449773
1.76118421875E-07, -0.0139746429383108
1.76120375E-07, -0.0143569928009621
1.76122328125E-07, -0.0143871042992961
1.7612428125E-07, -0.0142599347881296
1.76126234375E-07, -0.0123364142592031
1.761281875E-07, -0.0135613047435391
1.76130140625E-07, -0.013075795275075
1.7613209375E-07, -0.0128745050529784
1.76134046875E-07, -0.0109299794630446
1.76136E-07, -0.0123680446012726
1.76137953125E-07, -0.0120944262724858
1.7613990625E-07, -0.0113878248459313
1.76141859375E-07, -0.0117100245939269
1.761438125E-07, -0.0103056991934355
1.76145765625E-07, -0.0103208484108388
1.7614771875E-07, -0.0101149667341183
1.76149671875E-07, -0.00961054584517777
1.76151625E-07, -0.00944263470930653
1.76153578125E-07, -0.00764791702054898
1.7615553125E-07, -0.00946206176357243
1.76157484375E-07, -0.00950037835727551
1.761594375E-07, -0.00908833381864016
1.76161390625E-07, -0.00815088279975951
1.7616334375E-07, -0.00809138236943164
1.76165296875E-07, -0.00809670737602611
1.7616725E-07, -0.00745681051458714
1.76169203125E-07, -0.00728964131318196
1.7617115625E-07, -0.00709046528878564
1.76173109375E-07, -0.00566332713201108
1.761750625E-07, -0.00617331724968098
1.76177015625E-07, -0.006217449215546
1.7617896875E-07, -0.00673723916369492
1.76180921875E-07, -0.00591750332790536
1.76182875E-07, -0.00602741667676541
1.76184828125E-07, -0.00618322993827237
1.7618678125E-07, -0.00581738858032572
1.76188734375E-07, -0.00527259256349404
1.761906875E-07, -0.00546331560591452
1.76192640625E-07, -0.00593575287965211
1.7619459375E-07, -0.00355029912017374
1.76196546875E-07, -0.00477635958514133
1.761985E-07, -0.00532838415711832
1.76200453125E-07, -0.00606420892717554
1.7620240625E-07, -0.00520083646425167
1.76204359375E-07, -0.0051301447762399
1.762063125E-07, -0.00535459206977796
1.76208265625E-07, -0.0058042241144427
1.7621021875E-07, -0.00529266250392726
1.76212171875E-07, -0.00553616788734967
1.76214125E-07, -0.00499877543709536
1.76216078125E-07, -0.00581310392270904
1.7621803125E-07, -0.00594474401683727
1.76219984375E-07, -0.00579713298852383
1.762219375E-07, -0.00696880465015234
1.76223890625E-07, -0.006525223039395
1.7622584375E-07, -0.00656571234365394
1.76227796875E-07, -0.0059155329414885
1.7622975E-07, -0.00743458490127233
1.76231703125E-07, -0.00764532871876506
1.7623365625E-07, -0.00821330312042476
1.76235609375E-07, -0.00717244994754733
1.762375625E-07, -0.0081995538410182
1.76239515625E-07, -0.00755216039258905
1.7624146875E-07, -0.00747946326470631
1.76243421875E-07, -0.00795861597927565
1.76245375E-07, -0.00841937338067483
1.76247328125E-07, -0.00865505225765255
1.7624928125E-07, -0.00833516335617746
1.76251234375E-07, -0.00816637919232035
1.762531875E-07, -0.00880539979372823
1.76255140625E-07, -0.00897005307971501
1.7625709375E-07, -0.00877837416627444
1.76259046875E-07, -0.00927376778094891
1.76261E-07, -0.00900810087864318
1.76262953125E-07, -0.0104084689274282
1.7626490625E-07, -0.00975895640394584
1.76266859375E-07, -0.0092602673152043
1.762688125E-07, -0.00934187983026311
1.76270765625E-07, -0.0103440700063374
1.7627271875E-07, -0.0104870369903771
1.76274671875E-07, -0.00949054231794846
1.76276625E-07, -0.0110885921870477
1.76278578125E-07, -0.0105875324650638
1.7628053125E-07, -0.0106336574999412
1.76282484375E-07, -0.0107791780538747
1.762844375E-07, -0.01063956562505
1.76286390625E-07, -0.0108587405405732
1.7628834375E-07, -0.0100817933972077
1.76290296875E-07, -0.0108584390538891
1.7629225E-07, -0.0103848152367561
1.76294203125E-07, -0.0109927475056335
1.7629615625E-07, -0.0115395713903727
1.76298109375E-07, -0.0104036011232565
1.763000625E-07, -0.0104607735354109
1.76302015625E-07, -0.0109893414640714
1.7630396875E-07, -0.0110194200969462
1.76305921875E-07, -0.0110664655978121
1.76307875E-07, -0.00953338438913556
1.76309828125E-07, -0.0107473351411594
1.7631178125E-07, -0.00991749848715821
1.76313734375E-07, -0.0105807090687736
1.763156875E-07, -0.00926967304703315
1.76317640625E-07, -0.0111716777305541
1.7631959375E-07, -0.0100596752207966
1.76321546875E-07, -0.00959167413120516
1.763235E-07, -0.00876381636208487
1.76325453125E-07, -0.0103856894446128
1.7632740625E-07, -0.00956204084992492
1.76329359375E-07, -0.00969368601551454
1.763313125E-07, -0.0101688867393047
1.76333265625E-07, -0.00970510659883142
1.7633521875E-07, -0.0101502290730805
1.76337171875E-07, -0.00930517009642402
1.76339125E-07, -0.00888162361731556
1.76341078125E-07, -0.00902872279052367
1.7634303125E-07, -0.00738274350211006
1.76344984375E-07, -0.00797625454379275
1.763469375E-07, -0.00786991087175033
1.76348890625E-07, -0.00758976832579803
1.7635084375E-07, -0.00851726913663188
1.76352796875E-07, -0.00843055116145534
1.7635475E-07, -0.00763217305273045
1.76356703125E-07, -0.00812683419213488
1.7635865625E-07, -0.00655916154887762
1.76360609375E-07, -0.00756471798372806
1.763625625E-07, -0.00699948048550703
1.76364515625E-07, -0.00628766733315561
1.7636646875E-07, -0.00665520940429103
1.76368421875E-07, -0.00646200642365197
1.76370375E-07, -0.00613803113374171
1.76372328125E-07, -0.00576738589293868
1.7637428125E-07, -0.00623632729704241
1.76376234375E-07, -0.00591779975303204
1.763781875E-07, -0.00574759901112589
1.76380140625E-07, -0.00583789365891841
1.7638209375E-07, -0.00586505463944076
1.76384046875E-07, -0.00548658188133424
1.76386E-07, -0.00566358265088447
1.76387953125E-07, -0.00589890466152557
1.7638990625E-07, -0.00546127586949807
1.76391859375E-07, -0.00589530083620109
1.763938125E-07, -0.00527833763387486
1.76395765625E-07, -0.00519603326043836
1.7639771875E-07, -0.00506874474399089
1.76399671875E-07, -0.00469468518541766
1.76401625E-07, -0.00487387696206329
1.76403578125E-07, -0.00502514361066915
1.7640553125E-07, -0.00467956696585127
1.76407484375E-07, -0.00509665731630884
1.764094375E-07, -0.00546490666240311
1.76411390625E-07, -0.00501564231670945
1.7641334375E-07, -0.00502184463717186
1.76415296875E-07, -0.00457161693422957
1.7641725E-07, -0.00488797584836874
1.76419203125E-07, -0.0052320767786055
1.7642115625E-07, -0.00497186058175626
1.76423109375E-07, -0.00499239915067477
1.764250625E-07, -0.00414105915408902
1.76427015625E-07, -0.0049137378617409
1.7642896875E-07, -0.00467242286291703
1.76430921875E-07, -0.00495985492580971
1.76432875E-07, -0.00548640401247646
1.76434828125E-07, -0.00519034495966399
1.7643678125E-07, -0.00434972832760851
1.76438734375E-07, -0.00540027009830427
1.764406875E-07, -0.00477849419821275
1.76442640625E-07, -0.00494111042814162
1.7644459375E-07, -0.00515766556161103
1.76446546875E-07, -0.00526788830366183
1.764485E-07, -0.00452805573842539
1.76450453125E-07, -0.00459860340882834
1.7645240625E-07, -0.00497378927174458
1.76454359375E-07, -0.00579598969092515
1.764563125E-07, -0.0055338274822997
1.76458265625E-07, -0.0053820767069808
1.7646021875E-07, -0.00476700278649583
1.76462171875E-07, -0.00533879299554234
1.76464125E-07, -0.00411274819971524
1.76466078125E-07, -0.00488584873164441
1.7646803125E-07, -0.00449833832408978
1.76469984375E-07, -0.00502125682663968
1.764719375E-07, -0.00532056306302723
1.76473890625E-07, -0.00534870040889153
1.7647584375E-07, -0.00586216402817543
1.76477796875E-07, -0.00434219726677898
1.7647975E-07, -0.00465723623469766
1.76481703125E-07, -0.00470120473709669
1.7648365625E-07, -0.00422587622002573
1.76485609375E-07, -0.00532728379535991
1.764875625E-07, -0.00453837847487493
1.76489515625E-07, -0.00473619676908699
1.7649146875E-07, -0.00566262547483515
1.76493421875E-07, -0.00406170689353789
1.76495375E-07, -0.00420236535838585
1.76497328125E-07, -0.00485487925816106
1.7649928125E-07, -0.00471305617404439
1.76501234375E-07, -0.00414348122323639
1.765031875E-07, -0.00529371357034298
1.76505140625E-07, -0.00445953380367665
1.7650709375E-07, -0.00410266607472274
1.76509046875E-07, -0.00452728080809648
1.76511E-07, -0.00435918180833014
1.76512953125E-07, -0.00492600743813083
1.7651490625E-07, -0.00416920476111153
1.76516859375E-07, -0.00418499834737754
1.765188125E-07, -0.00444478194554592
1.76520765625E-07, -0.00518435460806069
1.7652271875E-07, -0.00437406090168684
1.76524671875E-07, -0.0048602113438932
1.76526625E-07, -0.00533026222986625
1.76528578125E-07, -0.00482264729108994
1.7653053125E-07, -0.00413108415925657
1.76532484375E-07, -0.0042832042335351
1.765344375E-07, -0.00416277061123299
1.76536390625E-07, -0.00429883673965198
1.7653834375E-07, -0.00420143558249796
1.76540296875E-07, -0.00422865519805468
1.7654225E-07, -0.00427530507063595
1.76544203125E-07, -0.00391090040030035
1.7654615625E-07, -0.00387889018588172
1.76548109375E-07, -0.00420566468449485
1.765500625E-07, -0.00410303660489607
1.76552015625E-07, -0.00370308530794129
1.7655396875E-07, -0.00382463220636639
1.76555921875E-07, -0.00405272869369383
1.76557875E-07, -0.00408154953240227
1.76559828125E-07, -0.00398608419157588
1.7656178125E-07, -0.00399225813189625
1.76563734375E-07, -0.00420151592046325
1.765656875E-07, -0.00414120340976225
1.76567640625E-07, -0.00384487836036835
1.7656959375E-07, -0.0039401730134244
1.76571546875E-07, -0.00397571873152467
1.765735E-07, -0.00317918718154339
1.76575453125E-07, -0.00308230143188004
1.7657740625E-07, -0.00376673617300485
1.76579359375E-07, -0.00373693402115009
1.765813125E-07, -0.0037800954418869
1.76583265625E-07, -0.00452242685075309
1.7658521875E-07, -0.00408670375096038
1.76587171875E-07, -0.0037314010151274
1.76589125E-07, -0.00459285268513901
1.76591078125E-07, -0.00412408474070598
1.7659303125E-07, -0.00329193431017221
1.76594984375E-07, -0.00354286303485533
1.765969375E-07, -0.00397005480263726
1.76598890625E-07, -0.00370645978817522
1.7660084375E-07, -0.00441037153076805
1.76602796875E-07, -0.00315048649431396
1.7660475E-07, -0.00381517135519929
1.76606703125E-07, -0.00374947834749115
1.7660865625E-07, -0.00428880059932873
1.76610609375E-07, -0.0034677863096783
1.766125625E-07, -0.00365324714242922
1.76614515625E-07, -0.00354151128836559
1.7661646875E-07, -0.00344487489667941
1.76618421875E-07, -0.00392570078066823
1.76620375E-07, -0.00348666641037671
1.76622328125E-07, -0.00445904881558588
1.7662428125E-07, -0.00416031123451921
1.76626234375E-07, -0.00375493344648193
1.766281875E-07, -0.00388025254584261
1.76630140625E-07, -0.00313780340105368
1.7663209375E-07, -0.00395331807663679
1.76634046875E-07, -0.0041283505019775
1.76636E-07, -0.00328543832525134
1.76637953125E-07, -0.00385979563838048
1.7663990625E-07, -0.00303407114717476
1.76641859375E-07, -0.00289189188502276
1.766438125E-07, -0.00387362008706103
1.76645765625E-07, -0.00348383422346825
1.7664771875E-07, -0.00342126284260214
1.76649671875E-07, -0.00269335920075911
1.76651625E-07, -0.00384463035329021
1.76653578125E-07, -0.00307214784864015
1.7665553125E-07, -0.00370781942151966
1.76657484375E-07, -0.00334027506758074
1.766594375E-07, -0.00320706489139649
1.76661390625E-07, -0.00290743858136055
1.7666334375E-07, -0.00364781940211574
1.76665296875E-07, -0.00319149711073653
1.7666725E-07, -0.00246368869287669
1.76669203125E-07, -0.00226289273717972
1.7667115625E-07, -0.00358360258352434
1.76673109375E-07, -0.00300837915792071
1.766750625E-07, -0.00310865083321541
1.76677015625E-07, -0.00315657357136264
1.7667896875E-07, -0.00256808898016833
1.76680921875E-07, -0.00321359844948028
1.76682875E-07, -0.00332145627515501
1.76684828125E-07, -0.00252553688364679
1.7668678125E-07, -0.0024708005968096
1.76688734375E-07, -0.00237564958837556
1.766906875E-07, -0.00264013041517428
1.76692640625E-07, -0.00255589272723651
1.7669459375E-07, -0.00232756240017358
1.76696546875E-07, -0.00289790016447454
1.766985E-07, -0.00301685916989369
1.76700453125E-07, -0.00221612713757759
1.7670240625E-07, -0.00219239316957569
1.76704359375E-07, -0.00297200929249012
1.767063125E-07, -0.00299755816054791
1.76708265625E-07, -0.00253279279273202
1.7671021875E-07, -0.00235757682438401
1.76712171875E-07, -0.00279845114329213
1.76714125E-07, -0.00210195312612091
1.76716078125E-07, -0.00253261274573934
1.7671803125E-07, -0.00295328817484135
1.76719984375E-07, -0.00229466268438515
1.767219375E-07, -0.00243808442994735
1.76723890625E-07, -0.00264597037085308
1.7672584375E-07, -0.00311182503857447
1.76727796875E-07, -0.00295970493742761
1.7672975E-07, -0.00260802950191252
1.76731703125E-07, -0.00241754458947194
1.7673365625E-07, -0.00270608923917146
1.76735609375E-07, -0.00213616928884906
1.767375625E-07, -0.00254255637315896
1.76739515625E-07, -0.00255765583033466
1.7674146875E-07, -0.0024759518854607
1.76743421875E-07, -0.00251627192818038
1.76745375E-07, -0.00320342152097306
1.76747328125E-07, -0.00295236930617028
1.7674928125E-07, -0.00300099972836626
1.76751234375E-07, -0.00263972414744567
1.767531875E-07, -0.00246267768866129
1.76755140625E-07, -0.00244420268368424
1.7675709375E-07, -0.00244079975885088
1.76759046875E-07, -0.00238705080914352
1.76761E-07, -0.00247673955871684
1.76762953125E-07, -0.00270501963187638
1.7676490625E-07, -0.00188718250178817
1.76766859375E-07, -0.00210992034869553
1.767688125E-07, -0.00253413469236749
1.76770765625E-07, -0.00243751107500689
1.7677271875E-07, -0.00284385026906706
1.76774671875E-07, -0.00255377829996501
1.76776625E-07, -0.00183902964677846
1.76778578125E-07, -0.00204251205951807
1.7678053125E-07, -0.00138429774967825
1.76782484375E-07, -0.00244139389465801
1.767844375E-07, -0.00112215573545315
1.76786390625E-07, -0.00215836506413363
1.7678834375E-07, -0.00134585567507386
1.76790296875E-07, -0.000478620456732271
1.7679225E-07, -0.000711648138690295
1.76794203125E-07, 8.9760888917685E-05
1.7679615625E-07, -0.00083442933926105
1.76798109375E-07, 0.00042597885707637
1.768000625E-07, 0.000856319556731177
1.76802015625E-07, 0.000419235586606715
1.7680396875E-07, 0.00136600150677073
1.76805921875E-07, 0.00123580143768477
1.76807875E-07, 0.00136396668516775
1.76809828125E-07, 0.00170118959616481
1.7681178125E-07, 0.000964810100548049
1.76813734375E-07, 0.00212086119140396
1.768156875E-07, 0.00205442137433599
1.76817640625E-07, 0.00252666623595941
1.7681959375E-07, 0.00322896247360955
1.76821546875E-07, 0.00263370597528591
1.768235E-07, 0.00392349415617962
1.76825453125E-07, 0.0036275923037573
1.7682740625E-07, 0.00420800367038857
1.76829359375E-07, 0.00407676316500354
1.768313125E-07, 0.00366895998775163
1.76833265625E-07, 0.00495471603527354
1.7683521875E-07, 0.00458762213227317
1.76837171875E-07, 0.00465315045904004
1.76839125E-07, 0.00552942458875113
1.76841078125E-07, 0.00519639506631411
1.7684303125E-07, 0.00466352676486924
1.76844984375E-07, 0.00601872441538061
1.768469375E-07, 0.00576358045726942
1.76848890625E-07, 0.00672827026557921
1.7685084375E-07, 0.00588147835341872
1.76852796875E-07, 0.00521613494820461
1.7685475E-07, 0.00668069046806509
1.76856703125E-07, 0.00627200039326235
1.7685865625E-07, 0.00645386424142081
1.76860609375E-07, 0.00649554320462085
1.768625625E-07, 0.00640323617018276
1.76864515625E-07, 0.00685237195145288
1.7686646875E-07, 0.00638840933733703
1.76868421875E-07, 0.00727858208801982
1.76870375E-07, 0.00646709231047001
1.76872328125E-07, 0.00690673159099733
1.7687428125E-07, 0.00599821000868415
1.76876234375E-07, 0.00597079285318624
1.768781875E-07, 0.00629334370776048
1.76880140625E-07, 0.00601353366037061
1.7688209375E-07, 0.00576320262138289
1.76884046875E-07, 0.00508046259677975
1.76886E-07, 0.00558867546740289
1.76887953125E-07, 0.00431197762124333
1.7688990625E-07, 0.00418758216897604
1.76891859375E-07, 0.00525326481147553
1.768938125E-07, 0.0044028266057483
1.76895765625E-07, 0.00447761290621568
1.7689771875E-07, 0.00380278082750895
1.76899671875E-07, 0.00374867856924772
1.76901625E-07, 0.00372807454177486
1.76903578125E-07, 0.00324997292239171
1.7690553125E-07, 0.00311499931345809
1.76907484375E-07, 0.00220735079241141
1.769094375E-07, 0.00259121267113082
1.76911390625E-07, 0.00239511512769088
1.7691334375E-07, 0.00268566454709245
1.76915296875E-07, 0.00154052776734565
1.7691725E-07, 0.000993050559602625
1.76919203125E-07, 0.0014189101193076
1.7692115625E-07, 0.00102715678087313
1.76923109375E-07, 4.57185796070745E-05
1.769250625E-07, 0.000708370927948699
1.76927015625E-07, 0.00116364058733704
1.7692896875E-07, 0.000123017158496246
1.76930921875E-07, 0.000235126010341577
1.76932875E-07, -0.000454829222754715
1.76934828125E-07, -0.000308727685393177
1.7693678125E-07, -0.000588019292228096
1.76938734375E-07, 3.35253144367314E-05
1.769406875E-07, -0.000967827860671167
1.76942640625E-07, -0.000597150264639291
1.7694459375E-07, -8.97509669407839E-05
1.76946546875E-07, -0.000429640830582145
1.769485E-07, -0.000799668853497895
1.76950453125E-07, -0.000169288664088538
1.7695240625E-07, -0.000311428999248801
1.76954359375E-07, -0.000488821399713282
1.769563125E-07, -0.00125233334890063
1.76958265625E-07, -0.00130889643574345
1.7696021875E-07, -0.000567795369851121
1.76962171875E-07, -0.000472890560746767
1.76964125E-07, 6.93000664604649E-05
1.76966078125E-07, -0.00101092786803885
1.7696803125E-07, -0.000215656088542416
1.76969984375E-07, -4.88060627533921E-05
1.769719375E-07, -0.000190131456675631
1.76973890625E-07, -0.00014285653456393
1.7697584375E-07, -8.85716711977145E-05
1.76977796875E-07, 0.000461488204310515
1.7697975E-07, 0.000418881987357991
1.76981703125E-07, -0.000249712010624603
1.7698365625E-07, 0.000599376046390804
1.76985609375E-07, 0.000732026130002359
1.769875625E-07, 0.00065477846750872
1.76989515625E-07, 0.00127240457567885
1.7699146875E-07, 0.000332292826724222
1.76993421875E-07, 0.00127726063523001
1.76995375E-07, 0.00187869835189806
1.76997328125E-07, 0.00137822575594356
1.7699928125E-07, 0.00131337829889316
1.77001234375E-07, 0.000967679808819974
1.770031875E-07, 0.00122500086695329
1.77005140625E-07, 0.00152497131889917
1.7700709375E-07, 0.00259483202120089
1.77009046875E-07, 0.00195713065872143
1.77011E-07, 0.00195228701971921
1.77012953125E-07, 0.00197038474926279
1.7701490625E-07, 0.00172298807913914
1.77016859375E-07, 0.00220558753116609
1.770188125E-07, 0.00199167264449816
1.77020765625E-07, 0.00247245223305681
1.7702271875E-07, 0.00203468074755742
1.77024671875E-07, 0.00228643890569987
1.77026625E-07, 0.00124358955047775
1.77028578125E-07, 0.00191856830010532
1.7703053125E-07, 0.00222547724094458
1.77032484375E-07, 0.00183480594892087
1.770344375E-07, 0.00197650489321029
1.77036390625E-07, 0.00215964049147719
1.7703834375E-07, 0.00220540904493796
1.77040296875E-07, 0.00126918844828455
1.7704225E-07, 0.00187414083976218
1.77044203125E-07, 0.0016126513274593
1.7704615625E-07, 0.0016712989249877
1.77048109375E-07, 0.00177942908150017
1.770500625E-07, 0.00168455233743036
1.77052015625E-07, 0.00145241189166627
1.7705396875E-07, 0.00147937056622992
1.77055921875E-07, 0.00126774563927148
1.77057875E-07, 0.00106918377193109
1.77059828125E-07, 0.00120214405396806
1.7706178125E-07, 0.00156455537586388
1.77063734375E-07, 0.00102334515640798
1.770656875E-07, 0.000915353925099187
1.77067640625E-07, 0.000706023681257039
1.7706959375E-07, 0.000936616089570691
1.77071546875E-07, 0.000810318110002386
1.770735E-07, 0.00101407451583199
1.77075453125E-07, 0.000850707703139544
1.7707740625E-07, 0.000320730908522458
1.77079359375E-07, 0.000279774301828961
1.770813125E-07, 0.000645610935042361
1.77083265625E-07, 0.000579679898379361
1.7708521875E-07, 0.000654861189384185
1.77087171875E-07, 0.000879016563369993
1.77089125E-07, 0.000893767959190439
1.77091078125E-07, 0.000610742661502398
1.7709303125E-07, 0.000462253661102389
1.77094984375E-07, 0.000622242715805046
1.770969375E-07, 0.000703496338509365
1.77098890625E-07, 0.000905649673897884
1.7710084375E-07, 0.00144162236295875
1.77102796875E-07, 0.00080906913524901
1.7710475E-07, 0.00194358279208252
1.77106703125E-07, 0.000813657052830413
1.7710865625E-07, 0.00122446997982259
1.77110609375E-07, 0.00148502720902955
1.771125625E-07, 0.00200126898794154
1.77114515625E-07, 0.00230155949376297
1.7711646875E-07, 0.0015562944730399
1.77118421875E-07, 0.0023446984083802
1.77120375E-07, 0.00262236593439149
1.77122328125E-07, 0.00302143493981248
1.7712428125E-07, 0.0029773644473109
1.77126234375E-07, 0.00239234945706655
1.771281875E-07, 0.00315155672034161
1.77130140625E-07, 0.00323570446095927
1.7713209375E-07, 0.00314099024054598
1.77134046875E-07, 0.00404503960525643
1.77136E-07, 0.00377513615351087
1.77137953125E-07, 0.00349748311556586
1.7713990625E-07, 0.00459742236155607
1.77141859375E-07, 0.00358300494370483
1.771438125E-07, 0.00464338361166159
1.77145765625E-07, 0.00400944248033884
1.7714771875E-07, 0.00496702225783286
1.77149671875E-07, 0.00490678378653271
1.77151625E-07, 0.00490576012997039
1.77153578125E-07, 0.00476527583196349
1.7715553125E-07, 0.00542203250755907
1.77157484375E-07, 0.00530753214579666
1.771594375E-07, 0.00602581970069077
1.77161390625E-07, 0.00519652734928985
1.7716334375E-07, 0.00545376263237153
1.77165296875E-07, 0.00601697842187301
1.7716725E-07, 0.0058802783169818
1.77169203125E-07, 0.00650242063672833
1.7717115625E-07, 0.00618431238841487
1.77173109375E-07, 0.00647673047235083
1.771750625E-07, 0.00665429724686794
1.77177015625E-07, 0.00596086225550936
1.7717896875E-07, 0.00651415868123158
1.77180921875E-07, 0.00680331131891854
1.77182875E-07, 0.00577858095083318
1.77184828125E-07, 0.00661971627935553
1.7718678125E-07, 0.00679397799695695
1.77188734375E-07, 0.00689849674310912
1.771906875E-07, 0.00700602457632622
1.77192640625E-07, 0.00654757080152706
1.7719459375E-07, 0.00715918957193545
1.77196546875E-07, 0.00657268163723838
1.771985E-07, 0.00661411032372673
1.77200453125E-07, 0.00712603848688575
1.7720240625E-07, 0.00630365061175513
1.77204359375E-07, 0.00601778708215452
1.772063125E-07, 0.00684913775683448
1.77208265625E-07, 0.00642852885115417
1.7721021875E-07, 0.00617579206142971
1.77212171875E-07, 0.00626612663552861
1.77214125E-07, 0.00661037974773372
1.77216078125E-07, 0.00640667404583339
1.7721803125E-07, 0.00551222378988137
1.77219984375E-07, 0.00550915625966758
1.772219375E-07, 0.00528777666978669
1.77223890625E-07, 0.00540908491729452
1.7722584375E-07, 0.00595200403105517
1.77227796875E-07, 0.0058340047364114
1.7722975E-07, 0.00504625263089447
1.77231703125E-07, 0.00561501078275608
1.7723365625E-07, 0.00540467705000074
1.77235609375E-07, 0.00538039816740121
1.772375625E-07, 0.00518448168314301
1.77239515625E-07, 0.00565866254255084
1.7724146875E-07, 0.00472422781809237
1.77243421875E-07, 0.00436266078446546
1.77245375E-07, 0.00455905240340048
1.77247328125E-07, 0.00412448775287385
1.7724928125E-07, 0.00421878417769203
1.77251234375E-07, 0.00469927850177672
1.772531875E-07, 0.00437215303694853
1.77255140625E-07, 0.00361169147014059
1.7725709375E-07, 0.00392721219398226
1.77259046875E-07, 0.00334678696600546
1.77261E-07, 0.00300722442387897
1.77262953125E-07, 0.00288653720636039
1.7726490625E-07, 0.00299099184861803
1.77266859375E-07, 0.00400677432868829
1.772688125E-07, 0.00299611025790852
1.77270765625E-07, 0.00313751547814903
1.7727271875E-07, 0.00215734877896828
1.77274671875E-07, 0.00189498879696653
1.77276625E-07, 0.00207735605708911
1.77278578125E-07, 0.00302669165561775
1.7728053125E-07, 0.00160319094370148
1.77282484375E-07, 0.00263937915740247
1.772844375E-07, 0.00123468520083746
1.77286390625E-07, 0.00192738517081378
1.7728834375E-07, 0.00165970745478598
1.77290296875E-07, 0.00110091958958867
1.7729225E-07, 0.00111645966158971
1.77294203125E-07, 0.000843493761709675
1.7729615625E-07, 0.00124947933345584
1.77298109375E-07, 0.0010198299242517
1.773000625E-07, 0.000669434320586311
1.77302015625E-07, 0.000580802569540656
1.7730396875E-07, 0.000202164316361563
1.77305921875E-07, 0.000442505612125911
1.77307875E-07, 0.000205759772967798
1.77309828125E-07, -5.97173003462499E-05
1.7731178125E-07, 0.000437001436129434
1.77313734375E-07, 0.000183017589651597
1.773156875E-07, 0.000270170536091649
1.77317640625E-07, -6.57592403911431E-05
1.7731959375E-07, -0.00036077742999366
1.77321546875E-07, -3.19924213114253E-05
1.773235E-07, -0.000373395454533256
1.77325453125E-07, -0.000234156104467072
1.7732740625E-07, -0.000358390092867043
1.77329359375E-07, 6.70555103488828E-05
1.773313125E-07, -0.00036323582794974
1.77333265625E-07, -0.000362213455844007
1.7733521875E-07, -0.000600412758912141
1.77337171875E-07, 0.000393253661755282
1.77339125E-07, -1.86698633617256E-05
1.77341078125E-07, -0.000547731211981745
1.7734303125E-07, -7.26812347200017E-05
1.77344984375E-07, -0.00107136544162079
1.773469375E-07, -0.000416396209577599
1.77348890625E-07, -0.000987413594279648
1.7735084375E-07, -0.00123783886070231
1.77352796875E-07, -0.000552209012910993
1.7735475E-07, -2.10170024457937E-05
1.77356703125E-07, -0.000602050925361733
1.7735865625E-07, -0.000463925633369056
1.77360609375E-07, -0.00028174437805401
1.773625625E-07, -0.000620838201640901
1.77364515625E-07, -0.000151415999524718
1.7736646875E-07, -0.000682689728654531
1.77368421875E-07, -0.000562519867768948
1.77370375E-07, -0.00112240165983241
1.77372328125E-07, -0.000896052893304379
1.7737428125E-07, -0.000656264431572886
1.77376234375E-07, -0.000505887818929646
1.773781875E-07, -0.000481303622321238
1.77380140625E-07, -0.000573567179965299
1.7738209375E-07, -0.000759479462327934
1.77384046875E-07, -0.000455138153512559
1.77386E-07, -0.000764771844088031
1.77387953125E-07, -0.000503218325989535
1.7738990625E-07, -0.000951035400276366
1.77391859375E-07, -0.000102635214626673
1.773938125E-07, -0.000627185180757574
1.77395765625E-07, -0.000742392522315379
1.7739771875E-07, -0.000706581789195996
1.77399671875E-07, -0.00133015119300089
1.77401625E-07, -0.000962951104483387
1.77403578125E-07, -0.000613603452646897
1.7740553125E-07, -0.000580204025054902
1.77407484375E-07, -0.000731528648722027
1.774094375E-07, -0.000642445703346113
1.77411390625E-07, -0.000517872264425098
1.7741334375E-07, -0.00103909736052289
1.77415296875E-07, -0.000613925530432107
1.7741725E-07, -0.00123970564698932
1.77419203125E-07, -0.00110966649967136
1.7742115625E-07, -0.00134561243412941
1.77423109375E-07, -0.00134492182878565
1.774250625E-07, -0.00147845836487317
1.77427015625E-07, -0.00164646456023324
1.7742896875E-07, -0.00131456789515024
1.77430921875E-07, -0.00166438047695991
1.77432875E-07, -0.00170398776529489
1.77434828125E-07, -0.00196648547560041
1.7743678125E-07, -0.00131184770962008
1.77438734375E-07, -0.00185685630584018
1.774406875E-07, -0.00212480905127406
1.77442640625E-07, -0.00198932245064905
1.7744459375E-07, -0.0024732703719683
1.77446546875E-07, -0.0022905058408985
1.774485E-07, -0.00231766320589739
1.77450453125E-07, -0.00181332167481003
1.7745240625E-07, -0.00210055869384605
1.77454359375E-07, -0.00277332510273488
1.774563125E-07, -0.00252980287069808
1.77458265625E-07, -0.00305814856855474
1.7746021875E-07, -0.002864473584298
1.77462171875E-07, -0.00280073192137592
1.77464125E-07, -0.00312878086196793
1.77466078125E-07, -0.00348199426013673
1.7746803125E-07, -0.0033017803867991
1.77469984375E-07, -0.00264527989293589
1.774719375E-07, -0.00333556310207083
1.77473890625E-07, -0.00353246066695831
1.7747584375E-07, -0.00341162182390675
1.77477796875E-07, -0.00342602192868777
1.7747975E-07, -0.0045998230100369
1.77481703125E-07, -0.00419245851962411
1.7748365625E-07, -0.00403073362015246
1.77485609375E-07, -0.0046436394396345
1.774875625E-07, -0.0041475546874586
1.77489515625E-07, -0.00328776153933968
1.7749146875E-07, -0.00515062104608537
1.77493421875E-07, -0.00435058217303136
1.77495375E-07, -0.00442946283570571
1.77497328125E-07, -0.00417485404670458
1.7749928125E-07, -0.00347650384157914
1.77501234375E-07, -0.00492956481439933
1.775031875E-07, -0.0046572554101432
1.77505140625E-07, -0.00434583761126976
1.7750709375E-07, -0.00555178347200994
1.77509046875E-07, -0.00514210525694639
1.77511E-07, -0.00454068144966361
1.77512953125E-07, -0.0051198764366783
1.7751490625E-07, -0.00462564495312989
1.77516859375E-07, -0.00418943067915425
1.775188125E-07, -0.00620576032411056
1.77520765625E-07, -0.00516417886537706
1.7752271875E-07, -0.00503114117863851
1.77524671875E-07, -0.00540020759708061
1.77526625E-07, -0.00576018437862506
1.77528578125E-07, -0.00479590973247739
1.7753053125E-07, -0.00537662225377079
1.77532484375E-07, -0.0047485902425405
1.775344375E-07, -0.00525489495506191
1.77536390625E-07, -0.00506219605807302
1.7753834375E-07, -0.00558425449019147
1.77540296875E-07, -0.00505869472872006
1.7754225E-07, -0.00507800515084186
1.77544203125E-07, -0.00532769039687731
1.7754615625E-07, -0.00400044268537337
1.77548109375E-07, -0.00483095413325351
1.775500625E-07, -0.00470380657026011
1.77552015625E-07, -0.00481333526089801
1.7755396875E-07, -0.00425048802535576
1.77555921875E-07, -0.00509105849183076
1.77557875E-07, -0.0048539530380646
1.77559828125E-07, -0.00473197525347451
1.7756178125E-07, -0.00469618730280793
1.77563734375E-07, -0.00440716955940218
1.775656875E-07, -0.00453979541386205
1.77567640625E-07, -0.00432472351196497
1.7756959375E-07, -0.00426603039606845
1.77571546875E-07, -0.00450555615398645
1.775735E-07, -0.00417677700511146
1.77575453125E-07, -0.00438969820228318
1.7757740625E-07, -0.00448405838961997
1.77579359375E-07, -0.00440826683137038
1.775813125E-07, -0.00385005741413393
1.77583265625E-07, -0.00425968657483142
1.7758521875E-07, -0.00344111849727396
1.77587171875E-07, -0.00425055282561544
1.77589125E-07, -0.0042961952718088
1.77591078125E-07, -0.00405257854376332
1.7759303125E-07, -0.00431161333963186
1.77594984375E-07, -0.00320808498193514
1.775969375E-07, -0.00343218335590819
1.77598890625E-07, -0.00360607045754586
1.7760084375E-07, -0.00306416580310249
1.77602796875E-07, -0.00386021975848576
1.7760475E-07, -0.00283130362889976
1.77606703125E-07, -0.00293903949451079
1.7760865625E-07, -0.00295409276238124
1.77610609375E-07, -0.00331313365857066
1.776125625E-07, -0.00260703381710803
1.77614515625E-07, -0.00229435387868718
1.7761646875E-07, -0.00284713590267331
1.77618421875E-07, -0.00277171847868004
1.77620375E-07, -0.00212944341601584
1.77622328125E-07, -0.00329889765250399
1.7762428125E-07, -0.00223883995958103
1.77626234375E-07, -0.00268757388207727
1.776281875E-07, -0.00270552186937999
1.77630140625E-07, -0.00203734628300743
1.7763209375E-07, -0.00153564047948121
1.77634046875E-07, -0.00297019068300863


