File Format, WaveformXYValues
Format Version, 1
Instrument, N1045A,04F,LOJ
SwVersion, A.06.71.21
SerialNumber, MY56260108
Date, 11/29/2023 13:31:44 GMT+08:00

Source Name, Channel 1A

Points, 2048
Signal Type, Unspecified
Channel Bandwidth, 2E+10
Channel Noise, 6.66857143682292E-05
X Units, Second
Y Units, Volt
Data, 
1.73636E-07, -0.00167376097345844
1.73637953125E-07, -0.00147389006103055
1.7363990625E-07, -0.00140932041564225
1.73641859375E-07, -0.00122931514385458
1.736438125E-07, -0.00106017621719123
1.73645765625E-07, -0.00129465740171769
1.7364771875E-07, -0.00101972137760677
1.73649671875E-07, -0.00119203751493538
1.73651625E-07, -0.00129557683386144
1.73653578125E-07, -0.00122920055266026
1.7365553125E-07, -0.00143249467934724
1.73657484375E-07, -0.00128119677591373
1.736594375E-07, -0.00122375643194245
1.73661390625E-07, -0.00137045566323815
1.7366334375E-07, -0.00129922240963412
1.73665296875E-07, -0.00125003166381388
1.7366725E-07, -0.000897016830230282
1.73669203125E-07, -0.00133932670903797
1.7367115625E-07, -0.00140402720097112
1.73673109375E-07, -0.00109469185080344
1.736750625E-07, -0.0013641771999445
1.73677015625E-07, -0.00143707875926622
1.7367896875E-07, -0.0015187674231369
1.73680921875E-07, -0.00159978142451292
1.73682875E-07, -0.00141960328241613
1.73684828125E-07, -0.00137603641870036
1.7368678125E-07, -0.00121274609736995
1.73688734375E-07, -0.00164262046534876
1.736906875E-07, -0.00152001902453462
1.73692640625E-07, -0.0014199070932872
1.7369459375E-07, -0.00142584119071004
1.73696546875E-07, -0.00138410751039527
1.736985E-07, -0.00148726017934345
1.73700453125E-07, -0.00167170041169915
1.7370240625E-07, -0.00164380966946355
1.73704359375E-07, -0.00162954167162791
1.737063125E-07, -0.00181824091050111
1.73708265625E-07, -0.00166999731423565
1.7371021875E-07, -0.00148798444417449
1.73712171875E-07, -0.00121472706182927
1.73714125E-07, -0.00163991324310591
1.73716078125E-07, -0.00148924799851271
1.7371803125E-07, -0.00165360354196602
1.73719984375E-07, -0.00155562319034124
1.737219375E-07, -0.00129247816269819
1.73723890625E-07, -0.00159382205972515
1.7372584375E-07, -0.00143149760602943
1.73727796875E-07, -0.00169721256435897
1.7372975E-07, -0.00200434277898403
1.73731703125E-07, -0.00143581016259342
1.7373365625E-07, -0.0012562538044591
1.73735609375E-07, -0.0013679409936102
1.737375625E-07, -0.00152313778616629
1.73739515625E-07, -0.00178381576438714
1.7374146875E-07, -0.00132725799071503
1.73743421875E-07, -0.00163517849150737
1.73745375E-07, -0.00147967546789596
1.73747328125E-07, -0.00200992243752794
1.7374928125E-07, -0.00184464673087384
1.73751234375E-07, -0.00131200269812409
1.737531875E-07, -0.00212950650742677
1.73755140625E-07, -0.00147666235755839
1.7375709375E-07, -0.00156888301460945
1.73759046875E-07, -0.0019500707263364
1.73761E-07, -0.00167150753960488
1.73762953125E-07, -0.00163286550334562
1.7376490625E-07, -0.00163013522486373
1.73766859375E-07, -0.00188266113190692
1.737688125E-07, -0.0019042717129173
1.73770765625E-07, -0.00123595175094355
1.7377271875E-07, -0.0020852979164526
1.73774671875E-07, -0.00195810662743536
1.73776625E-07, -0.00154509481855441
1.73778578125E-07, -0.00196156946785697
1.7378053125E-07, -0.00224582931682091
1.73782484375E-07, -0.00152929761451297
1.737844375E-07, -0.00224106647000806
1.73786390625E-07, -0.00209458536009431
1.7378834375E-07, -0.00156800012013703
1.73790296875E-07, -0.00233154591383531
1.7379225E-07, -0.00145156235099732
1.73794203125E-07, -0.00174027438340862
1.7379615625E-07, -0.00214335268206086
1.73798109375E-07, -0.00193588999415299
1.738000625E-07, -0.00178965651828864
1.73802015625E-07, -0.00245524813946867
1.7380396875E-07, -0.00220234721834801
1.73805921875E-07, -0.00235375624301959
1.73807875E-07, -0.00242142370202468
1.73809828125E-07, -0.00210889923206443
1.7381178125E-07, -0.00210575237626295
1.73813734375E-07, -0.00195084949816991
1.738156875E-07, -0.00266405253524757
1.73817640625E-07, -0.00281280029621906
1.7381959375E-07, -0.0022153486446534
1.73821546875E-07, -0.0026850121698457
1.738235E-07, -0.00236814865209957
1.73825453125E-07, -0.00330173964739445
1.7382740625E-07, -0.00269782355255994
1.73829359375E-07, -0.00261354660642618
1.738313125E-07, -0.0028819867162364
1.73833265625E-07, -0.00251591780364749
1.7383521875E-07, -0.00287140401145028
1.73837171875E-07, -0.00278053971560408
1.73839125E-07, -0.00288150763799143
1.73841078125E-07, -0.00307664603806232
1.7384303125E-07, -0.00312890298321436
1.73844984375E-07, -0.00304428563882817
1.738469375E-07, -0.00328835870235102
1.73848890625E-07, -0.00313178448404388
1.7385084375E-07, -0.00329707993404213
1.73852796875E-07, -0.00347323969837185
1.7385475E-07, -0.00319071044934171
1.73856703125E-07, -0.00334414459434356
1.7385865625E-07, -0.00302767808613982
1.73860609375E-07, -0.00277700933946703
1.738625625E-07, -0.00389632728152616
1.73864515625E-07, -0.00364862582238887
1.7386646875E-07, -0.00363431529753439
1.73868421875E-07, -0.0037547452010956
1.73870375E-07, -0.0037083651085852
1.73872328125E-07, -0.00384212427015478
1.7387428125E-07, -0.00380083687038816
1.73876234375E-07, -0.00432311316878634
1.738781875E-07, -0.00428616775472736
1.73880140625E-07, -0.00409721339069669
1.7388209375E-07, -0.0045354883006684
1.73884046875E-07, -0.00408602234988171
1.73886E-07, -0.00423308844218971
1.73887953125E-07, -0.00407182001856952
1.7388990625E-07, -0.00417558894725613
1.73891859375E-07, -0.00458726988254327
1.738938125E-07, -0.0045991295018666
1.73895765625E-07, -0.00461732203647928
1.7389771875E-07, -0.00477142625551859
1.73899671875E-07, -0.0044593981865097
1.73901625E-07, -0.00448747871228008
1.73903578125E-07, -0.00513990659788284
1.7390553125E-07, -0.00488309764950333
1.73907484375E-07, -0.00396581062076953
1.739094375E-07, -0.00491870675249346
1.73911390625E-07, -0.00485394477068036
1.7391334375E-07, -0.00524217642706221
1.73915296875E-07, -0.00527178002359302
1.7391725E-07, -0.0043581800504665
1.73919203125E-07, -0.00516899175991658
1.7392115625E-07, -0.00513968163432724
1.73923109375E-07, -0.00493172128122701
1.739250625E-07, -0.00506300560333746
1.73927015625E-07, -0.00525973986640594
1.7392896875E-07, -0.0051413168512622
1.73930921875E-07, -0.00543540954442082
1.73932875E-07, -0.00495448266489741
1.73934828125E-07, -0.00508209394499999
1.7393678125E-07, -0.00524722971468414
1.73938734375E-07, -0.00504908605746504
1.739406875E-07, -0.00529270080156377
1.73942640625E-07, -0.00496215271505893
1.7394459375E-07, -0.00578768814375814
1.73946546875E-07, -0.00521447753565915
1.739485E-07, -0.00510249847575675
1.73950453125E-07, -0.00466755826459652
1.7395240625E-07, -0.00519530158292758
1.73954359375E-07, -0.00524157575099391
1.739563125E-07, -0.00500457607811108
1.73958265625E-07, -0.00479156254553667
1.7396021875E-07, -0.00453070830046699
1.73962171875E-07, -0.00397529220182899
1.73964125E-07, -0.00450709050703758
1.73966078125E-07, -0.00417978517367764
1.7396803125E-07, -0.00356180292705766
1.73969984375E-07, -0.00421929524227141
1.739719375E-07, -0.00381936982445933
1.73973890625E-07, -0.00420899787957034
1.7397584375E-07, -0.00196469633051481
1.73977796875E-07, -0.00416345660772142
1.7397975E-07, -0.00344975099413513
1.73981703125E-07, -0.00355723449912435
1.7398365625E-07, -0.00327351266477453
1.73985609375E-07, -0.00294942509100957
1.739875625E-07, -0.00255774433921288
1.73989515625E-07, -0.00305358872733348
1.7399146875E-07, -0.00258979899564137
1.73993421875E-07, -0.0013561113874314
1.73995375E-07, -0.00226285536637537
1.73997328125E-07, -0.00193096689650532
1.7399928125E-07, -0.00167135020858338
1.74001234375E-07, -0.0018736055433796
1.740031875E-07, -0.0011478277448853
1.74005140625E-07, -0.00217671157938594
1.7400709375E-07, -0.00136846686824117
1.74009046875E-07, -0.00125200827498169
1.74011E-07, -0.000663737613679418
1.74012953125E-07, 0.000382012319908907
1.7401490625E-07, -1.31981062795388E-05
1.74016859375E-07, 0.00314108920557098
1.740188125E-07, 0.000323829703709635
1.74020765625E-07, 0.0010897844704452
1.7402271875E-07, 0.00307734116550719
1.74024671875E-07, 0.00137904035395528
1.74026625E-07, 0.00214285501774761
1.74028578125E-07, 0.00335476086011186
1.7403053125E-07, 0.00307509512107479
1.74032484375E-07, 0.00370450786409347
1.740344375E-07, 0.00352341862040735
1.74036390625E-07, 0.00445083552780075
1.7403834375E-07, 0.00494522284494087
1.74040296875E-07, 0.00249650625873703
1.7404225E-07, 0.00450802317293312
1.74044203125E-07, 0.0066313432093346
1.7404615625E-07, 0.0049534990448928
1.74048109375E-07, 0.00609790053784724
1.740500625E-07, 0.0060675488530467
1.74052015625E-07, 0.00825856780808634
1.7405396875E-07, 0.00823157229098356
1.74055921875E-07, 0.00883081512775476
1.74057875E-07, 0.00769073334725142
1.74059828125E-07, 0.00838116741802142
1.7406178125E-07, 0.00985051723752255
1.74063734375E-07, 0.0104995440525305
1.740656875E-07, 0.0106467659238026
1.74067640625E-07, 0.00954686251969965
1.7406959375E-07, 0.0106392058882417
1.74071546875E-07, 0.0112855516904287
1.740735E-07, 0.0115065849295647
1.74075453125E-07, 0.0132397984857018
1.7407740625E-07, 0.0132967532591093
1.74079359375E-07, 0.0156277822640065
1.740813125E-07, 0.0144484754366201
1.74083265625E-07, 0.0154633074781278
1.7408521875E-07, 0.0149166234287675
1.74087171875E-07, 0.0175621069761429
1.74089125E-07, 0.0186871855963428
1.74091078125E-07, 0.0157415202485177
1.7409303125E-07, 0.018688909598082
1.74094984375E-07, 0.0198000510029552
1.740969375E-07, 0.0180865907359399
1.74098890625E-07, 0.0195254141707288
1.7410084375E-07, 0.0212821495223523
1.74102796875E-07, 0.01836900136706
1.7410475E-07, 0.0193875984320885
1.74106703125E-07, 0.0211280929662285
1.7410865625E-07, 0.0231463787190021
1.74110609375E-07, 0.0212373061490536
1.741125625E-07, 0.0240091005864299
1.74114515625E-07, 0.0237250087158817
1.7411646875E-07, 0.0232540473892588
1.74118421875E-07, 0.026101805289349
1.74120375E-07, 0.0251122486863971
1.74122328125E-07, 0.0273918274296613
1.7412428125E-07, 0.0261950162232982
1.74126234375E-07, 0.0280631030061006
1.741281875E-07, 0.0285670137677172
1.74130140625E-07, 0.0271816950665065
1.7413209375E-07, 0.028647892515771
1.74134046875E-07, 0.0287393849840489
1.74136E-07, 0.0291876923002051
1.74137953125E-07, 0.029609778055569
1.7413990625E-07, 0.029696926458967
1.74141859375E-07, 0.0322691429067384
1.741438125E-07, 0.0281192865978247
1.74145765625E-07, 0.0315082072353074
1.7414771875E-07, 0.0316820540071394
1.74149671875E-07, 0.0318500480801389
1.74151625E-07, 0.0328391676763782
1.74153578125E-07, 0.0328686680542435
1.7415553125E-07, 0.0324333537619001
1.74157484375E-07, 0.03347383629978
1.741594375E-07, 0.0334870502043779
1.74161390625E-07, 0.0326801598733461
1.7416334375E-07, 0.0341045920711227
1.74165296875E-07, 0.034306305299731
1.7416725E-07, 0.0346933419944159
1.74169203125E-07, 0.0315525987715437
1.7417115625E-07, 0.0345958912951033
1.74173109375E-07, 0.0344085817311971
1.741750625E-07, 0.0341655967884891
1.74177015625E-07, 0.0346747107359936
1.7417896875E-07, 0.0336996157974672
1.74180921875E-07, 0.0347517133498191
1.74182875E-07, 0.0332988888772777
1.74184828125E-07, 0.0305986249595019
1.7418678125E-07, 0.0340080009759072
1.74188734375E-07, 0.0305846214911104
1.741906875E-07, 0.0302604556505902
1.74192640625E-07, 0.0325315552302631
1.7419459375E-07, 0.0327724293006359
1.74196546875E-07, 0.0307781206329205
1.741985E-07, 0.0266751110179376
1.74200453125E-07, 0.0292703782223008
1.7420240625E-07, 0.030093402901088
1.74204359375E-07, 0.0292937821168333
1.742063125E-07, 0.0305784095918874
1.74208265625E-07, 0.0281705764784844
1.7421021875E-07, 0.0253754435207527
1.74212171875E-07, 0.0273365607895704
1.74214125E-07, 0.0253306642553127
1.74216078125E-07, 0.027820617580171
1.7421803125E-07, 0.0192446836526794
1.74219984375E-07, 0.0262667367720711
1.742219375E-07, 0.018559370656863
1.74223890625E-07, 0.0191375868072451
1.7422584375E-07, 0.020136948541499
1.74227796875E-07, 0.0186394394883568
1.7422975E-07, 0.0187715418232501
1.74231703125E-07, 0.0162496100425755
1.7423365625E-07, 0.0181626699139076
1.74235609375E-07, 0.011247411451443
1.742375625E-07, 0.0138343578680113
1.74239515625E-07, 0.0103341434702965
1.7424146875E-07, 0.0100879574340323
1.74243421875E-07, 0.00843437363991473
1.74245375E-07, 0.00356900351563222
1.74247328125E-07, 0.0102151368744173
1.7424928125E-07, 0.00268673107933695
1.74251234375E-07, 0.00409782808149221
1.742531875E-07, 0.00509485824727726
1.74255140625E-07, 0.00200880594034152
1.7425709375E-07, -0.000233203084653422
1.74259046875E-07, -0.00159789397885041
1.74261E-07, -0.00233979041029141
1.74262953125E-07, -0.0111380368102065
1.7426490625E-07, -0.0076002108120192
1.74266859375E-07, -0.0131243847845148
1.742688125E-07, -0.0108228044259344
1.74270765625E-07, -0.0179142811833197
1.7427271875E-07, -0.0165485068284979
1.74274671875E-07, -0.0142346818396755
1.74276625E-07, -0.0211932985051576
1.74278578125E-07, -0.0267008017580465
1.7428053125E-07, -0.0268971055171588
1.74282484375E-07, -0.023138286662839
1.742844375E-07, -0.0259884323451912
1.74286390625E-07, -0.0337800449469733
1.7428834375E-07, -0.0337570260959368
1.74290296875E-07, -0.0350819752285328
1.7429225E-07, -0.0387779173100782
1.74294203125E-07, -0.0391913898610649
1.7429615625E-07, -0.0494667952198831
1.74298109375E-07, -0.043439904751052
1.743000625E-07, -0.0455014262295976
1.74302015625E-07, -0.0433648115697972
1.7430396875E-07, -0.0517038301848502
1.74305921875E-07, -0.0577404086538433
1.74307875E-07, -0.0593063093550167
1.74309828125E-07, -0.0640786951118126
1.7431178125E-07, -0.0587046828068536
1.74313734375E-07, -0.0606269254344129
1.743156875E-07, -0.0652109968894293
1.74317640625E-07, -0.0675260308856726
1.7431959375E-07, -0.0724750444819604
1.74321546875E-07, -0.0710651126228849
1.743235E-07, -0.0718631873336587
1.74325453125E-07, -0.0784593205165596
1.7432740625E-07, -0.0843411454410861
1.74329359375E-07, -0.085085889169714
1.743313125E-07, -0.0820569965148308
1.74333265625E-07, -0.0876125905810888
1.7433521875E-07, -0.0841904526485284
1.74337171875E-07, -0.0848893779452274
1.74339125E-07, -0.096327745620443
1.74341078125E-07, -0.088976482063494
1.7434303125E-07, -0.0978365883872675
1.74344984375E-07, -0.0942345832805142
1.743469375E-07, -0.103509829067329
1.74348890625E-07, -0.0987417015419264
1.7435084375E-07, -0.102233800395107
1.74352796875E-07, -0.111316419745568
1.7435475E-07, -0.104793726417807
1.74356703125E-07, -0.110095698221634
1.7435865625E-07, -0.111237736978034
1.74360609375E-07, -0.106521550087107
1.743625625E-07, -0.116024845545705
1.74364515625E-07, -0.107422835513632
1.7436646875E-07, -0.107221883291539
1.74368421875E-07, -0.110831546311836
1.74370375E-07, -0.108358184276549
1.74372328125E-07, -0.11547192022577
1.7437428125E-07, -0.117743477088187
1.74376234375E-07, -0.12006959908654
1.743781875E-07, -0.109153577736938
1.74380140625E-07, -0.117563750306667
1.7438209375E-07, -0.121027675725227
1.74384046875E-07, -0.12203320239902
1.74386E-07, -0.11902977429737
1.74387953125E-07, -0.119924435608127
1.7438990625E-07, -0.115950254700932
1.74391859375E-07, -0.11217710038051
1.743938125E-07, -0.118598070003159
1.74395765625E-07, -0.117575105281988
1.7439771875E-07, -0.11891404351742
1.74399671875E-07, -0.110869352071617
1.74401625E-07, -0.117478227188503
1.74403578125E-07, -0.109904259069161
1.7440553125E-07, -0.11078459218417
1.74407484375E-07, -0.111791575099849
1.744094375E-07, -0.100114673830948
1.74411390625E-07, -0.107584135556742
1.7441334375E-07, -0.0975221200173126
1.74415296875E-07, -0.0971122071477622
1.7441725E-07, -0.102088724871773
1.74419203125E-07, -0.0939235463589093
1.7442115625E-07, -0.0968449884886044
1.74423109375E-07, -0.0931798149827739
1.744250625E-07, -0.0913094027058962
1.74427015625E-07, -0.0866513799252229
1.7442896875E-07, -0.056212957408292
1.74430921875E-07, -0.0782194998835966
1.74432875E-07, -0.0701290209995794
1.74434828125E-07, -0.0679945123459631
1.7443678125E-07, -0.0704739891741087
1.74438734375E-07, -0.0658755054372806
1.744406875E-07, -0.0662924940700154
1.74442640625E-07, -0.0559676867416429
1.7444459375E-07, -0.0609298277594947
1.74446546875E-07, -0.0540648716209937
1.744485E-07, -0.0431673036785026
1.74450453125E-07, -0.0417551841929877
1.7445240625E-07, -0.0393227224847399
1.74454359375E-07, -0.0436592976271598
1.744563125E-07, -0.0248819332808792
1.74458265625E-07, -0.0389834089822489
1.7446021875E-07, -0.0283837816941708
1.74462171875E-07, -0.00178033501986029
1.74464125E-07, -0.00129202043634528
1.74466078125E-07, -0.00671044551364332
1.7446803125E-07, 0.00101324011648215
1.74469984375E-07, -0.00384359937089772
1.744719375E-07, 0.00545179375505338
1.74473890625E-07, 0.00343675363846353
1.7447584375E-07, 0.0104194125482684
1.74477796875E-07, 0.0228886569469062
1.7447975E-07, 0.00909198541155811
1.74481703125E-07, 0.0278189977865521
1.7448365625E-07, 0.0324270988806699
1.74485609375E-07, 0.02451149256928
1.744875625E-07, 0.052405542019876
1.74489515625E-07, 0.0391106019086912
1.7449146875E-07, 0.0401215649600279
1.74493421875E-07, 0.0480099126090495
1.74495375E-07, 0.0459712734515203
1.74497328125E-07, 0.0557568654236904
1.7449928125E-07, 0.0616703380346264
1.74501234375E-07, 0.0547558778430553
1.745031875E-07, 0.0632673554924308
1.74505140625E-07, 0.0597674661935244
1.7450709375E-07, 0.0714433028952907
1.74509046875E-07, 0.0686181363820466
1.74511E-07, 0.0740561389027553
1.74512953125E-07, 0.0862414367169337
1.7451490625E-07, 0.0789490618743057
1.74516859375E-07, 0.0765682766801497
1.745188125E-07, 0.0900954679168251
1.74520765625E-07, 0.0795405389365034
1.7452271875E-07, 0.0856920467935871
1.74524671875E-07, 0.0893748246442511
1.74526625E-07, 0.0752886388942702
1.74528578125E-07, 0.0948790246807728
1.7453053125E-07, 0.095882898603244
1.74532484375E-07, 0.0934583287224202
1.745344375E-07, 0.102290066117277
1.74536390625E-07, 0.0976199738744845
1.7453834375E-07, 0.0990519159762977
1.74540296875E-07, 0.0957919307832902
1.7454225E-07, 0.0916845865451605
1.74544203125E-07, 0.0971162763828438
1.7454615625E-07, 0.0927270388035102
1.74548109375E-07, 0.0943109749741247
1.745500625E-07, 0.0980976717585173
1.74552015625E-07, 0.0958931007034884
1.7455396875E-07, 0.0766694900621069
1.74555921875E-07, 0.0928430217896684
1.74557875E-07, 0.0972091352591226
1.74559828125E-07, 0.0882508457781172
1.7456178125E-07, 0.0928335571751635
1.74563734375E-07, 0.0867053532004273
1.745656875E-07, 0.0911932696519263
1.74567640625E-07, 0.0823077691743164
1.7456959375E-07, 0.0845664207802683
1.74571546875E-07, 0.0887007967390004
1.745735E-07, 0.0816634143782942
1.74575453125E-07, 0.0824293686037025
1.7457740625E-07, 0.0807450775119056
1.74579359375E-07, 0.0744737725379605
1.745813125E-07, 0.0791606233520948
1.74583265625E-07, 0.0712127927978418
1.7458521875E-07, 0.0729036162622527
1.74587171875E-07, 0.0676424223648442
1.74589125E-07, 0.0634196892890464
1.74591078125E-07, 0.0673814604134976
1.7459303125E-07, 0.0616679501026255
1.74594984375E-07, 0.0647697445200964
1.745969375E-07, 0.0595226536561493
1.74598890625E-07, 0.0611771966031469
1.7460084375E-07, 0.0561888588858783
1.74602796875E-07, 0.0571500173485717
1.7460475E-07, 0.0514555888527019
1.74606703125E-07, 0.050037280971411
1.7460865625E-07, 0.0579530261129325
1.74610609375E-07, 0.047143810199084
1.746125625E-07, 0.0453443795164876
1.74614515625E-07, 0.0413816994209443
1.7461646875E-07, 0.0399711756710366
1.74618421875E-07, 0.0436719652945224
1.74620375E-07, 0.0398901213038212
1.74622328125E-07, 0.0347214048648578
1.7462428125E-07, 0.0365655038268289
1.74626234375E-07, 0.0313238718204526
1.746281875E-07, 0.0349717953026261
1.74630140625E-07, 0.0325988977211273
1.7463209375E-07, 0.0292336880803311
1.74634046875E-07, 0.0320634826098287
1.74636E-07, 0.0277263939893121
1.74637953125E-07, 0.0292567557880308
1.7463990625E-07, 0.0333256049609303
1.74641859375E-07, 0.0273621454914758
1.746438125E-07, 0.026341295570244
1.74645765625E-07, 0.0239657852232176
1.7464771875E-07, 0.0225600201447161
1.74649671875E-07, 0.0251797829665427
1.74651625E-07, 0.0227183943562457
1.74653578125E-07, 0.0216558079515993
1.7465553125E-07, 0.0248491600304276
1.74657484375E-07, 0.0208637295494697
1.746594375E-07, 0.0227626606549243
1.74661390625E-07, 0.0206724539446045
1.7466334375E-07, 0.023102619783291
1.74665296875E-07, 0.0271208852368483
1.7466725E-07, 0.0198214017551697
1.74669203125E-07, 0.0189493775026715
1.7467115625E-07, 0.0193699670197426
1.74673109375E-07, 0.0186399231692432
1.746750625E-07, 0.0196763819335835
1.74677015625E-07, 0.0191114093843555
1.7467896875E-07, 0.0202996372051668
1.74680921875E-07, 0.0200886163476836
1.74682875E-07, 0.0213874938489817
1.74684828125E-07, 0.0191734126831417
1.7468678125E-07, 0.0188124906787943
1.74688734375E-07, 0.0194481725799332
1.746906875E-07, 0.0199351103012056
1.74692640625E-07, 0.0201146902096592
1.7469459375E-07, 0.0206280780530669
1.74696546875E-07, 0.0199096616239194
1.746985E-07, 0.0204485135412666
1.74700453125E-07, 0.0198175976970105
1.7470240625E-07, 0.0200331828796004
1.74704359375E-07, 0.019353416605677
1.747063125E-07, 0.0248334067507571
1.74708265625E-07, 0.0202663507661814
1.7471021875E-07, 0.0184503156717072
1.74712171875E-07, 0.0191870045532449
1.74714125E-07, 0.0192542008905786
1.74716078125E-07, 0.0193164682102235
1.7471803125E-07, 0.0190655296977429
1.74719984375E-07, 0.019535765318013
1.747219375E-07, 0.019939660482336
1.74723890625E-07, 0.0182736076048686
1.7472584375E-07, 0.0180001527943387
1.74727796875E-07, 0.0180072256506741
1.7472975E-07, 0.0185983608592795
1.74731703125E-07, 0.0155519430758887
1.7473365625E-07, 0.0169674543769851
1.74735609375E-07, 0.0170601105444468
1.747375625E-07, 0.0168143144062833
1.74739515625E-07, 0.0161912056337767
1.7474146875E-07, 0.0161044157323098
1.74743421875E-07, 0.0141698772497489
1.74745375E-07, 0.0128608004688736
1.74747328125E-07, 0.0132455365349977
1.7474928125E-07, 0.0136290939440897
1.74751234375E-07, 0.0130844611880992
1.747531875E-07, 0.0128259686156335
1.74755140625E-07, 0.0131764448401742
1.7475709375E-07, 0.0122078203905933
1.74759046875E-07, 0.0111544712558549
1.74761E-07, 0.011919544564245
1.74762953125E-07, 0.00891547606414848
1.7476490625E-07, 0.00888594427215218
1.74766859375E-07, 0.00757923349310553
1.747688125E-07, 0.00690954895140297
1.74770765625E-07, 0.00727213964414627
1.7477271875E-07, 0.00458526717122928
1.74774671875E-07, 0.00516621647078704
1.74776625E-07, 0.00501285369467089
1.74778578125E-07, 0.00561843021830677
1.7478053125E-07, 0.00455472889729457
1.74782484375E-07, 0.00293481825959153
1.747844375E-07, 0.00242194730112857
1.74786390625E-07, 0.00150445524314897
1.7478834375E-07, 0.00226249444152314
1.74790296875E-07, 0.00197265066432806
1.7479225E-07, 0.000423206685419961
1.74794203125E-07, -0.00214343663472896
1.7479615625E-07, -0.00168938297125256
1.74798109375E-07, -0.00193541937523699
1.748000625E-07, -0.0018569888116346
1.74802015625E-07, -0.000883101034390996
1.7480396875E-07, -0.00329252239599831
1.74805921875E-07, -0.00294348881977193
1.74807875E-07, -0.00513344617436457
1.74809828125E-07, -0.0042280686743923
1.7481178125E-07, -0.00314767483572289
1.74813734375E-07, -0.00639072182014478
1.748156875E-07, -0.00539977014705863
1.74817640625E-07, -0.00717224570804012
1.7481959375E-07, -0.00620431006135151
1.74821546875E-07, -0.00602099933856506
1.748235E-07, -0.00711329330095599
1.74825453125E-07, -0.0067324690105365
1.7482740625E-07, -0.00741750637111503
1.74829359375E-07, -0.00765326009690643
1.748313125E-07, -0.00801517296882985
1.74833265625E-07, -0.00809599479337359
1.7483521875E-07, -0.00793256507802202
1.74837171875E-07, -0.00811906688888332
1.74839125E-07, -0.00715702548801026
1.74841078125E-07, -0.00745651042474924
1.7484303125E-07, -0.00762146952599609
1.74844984375E-07, -0.00819868862651243
1.748469375E-07, -0.00745452221901045
1.74848890625E-07, -0.00604387767691663
1.7485084375E-07, -0.00730718071316641
1.74852796875E-07, -0.00806385499408784
1.7485475E-07, -0.00654859849162122
1.74856703125E-07, -0.00630072619046753
1.7485865625E-07, -0.00711556214673091
1.74860609375E-07, -0.0071855233215557
1.748625625E-07, -0.00685531660229062
1.74864515625E-07, -0.00608698459585664
1.7486646875E-07, -0.00554307273564451
1.74868421875E-07, -0.00630047967189861
1.74870375E-07, -0.00610738491933001
1.74872328125E-07, -0.00556435718185768
1.7487428125E-07, -0.004728619968873
1.74876234375E-07, -0.00529523778335126
1.748781875E-07, -0.00523605948319045
1.74880140625E-07, -0.00505428959151858
1.7488209375E-07, -0.00501627844833319
1.74884046875E-07, -0.00379773673002683
1.74886E-07, -0.00361422844873444
1.74887953125E-07, -0.00343768488946196
1.7488990625E-07, -0.00275911093115183
1.74891859375E-07, -0.00316704487191021
1.748938125E-07, -0.00333887115563317
1.74895765625E-07, -0.00220895291790086
1.7489771875E-07, -0.00255322829266743
1.74899671875E-07, -0.00118068849617042
1.74901625E-07, -0.00182050991031275
1.74903578125E-07, -0.00131284209724194
1.7490553125E-07, -0.000984550615040526
1.74907484375E-07, -0.000652447507765679
1.749094375E-07, -0.000926233824510522
1.74911390625E-07, -0.000535910223665357
1.7491334375E-07, 0.000228246923779599
1.74915296875E-07, -0.000264916987066499
1.7491725E-07, -0.00032147254473142
1.74919203125E-07, 0.000137457398712099
1.7492115625E-07, 0.000974691250290547
1.74923109375E-07, 0.00131558801866405
1.749250625E-07, 0.000993562446208066
1.74927015625E-07, 0.00107920823893028
1.7492896875E-07, 0.00195012921393795
1.74930921875E-07, 0.0016113456486959
1.74932875E-07, 0.00179630223224009
1.74934828125E-07, 0.0015328604285556
1.7493678125E-07, 0.00176937219268119
1.74938734375E-07, 0.00148039850897077
1.749406875E-07, 0.00114164598609589
1.74942640625E-07, 0.00203832952929168
1.7494459375E-07, 0.00191985620642262
1.74946546875E-07, 0.00228592228696834
1.749485E-07, 0.00192805363628073
1.74950453125E-07, 0.00122286392696538
1.7495240625E-07, 0.00210977394152925
1.74954359375E-07, 0.00113987562555403
1.749563125E-07, 0.00173430000489772
1.74958265625E-07, 0.00217524839589359
1.7496021875E-07, 0.00189678263399133
1.74962171875E-07, 0.00135078336346346
1.74964125E-07, 0.00201904555529226
1.74966078125E-07, 0.00203877962730529
1.7496803125E-07, 0.00137496683563153
1.74969984375E-07, 0.00146180774877116
1.749719375E-07, 0.00119978856174299
1.74973890625E-07, -9.87724116529289E-05
1.7497584375E-07, 0.00011792398530021
1.74977796875E-07, -0.000156934272808736
1.7497975E-07, -0.00114551607639628
1.74981703125E-07, 0.000616779943828867
1.7498365625E-07, 0.000284079387031796
1.74985609375E-07, 0.000881677927365851
1.749875625E-07, -0.00130140870820572
1.74989515625E-07, -0.000368378569811372
1.7499146875E-07, -0.00105809575747876
1.74993421875E-07, -0.000938826518241425
1.74995375E-07, -0.00102810303367708
1.74997328125E-07, -0.00109194961532018
1.7499928125E-07, -0.00252726701257107
1.75001234375E-07, -0.00145870747575437
1.750031875E-07, -0.00167633627819434
1.75005140625E-07, -0.00235965355589297
1.7500709375E-07, -0.00254149313384911
1.75009046875E-07, -0.00269078329148112
1.75011E-07, -0.00295936123159167
1.75012953125E-07, -0.00411055970687342
1.7501490625E-07, -0.00359269660320582
1.75016859375E-07, -0.00427950838702826
1.750188125E-07, -0.00714563458702911
1.75020765625E-07, -0.00437083515792774
1.7502271875E-07, -0.00537929030763212
1.75024671875E-07, -0.00608951111309508
1.75026625E-07, -0.00602294262534406
1.75028578125E-07, -0.0065252655893345
1.7503053125E-07, -0.00689513161143755
1.75032484375E-07, -0.00894412898970904
1.750344375E-07, -0.00726767098403804
1.75036390625E-07, -0.00800112637920416
1.7503834375E-07, -0.00912191033350488
1.75040296875E-07, -0.00813668086373705
1.7504225E-07, -0.00760170788422291
1.75044203125E-07, -0.0107872738375126
1.7504615625E-07, -0.0121700518651446
1.75048109375E-07, -0.00959410094118212
1.750500625E-07, -0.0100906151243336
1.75052015625E-07, -0.0110869920694919
1.7505396875E-07, -0.0121587434758839
1.75055921875E-07, -0.0135031049615166
1.75057875E-07, -0.0133893306245523
1.75059828125E-07, -0.0144759800736025
1.7506178125E-07, -0.013605574377709
1.75063734375E-07, -0.0148794285096663
1.750656875E-07, -0.0151981158308559
1.75067640625E-07, -0.0161621591818061
1.7506959375E-07, -0.017054618373135
1.75071546875E-07, -0.0197498589663256
1.750735E-07, -0.0181373528347472
1.75075453125E-07, -0.0185307146491542
1.7507740625E-07, -0.0195479781400893
1.75079359375E-07, -0.0188769764848043
1.750813125E-07, -0.020270949336167
1.75083265625E-07, -0.020806251400957
1.7508521875E-07, -0.0217186248278016
1.75087171875E-07, -0.0214095634815533
1.75089125E-07, -0.0221450016555708
1.75091078125E-07, -0.0239107117878384
1.7509303125E-07, -0.0230524837936391
1.75094984375E-07, -0.0238811530876905
1.750969375E-07, -0.0245574855354067
1.75098890625E-07, -0.0244580848180344
1.7510084375E-07, -0.0226585089475637
1.75102796875E-07, -0.0259526343190553
1.7510475E-07, -0.0266526525161594
1.75106703125E-07, -0.0264539001203187
1.7510865625E-07, -0.0265367154845465
1.75110609375E-07, -0.0275883145667334
1.751125625E-07, -0.0278192820914221
1.75114515625E-07, -0.0277139130918424
1.7511646875E-07, -0.0280745143218573
1.75118421875E-07, -0.0288160841597167
1.75120375E-07, -0.0289439830943445
1.75122328125E-07, -0.0299660866936011
1.7512428125E-07, -0.0299060878481013
1.75126234375E-07, -0.029801521340502
1.751281875E-07, -0.0314880122911119
1.75130140625E-07, -0.0303891644229492
1.7513209375E-07, -0.0311457431183269
1.75134046875E-07, -0.0313839179819875
1.75136E-07, -0.0312019054290012
1.75137953125E-07, -0.030178994378492
1.7513990625E-07, -0.0320037912145275
1.75141859375E-07, -0.0315436178394583
1.751438125E-07, -0.0328409889612412
1.75145765625E-07, -0.0316851611541202
1.7514771875E-07, -0.0328385949274455
1.75149671875E-07, -0.0323019136569136
1.75151625E-07, -0.0326600900072171
1.75153578125E-07, -0.0319536119302683
1.7515553125E-07, -0.0330651696065804
1.75157484375E-07, -0.0320014079347726
1.751594375E-07, -0.0323733794346862
1.75161390625E-07, -0.0320732429020622
1.7516334375E-07, -0.0324034688153905
1.75165296875E-07, -0.0328903161102869
1.7516725E-07, -0.0322681173019147
1.75169203125E-07, -0.0321665325346471
1.7517115625E-07, -0.0320504048808281
1.75173109375E-07, -0.0323606149208257
1.751750625E-07, -0.0310256617123302
1.75177015625E-07, -0.0317019030985564
1.7517896875E-07, -0.0318091725857634
1.75180921875E-07, -0.0319031393391837
1.75182875E-07, -0.0314576315008168
1.75184828125E-07, -0.0310573637649939
1.7518678125E-07, -0.0307320866792989
1.75188734375E-07, -0.0295243533687891
1.751906875E-07, -0.0291778916169493
1.75192640625E-07, -0.0301885374019418
1.7519459375E-07, -0.0298636224860657
1.75196546875E-07, -0.0299630582645259
1.751985E-07, -0.0297851987262859
1.75200453125E-07, -0.0284536938250672
1.7520240625E-07, -0.0282656508099568
1.75204359375E-07, -0.0285711791220266
1.752063125E-07, -0.0293209679732962
1.75208265625E-07, -0.0280338057355473
1.7521021875E-07, -0.0269481077600219
1.75212171875E-07, -0.02792488475689
1.75214125E-07, -0.0269425285629431
1.75216078125E-07, -0.0279087567264029
1.7521803125E-07, -0.0256646639459165
1.75219984375E-07, -0.0256005266506742
1.752219375E-07, -0.0265728381587816
1.75223890625E-07, -0.0257737160311785
1.7522584375E-07, -0.0249138412073289
1.75227796875E-07, -0.0245494871615731
1.7522975E-07, -0.022975543881858
1.75231703125E-07, -0.0246091127766971
1.7523365625E-07, -0.0233750853419857
1.75235609375E-07, -0.0226802726919299
1.752375625E-07, -0.0237661400759046
1.75239515625E-07, -0.0224796310286297
1.7524146875E-07, -0.0211465486431365
1.75243421875E-07, -0.0220838815136921
1.75245375E-07, -0.0203880765631274
1.75247328125E-07, -0.021404876621275
1.7524928125E-07, -0.0200903501374196
1.75251234375E-07, -0.0202730434625526
1.752531875E-07, -0.0208264234424076
1.75255140625E-07, -0.0191207484763734
1.7525709375E-07, -0.0186705966787783
1.75259046875E-07, -0.0184877503992049
1.75261E-07, -0.0172178619124427
1.75262953125E-07, -0.0170689302942096
1.7526490625E-07, -0.0171157973900508
1.75266859375E-07, -0.0158726895392704
1.752688125E-07, -0.0157339837239219
1.75270765625E-07, -0.0165091004772191
1.7527271875E-07, -0.0132474780560625
1.75274671875E-07, -0.0151974706379744
1.75276625E-07, -0.0146750835153065
1.75278578125E-07, -0.0155042190995939
1.7528053125E-07, -0.0143782599622966
1.75282484375E-07, -0.0143368582590752
1.752844375E-07, -0.0132579415535886
1.75286390625E-07, -0.012066892005646
1.7528834375E-07, -0.0118354923846831
1.75290296875E-07, -0.0124129019431004
1.7529225E-07, -0.0123133678438443
1.75294203125E-07, -0.0100700590901867
1.7529615625E-07, -0.0118096173768021
1.75298109375E-07, -0.00999873344565984
1.753000625E-07, -0.00893344008276464
1.75302015625E-07, -0.0105490674203423
1.7530396875E-07, -0.00954252549065063
1.75305921875E-07, -0.00899778441372618
1.75307875E-07, -0.00752319721386094
1.75309828125E-07, -0.00747453875454879
1.7531178125E-07, -0.00695553831594158
1.75313734375E-07, -0.00657229745297919
1.753156875E-07, -0.0066718971799398
1.75317640625E-07, -0.00488944385145245
1.7531959375E-07, -0.00423913886158338
1.75321546875E-07, -0.00601588199888214
1.753235E-07, -0.00483680282830594
1.75325453125E-07, -0.00516591273846661
1.7532740625E-07, -0.00614790328202785
1.75329359375E-07, -0.00365609172123294
1.753313125E-07, -0.00369523471888292
1.75333265625E-07, -0.002706055648432
1.7533521875E-07, -0.00241220775763428
1.75337171875E-07, -0.00383714998364945
1.75339125E-07, -0.00204451322905112
1.75341078125E-07, -0.00353197566693353
1.7534303125E-07, -0.00142108613350791
1.75344984375E-07, -0.00158919203922975
1.753469375E-07, -0.000943618871213797
1.75348890625E-07, -0.000421780129963843
1.7535084375E-07, -0.0015631897411935
1.75352796875E-07, -0.000769156046152166
1.7535475E-07, -0.00150432218238099
1.75356703125E-07, -0.00039550294999989
1.7535865625E-07, -0.000259482572673462
1.75360609375E-07, 8.59451289793575E-05
1.753625625E-07, 0.000821115007760523
1.75364515625E-07, 0.00194500563365862
1.7536646875E-07, 0.00159377404988292
1.75368421875E-07, 0.00143096263766701
1.75370375E-07, 0.0023567864349899
1.75372328125E-07, 0.00175425886215427
1.7537428125E-07, 0.00179711635424414
1.75376234375E-07, 0.00121856501239789
1.753781875E-07, 0.00239500243888928
1.75380140625E-07, 0.00350586308246648
1.7538209375E-07, 0.00280174985255978
1.75384046875E-07, 0.00324935606229405
1.75386E-07, 0.0046242933263558
1.75387953125E-07, 0.00300744172471364
1.7538990625E-07, 0.00273819775730576
1.75391859375E-07, 0.00239792157323641
1.753938125E-07, 0.00322761493479837
1.75395765625E-07, 0.00383842673586257
1.7539771875E-07, 0.00405175680419168
1.75399671875E-07, 0.00362895317403406
1.75401625E-07, 0.00341875518521337
1.75403578125E-07, 0.0038898429497979
1.7540553125E-07, 0.00594979553046273
1.75407484375E-07, 0.00399076807776907
1.754094375E-07, 0.00614365093008868
1.75411390625E-07, 0.00520110946283812
1.7541334375E-07, 0.00539189788471536
1.75415296875E-07, 0.00582403641888081
1.7541725E-07, 0.00618130978904135
1.75419203125E-07, 0.00551074357198491
1.7542115625E-07, 0.00618092924491139
1.75423109375E-07, 0.00549407707349585
1.754250625E-07, 0.00601609567226693
1.75427015625E-07, 0.00519271586307214
1.7542896875E-07, 0.0065610224809892
1.75430921875E-07, 0.00705725244915825
1.75432875E-07, 0.00685985356699314
1.75434828125E-07, 0.00861105758289703
1.7543678125E-07, 0.00756682084468407
1.75438734375E-07, 0.00722634952538296
1.754406875E-07, 0.00812563599281648
1.75442640625E-07, 0.00825502981214779
1.7544459375E-07, 0.00786227795095658
1.75446546875E-07, 0.00959105165950833
1.754485E-07, 0.00919106781795175
1.75450453125E-07, 0.00934598091067953
1.7545240625E-07, 0.00861179877371032
1.75454359375E-07, 0.00950993156198578
1.754563125E-07, 0.00977181242721194
1.75458265625E-07, 0.0102285504789703
1.7546021875E-07, 0.0103963964128535
1.75462171875E-07, 0.0105918145014167
1.75464125E-07, 0.0112346499317105
1.75466078125E-07, 0.0104857326850751
1.7546803125E-07, 0.0115721725393302
1.75469984375E-07, 0.0113926792602847
1.754719375E-07, 0.0116146009155775
1.75473890625E-07, 0.0123252459154697
1.7547584375E-07, 0.0117015000187151
1.75477796875E-07, 0.0125208535649036
1.7547975E-07, 0.0128502679263965
1.75481703125E-07, 0.0132229577704135
1.7548365625E-07, 0.0126514427224464
1.75485609375E-07, 0.0134661999858686
1.754875625E-07, 0.0136543464016573
1.75489515625E-07, 0.0138715101168027
1.7549146875E-07, 0.0130416195727195
1.75493421875E-07, 0.0143594933889152
1.75495375E-07, 0.0138299872925791
1.75497328125E-07, 0.0137405591813089
1.7549928125E-07, 0.0143691667622016
1.75501234375E-07, 0.0136039667660583
1.755031875E-07, 0.0141855674736771
1.75505140625E-07, 0.0142574721784823
1.7550709375E-07, 0.0141592425287965
1.75509046875E-07, 0.0138314539879982
1.75511E-07, 0.0146960981650104
1.75512953125E-07, 0.0149893120878813
1.7551490625E-07, 0.0139342732855964
1.75516859375E-07, 0.0143544533904895
1.755188125E-07, 0.0143195077280353
1.75520765625E-07, 0.0140019301046001
1.7552271875E-07, 0.0146117315532177
1.75524671875E-07, 0.0148916086391172
1.75526625E-07, 0.013741161333325
1.75528578125E-07, 0.0146028977248529
1.7553053125E-07, 0.0141228921447518
1.75532484375E-07, 0.0144888635826735
1.755344375E-07, 0.014367248664198
1.75536390625E-07, 0.0138286221641517
1.7553834375E-07, 0.0134339266797205
1.75540296875E-07, 0.0134481109085006
1.7554225E-07, 0.0135506980094683
1.75544203125E-07, 0.0126999053997242
1.7554615625E-07, 0.0123400861586042
1.75548109375E-07, 0.0123506022994124
1.755500625E-07, 0.0113395040884164
1.75552015625E-07, 0.0127314492732873
1.7555396875E-07, 0.0120944867219095
1.75555921875E-07, 0.01088639605453
1.75557875E-07, 0.0111095685475457
1.75559828125E-07, 0.0106889100901248
1.7556178125E-07, 0.0109581734549594
1.75563734375E-07, 0.0108054826673303
1.755656875E-07, 0.0107357758733496
1.75567640625E-07, 0.00954051666676689
1.7556959375E-07, 0.00920515279144167
1.75571546875E-07, 0.0097192848524206
1.755735E-07, 0.00807333204661882
1.75575453125E-07, 0.00802349371136979
1.7557740625E-07, 0.00854025776433251
1.75579359375E-07, 0.00778559717921506
1.755813125E-07, 0.00827185532706947
1.75583265625E-07, 0.00759822258465102
1.7558521875E-07, 0.00793391402658566
1.75587171875E-07, 0.00697210356513157
1.75589125E-07, 0.00697033957480042
1.75591078125E-07, 0.00730353829775247
1.7559303125E-07, 0.00627673924871503
1.75594984375E-07, 0.00544521107250414
1.755969375E-07, 0.00540363428154407
1.75598890625E-07, 0.006490939927102
1.7560084375E-07, 0.00522851076835874
1.75602796875E-07, 0.00579166044316992
1.7560475E-07, 0.00472020951542896
1.75606703125E-07, 0.00534536786529051
1.7560865625E-07, 0.00450782572193186
1.75610609375E-07, 0.00480062369051414
1.756125625E-07, 0.0032827537806259
1.75614515625E-07, 0.00374426351792314
1.7561646875E-07, 0.00382721694383339
1.75618421875E-07, 0.00304010669639519
1.75620375E-07, 0.00331974155669274
1.75622328125E-07, 0.00324078749348211
1.7562428125E-07, 0.00472184561261101
1.75626234375E-07, 0.00408272754401284
1.756281875E-07, 0.00313292931409174
1.75630140625E-07, 0.00276868073330523
1.7563209375E-07, 0.00379795841506248
1.75634046875E-07, 0.00357374058123057
1.75636E-07, 0.00333472906605338
1.75637953125E-07, 0.00318452734090869
1.7563990625E-07, 0.00333424168903162
1.75641859375E-07, 0.00226219284235943
1.756438125E-07, 0.0026832070183345
1.75645765625E-07, 0.00347213232430174
1.7564771875E-07, 0.00233677196554726
1.75649671875E-07, 0.00301738420288638
1.75651625E-07, 0.00382513216916937
1.75653578125E-07, 0.00294224842538065
1.7565553125E-07, 0.00303583243257257
1.75657484375E-07, 0.00400847395307849
1.756594375E-07, 0.00295542856967325
1.75661390625E-07, 0.00342000023355329
1.7566334375E-07, 0.004152979915321
1.75665296875E-07, 0.00332248805411576
1.7566725E-07, 0.00369436438357163
1.75669203125E-07, 0.00399205674506158
1.7567115625E-07, 0.00393891354285176
1.75673109375E-07, 0.00350170684346712
1.756750625E-07, 0.00425034901990576
1.75677015625E-07, 0.00389991282804966
1.7567896875E-07, 0.00454955924994634
1.75680921875E-07, 0.00497724669418215
1.75682875E-07, 0.00505473948382357
1.75684828125E-07, 0.00500152544551988
1.7568678125E-07, 0.00442411413014868
1.75688734375E-07, 0.00464032057203415
1.756906875E-07, 0.00564010392622945
1.75692640625E-07, 0.00495160407909842
1.7569459375E-07, 0.0058242164066054
1.75696546875E-07, 0.00466937258376688
1.756985E-07, 0.0061030815766531
1.75700453125E-07, 0.00632991770698304
1.7570240625E-07, 0.00574024479045632
1.75704359375E-07, 0.00643434909042479
1.757063125E-07, 0.00678137379075316
1.75708265625E-07, 0.00640268190819068
1.7571021875E-07, 0.00650806286344389
1.75712171875E-07, 0.00645777123516682
1.75714125E-07, 0.00679382096066116
1.75716078125E-07, 0.00752831100517302
1.7571803125E-07, 0.00758970865172539
1.75719984375E-07, 0.00770386444889725
1.757219375E-07, 0.00719500554593176
1.75723890625E-07, 0.00785547749241765
1.7572584375E-07, 0.00800641061961145
1.75727796875E-07, 0.00791865656092378
1.7572975E-07, 0.00736385669948542
1.75731703125E-07, 0.00805725464355996
1.7573365625E-07, 0.00788911058467888
1.75735609375E-07, 0.00846354441254709
1.757375625E-07, 0.00815507161995084
1.75739515625E-07, 0.0089944317540794
1.7574146875E-07, 0.00840768484097964
1.75743421875E-07, 0.0086615991046594
1.75745375E-07, 0.00823178479929286
1.75747328125E-07, 0.00860604516877683
1.7574928125E-07, 0.00879807938114304
1.75751234375E-07, 0.00911741268837953
1.757531875E-07, 0.00925155168166858
1.75755140625E-07, 0.00924768288522512
1.7575709375E-07, 0.00884623594553784
1.75759046875E-07, 0.00971394732143971
1.75761E-07, 0.00914254957317173
1.75762953125E-07, 0.00898864903474231
1.7576490625E-07, 0.0093158050568756
1.75766859375E-07, 0.00994777839234809
1.757688125E-07, 0.00945203780743318
1.75770765625E-07, 0.0100165134239773
1.7577271875E-07, 0.00973272568454478
1.75774671875E-07, 0.0103373252419732
1.75776625E-07, 0.0104343211674937
1.75778578125E-07, 0.00978277877561873
1.7578053125E-07, 0.0104494211949361
1.75782484375E-07, 0.0102946743340967
1.757844375E-07, 0.0102337528968656
1.75786390625E-07, 0.0102213696007541
1.7578834375E-07, 0.0103405566721111
1.75790296875E-07, 0.0110386184616777
1.7579225E-07, 0.0104411682852336
1.75794203125E-07, 0.0108969134493287
1.7579615625E-07, 0.0106379051734504
1.75798109375E-07, 0.0106748209067357
1.758000625E-07, 0.0108863270217877
1.75802015625E-07, 0.0113879919391228
1.7580396875E-07, 0.0113982731731134
1.75805921875E-07, 0.0115064769929168
1.75807875E-07, 0.0116684512072496
1.75809828125E-07, 0.0115454719500291
1.7581178125E-07, 0.0112770903743835
1.75813734375E-07, 0.011867836304297
1.758156875E-07, 0.011587518610759
1.75817640625E-07, 0.0119692747098338
1.7581959375E-07, 0.0121243888762071
1.75821546875E-07, 0.0117606476077958
1.758235E-07, 0.0120682813222177
1.75825453125E-07, 0.0117609264139396
1.7582740625E-07, 0.0122234921301762
1.75829359375E-07, 0.0119149360789184
1.758313125E-07, 0.0122583932128039
1.75833265625E-07, 0.0120093115990869
1.7583521875E-07, 0.0125774484044052
1.75837171875E-07, 0.0123049806727336
1.75839125E-07, 0.012638017704224
1.75841078125E-07, 0.0124999591569286
1.7584303125E-07, 0.0130677825199467
1.75844984375E-07, 0.0128304063670633
1.758469375E-07, 0.0131470235244624
1.75848890625E-07, 0.0136188217857346
1.7585084375E-07, 0.0130492092137845
1.75852796875E-07, 0.0137816121769821
1.7585475E-07, 0.013384948188821
1.75856703125E-07, 0.0127589769401604
1.7585865625E-07, 0.0132804955403214
1.75860609375E-07, 0.0128910544784738
1.758625625E-07, 0.0130637867470945
1.75864515625E-07, 0.0131892527988012
1.7586646875E-07, 0.0131308273591099
1.75868421875E-07, 0.0122017333138168
1.75870375E-07, 0.0125483317641422
1.75872328125E-07, 0.0136619132915547
1.7587428125E-07, 0.0134677752377395
1.75876234375E-07, 0.0139889678844681
1.758781875E-07, 0.0134323559472042
1.75880140625E-07, 0.0131542062963712
1.7588209375E-07, 0.0130384816396061
1.75884046875E-07, 0.0132410561732599
1.75886E-07, 0.0135407446867221
1.75887953125E-07, 0.0131090186946147
1.7588990625E-07, 0.0129974686276743
1.75891859375E-07, 0.013630498197782
1.758938125E-07, 0.0135092163593539
1.75895765625E-07, 0.0124650635752976
1.7589771875E-07, 0.0131174672016057
1.75899671875E-07, 0.0130615956787054
1.75901625E-07, 0.0122199138352186
1.75903578125E-07, 0.0121804767031205
1.7590553125E-07, 0.012354766238007
1.75907484375E-07, 0.0125633369480923
1.759094375E-07, 0.0123047267448454
1.75911390625E-07, 0.0118528351353013
1.7591334375E-07, 0.0116091715000212
1.75915296875E-07, 0.012144413787586
1.7591725E-07, 0.0118694368284616
1.75919203125E-07, 0.0118766545702468
1.7592115625E-07, 0.0107719760335393
1.75923109375E-07, 0.0107705598107337
1.759250625E-07, 0.010297020261796
1.75927015625E-07, 0.0104363654551656
1.7592896875E-07, 0.0115711529068141
1.75930921875E-07, 0.00920446634665285
1.75932875E-07, 0.0087174678480476
1.75934828125E-07, 0.00983967096319751
1.7593678125E-07, 0.00829219283534468
1.75938734375E-07, 0.00815647347638407
1.759406875E-07, 0.00740189333819908
1.75942640625E-07, 0.00896166983185914
1.7594459375E-07, 0.00645989975200742
1.75946546875E-07, 0.00692629891165556
1.759485E-07, 0.00572121433400757
1.75950453125E-07, 0.00606246047311333
1.7595240625E-07, 0.00626391633237867
1.75954359375E-07, 0.00608405940171592
1.759563125E-07, 0.00504499928454222
1.75958265625E-07, 0.00440674624432307
1.7596021875E-07, 0.00454194296289105
1.75962171875E-07, 0.00367901271383102
1.75964125E-07, 0.00305781616987687
1.75966078125E-07, 0.0038030642895169
1.7596803125E-07, 0.00232241142574005
1.75969984375E-07, 0.00202415317818896
1.759719375E-07, 0.00215672666557936
1.75973890625E-07, 0.00107370912560756
1.7597584375E-07, 0.000326092187516636
1.75977796875E-07, 0.00111268908470972
1.7597975E-07, -0.00100861282500905
1.75981703125E-07, -0.000335721223490944
1.7598365625E-07, -0.00243249663229718
1.75985609375E-07, -0.00271771823940254
1.759875625E-07, -0.00151814910019094
1.75989515625E-07, -0.00308812433055897
1.7599146875E-07, -0.00317865439305163
1.75993421875E-07, -0.00413040294353529
1.75995375E-07, -0.00474489989125722
1.75997328125E-07, -0.00436167140133193
1.7599928125E-07, -0.00513435503570844
1.76001234375E-07, -0.0042971229488127
1.760031875E-07, -0.0025200904870978
1.76005140625E-07, -0.00635436552736052
1.7600709375E-07, -0.00529932804037909
1.76009046875E-07, -0.00623461179778176
1.76011E-07, -0.00771265780231696
1.76012953125E-07, -0.00626499655382283
1.7601490625E-07, -0.00850554255954665
1.76016859375E-07, -0.00783834881116269
1.760188125E-07, -0.00684194760143832
1.76020765625E-07, -0.00839431490999351
1.7602271875E-07, -0.00995939717299866
1.76024671875E-07, -0.00911833149392424
1.76026625E-07, -0.0101797573765512
1.76028578125E-07, -0.0105324334124467
1.7603053125E-07, -0.0103670179256854
1.76032484375E-07, -0.0106794648993508
1.760344375E-07, -0.0108766816228688
1.76036390625E-07, -0.0123057007719676
1.7603834375E-07, -0.011816423854586
1.76040296875E-07, -0.0126605835642519
1.7604225E-07, -0.0118174122668076
1.76044203125E-07, -0.0136880497816066
1.7604615625E-07, -0.0130690550901314
1.76048109375E-07, -0.0129497955732336
1.760500625E-07, -0.0130569299367084
1.76052015625E-07, -0.0147221697099156
1.7605396875E-07, -0.0143878283994103
1.76055921875E-07, -0.0133873450804509
1.76057875E-07, -0.0149185247064716
1.76059828125E-07, -0.014705240714417
1.7606178125E-07, -0.0141630052490903
1.76063734375E-07, -0.015245518239744
1.760656875E-07, -0.0156111671828423
1.76067640625E-07, -0.0150514313922247
1.7606959375E-07, -0.0153775174347899
1.76071546875E-07, -0.0149926004711911
1.760735E-07, -0.015668710079818
1.76075453125E-07, -0.0138606987378725
1.7607740625E-07, -0.0153215522101264
1.76079359375E-07, -0.0154315532465094
1.760813125E-07, -0.0153311294644925
1.76083265625E-07, -0.0147974030649975
1.7608521875E-07, -0.0143667647740697
1.76087171875E-07, -0.0147518782720286
1.76089125E-07, -0.0147443341705506
1.76091078125E-07, -0.0148443118456579
1.7609303125E-07, -0.0146372374431335
1.76094984375E-07, -0.0141588839997771
1.760969375E-07, -0.0143440785980809
1.76098890625E-07, -0.0136015004208153
1.7610084375E-07, -0.0136179719177431
1.76102796875E-07, -0.0131098807433657
1.7610475E-07, -0.0129363952997752
1.76106703125E-07, -0.0125836926980703
1.7610865625E-07, -0.0120664544366434
1.76110609375E-07, -0.0113667657831138
1.761125625E-07, -0.0128462627447104
1.76114515625E-07, -0.0110023672219166
1.7611646875E-07, -0.0107899387780423
1.76118421875E-07, -0.0114708064363238
1.76120375E-07, -0.0108427198121169
1.76122328125E-07, -0.011556762265313
1.7612428125E-07, -0.00979715620716394
1.76126234375E-07, -0.0101525611250907
1.761281875E-07, -0.00923531701800822
1.76130140625E-07, -0.0094148370076139
1.7613209375E-07, -0.00921871328043066
1.76134046875E-07, -0.0082492731697547
1.76136E-07, -0.00826454535962746
1.76137953125E-07, -0.00854211743881705
1.7613990625E-07, -0.00788960959104485
1.76141859375E-07, -0.00771733607073713
1.761438125E-07, -0.00782411213544114
1.76145765625E-07, -0.00785708405052377
1.7614771875E-07, -0.00644584681794126
1.76149671875E-07, -0.00537436636999247
1.76151625E-07, -0.00628903390421113
1.76153578125E-07, -0.00522537200331948
1.7615553125E-07, -0.00641960450912176
1.76157484375E-07, -0.00619603418312567
1.761594375E-07, -0.00529674000536471
1.76161390625E-07, -0.0053563420134791
1.7616334375E-07, -0.00590017394041541
1.76165296875E-07, -0.00502730268648304
1.7616725E-07, -0.0049438427842081
1.76169203125E-07, -0.00505155454092729
1.7617115625E-07, -0.00518728250335221
1.76173109375E-07, -0.00491486556481291
1.761750625E-07, -0.00448273454333426
1.76177015625E-07, -0.00524116659282932
1.7617896875E-07, -0.00488067705710147
1.76180921875E-07, -0.00428790649935159
1.76182875E-07, -0.00437229591498359
1.76184828125E-07, -0.00511847914293563
1.7618678125E-07, -0.00515012603305811
1.76188734375E-07, -0.00477784323500177
1.761906875E-07, -0.00434336461352931
1.76192640625E-07, -0.00490324882850494
1.7619459375E-07, -0.0046705476940195
1.76196546875E-07, -0.00565566036792929
1.761985E-07, -0.00449363583626691
1.76200453125E-07, -0.00523190135561665
1.7620240625E-07, -0.00495502050227088
1.76204359375E-07, -0.00565133858817447
1.762063125E-07, -0.00530414736962521
1.76208265625E-07, -0.00617224961733592
1.7621021875E-07, -0.00567885578961943
1.76212171875E-07, -0.00608065291027845
1.76214125E-07, -0.00641984373799727
1.76216078125E-07, -0.00642576792737455
1.7621803125E-07, -0.00657730258608322
1.76219984375E-07, -0.00674202337101059
1.762219375E-07, -0.00643294360186021
1.76223890625E-07, -0.00735612948822622
1.7622584375E-07, -0.00738455818318657
1.76227796875E-07, -0.00683784812451182
1.7622975E-07, -0.00691060673864412
1.76231703125E-07, -0.00810313643082855
1.7623365625E-07, -0.00814783764159611
1.76235609375E-07, -0.00790219585105966
1.762375625E-07, -0.00861550612706638
1.76239515625E-07, -0.0079032778089367
1.7624146875E-07, -0.00835219988133706
1.76243421875E-07, -0.00862772891487915
1.76245375E-07, -0.00896813263258286
1.76247328125E-07, -0.00933089786225029
1.7624928125E-07, -0.00899451720709428
1.76251234375E-07, -0.0099109983057408
1.762531875E-07, -0.00935817490784271
1.76255140625E-07, -0.00957806351163508
1.7625709375E-07, -0.00952618212240704
1.76259046875E-07, -0.00969193612694298
1.76261E-07, -0.0094987295176037
1.76262953125E-07, -0.00989984748996088
1.7626490625E-07, -0.00999240938930971
1.76266859375E-07, -0.010021033429802
1.762688125E-07, -0.009587201921796
1.76270765625E-07, -0.0099331384048066
1.7627271875E-07, -0.0101483607226769
1.76274671875E-07, -0.0100653195215581
1.76276625E-07, -0.0103161381345042
1.76278578125E-07, -0.0101970644254382
1.7628053125E-07, -0.0103961230958265
1.76282484375E-07, -0.0103195379638731
1.762844375E-07, -0.0101934311619344
1.76286390625E-07, -0.0101400523050186
1.7628834375E-07, -0.0103933087381371
1.76290296875E-07, -0.00992163039732038
1.7629225E-07, -0.0103231337805582
1.76294203125E-07, -0.0103513477209452
1.7629615625E-07, -0.0103127234330952
1.76298109375E-07, -0.00998346434843005
1.763000625E-07, -0.0105915615778825
1.76302015625E-07, -0.0100386723721326
1.7630396875E-07, -0.0099333492490483
1.76305921875E-07, -0.00947765475731026
1.76307875E-07, -0.00994445832279008
1.76309828125E-07, -0.00939026594111051
1.7631178125E-07, -0.00894479174253139
1.76313734375E-07, -0.00959046414526219
1.763156875E-07, -0.00895459561203441
1.76317640625E-07, -0.00926786508927067
1.7631959375E-07, -0.00910603491884953
1.76321546875E-07, -0.00885844985999434
1.763235E-07, -0.00864642565939535
1.76325453125E-07, -0.00842477714015538
1.7632740625E-07, -0.00860361292268183
1.76329359375E-07, -0.00844280903802438
1.763313125E-07, -0.00780712747489682
1.76333265625E-07, -0.00796511429336364
1.7633521875E-07, -0.00758130014615999
1.76337171875E-07, -0.00771996679481431
1.76339125E-07, -0.00722949192154648
1.76341078125E-07, -0.00702763636135015
1.7634303125E-07, -0.00761990916998012
1.76344984375E-07, -0.00683469456760378
1.763469375E-07, -0.00723213351285075
1.76348890625E-07, -0.00618802559253226
1.7635084375E-07, -0.00674344502308494
1.76352796875E-07, -0.00664330441496526
1.7635475E-07, -0.00595771484293651
1.76356703125E-07, -0.00579704362491511
1.7635865625E-07, -0.00591717138900081
1.76360609375E-07, -0.00588731265341364
1.763625625E-07, -0.00625221865835229
1.76364515625E-07, -0.00599587973992174
1.7636646875E-07, -0.00577041098111459
1.76368421875E-07, -0.00540208739000407
1.76370375E-07, -0.00602338481206224
1.76372328125E-07, -0.00539805033941452
1.7637428125E-07, -0.00524102797080903
1.76376234375E-07, -0.00556969627150768
1.763781875E-07, -0.00512355968330586
1.76380140625E-07, -0.0052103119657428
1.7638209375E-07, -0.00577237240378872
1.76384046875E-07, -0.00526468669581162
1.76386E-07, -0.00480415348752758
1.76387953125E-07, -0.00500589183162388
1.7638990625E-07, -0.00532294129879208
1.76391859375E-07, -0.00513002565264377
1.763938125E-07, -0.00445912497408898
1.76395765625E-07, -0.00518401484520532
1.7639771875E-07, -0.00475955572347951
1.76399671875E-07, -0.00500673931510926
1.76401625E-07, -0.00459263127256096
1.76403578125E-07, -0.00554766072151123
1.7640553125E-07, -0.00480378925893513
1.76407484375E-07, -0.00491983099001192
1.764094375E-07, -0.00492385155965994
1.76411390625E-07, -0.00541453486481175
1.7641334375E-07, -0.00426556729092234
1.76415296875E-07, -0.00497463835797154
1.7641725E-07, -0.00551060428168955
1.76419203125E-07, -0.00498593966588366
1.7642115625E-07, -0.00467338665925592
1.76423109375E-07, -0.00500963034983131
1.764250625E-07, -0.00484640651823788
1.76427015625E-07, -0.00477760115624378
1.7642896875E-07, -0.00462549866262172
1.76430921875E-07, -0.00483402497427902
1.76432875E-07, -0.00559540690498653
1.76434828125E-07, -0.00543863791724003
1.7643678125E-07, -0.00576475942969159
1.76438734375E-07, -0.00558695064742705
1.764406875E-07, -0.00500419721394198
1.76442640625E-07, -0.00496126882628531
1.7644459375E-07, -0.00517296560674326
1.76446546875E-07, -0.00530456245788894
1.764485E-07, -0.00496986337641983
1.76450453125E-07, -0.0050366009604127
1.7645240625E-07, -0.00512976516918767
1.76454359375E-07, -0.00486479483311389
1.764563125E-07, -0.00514255590141954
1.76458265625E-07, -0.00504843327301064
1.7646021875E-07, -0.00478755974846678
1.76462171875E-07, -0.0047696875227318
1.76464125E-07, -0.00483124946864065
1.76466078125E-07, -0.00481531851399913
1.7646803125E-07, -0.0046975761734626
1.76469984375E-07, -0.00493655057088611
1.764719375E-07, -0.00477137912629852
1.76473890625E-07, -0.00470280367711396
1.7647584375E-07, -0.00459187948121827
1.76477796875E-07, -0.00527969273534877
1.7647975E-07, -0.00454988728737797
1.76481703125E-07, -0.00483056564368298
1.7648365625E-07, -0.00482145732423108
1.76485609375E-07, -0.00390152525299457
1.764875625E-07, -0.00464548945208789
1.76489515625E-07, -0.00418763594271234
1.7649146875E-07, -0.00458253044865311
1.76493421875E-07, -0.00446575722108596
1.76495375E-07, -0.00387967087288776
1.76497328125E-07, -0.00399795113500697
1.7649928125E-07, -0.00457862102754454
1.76501234375E-07, -0.00396173350924532
1.765031875E-07, -0.00418146244344563
1.76505140625E-07, -0.00369144343432772
1.7650709375E-07, -0.00419101799441215
1.76509046875E-07, -0.00366433188052613
1.76511E-07, -0.00391529410478559
1.76512953125E-07, -0.0034559450085248
1.7651490625E-07, -0.00392885538736597
1.76516859375E-07, -0.00350656828398726
1.765188125E-07, -0.00371816285137368
1.76520765625E-07, -0.00353434572222085
1.7652271875E-07, -0.00341554639200423
1.76524671875E-07, -0.00354978726291552
1.76526625E-07, -0.00340826317592428
1.76528578125E-07, -0.00331322740472022
1.7653053125E-07, -0.00338606971768519
1.76532484375E-07, -0.00307071149544118
1.765344375E-07, -0.00351429851197131
1.76536390625E-07, -0.00348013440957188
1.7653834375E-07, -0.00304775534924796
1.76540296875E-07, -0.00327256176831283
1.7654225E-07, -0.00339539975554096
1.76544203125E-07, -0.00322379705663135
1.7654615625E-07, -0.00316690282554429
1.76548109375E-07, -0.00310964229236495
1.765500625E-07, -0.00334564085984861
1.76552015625E-07, -0.00355597813088104
1.7655396875E-07, -0.00357894385084504
1.76555921875E-07, -0.00307696831537475
1.76557875E-07, -0.00336882736354973
1.76559828125E-07, -0.00367121041923767
1.7656178125E-07, -0.00297772188893114
1.76563734375E-07, -0.00295196471183388
1.765656875E-07, -0.00293001038314096
1.76567640625E-07, -0.00331766928517491
1.7656959375E-07, -0.00327805964314211
1.76571546875E-07, -0.00309542800672807
1.765735E-07, -0.00316932335178662
1.76575453125E-07, -0.00324764386053206
1.7657740625E-07, -0.00339648817541795
1.76579359375E-07, -0.0035035320929006
1.765813125E-07, -0.00337683456966832
1.76583265625E-07, -0.00339216191433744
1.7658521875E-07, -0.00308593851721524
1.76587171875E-07, -0.00307067400977197
1.76589125E-07, -0.00325110454920704
1.76591078125E-07, -0.00359136264069598
1.7659303125E-07, -0.00323537868597034
1.76594984375E-07, -0.00356745405132225
1.765969375E-07, -0.00339164657319151
1.76598890625E-07, -0.0031509048365186
1.7660084375E-07, -0.00362906595857164
1.76602796875E-07, -0.00359069697227499
1.7660475E-07, -0.00331149525283431
1.76606703125E-07, -0.00342792219321254
1.7660865625E-07, -0.00286613250714836
1.76610609375E-07, -0.00294122365411731
1.766125625E-07, -0.00342331104995946
1.76614515625E-07, -0.00283336201620768
1.7661646875E-07, -0.00290904261319305
1.76618421875E-07, -0.00276482621264704
1.76620375E-07, -0.00300261450331151
1.76622328125E-07, -0.00255099509401719
1.7662428125E-07, -0.00278039545872675
1.76626234375E-07, -0.00293458113983115
1.766281875E-07, -0.00246365137376623
1.76630140625E-07, -0.00250584858896025
1.7663209375E-07, -0.00260308521445072
1.76634046875E-07, -0.00321768782496456
1.76636E-07, -0.00253171205802872
1.76637953125E-07, -0.00307690486121895
1.7663990625E-07, -0.00237554697549814
1.76641859375E-07, -0.00228936036572324
1.766438125E-07, -0.00300500424120645
1.76645765625E-07, -0.00203431866099697
1.7664771875E-07, -0.00232368421425854
1.76649671875E-07, -0.00180678675249144
1.76651625E-07, -0.00262828511178361
1.76653578125E-07, -0.00233882510783692
1.7665553125E-07, -0.00199062195660208
1.76657484375E-07, -0.00249331586801425
1.766594375E-07, -0.00255477206130756
1.76661390625E-07, -0.00208141731401688
1.7666334375E-07, -0.00254865968381105
1.76665296875E-07, -0.00234858574023024
1.7666725E-07, -0.00224298286105611
1.76669203125E-07, -0.00249695117566304
1.7667115625E-07, -0.00174615762632344
1.76673109375E-07, -0.00206423526641408
1.766750625E-07, -0.00223628923270208
1.76677015625E-07, -0.00166311902385986
1.7667896875E-07, -0.0017946147815732
1.76680921875E-07, -0.00187211181717537
1.76682875E-07, -0.00244244621171025
1.76684828125E-07, -0.00199378445652324
1.7668678125E-07, -0.00222914883989789
1.76688734375E-07, -0.00259927915077059
1.766906875E-07, -0.0019220681091198
1.76692640625E-07, -0.00219445913444493
1.7669459375E-07, -0.00148899274502023
1.76696546875E-07, -0.00155317715825959
1.766985E-07, -0.00166266375570872
1.76700453125E-07, -0.00209030346484351
1.7670240625E-07, -0.00225753070128555
1.76704359375E-07, -0.0020709166824059
1.767063125E-07, -0.00212752835557302
1.76708265625E-07, -0.00187446771761781
1.7671021875E-07, -0.00209476703549392
1.76712171875E-07, -0.00165800324384059
1.76714125E-07, -0.00210541047011423
1.76716078125E-07, -0.000731998078979414
1.7671803125E-07, -0.00188410107018412
1.76719984375E-07, -0.00190688258509356
1.767219375E-07, -0.00215061723146758
1.76723890625E-07, -0.00081539840963605
1.7672584375E-07, -0.00144662899470862
1.76727796875E-07, -0.0012209024670155
1.7672975E-07, -0.00152149494014475
1.76731703125E-07, -0.00171098499871353
1.7673365625E-07, -0.0014592613090324
1.76735609375E-07, -0.0011433034486941
1.767375625E-07, -0.000970826614617598
1.76739515625E-07, -0.00105346683009671
1.7674146875E-07, -0.000866159393449916
1.76743421875E-07, -0.000801981493472062
1.76745375E-07, -0.000477652200333148
1.76747328125E-07, -0.000894402594849269
1.7674928125E-07, -2.21727759643576E-06
1.76751234375E-07, -0.000384316122460685
1.767531875E-07, -0.000501476653323621
1.76755140625E-07, 0.00065828540537779
1.7675709375E-07, 0.000627641677044693
1.76759046875E-07, 0.000770080130674484
1.76761E-07, 0.00148879815095461
1.76762953125E-07, 0.00032292862475781
1.7676490625E-07, 0.00127651776732452
1.76766859375E-07, 0.00135635195462367
1.767688125E-07, 0.00311814936673981
1.76770765625E-07, 0.0023746707102002
1.7677271875E-07, 0.00221745884202556
1.76774671875E-07, 0.00297770722216217
1.76776625E-07, 0.00262697148769525
1.76778578125E-07, 0.00307414349065885
1.7678053125E-07, 0.00467153815601861
1.76782484375E-07, 0.00309012337014466
1.767844375E-07, 0.00524025666578109
1.76786390625E-07, 0.00434499150994181
1.7678834375E-07, 0.00455472668495902
1.76790296875E-07, 0.00513182183859162
1.7679225E-07, 0.0062108513629541
1.76794203125E-07, 0.00625382739105247
1.7679615625E-07, 0.00477987185056181
1.76798109375E-07, 0.00620895332228848
1.768000625E-07, 0.00686842490254182
1.76802015625E-07, 0.00742895216682359
1.7680396875E-07, 0.00615241317293671
1.76805921875E-07, 0.00700235223882063
1.76807875E-07, 0.00660310649092281
1.76809828125E-07, 0.00786002249502502
1.7681178125E-07, 0.0073516336779315
1.76813734375E-07, 0.00780356794665505
1.768156875E-07, 0.008098526874578
1.76817640625E-07, 0.00775615351951851
1.7681959375E-07, 0.00702616327389636
1.76821546875E-07, 0.00793085452224192
1.768235E-07, 0.00717147010171775
1.76825453125E-07, 0.00788250472005059
1.7682740625E-07, 0.00749032294028636
1.76829359375E-07, 0.00831070182130669
1.768313125E-07, 0.0077315284505782
1.76833265625E-07, 0.00779844534908686
1.7683521875E-07, 0.00748674807030986
1.76837171875E-07, 0.00721327539384309
1.76839125E-07, 0.0068615174518539
1.76841078125E-07, 0.00639658052917793
1.7684303125E-07, 0.00730681388115339
1.76844984375E-07, 0.00664200709505306
1.768469375E-07, 0.00662477955792721
1.76848890625E-07, 0.00636500925648653
1.7685084375E-07, 0.00568494126928067
1.76852796875E-07, 0.00667882966102179
1.7685475E-07, 0.00604039509066644
1.76856703125E-07, 0.00509057292461658
1.7685865625E-07, 0.00457361380499129
1.76860609375E-07, 0.00540042096565873
1.768625625E-07, 0.00502096591293686
1.76864515625E-07, 0.00419796769633809
1.7686646875E-07, 0.00367958419037142
1.76868421875E-07, 0.0034691981765916
1.76870375E-07, 0.00376557551790439
1.76872328125E-07, 0.00247192779846259
1.7687428125E-07, 0.00229978481288596
1.76876234375E-07, 0.00276339074649972
1.768781875E-07, 0.00209998826212415
1.76880140625E-07, 0.00268440092815279
1.7688209375E-07, 0.00174774344516797
1.76884046875E-07, 0.00263874242048322
1.76886E-07, 0.00147409211532994
1.76887953125E-07, 0.00161775844447328
1.7688990625E-07, 0.00208816970164869
1.76891859375E-07, 0.00142446687982606
1.768938125E-07, 0.00150527525901112
1.76895765625E-07, 0.000912489538867167
1.7689771875E-07, 0.000253548712639178
1.76899671875E-07, 0.000788676852270516
1.76901625E-07, 0.000429287132439846
1.76903578125E-07, 0.00103985826194389
1.7690553125E-07, 0.000535613447220773
1.76907484375E-07, 0.000234647186679545
1.769094375E-07, 0.00032168060592906
1.76911390625E-07, 0.000969523665840597
1.7691334375E-07, 0.000415053518050937
1.76915296875E-07, 0.000602451659916022
1.7691725E-07, 1.61494431004631E-05
1.76919203125E-07, 0.00158187887604615
1.7692115625E-07, 0.000463710056362414
1.76923109375E-07, 0.000552935527800578
1.769250625E-07, 0.00115541446005291
1.76927015625E-07, 0.000343935312525611
1.7692896875E-07, 0.00113765210551405
1.76930921875E-07, 0.000872485070626936
1.76932875E-07, 0.00115767518614023
1.76934828125E-07, 0.00150364344252456
1.7693678125E-07, 0.00138769373910874
1.76938734375E-07, 0.00165352480658182
1.769406875E-07, 0.0016899284622806
1.76942640625E-07, 0.00134958006998409
1.7694459375E-07, 0.00176521812515712
1.76946546875E-07, 0.00148328151939411
1.769485E-07, 0.00172354359396491
1.76950453125E-07, 0.00183376276689738
1.7695240625E-07, 0.00168052974694264
1.76954359375E-07, 0.00180441521962311
1.769563125E-07, 0.00227541040902304
1.76958265625E-07, 0.00203345379100308
1.7696021875E-07, 0.00216067889280812
1.76962171875E-07, 0.0019401392888384
1.76964125E-07, 0.00167474949552937
1.76966078125E-07, 0.00203666207624635
1.7696803125E-07, 0.00220726889736808
1.76969984375E-07, 0.00178616426886455
1.769719375E-07, 0.00198970551201434
1.76973890625E-07, 0.00189615011593897
1.7697584375E-07, 0.00199113271071287
1.76977796875E-07, 0.00188276182630259
1.7697975E-07, 0.00178593348794103
1.76981703125E-07, 0.00193699393479995
1.7698365625E-07, 0.0017363764148536
1.76985609375E-07, 0.00156371745603751
1.769875625E-07, 0.00109756887634399
1.76989515625E-07, 0.00145064813948832
1.7699146875E-07, 0.000999628212737872
1.76993421875E-07, 0.000769371390315747
1.76995375E-07, 0.000795483462836734
1.76997328125E-07, 0.000677630729236298
1.7699928125E-07, 0.00098650546390522
1.77001234375E-07, 0.000459560029930939
1.770031875E-07, 0.000665904061198809
1.77005140625E-07, 0.000319592726540851
1.7700709375E-07, 0.000301665787329956
1.77009046875E-07, 0.00030872767560428
1.77011E-07, -0.000333490079555488
1.77012953125E-07, -0.000385611429634901
1.7701490625E-07, 6.54465883832936E-05
1.77016859375E-07, -0.000828694856979257
1.770188125E-07, -0.000794111769812539
1.77020765625E-07, -0.000665596766447116
1.7702271875E-07, -0.000877000030139906
1.77024671875E-07, -0.000987070420441166
1.77026625E-07, -0.000939759503491864
1.77028578125E-07, -0.000946425649824135
1.7703053125E-07, -0.00154382289643757
1.77032484375E-07, -0.00170549417532272
1.770344375E-07, -0.00127733559870448
1.77036390625E-07, -0.000596030764300357
1.7703834375E-07, -0.0014188161642845
1.77040296875E-07, -0.00111695434475728
1.7704225E-07, -0.00117874758388481
1.77044203125E-07, -0.00175031881235714
1.7704615625E-07, -0.00161708495801056
1.77048109375E-07, -0.00100911930215748
1.770500625E-07, -0.00146049695904633
1.77052015625E-07, -0.00156749441344616
1.7705396875E-07, -0.00134103708314578
1.77055921875E-07, -0.00167769589717098
1.77057875E-07, -0.0011478367361894
1.77059828125E-07, -0.000863246448776964
1.7706178125E-07, -0.000852924612167579
1.77063734375E-07, -0.000625799258352214
1.770656875E-07, -0.000307146478658359
1.77067640625E-07, -0.000439124476465314
1.7706959375E-07, -0.00106518142431583
1.77071546875E-07, -0.000705648643422284
1.770735E-07, 0.000131448124107975
1.77075453125E-07, 0.000672159081235889
1.7707740625E-07, -5.39278742093889E-05
1.77079359375E-07, 0.000424933488086247
1.770813125E-07, 0.00120478893334571
1.77083265625E-07, 0.000310949986309819
1.7708521875E-07, 0.00104133741126799
1.77087171875E-07, 0.00163788911534935
1.77089125E-07, 0.00154483848382263
1.77091078125E-07, 0.00180042140743122
1.7709303125E-07, 0.00184957211415575
1.77094984375E-07, 0.00269321103470662
1.770969375E-07, 0.00212221050891327
1.77098890625E-07, 0.00307201317955144
1.7710084375E-07, 0.00311400693775651
1.77102796875E-07, 0.00307415177018668
1.7710475E-07, 0.0042308199580635
1.77106703125E-07, 0.00331537263197307
1.7710865625E-07, 0.00401710750853543
1.77110609375E-07, 0.00447223293206285
1.771125625E-07, 0.00452299279139067
1.77114515625E-07, 0.0048019719441854
1.7711646875E-07, 0.00437866911072309
1.77118421875E-07, 0.00416838238675938
1.77120375E-07, 0.00579617235150767
1.77122328125E-07, 0.00536214345132424
1.7712428125E-07, 0.0055713451613851
1.77126234375E-07, 0.00586340931830156
1.771281875E-07, 0.00512223196809669
1.77130140625E-07, 0.00565212478360527
1.7713209375E-07, 0.00570790025928133
1.77134046875E-07, 0.00538345899397664
1.77136E-07, 0.00575275045375435
1.77137953125E-07, 0.00527506586836457
1.7713990625E-07, 0.00579333965245774
1.77141859375E-07, 0.00594224005366212
1.771438125E-07, 0.00675431890620371
1.77145765625E-07, 0.00569823011009126
1.7714771875E-07, 0.00664816328545451
1.77149671875E-07, 0.00564179676574363
1.77151625E-07, 0.00654712795970517
1.77153578125E-07, 0.00564971366879239
1.7715553125E-07, 0.00668068065355169
1.77157484375E-07, 0.006789952773075
1.771594375E-07, 0.00691854353618806
1.77161390625E-07, 0.00647804234786918
1.7716334375E-07, 0.00672295397473362
1.77165296875E-07, 0.00595279907022629
1.7716725E-07, 0.0057947679341637
1.77169203125E-07, 0.0060272634440788
1.7717115625E-07, 0.00609981743749966
1.77173109375E-07, 0.0050908393475906
1.771750625E-07, 0.00553112818126075
1.77177015625E-07, 0.00552096258833537
1.7717896875E-07, 0.00478100040397531
1.77180921875E-07, 0.00536052613873358
1.77182875E-07, 0.00531880551920909
1.77184828125E-07, 0.00543933009147253
1.7718678125E-07, 0.0042741487609204
1.77188734375E-07, 0.00472632510625722
1.771906875E-07, 0.00529233338027902
1.77192640625E-07, 0.00441296740457845
1.7719459375E-07, 0.00431260102766977
1.77196546875E-07, 0.00458952496285757
1.771985E-07, 0.00446363213103444
1.77200453125E-07, 0.00447457035174484
1.7720240625E-07, 0.00371324875786738
1.77204359375E-07, 0.00471536501630033
1.772063125E-07, 0.00394857348502485
1.77208265625E-07, 0.00458087624467201
1.7721021875E-07, 0.00337211839239585
1.77212171875E-07, 0.00329709562354386
1.77214125E-07, 0.0031449922640744
1.77216078125E-07, 0.00322204996627949
1.7721803125E-07, 0.00330472518644982
1.77219984375E-07, 0.00309440705873054
1.772219375E-07, 0.00308650845546943
1.77223890625E-07, 0.00316234352543602
1.7722584375E-07, 0.00320623769687267
1.77227796875E-07, 0.00298503320242051
1.7722975E-07, 0.00311066705772693
1.77231703125E-07, 0.00318609359715002
1.7723365625E-07, 0.00255534616356959
1.77235609375E-07, 0.00315757042697156
1.772375625E-07, 0.00363276282350673
1.77239515625E-07, 0.00293805897571006
1.7724146875E-07, 0.00282075705966032
1.77243421875E-07, 0.00274546081178571
1.77245375E-07, 0.00232495378357549
1.77247328125E-07, 0.00269938368482696
1.7724928125E-07, 0.00288075848374583
1.77251234375E-07, 0.00247394326372789
1.772531875E-07, 0.00293434063916448
1.77255140625E-07, 0.00239406334515638
1.7725709375E-07, 0.00198193060612262
1.77259046875E-07, 0.00218281174956855
1.77261E-07, 0.00279487092671862
1.77262953125E-07, 0.00272234551337811
1.7726490625E-07, 0.00243095977043416
1.77266859375E-07, 0.00261904373644188
1.772688125E-07, 0.00271661858479985
1.77270765625E-07, 0.00278276964825038
1.7727271875E-07, 0.0031782129838575
1.77274671875E-07, 0.00256745477938254
1.77276625E-07, 0.00266511754338532
1.77278578125E-07, 0.00268482222822744
1.7728053125E-07, 0.00226753834599492
1.77282484375E-07, 0.00273999439015962
1.772844375E-07, 0.00316268578973167
1.77286390625E-07, 0.00213905998047361
1.7728834375E-07, 0.00279507158522342
1.77290296875E-07, 0.00243367574024525
1.7729225E-07, 0.00281094101509034
1.77294203125E-07, 0.00293822398214994
1.7729615625E-07, 0.00290773730670492
1.77298109375E-07, 0.00220945186056101
1.773000625E-07, 0.00313326927525975
1.77302015625E-07, 0.00268910015624422
1.7730396875E-07, 0.00251668566833804
1.77305921875E-07, 0.00265809270244414
1.77307875E-07, 0.00239242405509452
1.77309828125E-07, 0.00304471981515029
1.7731178125E-07, 0.00227582436489226
1.77313734375E-07, 0.00259380334402613
1.773156875E-07, 0.00215109107956151
1.77317640625E-07, 0.00212631074664654
1.7731959375E-07, 0.00214362748042695
1.77321546875E-07, 0.00187393875045715
1.773235E-07, 0.0018116570338924
1.77325453125E-07, 0.00226754402290459
1.7732740625E-07, 0.00233798917408623
1.77329359375E-07, 0.00175262284472705
1.773313125E-07, 0.00219891730881207
1.77333265625E-07, 0.00167060733168171
1.7733521875E-07, 0.0016025038814274
1.77337171875E-07, 0.00174143612168018
1.77339125E-07, 0.00200614251757395
1.77341078125E-07, 0.0018462324027669
1.7734303125E-07, 0.00174956318722596
1.77344984375E-07, 0.00151063614610397
1.773469375E-07, 0.00135583880683909
1.77348890625E-07, 0.00117050759536783
1.7735084375E-07, 0.00161090321899217
1.77352796875E-07, 0.00145652704103634
1.7735475E-07, 0.00140662632106207
1.77356703125E-07, 0.00111281804832579
1.7735865625E-07, 0.000596113010880902
1.77360609375E-07, 0.00105110689160263
1.773625625E-07, 0.000667586780648342
1.77364515625E-07, 0.000959394295255253
1.7736646875E-07, 0.000587699583209522
1.77368421875E-07, 0.00111455999809576
1.77370375E-07, 0.000924190112351954
1.77372328125E-07, 0.00118609343578451
1.7737428125E-07, 0.000464938775009867
1.77376234375E-07, 0.000634391207784989
1.773781875E-07, 6.50021173316901E-05
1.77380140625E-07, -0.000119943238320401
1.7738209375E-07, 0.000285539159253682
1.77384046875E-07, 2.12659003656304E-05
1.77386E-07, -7.93516705781911E-05
1.77387953125E-07, -0.000246897029260264
1.7738990625E-07, 0.000255779668316704
1.77391859375E-07, 5.27822533591414E-05
1.773938125E-07, -0.000449178152458619
1.77395765625E-07, -0.000108373009841775
1.7739771875E-07, -0.000304214985632169
1.77399671875E-07, -0.000385739158897028
1.77401625E-07, -0.000267383850073932
1.77403578125E-07, -0.000336343213414286
1.7740553125E-07, -0.000329213083463416
1.77407484375E-07, -0.000754958917223434
1.774094375E-07, -0.000542817902666181
1.77411390625E-07, -0.000369591172108551
1.7741334375E-07, -0.000602025057316965
1.77415296875E-07, -0.00105236040664357
1.7741725E-07, -0.000697114180890512
1.77419203125E-07, -0.000897868863554839
1.7742115625E-07, -0.00078655912661776
1.77423109375E-07, -0.00103355891691935
1.774250625E-07, -0.000742143694155506
1.77427015625E-07, -0.00108724560317293
1.7742896875E-07, -0.000899293565516092
1.77430921875E-07, -0.000921159208807944
1.77432875E-07, -0.00129177335869797
1.77434828125E-07, -0.00166805679943388
1.7743678125E-07, -0.00157370237094225
1.77438734375E-07, -0.00138075101377215
1.774406875E-07, -0.00160600450803563
1.77442640625E-07, -0.00141676890677484
1.7744459375E-07, -0.00200378590004559
1.77446546875E-07, -0.00177044310270354
1.774485E-07, -0.00175545991866255
1.77450453125E-07, -0.00189791163143259
1.7745240625E-07, -0.00218729013983549
1.77454359375E-07, -0.00195638232443965
1.774563125E-07, -0.00189950018532935
1.77458265625E-07, -0.00169711086901902
1.7746021875E-07, -0.00219635107076309
1.77462171875E-07, -0.0020538305222818
1.77464125E-07, -0.00232180669002416
1.77466078125E-07, -0.00210243640706109
1.7746803125E-07, -0.00216586519407377
1.77469984375E-07, -0.0020104795955354
1.774719375E-07, -0.00249304210399855
1.77473890625E-07, -0.00242305854561642
1.7747584375E-07, -0.0024147983243045
1.77477796875E-07, -0.00259824222857947
1.7747975E-07, -0.00242473482562144
1.77481703125E-07, -0.00268512128830205
1.7748365625E-07, -0.00269221867453335
1.77485609375E-07, -0.00264401988975429
1.774875625E-07, -0.00229623057846977
1.77489515625E-07, -0.00276225140991397
1.7749146875E-07, -0.0028272501555801
1.77493421875E-07, -0.00293925989886285
1.77495375E-07, -0.00311709569710953
1.77497328125E-07, -0.00325843535520891
1.7749928125E-07, -0.00282126364398277
1.77501234375E-07, -0.00344522378083622
1.775031875E-07, -0.00325037781097534
1.77505140625E-07, -0.00341921143838535
1.7750709375E-07, -0.00333410993343387
1.77509046875E-07, -0.00351299320065163
1.77511E-07, -0.00377390912682277
1.77512953125E-07, -0.00367036731522633
1.7751490625E-07, -0.00324007991955452
1.77516859375E-07, -0.00335631874476849
1.775188125E-07, -0.00354794833906831
1.77520765625E-07, -0.00362708768580636
1.7752271875E-07, -0.00384044747024744
1.77524671875E-07, -0.00410506734047313
1.77526625E-07, -0.0039135675752002
1.77528578125E-07, -0.00377739535810315
1.7753053125E-07, -0.00380451458240924
1.77532484375E-07, -0.004151688773547
1.775344375E-07, -0.00407739398882799
1.77536390625E-07, -0.00426030727629322
1.7753834375E-07, -0.00403572574089504
1.77540296875E-07, -0.00412269809279659
1.7754225E-07, -0.00372151300721223
1.77544203125E-07, -0.00416601698815999
1.7754615625E-07, -0.00411911226314463
1.77548109375E-07, -0.00400093068450526
1.775500625E-07, -0.00435679373224663
1.77552015625E-07, -0.00424718407667568
1.7755396875E-07, -0.0041206662503502
1.77555921875E-07, -0.00388968944291752
1.77557875E-07, -0.00418956414269138
1.77559828125E-07, -0.00387783021028966
1.7756178125E-07, -0.00370711799466289
1.77563734375E-07, -0.00406002829121038
1.775656875E-07, -0.00404946101179232
1.77567640625E-07, -0.00346031613661039
1.7756959375E-07, -0.00388659616312883
1.77571546875E-07, -0.00347362285402269
1.775735E-07, -0.00389344972913428
1.77575453125E-07, -0.00355610393610126
1.7757740625E-07, -0.00357391337000776
1.77579359375E-07, -0.00374708319023953
1.775813125E-07, -0.0035382669075768
1.77583265625E-07, -0.00354605918393522
1.7758521875E-07, -0.00333722781023059
1.77587171875E-07, -0.00347241935718534
1.77589125E-07, -0.00325349400193289
1.77591078125E-07, -0.00307802839743518
1.7759303125E-07, -0.00313815006593564
1.77594984375E-07, -0.00297233307324114
1.775969375E-07, -0.00309162433681154
1.77598890625E-07, -0.00267967792592557
1.7760084375E-07, -0.00291324949434959
1.77602796875E-07, -0.00252197827491347
1.7760475E-07, -0.00252815420130279
1.77606703125E-07, -0.00261358290312197
1.7760865625E-07, -0.00220441690419996
1.77610609375E-07, -0.00266503757909766
1.776125625E-07, -0.00235380648726893
1.77614515625E-07, -0.00257837948126711
1.7761646875E-07, -0.00264779745097389
1.77618421875E-07, -0.00281212716760709
1.77620375E-07, -0.00241637867818656
1.77622328125E-07, -0.00206018758784065
1.7762428125E-07, -0.00251334461649323
1.77626234375E-07, -0.00271322486770047
1.776281875E-07, -0.00251211501601106
1.77630140625E-07, -0.00222573757643769
1.7763209375E-07, -0.00242579599768028
1.77634046875E-07, -0.00202566090350716


