File Format, WaveformXYValues
Format Version, 1
Instrument, N1045A,04F,LOJ
SwVersion, A.06.71.21
SerialNumber, MY56260108
Date, 11/29/2023 13:39:00 GMT+08:00

Source Name, Channel 1A

Points, 2048
Signal Type, Unspecified
Channel Bandwidth, 2E+10
Channel Noise, 6.66857143682292E-05
X Units, Second
Y Units, Volt
Data, 
1.73636E-07, -0.000782447917475448
1.73637953125E-07, -0.000740803000831254
1.7363990625E-07, -0.000723963865534055
1.73641859375E-07, -0.00102175411775458
1.736438125E-07, -0.000727086926478769
1.73645765625E-07, -0.000925912774765296
1.7364771875E-07, -0.00116653240306955
1.73649671875E-07, -0.000808004467117236
1.73651625E-07, -0.000875964261768688
1.73653578125E-07, -0.000970909362312126
1.7365553125E-07, -0.000959030429891546
1.73657484375E-07, -0.000618858190752141
1.736594375E-07, -0.000683926511934297
1.73661390625E-07, -0.00106623694298003
1.7366334375E-07, -0.000890380925256714
1.73665296875E-07, -0.00109940047033739
1.7366725E-07, -0.000937308199191177
1.73669203125E-07, -0.000916189793662771
1.7367115625E-07, -0.000767769966338108
1.73673109375E-07, -0.000779409657420839
1.736750625E-07, -0.000749627583442836
1.73677015625E-07, -0.00147431038425914
1.7367896875E-07, -0.00104327191234163
1.73680921875E-07, -0.000757932398225194
1.73682875E-07, -0.000916270358259975
1.73684828125E-07, -0.000997471374955073
1.7368678125E-07, -0.00107863413212613
1.73688734375E-07, -0.00146324111016815
1.736906875E-07, -0.00101032855427155
1.73692640625E-07, -0.00096843210921806
1.7369459375E-07, -0.00127085128618498
1.73696546875E-07, -0.00110573142684654
1.736985E-07, -0.00132794813117222
1.73700453125E-07, -0.00154820625705507
1.7370240625E-07, -0.00145048616549911
1.73704359375E-07, -0.000801812771460754
1.737063125E-07, -0.000954756680431582
1.73708265625E-07, -0.00131482937216581
1.7371021875E-07, -0.00124307103965662
1.73712171875E-07, -0.00170371720210364
1.73714125E-07, -0.000958520324557914
1.73716078125E-07, -0.00108679724573205
1.7371803125E-07, -0.00128685936267203
1.73719984375E-07, -0.0011266810305948
1.737219375E-07, -0.00105331329205467
1.73723890625E-07, -0.00115895343189049
1.7372584375E-07, -0.00126473291724127
1.73727796875E-07, -0.00152085291302945
1.7372975E-07, -0.00156815704522491
1.73731703125E-07, -0.00160153668938909
1.7373365625E-07, -0.00152626155953466
1.73735609375E-07, -0.00143508366310469
1.737375625E-07, -0.00146434241877586
1.73739515625E-07, -0.00147268553631257
1.7374146875E-07, -0.00157280955808222
1.73743421875E-07, -0.00168434058656299
1.73745375E-07, -0.00126948455219942
1.73747328125E-07, -0.00146169085249788
1.7374928125E-07, -0.0015426404061725
1.73751234375E-07, -0.00148010933983424
1.737531875E-07, -0.00173719084154797
1.73755140625E-07, -0.0014836908591837
1.7375709375E-07, -0.00197830777277303
1.73759046875E-07, -0.00120163625012198
1.73761E-07, -0.00145838538170785
1.73762953125E-07, -0.00141350196220366
1.7376490625E-07, -0.0015022321786287
1.73766859375E-07, -0.0012667770105498
1.737688125E-07, -0.00162753754938843
1.73770765625E-07, -0.00171589226206598
1.7377271875E-07, -0.00170194880156655
1.73774671875E-07, -0.00135773550439986
1.73776625E-07, -0.00176672689113498
1.73778578125E-07, -0.00209904719416179
1.7378053125E-07, -0.00164279307056252
1.73782484375E-07, -0.00216234987362972
1.737844375E-07, -0.00169482122317417
1.73786390625E-07, -0.00140259048342402
1.7378834375E-07, -0.00192566423792742
1.73790296875E-07, -0.00211285566929495
1.7379225E-07, -0.00220615686203485
1.73794203125E-07, -0.00182174497652699
1.7379615625E-07, -0.0014419471978435
1.73798109375E-07, -0.00212426055742995
1.738000625E-07, -0.00136466004063417
1.73802015625E-07, -0.00111626477161416
1.7380396875E-07, -0.00177431309424972
1.73805921875E-07, -0.00178091095399311
1.73807875E-07, -0.00222034683382066
1.73809828125E-07, -0.00148425940339374
1.7381178125E-07, -0.00227087090998449
1.73813734375E-07, -0.00197929457892288
1.738156875E-07, -0.00244866551574783
1.73817640625E-07, -0.0023045617041294
1.7381959375E-07, -0.00193563712896262
1.73821546875E-07, -0.00152943324746036
1.738235E-07, -0.00206174029870184
1.73825453125E-07, -0.00195675830037185
1.7382740625E-07, -0.00187558889512878
1.73829359375E-07, -0.0026879235409862
1.738313125E-07, -0.00202388458987882
1.73833265625E-07, -0.00237419608011244
1.7383521875E-07, -0.00299149991347437
1.73837171875E-07, -0.00275076879875895
1.73839125E-07, -0.00223800938430351
1.73841078125E-07, -0.00224418240318224
1.7384303125E-07, -0.00222023756574262
1.73844984375E-07, -0.00228985056372794
1.738469375E-07, -0.00290023296085375
1.73848890625E-07, -0.00179082912389995
1.7385084375E-07, -0.00209048672296791
1.73852796875E-07, -0.00262027852089001
1.7385475E-07, -0.00223573915051992
1.73856703125E-07, -0.00198046086464322
1.7385865625E-07, -0.00262980399146304
1.73860609375E-07, -0.00345767070892491
1.738625625E-07, -0.00307283547813654
1.73864515625E-07, -0.00252508708630528
1.7386646875E-07, -0.00282643421157058
1.73868421875E-07, -0.00234093843901292
1.73870375E-07, -0.00346367441885888
1.73872328125E-07, -0.0031949719278698
1.7387428125E-07, -0.0030225399255953
1.73876234375E-07, -0.0028281642318
1.738781875E-07, -0.00338283691935796
1.73880140625E-07, -0.00375064429314495
1.7388209375E-07, -0.00327662815549451
1.73884046875E-07, -0.00351884544675232
1.73886E-07, -0.00380060105929991
1.73887953125E-07, -0.00359787124132058
1.7388990625E-07, -0.00374454301001165
1.73891859375E-07, -0.00367285991753207
1.738938125E-07, -0.00347814864832615
1.73895765625E-07, -0.00376197863890706
1.7389771875E-07, -0.00381374191494823
1.73899671875E-07, -0.00396688461168102
1.73901625E-07, -0.00400650947544732
1.73903578125E-07, -0.00385299763073342
1.7390553125E-07, -0.00423461754333219
1.73907484375E-07, -0.00407676779372885
1.739094375E-07, -0.00424017795574227
1.73911390625E-07, -0.00380594482240725
1.7391334375E-07, -0.00412647523172678
1.73915296875E-07, -0.00428029722858818
1.7391725E-07, -0.00424796068223431
1.73919203125E-07, -0.00430494337388443
1.7392115625E-07, -0.00482229240865655
1.73923109375E-07, -0.00433887387279199
1.739250625E-07, -0.00482390055433498
1.73927015625E-07, -0.00474333878007631
1.7392896875E-07, -0.00454452775918044
1.73930921875E-07, -0.00522684941476803
1.73932875E-07, -0.00541091410108053
1.73934828125E-07, -0.00485062847170017
1.7393678125E-07, -0.00485925470069206
1.73938734375E-07, -0.0049480726297448
1.739406875E-07, -0.00482351568918429
1.73942640625E-07, -0.0048128256120518
1.7394459375E-07, -0.00498155383408731
1.73946546875E-07, -0.004947205441404
1.739485E-07, -0.00467023313964925
1.73950453125E-07, -0.00502964212445493
1.7395240625E-07, -0.00526357986532834
1.73954359375E-07, -0.00487765145907899
1.739563125E-07, -0.00513731298164694
1.73958265625E-07, -0.00528435169299706
1.7396021875E-07, -0.00417264803002702
1.73962171875E-07, -0.00484395861627249
1.73964125E-07, -0.00508677312140124
1.73966078125E-07, -0.00498837235631607
1.7396803125E-07, -0.00519810212477969
1.73969984375E-07, -0.00489079267841955
1.739719375E-07, -0.0047553123850162
1.73973890625E-07, -0.00500997730587492
1.7397584375E-07, -0.00498266994729706
1.73977796875E-07, -0.00485648543869875
1.7397975E-07, -0.00479639267697406
1.73981703125E-07, -0.0047607467068728
1.7398365625E-07, -0.00468196595283252
1.73985609375E-07, -0.00474363755030079
1.739875625E-07, -0.00439545135884053
1.73989515625E-07, -0.00480768317051944
1.7399146875E-07, -0.00458102667768074
1.73993421875E-07, -0.00430153099151372
1.73995375E-07, -0.00413101883841269
1.73997328125E-07, -0.00394884580137176
1.7399928125E-07, -0.00411453300857009
1.74001234375E-07, -0.00435255845253352
1.740031875E-07, -0.00315308360440879
1.74005140625E-07, -0.00348365290163146
1.7400709375E-07, -0.0032813081007146
1.74009046875E-07, -0.00367912750006162
1.74011E-07, -0.00243603103071987
1.74012953125E-07, -0.00251039781536428
1.7401490625E-07, -0.0024474715928839
1.74016859375E-07, -0.00206488356524926
1.740188125E-07, -0.000897579205541042
1.74020765625E-07, -0.00182937830404848
1.7402271875E-07, -0.00211374095153443
1.74024671875E-07, -0.00180502251652291
1.74026625E-07, -0.00172956598407529
1.74028578125E-07, -0.000972219373889807
1.7403053125E-07, -0.00142440637288681
1.74032484375E-07, -0.000749620972203925
1.740344375E-07, -0.00079982897535608
1.74036390625E-07, -0.000454370869875473
1.7403834375E-07, 0.000972147687002159
1.74040296875E-07, 3.04339422502907E-05
1.7404225E-07, 0.000923071145913498
1.74044203125E-07, 0.00127299327472715
1.7404615625E-07, 0.000527486974729054
1.74048109375E-07, 0.0013000564425314
1.740500625E-07, 0.00211825021763927
1.74052015625E-07, 0.00279510053207752
1.7405396875E-07, 0.00333493251501723
1.74055921875E-07, 0.00338412288477338
1.74057875E-07, 0.00488353518056152
1.74059828125E-07, 0.00321012945262043
1.7406178125E-07, 0.00338975834259825
1.74063734375E-07, 0.0033833012620209
1.740656875E-07, 0.00518999131016619
1.74067640625E-07, 0.00655118101337249
1.7406959375E-07, 0.00515163372363819
1.74071546875E-07, 0.00507496769219073
1.740735E-07, 0.00450510731966533
1.74075453125E-07, 0.00821688537365655
1.7407740625E-07, 0.0108946921209134
1.74079359375E-07, 0.00641489515470506
1.740813125E-07, 0.00908181335058259
1.74083265625E-07, 0.00855563069456688
1.7408521875E-07, 0.0108123226697737
1.74087171875E-07, 0.00924291264463242
1.74089125E-07, 0.00868668095329954
1.74091078125E-07, 0.0116029209164101
1.7409303125E-07, 0.0120279790259158
1.74094984375E-07, 0.0113299321093456
1.740969375E-07, 0.0151046142324707
1.74098890625E-07, 0.0125127596237986
1.7410084375E-07, 0.013203918820218
1.74102796875E-07, 0.0154832070558849
1.7410475E-07, 0.0148049447309096
1.74106703125E-07, 0.0133711271652134
1.7410865625E-07, 0.0156650582334189
1.74110609375E-07, 0.016062390211068
1.741125625E-07, 0.016267233698484
1.74114515625E-07, 0.0176054743442381
1.7411646875E-07, 0.0170171487571236
1.74118421875E-07, 0.0191017016100642
1.74120375E-07, 0.01849910981379
1.74122328125E-07, 0.0200883217805572
1.7412428125E-07, 0.0205372736499289
1.74126234375E-07, 0.0193384853878524
1.741281875E-07, 0.0218772440842549
1.74130140625E-07, 0.0203174102917619
1.7413209375E-07, 0.0230339402059139
1.74134046875E-07, 0.0232852561651405
1.74136E-07, 0.0240274041894097
1.74137953125E-07, 0.0266032146765718
1.7413990625E-07, 0.0233888860172026
1.74141859375E-07, 0.0255795803645644
1.741438125E-07, 0.0236127590617216
1.74145765625E-07, 0.0264384590642768
1.7414771875E-07, 0.0279618966384025
1.74149671875E-07, 0.0276620483910718
1.74151625E-07, 0.0288241920460724
1.74153578125E-07, 0.0267200490184526
1.7415553125E-07, 0.0293398017695126
1.74157484375E-07, 0.0299967722053039
1.741594375E-07, 0.0287403784436209
1.74161390625E-07, 0.0301379832066028
1.7416334375E-07, 0.0308208712537822
1.74165296875E-07, 0.0315914217939384
1.7416725E-07, 0.0319835927777209
1.74169203125E-07, 0.0324987907581292
1.7417115625E-07, 0.0316000478004466
1.74173109375E-07, 0.0273372062291409
1.741750625E-07, 0.0327829427092281
1.74177015625E-07, 0.0335034781470328
1.7417896875E-07, 0.0331469004339213
1.74180921875E-07, 0.0327959010666691
1.74182875E-07, 0.0332841472333228
1.74184828125E-07, 0.0346572924959718
1.7418678125E-07, 0.0343521355741156
1.74188734375E-07, 0.0344115443720775
1.741906875E-07, 0.0353693817829971
1.74192640625E-07, 0.0347093578218281
1.7419459375E-07, 0.0348424022495638
1.74196546875E-07, 0.0342599989592347
1.741985E-07, 0.0345384384197753
1.74200453125E-07, 0.0353710973561997
1.7420240625E-07, 0.035323129769479
1.74204359375E-07, 0.0335262787184665
1.742063125E-07, 0.0346274954805833
1.74208265625E-07, 0.0349353021674021
1.7421021875E-07, 0.0343702844771659
1.74212171875E-07, 0.0342883681175423
1.74214125E-07, 0.0343296431238025
1.74216078125E-07, 0.0337832843764742
1.7421803125E-07, 0.0333897754840685
1.74219984375E-07, 0.0344401581727767
1.742219375E-07, 0.0329198364182945
1.74223890625E-07, 0.0319208509325916
1.7422584375E-07, 0.0270901280487663
1.74227796875E-07, 0.0313796634038558
1.7422975E-07, 0.0311419924375902
1.74231703125E-07, 0.02994116392878
1.7423365625E-07, 0.0301494763413365
1.74235609375E-07, 0.0290439812484631
1.742375625E-07, 0.0279048357757761
1.74239515625E-07, 0.0298013227764663
1.7424146875E-07, 0.022818742409405
1.74243421875E-07, 0.0255862849848039
1.74245375E-07, 0.0251135819533641
1.74247328125E-07, 0.0201302486197577
1.7424928125E-07, 0.0228211073424418
1.74251234375E-07, 0.0212282600797277
1.742531875E-07, 0.0228236614893434
1.74255140625E-07, 0.0198807192689445
1.7425709375E-07, 0.0181080845157493
1.74259046875E-07, 0.0160511950870314
1.74261E-07, 0.0160842757852298
1.74262953125E-07, 0.0129167627623876
1.7426490625E-07, 0.0150164087209918
1.74266859375E-07, 0.00421164413146189
1.742688125E-07, 0.0137760605283863
1.74270765625E-07, 0.0126555918142577
1.7427271875E-07, 0.00667382733350504
1.74274671875E-07, 0.00776894910020971
1.74276625E-07, 0.00375243361619288
1.74278578125E-07, 0.000236210829517402
1.7428053125E-07, 0.00196125885049015
1.74282484375E-07, 0.000890283806622102
1.742844375E-07, -0.000422881971599433
1.74286390625E-07, -0.00189765163472589
1.7428834375E-07, -0.00675841751337694
1.74290296875E-07, -0.00285353742178001
1.7429225E-07, -0.0136905353982592
1.74294203125E-07, -0.0124787496864295
1.7429615625E-07, -0.0128401873998299
1.74298109375E-07, -0.0182130861145102
1.743000625E-07, -0.0147869245081613
1.74302015625E-07, -0.0249688079508603
1.7430396875E-07, -0.0229814490159432
1.74305921875E-07, -0.0266734613810524
1.74307875E-07, -0.0279819513954981
1.74309828125E-07, -0.0266695297825058
1.7431178125E-07, -0.033597148076
1.74313734375E-07, -0.033934067921708
1.743156875E-07, -0.0401555180580166
1.74317640625E-07, -0.0420661208278877
1.7431959375E-07, -0.0332896429422217
1.74321546875E-07, -0.0379371522950464
1.743235E-07, -0.0457981155364493
1.74325453125E-07, -0.0466298226554886
1.7432740625E-07, -0.0501095208982607
1.74329359375E-07, -0.048085419729068
1.743313125E-07, -0.0560436862980713
1.74333265625E-07, -0.0582736729780299
1.7433521875E-07, -0.0547529530459862
1.74337171875E-07, -0.0581613822925145
1.74339125E-07, -0.0547238839344434
1.74341078125E-07, -0.0685932225567874
1.7434303125E-07, -0.0676631474225671
1.74344984375E-07, -0.067062114940358
1.743469375E-07, -0.0699122245508036
1.74348890625E-07, -0.0669673369833233
1.7435084375E-07, -0.0721360444232547
1.74352796875E-07, -0.0820842052306828
1.7435475E-07, -0.0765584752797378
1.74356703125E-07, -0.0833336064666063
1.7435865625E-07, -0.0897312331631661
1.74360609375E-07, -0.0877703226141593
1.743625625E-07, -0.0911582513440175
1.74364515625E-07, -0.0832170055490839
1.7436646875E-07, -0.0933102214084839
1.74368421875E-07, -0.0967352010152169
1.74370375E-07, -0.0983210594102054
1.74372328125E-07, -0.101832537421317
1.7437428125E-07, -0.106428875134986
1.74376234375E-07, -0.104609659216162
1.743781875E-07, -0.101465029672701
1.74380140625E-07, -0.104495647161966
1.7438209375E-07, -0.110717230920729
1.74384046875E-07, -0.100111625935552
1.74386E-07, -0.108397453438755
1.74387953125E-07, -0.113720534532007
1.7438990625E-07, -0.11671460844027
1.74391859375E-07, -0.116960293871416
1.743938125E-07, -0.117852416410039
1.74395765625E-07, -0.119024247314551
1.7439771875E-07, -0.116081565487139
1.74399671875E-07, -0.11287257367865
1.74401625E-07, -0.120650869171704
1.74403578125E-07, -0.121073408865355
1.7440553125E-07, -0.12240559250868
1.74407484375E-07, -0.120888772877806
1.744094375E-07, -0.122215128118283
1.74411390625E-07, -0.12206734021638
1.7441334375E-07, -0.112754434095883
1.74415296875E-07, -0.121780250734172
1.7441725E-07, -0.117459683864937
1.74419203125E-07, -0.119494945516733
1.7442115625E-07, -0.114462940764616
1.74423109375E-07, -0.121743129187069
1.744250625E-07, -0.111586497598725
1.74427015625E-07, -0.111218212734368
1.7442896875E-07, -0.117725584149617
1.74430921875E-07, -0.108892439674837
1.74432875E-07, -0.108678323771338
1.74434828125E-07, -0.115862250397291
1.7443678125E-07, -0.105638580619034
1.74438734375E-07, -0.104683361326197
1.744406875E-07, -0.105251681592346
1.74442640625E-07, -0.100346622003866
1.7444459375E-07, -0.108743292859717
1.74446546875E-07, -0.104015621787354
1.744485E-07, -0.0972499304600966
1.74450453125E-07, -0.0958707297244357
1.7445240625E-07, -0.0806590958023469
1.74454359375E-07, -0.0927255072518247
1.744563125E-07, -0.074968968675507
1.74458265625E-07, -0.0774698026669267
1.7446021875E-07, -0.0776360319186275
1.74462171875E-07, -0.0665803746353757
1.74464125E-07, -0.0684815477766461
1.74466078125E-07, -0.0677437569885727
1.7446803125E-07, -0.0559601630180414
1.74469984375E-07, -0.0500472459719699
1.744719375E-07, -0.0561006263449728
1.74473890625E-07, -0.0374353467016612
1.7447584375E-07, -0.0442432918444367
1.74477796875E-07, -0.0301803762278481
1.7447975E-07, -0.0505153668844547
1.74481703125E-07, -0.0249639591594885
1.7448365625E-07, -0.0246027672901835
1.74485609375E-07, -0.0246345017750966
1.744875625E-07, -0.0240232052901153
1.74489515625E-07, -0.0143259235809959
1.7449146875E-07, -0.0196943369202384
1.74493421875E-07, 0.000312911261976305
1.74495375E-07, -0.00462380684368812
1.74497328125E-07, 0.00295864162857714
1.7449928125E-07, 0.00497712589302452
1.74501234375E-07, 0.0126219651446669
1.745031875E-07, 0.00834586511979651
1.74505140625E-07, 0.0259663447064508
1.7450709375E-07, 0.0267975787513588
1.74509046875E-07, 0.0329224353234952
1.74511E-07, 0.020542529555047
1.74512953125E-07, 0.0362203855454061
1.7451490625E-07, 0.0425385511564015
1.74516859375E-07, 0.0502127473363592
1.745188125E-07, 0.0474621158664937
1.74520765625E-07, 0.0461014558705286
1.7452271875E-07, 0.0628749119850847
1.74524671875E-07, 0.0668242116439239
1.74526625E-07, 0.0602257791418913
1.74528578125E-07, 0.0741614314168197
1.7453053125E-07, 0.0667926741126195
1.74532484375E-07, 0.0701743654610962
1.745344375E-07, 0.0789257263584623
1.74536390625E-07, 0.0818169645660972
1.7453834375E-07, 0.0827941085756821
1.74540296875E-07, 0.0837838875409179
1.7454225E-07, 0.0857250305743236
1.74544203125E-07, 0.0843041399409747
1.7454615625E-07, 0.0896325927716407
1.74548109375E-07, 0.0988968038592981
1.745500625E-07, 0.0865248111497085
1.74552015625E-07, 0.0939410032336472
1.7455396875E-07, 0.0862178703169038
1.74555921875E-07, 0.0984543011462977
1.74557875E-07, 0.100623555376381
1.74559828125E-07, 0.0971158006478939
1.7456178125E-07, 0.101156546810989
1.74563734375E-07, 0.092719431212716
1.745656875E-07, 0.096695061238436
1.74567640625E-07, 0.0989626749418009
1.7456959375E-07, 0.0917342874756142
1.74571546875E-07, 0.0985152907408161
1.745735E-07, 0.100047210293183
1.74575453125E-07, 0.0944257467582933
1.7457740625E-07, 0.0979054700466166
1.74579359375E-07, 0.0929271311195623
1.745813125E-07, 0.0884020565093705
1.74583265625E-07, 0.0988775770196616
1.7458521875E-07, 0.0899321565385454
1.74587171875E-07, 0.0917479793511103
1.74589125E-07, 0.0920807918101482
1.74591078125E-07, 0.0955578945196354
1.7459303125E-07, 0.088618293629763
1.74594984375E-07, 0.0898945627141565
1.745969375E-07, 0.0850250010325731
1.74598890625E-07, 0.0809910443668319
1.7460084375E-07, 0.071743041247508
1.74602796875E-07, 0.0633461180872871
1.7460475E-07, 0.084828316984589
1.74606703125E-07, 0.0814016503910224
1.7460865625E-07, 0.0762250845727622
1.74610609375E-07, 0.0724387090321109
1.746125625E-07, 0.0663729271894652
1.74614515625E-07, 0.0722495843141288
1.7461646875E-07, 0.0711796857593791
1.74618421875E-07, 0.0636384096367286
1.74620375E-07, 0.0665282513032185
1.74622328125E-07, 0.0598207609227388
1.7462428125E-07, 0.0628419614787879
1.74626234375E-07, 0.0621881596829363
1.746281875E-07, 0.0505939464041811
1.74630140625E-07, 0.0551446393605881
1.7463209375E-07, 0.0529721640801282
1.74634046875E-07, 0.0561791141244974
1.74636E-07, 0.0483277085688976
1.74637953125E-07, 0.0411902966531258
1.7463990625E-07, 0.0500358248262079
1.74641859375E-07, 0.0532904720595358
1.746438125E-07, 0.0391066464530764
1.74645765625E-07, 0.0421571112170656
1.7464771875E-07, 0.0396053040388804
1.74649671875E-07, 0.0389004092725501
1.74651625E-07, 0.0369483691688546
1.74653578125E-07, 0.0309254659663795
1.7465553125E-07, 0.0338784941170001
1.74657484375E-07, 0.0309838109428919
1.746594375E-07, 0.0285880478807235
1.74661390625E-07, 0.0313160267561303
1.7466334375E-07, 0.0303582144510896
1.74665296875E-07, 0.0265499163641536
1.7466725E-07, 0.023426830306889
1.74669203125E-07, 0.0233906810200398
1.7467115625E-07, 0.0251284609120756
1.74673109375E-07, 0.0242787902789431
1.746750625E-07, 0.0302622365433243
1.74677015625E-07, 0.0225685341138827
1.7467896875E-07, 0.0238638723174043
1.74680921875E-07, 0.0215839330447737
1.74682875E-07, 0.0207806896258693
1.74684828125E-07, 0.0213178866649271
1.7468678125E-07, 0.0207524293307918
1.74688734375E-07, 0.0187484805061148
1.746906875E-07, 0.0243840408506653
1.74692640625E-07, 0.0202173825222009
1.7469459375E-07, 0.019678282357753
1.74696546875E-07, 0.0184272028190174
1.746985E-07, 0.018849575315507
1.74700453125E-07, 0.0180725485728411
1.7470240625E-07, 0.0185164999238641
1.74704359375E-07, 0.0187348085421833
1.747063125E-07, 0.0204945723987741
1.74708265625E-07, 0.018377712181004
1.7471021875E-07, 0.0183794376951285
1.74712171875E-07, 0.0192843155118398
1.74714125E-07, 0.01842963792165
1.74716078125E-07, 0.0188694091696385
1.7471803125E-07, 0.0189398738317952
1.74719984375E-07, 0.0184322647889779
1.747219375E-07, 0.018209536857273
1.74723890625E-07, 0.0191054665899959
1.7472584375E-07, 0.0197241966124571
1.74727796875E-07, 0.0194798312334695
1.7472975E-07, 0.0215700142434409
1.74731703125E-07, 0.018359765551558
1.7473365625E-07, 0.0177144580792759
1.74735609375E-07, 0.0187155817400222
1.747375625E-07, 0.0186630002399732
1.74739515625E-07, 0.019093243662285
1.7474146875E-07, 0.0176300657035581
1.74743421875E-07, 0.0185434881556776
1.74745375E-07, 0.0180538103013623
1.74747328125E-07, 0.0168735074983376
1.7474928125E-07, 0.0160337436134151
1.74751234375E-07, 0.0183377538490684
1.747531875E-07, 0.0167206289532605
1.74755140625E-07, 0.0186598258828274
1.7475709375E-07, 0.0176642021983005
1.74759046875E-07, 0.0158654013017728
1.74761E-07, 0.0159965527250885
1.74762953125E-07, 0.0139715813212443
1.7476490625E-07, 0.0176377184276756
1.74766859375E-07, 0.0164857465784832
1.747688125E-07, 0.0149862293811145
1.74770765625E-07, 0.0136796361787143
1.7477271875E-07, 0.0128027357925942
1.74774671875E-07, 0.012910706511034
1.74776625E-07, 0.0118933829496203
1.74778578125E-07, 0.0120404838403089
1.7478053125E-07, 0.0125939590655304
1.74782484375E-07, 0.0102669433163837
1.747844375E-07, 0.00944515557296268
1.74786390625E-07, 0.00917706436112315
1.7478834375E-07, 0.00783616206579212
1.74790296875E-07, 0.0109882855171774
1.7479225E-07, 0.00664797123393254
1.74794203125E-07, 0.00510434834003644
1.7479615625E-07, 0.00565579930242132
1.74798109375E-07, 0.00534131261918535
1.748000625E-07, 0.00741798794772167
1.74802015625E-07, 0.00490593786893766
1.7480396875E-07, 0.00255797767985158
1.74805921875E-07, 0.00333280977429429
1.74807875E-07, 0.000866008333810222
1.74809828125E-07, 0.00274660295685542
1.7481178125E-07, -0.000183289003275003
1.74813734375E-07, 5.75038530037914E-05
1.748156875E-07, 0.000973700762047776
1.74817640625E-07, -0.00181409392348329
1.7481959375E-07, -0.000554046265142824
1.74821546875E-07, -0.00190442662746963
1.748235E-07, -0.0032093121556592
1.74825453125E-07, -0.00180178349179963
1.7482740625E-07, -0.0041282365768738
1.74829359375E-07, -0.00395691109488224
1.748313125E-07, -0.00538189009013787
1.74833265625E-07, -0.00550899193108588
1.7483521875E-07, -0.0044468722668176
1.74837171875E-07, -0.00469011109276129
1.74839125E-07, -0.00524843835568815
1.74841078125E-07, -0.00629862848310959
1.7484303125E-07, -0.00685864593209665
1.74844984375E-07, -0.0065298616223676
1.748469375E-07, -0.0075059177886338
1.74848890625E-07, -0.0081295479518565
1.7485084375E-07, -0.00796691074799363
1.74852796875E-07, -0.00872360589395704
1.7485475E-07, -0.00806781837468136
1.74856703125E-07, -0.0081215149295569
1.7485865625E-07, -0.00828800213241868
1.74860609375E-07, -0.00843373384825377
1.748625625E-07, -0.00757468782841688
1.74864515625E-07, -0.00782961015327109
1.7486646875E-07, -0.00826634079077666
1.74868421875E-07, -0.00838128059586469
1.74870375E-07, -0.00829219379985904
1.74872328125E-07, -0.00895746618374876
1.7487428125E-07, -0.00844875754117686
1.74876234375E-07, -0.00740917230256269
1.748781875E-07, -0.00824091854937101
1.74880140625E-07, -0.00800700488617679
1.7488209375E-07, -0.00734840055179067
1.74884046875E-07, -0.00817456992163892
1.74886E-07, -0.00790554127607599
1.74887953125E-07, -0.00729272885942573
1.7488990625E-07, -0.00792489234403431
1.74891859375E-07, -0.0076303356762507
1.748938125E-07, -0.00636236047394874
1.74895765625E-07, -0.00723806990925443
1.7489771875E-07, -0.00548637434770078
1.74899671875E-07, -0.00630744997090286
1.74901625E-07, -0.00545064780244056
1.74903578125E-07, -0.00578226926572822
1.7490553125E-07, -0.00460372417836092
1.74907484375E-07, -0.00479846638908144
1.749094375E-07, -0.00528637554786914
1.74911390625E-07, -0.00362397626256565
1.7491334375E-07, -0.0042810080684245
1.74915296875E-07, -0.00399331542194616
1.7491725E-07, -0.00301964700999317
1.74919203125E-07, -0.00369717253500742
1.7492115625E-07, -0.00318489764624436
1.74923109375E-07, -0.00283837773818674
1.749250625E-07, -0.00287872371397299
1.74927015625E-07, -0.00195999283528506
1.7492896875E-07, -0.00259642979292988
1.74930921875E-07, -0.00199507840242575
1.74932875E-07, -0.00147516464850355
1.74934828125E-07, -0.00165886475595042
1.7493678125E-07, -0.0012240120901665
1.74938734375E-07, -0.000762183494375947
1.749406875E-07, -0.000846727451303343
1.74942640625E-07, -0.000214186011494495
1.7494459375E-07, -0.000645206686433298
1.74946546875E-07, -0.00081891570907464
1.749485E-07, 0.00026135759032732
1.74950453125E-07, 2.82027811005204E-05
1.7495240625E-07, 0.000200206381142393
1.74954359375E-07, 0.000102645974698292
1.749563125E-07, -0.000421280901929976
1.74958265625E-07, 0.000867479242801465
1.7496021875E-07, 0.000279363716117802
1.74962171875E-07, 0.00109374675785407
1.74964125E-07, 0.00124528829927721
1.74966078125E-07, 0.0015355692504705
1.7496803125E-07, 0.000764390727527911
1.74969984375E-07, 0.000811477575050004
1.749719375E-07, 0.0011019939087348
1.74973890625E-07, 0.00133768791502982
1.7497584375E-07, 0.00157738089962184
1.74977796875E-07, 0.00142016255366602
1.7497975E-07, 0.00133641994766085
1.74981703125E-07, 0.000942793696646452
1.7498365625E-07, 0.000502840268183043
1.74985609375E-07, 0.00132532074422827
1.749875625E-07, 0.00179537885763534
1.74989515625E-07, 0.00113791768055755
1.7499146875E-07, 0.000992341739127657
1.74993421875E-07, 0.000748307477519644
1.74995375E-07, 0.00110033732067788
1.74997328125E-07, 0.00138518703552319
1.7499928125E-07, 0.000194795995620404
1.75001234375E-07, 0.000304876315692695
1.750031875E-07, -0.00117976049683235
1.75005140625E-07, 0.000984063004740082
1.7500709375E-07, 0.000279170845081435
1.75009046875E-07, 0.000165775075251912
1.75011E-07, 4.8583233315916E-05
1.75012953125E-07, -0.000733193688927336
1.7501490625E-07, -0.000868719765496309
1.75016859375E-07, -0.000825365479990217
1.750188125E-07, -0.00183061657149021
1.75020765625E-07, -0.00132639482348819
1.7502271875E-07, -0.00229213955726875
1.75024671875E-07, -0.00190311649391205
1.75026625E-07, -0.00253783560334195
1.75028578125E-07, -0.00202982201790955
1.7503053125E-07, -0.00214764341556949
1.75032484375E-07, -0.00419875092329993
1.750344375E-07, -0.00498978920833119
1.75036390625E-07, -0.00349908118894995
1.7503834375E-07, -0.00370296113127161
1.75040296875E-07, -0.00319364814275231
1.7504225E-07, -0.00465555223769652
1.75044203125E-07, -0.00453217081610734
1.7504615625E-07, -0.00436603069411145
1.75048109375E-07, -0.00636705725448436
1.750500625E-07, -0.00658118023363801
1.75052015625E-07, -0.00681753313662272
1.7505396875E-07, -0.00656150857835834
1.75055921875E-07, -0.00632009107524068
1.75057875E-07, -0.00804701714569397
1.75059828125E-07, -0.0078672897161033
1.7506178125E-07, -0.00910220689768947
1.75063734375E-07, -0.00949088039717001
1.750656875E-07, -0.00981756091821438
1.75067640625E-07, -0.00898164664326366
1.7506959375E-07, -0.00963768669549209
1.75071546875E-07, -0.0105261778930439
1.750735E-07, -0.0124597989323806
1.75075453125E-07, -0.0123357991056628
1.7507740625E-07, -0.0134459484780407
1.75079359375E-07, -0.0131699546649674
1.750813125E-07, -0.0144925827642359
1.75083265625E-07, -0.0144366761548461
1.7508521875E-07, -0.0136555361206595
1.75087171875E-07, -0.0150962572234543
1.75089125E-07, -0.0154243851166698
1.75091078125E-07, -0.0155102205373401
1.7509303125E-07, -0.0187239757778471
1.75094984375E-07, -0.0170479398666915
1.750969375E-07, -0.0182098149776612
1.75098890625E-07, -0.0184946054325874
1.7510084375E-07, -0.0167193969466229
1.75102796875E-07, -0.0201215660492148
1.7510475E-07, -0.0198954662489459
1.75106703125E-07, -0.0198418396289202
1.7510865625E-07, -0.0222508957542257
1.75110609375E-07, -0.0199050458511939
1.751125625E-07, -0.0219924883559207
1.75114515625E-07, -0.0228191469219292
1.7511646875E-07, -0.0222700123831606
1.75118421875E-07, -0.0252413195213551
1.75120375E-07, -0.022555523071621
1.75122328125E-07, -0.0242890397494971
1.7512428125E-07, -0.0263227003133593
1.75126234375E-07, -0.0245127820849223
1.751281875E-07, -0.0256784586862846
1.75130140625E-07, -0.026618458659333
1.7513209375E-07, -0.0258546197522163
1.75134046875E-07, -0.02768185127178
1.75136E-07, -0.025981333490591
1.75137953125E-07, -0.0285858661483805
1.7513990625E-07, -0.0279728300041316
1.75141859375E-07, -0.0302503880496225
1.751438125E-07, -0.0291715185136704
1.75145765625E-07, -0.0290839175627588
1.7514771875E-07, -0.0304115635638416
1.75149671875E-07, -0.0308218538275964
1.75151625E-07, -0.0303309423032279
1.75153578125E-07, -0.0311047222951392
1.7515553125E-07, -0.0309639565390068
1.75157484375E-07, -0.0314485243211321
1.751594375E-07, -0.0301413121803129
1.75161390625E-07, -0.0312857940344163
1.7516334375E-07, -0.0318263455522452
1.75165296875E-07, -0.0316250815285908
1.7516725E-07, -0.0321769662130249
1.75169203125E-07, -0.0325182643603036
1.7517115625E-07, -0.032001990168616
1.75173109375E-07, -0.0315092872154694
1.751750625E-07, -0.0327692428870113
1.75177015625E-07, -0.0323947176705787
1.7517896875E-07, -0.0322221655054875
1.75180921875E-07, -0.0322336091714326
1.75182875E-07, -0.0321374949365079
1.75184828125E-07, -0.0323570912625466
1.7518678125E-07, -0.0318107010475597
1.75188734375E-07, -0.0331252242666558
1.751906875E-07, -0.0324520330604305
1.75192640625E-07, -0.0323681303179039
1.7519459375E-07, -0.0310970555455382
1.75196546875E-07, -0.0316862811060955
1.751985E-07, -0.0318268288446627
1.75200453125E-07, -0.0329612838834322
1.7520240625E-07, -0.0317181532978802
1.75204359375E-07, -0.0304649675961368
1.752063125E-07, -0.0314210974616261
1.75208265625E-07, -0.0317074883965143
1.7521021875E-07, -0.0312919459212517
1.75212171875E-07, -0.0303552379059735
1.75214125E-07, -0.0294147642197431
1.75216078125E-07, -0.028720830103902
1.7521803125E-07, -0.0296870670121313
1.75219984375E-07, -0.0300473236919924
1.752219375E-07, -0.0297432528514636
1.75223890625E-07, -0.0293786190557558
1.7522584375E-07, -0.0288671210612458
1.75227796875E-07, -0.0281081118345072
1.7522975E-07, -0.0281053740494744
1.75231703125E-07, -0.0280944242706928
1.7523365625E-07, -0.0284759747945838
1.75235609375E-07, -0.0276573733736909
1.752375625E-07, -0.0264059210781223
1.75239515625E-07, -0.026181556665018
1.7524146875E-07, -0.0268437815222882
1.75243421875E-07, -0.0262613962916687
1.75245375E-07, -0.0245700231874097
1.75247328125E-07, -0.0255903395572207
1.7524928125E-07, -0.0249827275527345
1.75251234375E-07, -0.023807036643609
1.752531875E-07, -0.023661430381915
1.75255140625E-07, -0.0234951610348929
1.7525709375E-07, -0.0231142626095902
1.75259046875E-07, -0.0229426945404211
1.75261E-07, -0.0239420091046217
1.75262953125E-07, -0.0222848867194304
1.7526490625E-07, -0.0217292741351394
1.75266859375E-07, -0.0213433401435167
1.752688125E-07, -0.0207892848645541
1.75270765625E-07, -0.0227623238307048
1.7527271875E-07, -0.0205566343935091
1.75274671875E-07, -0.0209982190469293
1.75276625E-07, -0.0194265372145036
1.75278578125E-07, -0.0197052171166254
1.7528053125E-07, -0.0193662657436585
1.75282484375E-07, -0.0202450869751405
1.752844375E-07, -0.01916781369647
1.75286390625E-07, -0.0185214491155482
1.7528834375E-07, -0.0171228217210544
1.75290296875E-07, -0.0187468077071918
1.7529225E-07, -0.016853395500809
1.75294203125E-07, -0.0176549483842705
1.7529615625E-07, -0.0164954036119947
1.75298109375E-07, -0.0153403337246092
1.753000625E-07, -0.0157109560039311
1.75302015625E-07, -0.0162137861410741
1.7530396875E-07, -0.0142110771792682
1.75305921875E-07, -0.0140125594475499
1.75307875E-07, -0.0129403241367896
1.75309828125E-07, -0.0133087431528554
1.7531178125E-07, -0.0139290658779279
1.75313734375E-07, -0.0116891784702055
1.753156875E-07, -0.0122174435746404
1.75317640625E-07, -0.0117230124061604
1.7531959375E-07, -0.0103266358502522
1.75321546875E-07, -0.0119591244892125
1.753235E-07, -0.00960497486550026
1.75325453125E-07, -0.0093956496965493
1.7532740625E-07, -0.00888555639629023
1.75329359375E-07, -0.00879365687866636
1.753313125E-07, -0.00814966186452253
1.75333265625E-07, -0.00693272986314488
1.7533521875E-07, -0.00878589349078094
1.75337171875E-07, -0.00714382241195154
1.75339125E-07, -0.00688149196772941
1.75341078125E-07, -0.00546686888680479
1.7534303125E-07, -0.00643742244848241
1.75344984375E-07, -0.00671568288202592
1.753469375E-07, -0.00624597572312333
1.75348890625E-07, -0.00384996951743127
1.7535084375E-07, -0.00467213490884878
1.75352796875E-07, -0.00527038687925307
1.7535475E-07, -0.00331722202837299
1.75356703125E-07, -0.00441851951941138
1.7535865625E-07, -0.00286195132175454
1.75360609375E-07, -0.0029142521605341
1.753625625E-07, -0.00284888147398597
1.75364515625E-07, -0.00234785976457203
1.7536646875E-07, -0.00224749834326365
1.75368421875E-07, -0.0020812484223309
1.75370375E-07, -0.00272896605752606
1.75372328125E-07, -0.00280162940548424
1.7537428125E-07, -0.000727919209387584
1.75376234375E-07, -0.000684491883266492
1.753781875E-07, -0.000618341540679891
1.75380140625E-07, -0.000318707550829818
1.7538209375E-07, -3.78511283880321E-05
1.75384046875E-07, -0.00305711680564108
1.75386E-07, -0.000172260520092589
1.75387953125E-07, 0.00132564239561316
1.7538990625E-07, 0.00168642158644868
1.75391859375E-07, 0.00141299281700383
1.753938125E-07, 0.00141181825225534
1.75395765625E-07, 0.00164380736228453
1.7539771875E-07, 0.00219427305208809
1.75399671875E-07, 0.00183164132260954
1.75401625E-07, 0.0025054225086017
1.75403578125E-07, 0.00246042822099124
1.7540553125E-07, 0.00163453032185543
1.75407484375E-07, 0.00310653960738734
1.754094375E-07, 0.00322537846143153
1.75411390625E-07, 0.0021082877709111
1.7541334375E-07, 0.00286035749468927
1.75415296875E-07, 0.00335809151833455
1.7541725E-07, 0.00380378423233539
1.75419203125E-07, 0.00459492209126491
1.7542115625E-07, 0.00404937367196441
1.75423109375E-07, 0.00472527323639992
1.754250625E-07, 0.00422516718839871
1.75427015625E-07, 0.00391570322959054
1.7542896875E-07, 0.00454279524291082
1.75430921875E-07, 0.00446345138871107
1.75432875E-07, 0.00494974018088128
1.75434828125E-07, 0.00405034169335314
1.7543678125E-07, 0.00524377858560598
1.75438734375E-07, 0.00582302412129408
1.754406875E-07, 0.0055980296308009
1.75442640625E-07, 0.00625569536889756
1.7544459375E-07, 0.00637803420029735
1.75446546875E-07, 0.00612689809040469
1.754485E-07, 0.00731193920146349
1.75450453125E-07, 0.00700486381926184
1.7545240625E-07, 0.00618350577674751
1.75454359375E-07, 0.00770967544283683
1.754563125E-07, 0.00713211620620763
1.75458265625E-07, 0.00643757760378
1.7546021875E-07, 0.00751927586563596
1.75462171875E-07, 0.00790479482053889
1.75464125E-07, 0.00792171099333642
1.75466078125E-07, 0.00828922728023662
1.7546803125E-07, 0.00849171638448559
1.75469984375E-07, 0.00858771370623741
1.754719375E-07, 0.00877096358168084
1.75473890625E-07, 0.0092451281762614
1.7547584375E-07, 0.0095841297052224
1.75477796875E-07, 0.00897018231310928
1.7547975E-07, 0.00989151707782951
1.75481703125E-07, 0.00995027732474109
1.7548365625E-07, 0.0104614977284329
1.75485609375E-07, 0.00900713221701593
1.754875625E-07, 0.0102628714785575
1.75489515625E-07, 0.0107807678438068
1.7549146875E-07, 0.0108745670201908
1.75493421875E-07, 0.01189413635591
1.75495375E-07, 0.0102821682918425
1.75497328125E-07, 0.011263036289159
1.7549928125E-07, 0.0118560884689777
1.75501234375E-07, 0.0117010053652318
1.755031875E-07, 0.0123013215930116
1.75505140625E-07, 0.0124435721187429
1.7550709375E-07, 0.0126860000317976
1.75509046875E-07, 0.0127571598330499
1.75511E-07, 0.0119613480622002
1.75512953125E-07, 0.012703058879828
1.7551490625E-07, 0.01373206015994
1.75516859375E-07, 0.0132369112187997
1.755188125E-07, 0.0135725461946733
1.75520765625E-07, 0.0135495139372245
1.7552271875E-07, 0.0135080684996813
1.75524671875E-07, 0.0133268948580466
1.75526625E-07, 0.0137847944216144
1.75528578125E-07, 0.0142479908912936
1.7553053125E-07, 0.0134399936440923
1.75532484375E-07, 0.0143365964690297
1.755344375E-07, 0.013658086521134
1.75536390625E-07, 0.0138109634759552
1.7553834375E-07, 0.0141973556549261
1.75540296875E-07, 0.0142134482156554
1.7554225E-07, 0.0142410746096332
1.75544203125E-07, 0.0143519055251847
1.7554615625E-07, 0.0137382429366332
1.75548109375E-07, 0.0143168272893496
1.755500625E-07, 0.013779682124946
1.75552015625E-07, 0.0133257476700926
1.7555396875E-07, 0.0130306598738652
1.75555921875E-07, 0.0137248595387729
1.75557875E-07, 0.0125828079420246
1.75559828125E-07, 0.0128238339012659
1.7556178125E-07, 0.0127639404057444
1.75563734375E-07, 0.0120669249254039
1.755656875E-07, 0.0125859995720234
1.75567640625E-07, 0.0128173226872698
1.7556959375E-07, 0.0122376206388049
1.75571546875E-07, 0.0120998141935452
1.755735E-07, 0.0113692170162172
1.75575453125E-07, 0.0122653105540628
1.7557740625E-07, 0.0110391312752426
1.75579359375E-07, 0.0102984938122602
1.755813125E-07, 0.0108250514244168
1.75583265625E-07, 0.00970586026742083
1.7558521875E-07, 0.0103459596016379
1.75587171875E-07, 0.0105444646530422
1.75589125E-07, 0.0090925019407841
1.75591078125E-07, 0.00989118443073422
1.7559303125E-07, 0.0096488543436811
1.75594984375E-07, 0.0089192283749211
1.755969375E-07, 0.00952853841343589
1.75598890625E-07, 0.00791264199029871
1.7560084375E-07, 0.00929727620522014
1.75602796875E-07, 0.00762797184883766
1.7560475E-07, 0.00748916116202415
1.75606703125E-07, 0.00748676968054719
1.7560865625E-07, 0.00673987188492162
1.75610609375E-07, 0.00658287549183386
1.756125625E-07, 0.00570715444633742
1.75614515625E-07, 0.0050058968635964
1.7561646875E-07, 0.00598006657403903
1.75618421875E-07, 0.00527493182795711
1.75620375E-07, 0.00564860906184557
1.75622328125E-07, 0.00505179055785688
1.7562428125E-07, 0.00458550532555675
1.75626234375E-07, 0.00594258282831841
1.756281875E-07, 0.00408509406908646
1.75630140625E-07, 0.00378002432703149
1.7563209375E-07, 0.00480738682101185
1.75634046875E-07, 0.00333933862793444
1.75636E-07, 0.00411339810904148
1.75637953125E-07, 0.00443647035738485
1.7563990625E-07, 0.00323501017246097
1.75641859375E-07, 0.00358312016905363
1.756438125E-07, 0.00275945246895095
1.75645765625E-07, 0.00357699626105348
1.7564771875E-07, 0.00348224544564029
1.75649671875E-07, 0.00330154479352596
1.75651625E-07, 0.00281183682171935
1.75653578125E-07, 0.0023512320109915
1.7565553125E-07, 0.00240006372270249
1.75657484375E-07, 0.00291177394422223
1.756594375E-07, 0.00248206290771771
1.75661390625E-07, 0.0031711190641438
1.7566334375E-07, 0.00238211299237732
1.75665296875E-07, 0.00272356543084923
1.7566725E-07, 0.00219009068116389
1.75669203125E-07, 0.00321251601818117
1.7567115625E-07, 0.00232332314312086
1.75673109375E-07, 0.00287148240830953
1.756750625E-07, 0.00258573242496893
1.75677015625E-07, 0.00266267330090056
1.7567896875E-07, 0.00273340597154503
1.75680921875E-07, 0.00375844631384919
1.75682875E-07, 0.00321292807534945
1.75684828125E-07, 0.00290447831761653
1.7568678125E-07, 0.0034206809215059
1.75688734375E-07, 0.00323569300238915
1.756906875E-07, 0.0034163889897311
1.75692640625E-07, 0.0041514149004259
1.7569459375E-07, 0.00354807073944406
1.75696546875E-07, 0.00370473430716337
1.756985E-07, 0.00361315182062482
1.75700453125E-07, 0.00453914476334077
1.7570240625E-07, 0.00440323613295104
1.75704359375E-07, 0.00461788822584228
1.757063125E-07, 0.0045502936252488
1.75708265625E-07, 0.00451392611357036
1.7571021875E-07, 0.00455098327060982
1.75712171875E-07, 0.00461436979117707
1.75714125E-07, 0.00450981515550126
1.75716078125E-07, 0.00490583697033712
1.7571803125E-07, 0.00501573872808075
1.75719984375E-07, 0.0055023745327909
1.757219375E-07, 0.00611023524845468
1.75723890625E-07, 0.00608197843721972
1.7572584375E-07, 0.00570867748092362
1.75727796875E-07, 0.00591757986267894
1.7572975E-07, 0.00597285319463919
1.75731703125E-07, 0.00652689169289975
1.7573365625E-07, 0.00684438643670774
1.75735609375E-07, 0.0063608420281871
1.757375625E-07, 0.00683032665776485
1.75739515625E-07, 0.00637964442483815
1.7574146875E-07, 0.00643816567873939
1.75743421875E-07, 0.00775403056435711
1.75745375E-07, 0.00767391258944926
1.75747328125E-07, 0.0071168668181321
1.7574928125E-07, 0.00771346429347218
1.75751234375E-07, 0.00732603624042327
1.757531875E-07, 0.00821051505871906
1.75755140625E-07, 0.00805415914787122
1.7575709375E-07, 0.00868515221925434
1.75759046875E-07, 0.00839282395609203
1.75761E-07, 0.00791357218247107
1.75762953125E-07, 0.00850202411934072
1.7576490625E-07, 0.00853462664114224
1.75766859375E-07, 0.00872100664144711
1.757688125E-07, 0.00843615713346316
1.75770765625E-07, 0.00865947664498007
1.7577271875E-07, 0.00886493942470325
1.75774671875E-07, 0.0091751192124298
1.75776625E-07, 0.0091213942033357
1.75778578125E-07, 0.00912016810039957
1.7578053125E-07, 0.00907418635058787
1.75782484375E-07, 0.00920475786948331
1.757844375E-07, 0.00945461138740962
1.75786390625E-07, 0.00930047273648912
1.7578834375E-07, 0.0100563934232821
1.75790296875E-07, 0.00983520939336083
1.7579225E-07, 0.00988472583780703
1.75794203125E-07, 0.010041437437615
1.7579615625E-07, 0.0101405581036156
1.75798109375E-07, 0.00969560701145099
1.758000625E-07, 0.00977683365507016
1.75802015625E-07, 0.0100762177137716
1.7580396875E-07, 0.0101078846466142
1.75805921875E-07, 0.0102341097147582
1.75807875E-07, 0.00991548189554193
1.75809828125E-07, 0.0102559459032139
1.7581178125E-07, 0.0102887478417929
1.75813734375E-07, 0.0106064804985884
1.758156875E-07, 0.0106443639679213
1.75817640625E-07, 0.0106942341623365
1.7581959375E-07, 0.0110167056492973
1.75821546875E-07, 0.0107003531592872
1.758235E-07, 0.0110552302886231
1.75825453125E-07, 0.0107211860931262
1.7582740625E-07, 0.0113127302040795
1.75829359375E-07, 0.0112700410458308
1.758313125E-07, 0.0112405791805915
1.75833265625E-07, 0.0115376476559637
1.7583521875E-07, 0.0117751871142348
1.75837171875E-07, 0.0116370023109447
1.75839125E-07, 0.0113067279434163
1.75841078125E-07, 0.0116925609264901
1.7584303125E-07, 0.0117738632290534
1.75844984375E-07, 0.0117877793905591
1.758469375E-07, 0.0121070197825297
1.75848890625E-07, 0.0117741970127439
1.7585084375E-07, 0.0120822139015276
1.75852796875E-07, 0.0121259825421523
1.7585475E-07, 0.0120938610520058
1.75856703125E-07, 0.012127441742226
1.7585865625E-07, 0.0118222206806697
1.75860609375E-07, 0.0122598963686049
1.758625625E-07, 0.0123032582801196
1.75864515625E-07, 0.0127832669047026
1.7586646875E-07, 0.0122941764242737
1.75868421875E-07, 0.0127166555358036
1.75870375E-07, 0.0124511260631668
1.75872328125E-07, 0.012796583399631
1.7587428125E-07, 0.0124116572171186
1.75876234375E-07, 0.0124169010031345
1.758781875E-07, 0.012792238665305
1.75880140625E-07, 0.0121716550473994
1.7588209375E-07, 0.0130310817712402
1.75884046875E-07, 0.01238028282965
1.75886E-07, 0.0125442559541945
1.75887953125E-07, 0.0130056636434507
1.7588990625E-07, 0.0126903770058989
1.75891859375E-07, 0.0126077116111429
1.758938125E-07, 0.0129074108128316
1.75895765625E-07, 0.0126303428293859
1.7589771875E-07, 0.0131264791441571
1.75899671875E-07, 0.0127244635591898
1.75901625E-07, 0.0128486775427212
1.75903578125E-07, 0.0123858293805742
1.7590553125E-07, 0.0120383041611978
1.75907484375E-07, 0.0125110271323992
1.759094375E-07, 0.0123120079580821
1.75911390625E-07, 0.0123955140876805
1.7591334375E-07, 0.0113253638229783
1.75915296875E-07, 0.0119656807218716
1.7591725E-07, 0.0122638610001563
1.75919203125E-07, 0.0113328640874904
1.7592115625E-07, 0.0124820516473105
1.75923109375E-07, 0.0121297168313335
1.759250625E-07, 0.01188390636131
1.75927015625E-07, 0.0118600727079645
1.7592896875E-07, 0.011515239716696
1.75930921875E-07, 0.0110538715200369
1.75932875E-07, 0.0108972342747273
1.75934828125E-07, 0.0110230804625789
1.7593678125E-07, 0.0110534632523178
1.75938734375E-07, 0.0112224127258188
1.759406875E-07, 0.0107421862900529
1.75942640625E-07, 0.0108635502261699
1.7594459375E-07, 0.0102676139479825
1.75946546875E-07, 0.010551227143314
1.759485E-07, 0.0102237619234076
1.75950453125E-07, 0.00845438060286236
1.7595240625E-07, 0.00977270536370448
1.75954359375E-07, 0.00831601098894867
1.759563125E-07, 0.00878083546791357
1.75958265625E-07, 0.00911784620229679
1.7596021875E-07, 0.00825876792988351
1.75962171875E-07, 0.00897021069612104
1.75964125E-07, 0.00713718544068299
1.75966078125E-07, 0.00642927650909133
1.7596803125E-07, 0.00683212580560433
1.75969984375E-07, 0.00653337722235742
1.759719375E-07, 0.00638304312228126
1.75973890625E-07, 0.00497894878179989
1.7597584375E-07, 0.00597050559188116
1.75977796875E-07, 0.00527323652292844
1.7597975E-07, 0.00349539811793617
1.75981703125E-07, 0.00350388998450017
1.7598365625E-07, 0.00417920508284131
1.75985609375E-07, 0.00359466770896946
1.759875625E-07, 0.00356654580243521
1.75989515625E-07, 0.00215562389193796
1.7599146875E-07, 0.00298429435577666
1.75993421875E-07, 0.00198741851385065
1.75995375E-07, 0.00047566245508907
1.75997328125E-07, 0.00129900530757651
1.7599928125E-07, -0.00107274994790182
1.76001234375E-07, 0.00116313599502112
1.760031875E-07, 0.00148101491589889
1.76005140625E-07, -0.000970709035151519
1.7600709375E-07, -0.000189608784163721
1.76009046875E-07, -0.000230391947616849
1.76011E-07, -0.00121234900507936
1.76012953125E-07, -0.00167031662392219
1.7601490625E-07, -0.00223966438824058
1.76016859375E-07, -0.00142735473234132
1.760188125E-07, -0.00407927494419616
1.76020765625E-07, -0.00342383287033479
1.7602271875E-07, -0.00423019424241613
1.76024671875E-07, -0.00344565521864306
1.76026625E-07, -0.00448315600351129
1.76028578125E-07, -0.0063703594983581
1.7603053125E-07, -0.00703215729113302
1.76032484375E-07, -0.00614516080672028
1.760344375E-07, -0.00632772658282862
1.76036390625E-07, -0.00755447444306667
1.7603834375E-07, -0.00823574964452261
1.76040296875E-07, -0.00803771969587597
1.7604225E-07, -0.00995292865028456
1.76044203125E-07, -0.0100331049919699
1.7604615625E-07, -0.0105523502282793
1.76048109375E-07, -0.0105540613363706
1.760500625E-07, -0.0110418660526536
1.76052015625E-07, -0.0111300042195318
1.7605396875E-07, -0.0115536283336043
1.76055921875E-07, -0.0113834448283509
1.76057875E-07, -0.0110909242017464
1.76059828125E-07, -0.013190628927664
1.7606178125E-07, -0.0130370430957791
1.76063734375E-07, -0.0134917361464878
1.760656875E-07, -0.0137928423996311
1.76067640625E-07, -0.0141612723402081
1.7606959375E-07, -0.0143993979738666
1.76071546875E-07, -0.0141775947623255
1.760735E-07, -0.0155191031613005
1.76075453125E-07, -0.015413930730729
1.7607740625E-07, -0.0150312454961707
1.76079359375E-07, -0.015858486751567
1.760813125E-07, -0.0149803004593995
1.76083265625E-07, -0.0163119258074488
1.7608521875E-07, -0.0161943141879185
1.76087171875E-07, -0.0165423197250994
1.76089125E-07, -0.0165626576656059
1.76091078125E-07, -0.0158543644420396
1.7609303125E-07, -0.0163278923816797
1.76094984375E-07, -0.0158376573679887
1.760969375E-07, -0.0166364341866423
1.76098890625E-07, -0.015841736395972
1.7610084375E-07, -0.0168957555699331
1.76102796875E-07, -0.016043867314468
1.7610475E-07, -0.01673609963637
1.76106703125E-07, -0.0161405547799926
1.7610865625E-07, -0.0160840341105499
1.76110609375E-07, -0.0158484398896227
1.761125625E-07, -0.0158058451852374
1.76114515625E-07, -0.0153329174503477
1.7611646875E-07, -0.0160944470932431
1.76118421875E-07, -0.0157847209159766
1.76120375E-07, -0.0149452604171693
1.76122328125E-07, -0.0155440785591989
1.7612428125E-07, -0.0150644593885639
1.76126234375E-07, -0.0149245069250896
1.761281875E-07, -0.0149471578389819
1.76130140625E-07, -0.0129451956409841
1.7613209375E-07, -0.0141434949860713
1.76134046875E-07, -0.0123276199388841
1.76136E-07, -0.0134564715389199
1.76137953125E-07, -0.0134440943004721
1.7613990625E-07, -0.0124316640402737
1.76141859375E-07, -0.0125520263384396
1.761438125E-07, -0.0118561749873892
1.76145765625E-07, -0.0115271038794378
1.7614771875E-07, -0.0128849192522884
1.76149671875E-07, -0.0111627419517094
1.76151625E-07, -0.0110025461270727
1.76153578125E-07, -0.010833789089631
1.7615553125E-07, -0.00911510314803834
1.76157484375E-07, -0.0101635694646632
1.761594375E-07, -0.00907746821327489
1.76161390625E-07, -0.00968163379705468
1.7616334375E-07, -0.00859130644300154
1.76165296875E-07, -0.00863952487439008
1.7616725E-07, -0.00901703893898835
1.76169203125E-07, -0.00811803686136786
1.7617115625E-07, -0.00853721301665409
1.76173109375E-07, -0.0074690705872317
1.761750625E-07, -0.00691972438114983
1.76177015625E-07, -0.00745345711792544
1.7617896875E-07, -0.00704237269921249
1.76180921875E-07, -0.00639307244227011
1.76182875E-07, -0.00662247230222808
1.76184828125E-07, -0.00623493728056536
1.7618678125E-07, -0.00756343214403649
1.76188734375E-07, -0.00636435311400788
1.761906875E-07, -0.00606758972189201
1.76192640625E-07, -0.00543743888415773
1.7619459375E-07, -0.00569678077050326
1.76196546875E-07, -0.00561071963655314
1.761985E-07, -0.00580316202299045
1.76200453125E-07, -0.00549172035412235
1.7620240625E-07, -0.00560875313877382
1.76204359375E-07, -0.00520542946123161
1.762063125E-07, -0.00559725675624014
1.76208265625E-07, -0.00585137525653871
1.7621021875E-07, -0.00548672324872873
1.76212171875E-07, -0.00551194251511894
1.76214125E-07, -0.00606359644389892
1.76216078125E-07, -0.00562129652311814
1.7621803125E-07, -0.0057834600775114
1.76219984375E-07, -0.00643367775362415
1.762219375E-07, -0.00571618378681169
1.76223890625E-07, -0.00605221992878607
1.7622584375E-07, -0.00651434745172095
1.76227796875E-07, -0.00622971539152557
1.7622975E-07, -0.00618919147521516
1.76231703125E-07, -0.00646567374590296
1.7623365625E-07, -0.00688559032415575
1.76235609375E-07, -0.00692049234563541
1.762375625E-07, -0.00663753423734199
1.76239515625E-07, -0.00741150497936401
1.7624146875E-07, -0.00693800061533678
1.76243421875E-07, -0.00798500974284632
1.76245375E-07, -0.0078997897926099
1.76247328125E-07, -0.00774383949189605
1.7624928125E-07, -0.00861984239496144
1.76251234375E-07, -0.00778179656055631
1.762531875E-07, -0.00878792469107205
1.76255140625E-07, -0.00866098876154751
1.7625709375E-07, -0.00891551273317691
1.76259046875E-07, -0.00949605809060492
1.76261E-07, -0.00869143014887828
1.76262953125E-07, -0.00889973375295502
1.7626490625E-07, -0.00860556230892514
1.76266859375E-07, -0.00985898166111301
1.762688125E-07, -0.010037374457302
1.76270765625E-07, -0.010141757795404
1.7627271875E-07, -0.010370137561032
1.76274671875E-07, -0.0101780019766602
1.76276625E-07, -0.0102273635501872
1.76278578125E-07, -0.0102958156151185
1.7628053125E-07, -0.0112804166803565
1.76282484375E-07, -0.0103912653326389
1.762844375E-07, -0.00999839645907075
1.76286390625E-07, -0.0103217693599815
1.7628834375E-07, -0.0108382669546557
1.76290296875E-07, -0.010828909490256
1.7629225E-07, -0.0106966074509681
1.76294203125E-07, -0.0107636031461715
1.7629615625E-07, -0.0109957848207155
1.76298109375E-07, -0.0109530903311589
1.763000625E-07, -0.0107424212702175
1.76302015625E-07, -0.0106652125337643
1.7630396875E-07, -0.0110979112602158
1.76305921875E-07, -0.0109629793315967
1.76307875E-07, -0.0109311534590615
1.76309828125E-07, -0.0110336863647584
1.7631178125E-07, -0.0108564234573418
1.76313734375E-07, -0.0108605165307241
1.763156875E-07, -0.0109703342958114
1.76317640625E-07, -0.0107546770285086
1.7631959375E-07, -0.010810345559853
1.76321546875E-07, -0.0105963013971612
1.763235E-07, -0.0106500310451184
1.76325453125E-07, -0.0101667451256295
1.7632740625E-07, -0.010562824200185
1.76329359375E-07, -0.0102311322253217
1.763313125E-07, -0.00975423333202032
1.76333265625E-07, -0.00979345298367661
1.7633521875E-07, -0.00930596581626954
1.76337171875E-07, -0.00949617332566693
1.76339125E-07, -0.00933679107345462
1.76341078125E-07, -0.00939885015336847
1.7634303125E-07, -0.0092686120491206
1.76344984375E-07, -0.00895296988559776
1.763469375E-07, -0.00850818719718191
1.76348890625E-07, -0.00857052355781599
1.7635084375E-07, -0.00838969094616438
1.76352796875E-07, -0.00812513544946492
1.7635475E-07, -0.00842756708836745
1.76356703125E-07, -0.00839884580980291
1.7635865625E-07, -0.00850192017726018
1.76360609375E-07, -0.0077580324102256
1.763625625E-07, -0.00738479115700019
1.76364515625E-07, -0.00779976891081232
1.7636646875E-07, -0.00760443764755458
1.76368421875E-07, -0.0068495825832955
1.76370375E-07, -0.006845690334406
1.76372328125E-07, -0.00736900563023551
1.7637428125E-07, -0.00728502161811027
1.76376234375E-07, -0.00667017231765951
1.763781875E-07, -0.00666032710724376
1.76380140625E-07, -0.00599062005172632
1.7638209375E-07, -0.00624311173385621
1.76384046875E-07, -0.00641121937171633
1.76386E-07, -0.00650202631644307
1.76387953125E-07, -0.00598586182921264
1.7638990625E-07, -0.0056410369717474
1.76391859375E-07, -0.00532892448242572
1.763938125E-07, -0.00535891541986215
1.76395765625E-07, -0.00541665872407549
1.7639771875E-07, -0.00490719511278391
1.76399671875E-07, -0.00529090204116574
1.76401625E-07, -0.00565738589263278
1.76403578125E-07, -0.00487933295999154
1.7640553125E-07, -0.00508131485220141
1.76407484375E-07, -0.00562674700713654
1.764094375E-07, -0.00467622591442888
1.76411390625E-07, -0.00535310317102985
1.7641334375E-07, -0.00455929291553404
1.76415296875E-07, -0.00451463629387907
1.7641725E-07, -0.00506672710782002
1.76419203125E-07, -0.00413331855540069
1.7642115625E-07, -0.00457247052345907
1.76423109375E-07, -0.00470490785362296
1.764250625E-07, -0.00447179116181842
1.76427015625E-07, -0.00490500704618701
1.7642896875E-07, -0.00490075292922486
1.76430921875E-07, -0.00437688832536814
1.76432875E-07, -0.00498001510440955
1.76434828125E-07, -0.00471673737116678
1.7643678125E-07, -0.00407687039174056
1.76438734375E-07, -0.0043753323988156
1.764406875E-07, -0.00448187135431902
1.76442640625E-07, -0.00494396819621789
1.7644459375E-07, -0.00434689269279538
1.76446546875E-07, -0.00458327571457141
1.764485E-07, -0.00453642896959719
1.76450453125E-07, -0.0041263973584726
1.7645240625E-07, -0.00446044125872782
1.76454359375E-07, -0.00437370575610769
1.764563125E-07, -0.00479053904165371
1.76458265625E-07, -0.00467065820052718
1.7646021875E-07, -0.00466191126530033
1.76462171875E-07, -0.00441955227287284
1.76464125E-07, -0.00406647953774805
1.76466078125E-07, -0.00500844263657947
1.7646803125E-07, -0.00435309522857605
1.76469984375E-07, -0.00473028716230773
1.764719375E-07, -0.00434327919375929
1.76473890625E-07, -0.00453381040009488
1.7647584375E-07, -0.00443533125125583
1.76477796875E-07, -0.00486219114666908
1.7647975E-07, -0.00440422009570505
1.76481703125E-07, -0.00418217527228995
1.7648365625E-07, -0.00482681119124602
1.76485609375E-07, -0.0047009113101032
1.764875625E-07, -0.00447951175745596
1.76489515625E-07, -0.00411712548878856
1.7649146875E-07, -0.00415164374973929
1.76493421875E-07, -0.00439837443218069
1.76495375E-07, -0.00438943445923046
1.76497328125E-07, -0.00426180858948559
1.7649928125E-07, -0.00426179361853028
1.76501234375E-07, -0.00416081574853268
1.765031875E-07, -0.00420982212584585
1.76505140625E-07, -0.00415301637797002
1.7650709375E-07, -0.00390988849584584
1.76509046875E-07, -0.00390841341376719
1.76511E-07, -0.00406019421943945
1.76512953125E-07, -0.00416415958667846
1.7651490625E-07, -0.00369343723365733
1.76516859375E-07, -0.00411846663371279
1.765188125E-07, -0.00396534780754142
1.76520765625E-07, -0.00382775692200992
1.7652271875E-07, -0.00406964980809719
1.76524671875E-07, -0.00386536567766873
1.76526625E-07, -0.00395753454934427
1.76528578125E-07, -0.00394623873992718
1.7653053125E-07, -0.00387851744522296
1.76532484375E-07, -0.00380098360627216
1.765344375E-07, -0.00345257409271991
1.76536390625E-07, -0.00346686603994801
1.7653834375E-07, -0.00380861656380818
1.76540296875E-07, -0.00362657595794198
1.7654225E-07, -0.00348940450797433
1.76544203125E-07, -0.00364631697436016
1.7654615625E-07, -0.00350834541397466
1.76548109375E-07, -0.00348219377523817
1.765500625E-07, -0.00346974970753452
1.76552015625E-07, -0.00346995713689382
1.7655396875E-07, -0.00349733161504575
1.76555921875E-07, -0.00334367380943475
1.76557875E-07, -0.00319786317588314
1.76559828125E-07, -0.003518897039957
1.7656178125E-07, -0.00336614975903903
1.76563734375E-07, -0.00363707935201225
1.765656875E-07, -0.00367401657553552
1.76567640625E-07, -0.00357501283269008
1.7656959375E-07, -0.00328294271962791
1.76571546875E-07, -0.00338361591560076
1.765735E-07, -0.00322780433915997
1.76575453125E-07, -0.00348881037462208
1.7657740625E-07, -0.00363555566440921
1.76579359375E-07, -0.00351481894420828
1.765813125E-07, -0.00325115865554334
1.76583265625E-07, -0.00321604450807032
1.7658521875E-07, -0.00305620219017527
1.76587171875E-07, -0.00360237097084799
1.76589125E-07, -0.00359720128349706
1.76591078125E-07, -0.00334232508485719
1.7659303125E-07, -0.00386232070889842
1.76594984375E-07, -0.00354144738615663
1.765969375E-07, -0.00349988805159992
1.76598890625E-07, -0.00378631582911072
1.7660084375E-07, -0.00354671088430383
1.76602796875E-07, -0.00390879943914849
1.7660475E-07, -0.00312690106574762
1.76606703125E-07, -0.00342100159807446
1.7660865625E-07, -0.00360803213769196
1.76610609375E-07, -0.00408122549731796
1.766125625E-07, -0.00344287595997678
1.76614515625E-07, -0.0039264709592341
1.7661646875E-07, -0.00355386804570856
1.76618421875E-07, -0.0037346321745633
1.76620375E-07, -0.00372811233077809
1.76622328125E-07, -0.00355349075268335
1.7662428125E-07, -0.00405150386488547
1.76626234375E-07, -0.00359918702772954
1.766281875E-07, -0.00387096803826446
1.76630140625E-07, -0.00372997450136702
1.7663209375E-07, -0.00355658698567279
1.76634046875E-07, -0.00349509317001701
1.76636E-07, -0.00352399824936442
1.76637953125E-07, -0.00355105504914745
1.7663990625E-07, -0.00353394986127816
1.76641859375E-07, -0.00324476260240185
1.766438125E-07, -0.00368096745591772
1.76645765625E-07, -0.00315821944782521
1.7664771875E-07, -0.00355097235904468
1.76649671875E-07, -0.00349575966444913
1.76651625E-07, -0.00406607103183228
1.76653578125E-07, -0.00353009932524539
1.7665553125E-07, -0.00315709228944084
1.76657484375E-07, -0.00345940486144406
1.766594375E-07, -0.00320131663555419
1.76661390625E-07, -0.00341218369128966
1.7666334375E-07, -0.00312190726254868
1.76665296875E-07, -0.00296694104962161
1.7666725E-07, -0.003042232277262
1.76669203125E-07, -0.00307870995793669
1.7667115625E-07, -0.00308721557766407
1.76673109375E-07, -0.00287273769701073
1.766750625E-07, -0.00292083910366709
1.76677015625E-07, -0.00304565971868781
1.7667896875E-07, -0.00274806705877684
1.76680921875E-07, -0.00282499898725599
1.76682875E-07, -0.00252815184753276
1.76684828125E-07, -0.00272363226567056
1.7668678125E-07, -0.00336371022352945
1.76688734375E-07, -0.00274665165876475
1.766906875E-07, -0.00250976135454013
1.76692640625E-07, -0.00287211813264659
1.7669459375E-07, -0.00279607790572887
1.76696546875E-07, -0.00269848261202885
1.766985E-07, -0.00281949596883588
1.76700453125E-07, -0.00286637281276935
1.7670240625E-07, -0.00299747797967191
1.76704359375E-07, -0.00241332136772305
1.767063125E-07, -0.00242261762472286
1.76708265625E-07, -0.00239747347718429
1.7671021875E-07, -0.00303780433540942
1.76712171875E-07, -0.00242101415229777
1.76714125E-07, -0.00227417009279441
1.76716078125E-07, -0.00262394049091007
1.7671803125E-07, -0.00238194701548601
1.76719984375E-07, -0.00250366809761503
1.767219375E-07, -0.00220017577766605
1.76723890625E-07, -0.00251316613986493
1.7672584375E-07, -0.00252774537049973
1.76727796875E-07, -0.00233362487505405
1.7672975E-07, -0.00236494815641062
1.76731703125E-07, -0.00241731711544953
1.7673365625E-07, -0.00278298811065234
1.76735609375E-07, -0.00276500984189312
1.767375625E-07, -0.00249152288041971
1.76739515625E-07, -0.00302193602172327
1.7674146875E-07, -0.00269122569707989
1.76743421875E-07, -0.00278115024601005
1.76745375E-07, -0.0024396209509415
1.76747328125E-07, -0.00275977146459084
1.7674928125E-07, -0.00287488054619207
1.76751234375E-07, -0.0025798616221946
1.767531875E-07, -0.00289868327090531
1.76755140625E-07, -0.00286517914065965
1.7675709375E-07, -0.00266687592488196
1.76759046875E-07, -0.00309682148451433
1.76761E-07, -0.00289989089335297
1.76762953125E-07, -0.00320587482584222
1.7676490625E-07, -0.00298741265573921
1.76766859375E-07, -0.00268332463733933
1.767688125E-07, -0.00299786603142496
1.76770765625E-07, -0.00298825270084064
1.7677271875E-07, -0.00278308038865915
1.76774671875E-07, -0.00309779410358553
1.76776625E-07, -0.00293324736391261
1.76778578125E-07, -0.00251796049086879
1.7678053125E-07, -0.00299939173226639
1.76782484375E-07, -0.00297668193108205
1.767844375E-07, -0.00275593121169273
1.76786390625E-07, -0.00276930826883683
1.7678834375E-07, -0.0026492732993916
1.76790296875E-07, -0.00238093545859018
1.7679225E-07, -0.00282922931978034
1.76794203125E-07, -0.00210479230908287
1.7679615625E-07, -0.00231152354313421
1.76798109375E-07, -0.00191772439441027
1.768000625E-07, -0.00173439188303025
1.76802015625E-07, -0.00149807105458414
1.7680396875E-07, -0.00125389697292493
1.76805921875E-07, -0.00118567148956507
1.76807875E-07, -0.000971798933070648
1.76809828125E-07, -5.83679284099392E-05
1.7681178125E-07, -0.000762773643870202
1.76813734375E-07, -0.000325991370963219
1.768156875E-07, 0.000555942387040067
1.76817640625E-07, 0.000865073541243829
1.7681959375E-07, 0.000140379345027651
1.76821546875E-07, 0.00154042184609183
1.768235E-07, 0.000285521126483906
1.76825453125E-07, 0.00163701704476245
1.7682740625E-07, 0.00117976439735622
1.76829359375E-07, 0.00167811553438312
1.768313125E-07, 0.00217704078226582
1.76833265625E-07, 0.00194167541657878
1.7683521875E-07, 0.00289625159084235
1.76837171875E-07, 0.00284261754722046
1.76839125E-07, 0.00317904563692929
1.76841078125E-07, 0.00316664414900182
1.7684303125E-07, 0.00445547844005656
1.76844984375E-07, 0.00441055606940687
1.768469375E-07, 0.00404438284905918
1.76848890625E-07, 0.00410579386825178
1.7685084375E-07, 0.00465113684276287
1.76852796875E-07, 0.00474156665573174
1.7685475E-07, 0.00508383195291258
1.76856703125E-07, 0.00561228944267447
1.7685865625E-07, 0.00584210775620325
1.76860609375E-07, 0.00586435550279707
1.768625625E-07, 0.0058893043674517
1.76864515625E-07, 0.00550453435149666
1.7686646875E-07, 0.00645703647684374
1.76868421875E-07, 0.00607452991588947
1.76870375E-07, 0.00654908819043227
1.76872328125E-07, 0.0058563507386749
1.7687428125E-07, 0.00676554171754623
1.76876234375E-07, 0.00673318660897822
1.768781875E-07, 0.00679281236692204
1.76880140625E-07, 0.00662691232322205
1.7688209375E-07, 0.00663823236898329
1.76884046875E-07, 0.00643431270874518
1.76886E-07, 0.00671684483155764
1.76887953125E-07, 0.00621633435655052
1.7688990625E-07, 0.00594760148038245
1.76891859375E-07, 0.00679456222646114
1.768938125E-07, 0.00593890952625717
1.76895765625E-07, 0.0054275873209481
1.7689771875E-07, 0.00563274097219113
1.76899671875E-07, 0.00585370745384055
1.76901625E-07, 0.00531569794247914
1.76903578125E-07, 0.00495414869917991
1.7690553125E-07, 0.00463939803705785
1.76907484375E-07, 0.0051626124820477
1.769094375E-07, 0.00520914903024798
1.76911390625E-07, 0.00423252681649576
1.7691334375E-07, 0.00471458606653495
1.76915296875E-07, 0.00404902941168187
1.7691725E-07, 0.00396566618569407
1.76919203125E-07, 0.00329269866839054
1.7692115625E-07, 0.00307585938028339
1.76923109375E-07, 0.00368831491495099
1.769250625E-07, 0.00285445522449864
1.76927015625E-07, 0.0028696323286552
1.7692896875E-07, 0.00281776556315928
1.76930921875E-07, 0.00205752300685152
1.76932875E-07, 0.00215798497420475
1.76934828125E-07, 0.00173068462310132
1.7693678125E-07, 0.00181156887590982
1.76938734375E-07, 0.00163402536162942
1.769406875E-07, 0.00148140512647079
1.76942640625E-07, 0.00122918357904804
1.7694459375E-07, 0.00107571171932594
1.76946546875E-07, 0.000676184916355653
1.769485E-07, 0.0005458842538404
1.76950453125E-07, 0.00111072551228533
1.7695240625E-07, 0.000507245286024848
1.76954359375E-07, 0.000340535639284727
1.769563125E-07, 0.00037149166480163
1.76958265625E-07, 0.000533629791172694
1.7696021875E-07, 0.000320880856575566
1.76962171875E-07, 0.00022373831014259
1.76964125E-07, 0.000469698581032736
1.76966078125E-07, 0.000181489874401175
1.7696803125E-07, 0.000100212708082947
1.76969984375E-07, 0.000395850130302676
1.769719375E-07, 6.86658932235816E-05
1.76973890625E-07, 0.000140123914038627
1.7697584375E-07, 0.00062974364839349
1.76977796875E-07, 0.000175489611597075
1.7697975E-07, 0.000431268902246285
1.76981703125E-07, 0.000449461481512228
1.7698365625E-07, 0.000447425515214793
1.76985609375E-07, 0.000354189784920994
1.769875625E-07, 0.000916526267348371
1.76989515625E-07, 0.000919269043944138
1.7699146875E-07, 0.000871410102628466
1.76993421875E-07, 0.00109352097731423
1.76995375E-07, 0.000960810009283927
1.76997328125E-07, 0.000925588835581975
1.7699928125E-07, 0.00171693525600415
1.77001234375E-07, 0.00157452290783208
1.770031875E-07, 0.00201398722999061
1.77005140625E-07, 0.00155286799227637
1.7700709375E-07, 0.00145795759078941
1.77009046875E-07, 0.00193689334407616
1.77011E-07, 0.00232776831962403
1.77012953125E-07, 0.00172743133972706
1.7701490625E-07, 0.00140259747251316
1.77016859375E-07, 0.00222464324231727
1.770188125E-07, 0.00235725817673213
1.77020765625E-07, 0.00246368556304209
1.7702271875E-07, 0.00250547434391608
1.77024671875E-07, 0.00303525628384309
1.77026625E-07, 0.00260633609985802
1.77028578125E-07, 0.00262707030274516
1.7703053125E-07, 0.00284860882206868
1.77032484375E-07, 0.00278286815865284
1.770344375E-07, 0.00278930851299362
1.77036390625E-07, 0.00267998167206483
1.7703834375E-07, 0.00289079148396796
1.77040296875E-07, 0.0030352808473948
1.7704225E-07, 0.00264208631037118
1.77044203125E-07, 0.00299665063469778
1.7704615625E-07, 0.00302111636528267
1.77048109375E-07, 0.00313163705582099
1.770500625E-07, 0.00258544545302769
1.77052015625E-07, 0.00278909806819692
1.7705396875E-07, 0.00306277902676926
1.77055921875E-07, 0.00292820877006807
1.77057875E-07, 0.00275043746468388
1.77059828125E-07, 0.00267854831712929
1.7706178125E-07, 0.00295900612235542
1.77063734375E-07, 0.00282996165430427
1.770656875E-07, 0.00289238735655338
1.77067640625E-07, 0.0030670687044096
1.7706959375E-07, 0.00259537647567083
1.77071546875E-07, 0.00282560368910765
1.770735E-07, 0.00229576032508328
1.77075453125E-07, 0.00275912425882756
1.7707740625E-07, 0.00279465116489527
1.77079359375E-07, 0.00246948283231373
1.770813125E-07, 0.00263682496848644
1.77083265625E-07, 0.00270416754208557
1.7708521875E-07, 0.00256615368864825
1.77087171875E-07, 0.0022721612699651
1.77089125E-07, 0.00234479875798876
1.77091078125E-07, 0.00276001861967358
1.7709303125E-07, 0.0023161249438626
1.77094984375E-07, 0.00272736239046207
1.770969375E-07, 0.00267887222999859
1.77098890625E-07, 0.00259754927160254
1.7710084375E-07, 0.00286024704252905
1.77102796875E-07, 0.00270125416354645
1.7710475E-07, 0.00311472922798629
1.77106703125E-07, 0.0030041870009037
1.7710865625E-07, 0.00266524822317292
1.77110609375E-07, 0.0031374995996601
1.771125625E-07, 0.00302899441474298
1.77114515625E-07, 0.00276499515319226
1.7711646875E-07, 0.00298807244953411
1.77118421875E-07, 0.0029414786410474
1.77120375E-07, 0.00324379429765121
1.77122328125E-07, 0.00314628315810365
1.7712428125E-07, 0.00318960052621166
1.77126234375E-07, 0.00397204358694549
1.771281875E-07, 0.00322400169495689
1.77130140625E-07, 0.00380419414982534
1.7713209375E-07, 0.00383320610016396
1.77134046875E-07, 0.00352532513324656
1.77136E-07, 0.00396919735956513
1.77137953125E-07, 0.00381371022667284
1.7713990625E-07, 0.00422838415029859
1.77141859375E-07, 0.00436262414467475
1.771438125E-07, 0.00405071881280334
1.77145765625E-07, 0.00428343477623833
1.7714771875E-07, 0.00457524091054653
1.77149671875E-07, 0.00481041722235883
1.77151625E-07, 0.00491703128459868
1.77153578125E-07, 0.0050465322095202
1.7715553125E-07, 0.00510128825831492
1.77157484375E-07, 0.00541998927444453
1.771594375E-07, 0.00421535303399454
1.77161390625E-07, 0.00565121691532937
1.7716334375E-07, 0.0050958713143264
1.77165296875E-07, 0.00500158717287484
1.7716725E-07, 0.00462301237662275
1.77169203125E-07, 0.00538745664228846
1.7717115625E-07, 0.00563386285406281
1.77173109375E-07, 0.00544575814221094
1.771750625E-07, 0.00534389856014801
1.77177015625E-07, 0.00598852690787677
1.7717896875E-07, 0.00528738320637467
1.77180921875E-07, 0.00560309772584643
1.77182875E-07, 0.00510439215062464
1.77184828125E-07, 0.00563045390560516
1.7718678125E-07, 0.00545362975515291
1.77188734375E-07, 0.00600038797093742
1.771906875E-07, 0.00601289075850167
1.77192640625E-07, 0.00604292251957436
1.7719459375E-07, 0.006332436926826
1.77196546875E-07, 0.00602165824805609
1.771985E-07, 0.00559790166041211
1.77200453125E-07, 0.00577726782684848
1.7720240625E-07, 0.00610406567163017
1.77204359375E-07, 0.00644267362781905
1.772063125E-07, 0.00541537753811533
1.77208265625E-07, 0.00605971232038617
1.7721021875E-07, 0.00627951906579986
1.77212171875E-07, 0.00591051756436278
1.77214125E-07, 0.00609551796747912
1.77216078125E-07, 0.0062139292660843
1.7721803125E-07, 0.00645504043200971
1.77219984375E-07, 0.00603847271337126
1.772219375E-07, 0.0058786421714504
1.77223890625E-07, 0.00545918231114162
1.7722584375E-07, 0.00510549947149741
1.77227796875E-07, 0.00543186941629904
1.7722975E-07, 0.00555205834008979
1.77231703125E-07, 0.00523319739852074
1.7723365625E-07, 0.00566042680911553
1.77235609375E-07, 0.00525148661552037
1.772375625E-07, 0.00466986127377626
1.77239515625E-07, 0.00542925438387749
1.7724146875E-07, 0.00478829501339277
1.77243421875E-07, 0.00429109400338147
1.77245375E-07, 0.00563267739766032
1.77247328125E-07, 0.0047681661852344
1.7724928125E-07, 0.00439814906206269
1.77251234375E-07, 0.00422119772789252
1.772531875E-07, 0.00475018721498523
1.77255140625E-07, 0.0040898223955024
1.7725709375E-07, 0.0040630420472935
1.77259046875E-07, 0.00374227115980182
1.77261E-07, 0.00318258063391532
1.77262953125E-07, 0.00402530889660675
1.7726490625E-07, 0.00343188837921522
1.77266859375E-07, 0.00333277826560443
1.772688125E-07, 0.00383317053913359
1.77270765625E-07, 0.00293961259270594
1.7727271875E-07, 0.00328210828838061
1.77274671875E-07, 0.00309594027877983
1.77276625E-07, 0.00281430202980728
1.77278578125E-07, 0.00289948453119078
1.7728053125E-07, 0.00298027854405382
1.77282484375E-07, 0.00288905824405302
1.772844375E-07, 0.00224678462145757
1.77286390625E-07, 0.002025532342502
1.7728834375E-07, 0.00254438371966194
1.77290296875E-07, 0.00252378306986053
1.7729225E-07, 0.00203212198563118
1.77294203125E-07, 0.0022085259293352
1.7729615625E-07, 0.00176089799466231
1.77298109375E-07, 0.00203032986731942
1.773000625E-07, 0.00176840025961254
1.77302015625E-07, 0.00175254657652507
1.7730396875E-07, 0.00212313284906866
1.77305921875E-07, 0.00170238960933342
1.77307875E-07, 0.00165323108475161
1.77309828125E-07, 0.0016069221024728
1.7731178125E-07, 0.00124432974169326
1.77313734375E-07, 0.00173992520783331
1.773156875E-07, 0.00161844089847969
1.77317640625E-07, 0.00169828850645111
1.7731959375E-07, 0.000960604324599314
1.77321546875E-07, 0.00139704270539759
1.773235E-07, 0.0013122033085516
1.77325453125E-07, 0.00105692705236067
1.7732740625E-07, 0.00158510613315126
1.77329359375E-07, 0.000615076709811569
1.773313125E-07, 0.00114338133295163
1.77333265625E-07, 0.000993462329866785
1.7733521875E-07, 0.00112656196588864
1.77337171875E-07, 0.00115639605727479
1.77339125E-07, 0.00109165052246232
1.77341078125E-07, 0.000929928231470719
1.7734303125E-07, 0.0011547290625966
1.77344984375E-07, 0.000912740798908499
1.773469375E-07, 0.000884914281664212
1.77348890625E-07, 0.0010912136323609
1.7735084375E-07, 0.000825708432814907
1.77352796875E-07, 0.000470572920618098
1.7735475E-07, 0.000925897129343565
1.77356703125E-07, 0.000674599188287466
1.7735865625E-07, 0.000497437393924527
1.77360609375E-07, 0.000174597922586595
1.773625625E-07, 0.000913184258944793
1.77364515625E-07, 0.000606179490296465
1.7736646875E-07, 0.000557025382081466
1.77368421875E-07, 0.000718435048141604
1.77370375E-07, 0.000608627056521257
1.77372328125E-07, 0.000498780361928761
1.7737428125E-07, 0.000390636600105596
1.77376234375E-07, 0.00023002093119439
1.773781875E-07, -4.25350187429017E-05
1.77380140625E-07, 0.000621739343764906
1.7738209375E-07, 0.000670483915470795
1.77384046875E-07, 0.000229670186744657
1.77386E-07, 0.00061666543548831
1.77387953125E-07, 0.000664737576990659
1.7738990625E-07, 8.18984427660105E-05
1.77391859375E-07, 0.00023500807844993
1.773938125E-07, -0.000545063672529547
1.77395765625E-07, 7.64589853701635E-05
1.7739771875E-07, 0.000148613693397463
1.77399671875E-07, 0.000128135861008228
1.77401625E-07, -0.000477257034970113
1.77403578125E-07, -0.000828857088964328
1.7740553125E-07, -0.00045706351563507
1.77407484375E-07, -0.000251565886511767
1.774094375E-07, -0.000309064609636331
1.77411390625E-07, 1.20579554466996E-05
1.7741334375E-07, -0.000764023635268239
1.77415296875E-07, -0.00111551096801281
1.7741725E-07, -0.00078809805031361
1.77419203125E-07, -0.00146526073357389
1.7742115625E-07, -0.00100084650921075
1.77423109375E-07, -0.00197556144549136
1.774250625E-07, -0.00183596576499634
1.77427015625E-07, -0.00125559384093669
1.7742896875E-07, -0.000930583837278585
1.77430921875E-07, -0.00245824513999514
1.77432875E-07, -0.00215703713598425
1.77434828125E-07, -0.00181995428422656
1.7743678125E-07, -0.00220859837182701
1.77438734375E-07, -0.00197194196401452
1.774406875E-07, -0.00201866199300805
1.77442640625E-07, -0.00171029149766621
1.7744459375E-07, -0.00207408700754295
1.77446546875E-07, -0.00228623732584672
1.774485E-07, -0.00172817772404784
1.77450453125E-07, -0.00206225803144008
1.7745240625E-07, -0.00283587456941053
1.77454359375E-07, -0.00310683524667249
1.774563125E-07, -0.00302652953917212
1.77458265625E-07, -0.0030887113810112
1.7746021875E-07, -0.00314696384398328
1.77462171875E-07, -0.00259276157628781
1.77464125E-07, -0.00374253279830224
1.77466078125E-07, -0.0036241058108602
1.7746803125E-07, -0.00401960375600564
1.77469984375E-07, -0.0044996488469638
1.774719375E-07, -0.00405967120624762
1.77473890625E-07, -0.00409163864302864
1.7747584375E-07, -0.00435755949996358
1.77477796875E-07, -0.00382069547257709
1.7747975E-07, -0.00432637790836461
1.77481703125E-07, -0.00511513053196895
1.7748365625E-07, -0.00473339007513931
1.77485609375E-07, -0.00490777441277789
1.774875625E-07, -0.00539451810902725
1.77489515625E-07, -0.00392973535404312
1.7749146875E-07, -0.00498345890089147
1.77493421875E-07, -0.00467866903982977
1.77495375E-07, -0.00498457188024026
1.77497328125E-07, -0.00479371026547899
1.7749928125E-07, -0.00494667708341831
1.77501234375E-07, -0.00521243526918324
1.775031875E-07, -0.00522775977971536
1.77505140625E-07, -0.00539865458775413
1.7750709375E-07, -0.00513980837618868
1.77509046875E-07, -0.00519880398270669
1.77511E-07, -0.00548250565788128
1.77512953125E-07, -0.00534381186199838
1.7751490625E-07, -0.00551093949587683
1.77516859375E-07, -0.00546087295293285
1.775188125E-07, -0.00546286728258469
1.77520765625E-07, -0.00562535838838342
1.7752271875E-07, -0.00539529792165655
1.77524671875E-07, -0.00565707831085669
1.77526625E-07, -0.0054889424779655
1.77528578125E-07, -0.0054333812005935
1.7753053125E-07, -0.00564239938002715
1.77532484375E-07, -0.00539467295809932
1.775344375E-07, -0.00531178836493267
1.77536390625E-07, -0.00539436029179238
1.7753834375E-07, -0.0053369151722609
1.77540296875E-07, -0.00531023133708992
1.7754225E-07, -0.00545199632451317
1.77544203125E-07, -0.00494541215506979
1.7754615625E-07, -0.00530861406830615
1.77548109375E-07, -0.00510558432249296
1.775500625E-07, -0.00520579320866996
1.77552015625E-07, -0.0049032551134813
1.7755396875E-07, -0.00513315289100197
1.77555921875E-07, -0.00467831556596938
1.77557875E-07, -0.00480045455717832
1.77559828125E-07, -0.00509378962141971
1.7756178125E-07, -0.00476848431047799
1.77563734375E-07, -0.00421613608441653
1.775656875E-07, -0.00431697582778839
1.77567640625E-07, -0.0045065374616238
1.7756959375E-07, -0.00419224907154648
1.77571546875E-07, -0.00419095035910033
1.775735E-07, -0.00423169025351962
1.77575453125E-07, -0.00425891025609652
1.7757740625E-07, -0.00418668868392185
1.77579359375E-07, -0.00409611269024607
1.775813125E-07, -0.00369937151322556
1.77583265625E-07, -0.00379253442240749
1.7758521875E-07, -0.00366182698274816
1.77587171875E-07, -0.00386900603939952
1.77589125E-07, -0.00329280583233594
1.77591078125E-07, -0.00327651112698993
1.7759303125E-07, -0.00373583721781674
1.77594984375E-07, -0.00345926767576146
1.775969375E-07, -0.00336301271350243
1.77598890625E-07, -0.00343102879022051
1.7760084375E-07, -0.00323972463980852
1.77602796875E-07, -0.00283873846891698
1.7760475E-07, -0.00320666105360001
1.77606703125E-07, -0.00250143008149706
1.7760865625E-07, -0.00265643939455193
1.77610609375E-07, -0.00253889138949649
1.776125625E-07, -0.00256092899513413
1.77614515625E-07, -0.00197430775588526
1.7761646875E-07, -0.00216323750936019
1.77618421875E-07, -0.00235498196866688
1.77620375E-07, -0.00241988030015757
1.77622328125E-07, -0.00227912430172345
1.7762428125E-07, -0.00223230099295501
1.77626234375E-07, -0.00163792615832115
1.776281875E-07, -0.00222143941460831
1.77630140625E-07, -0.00173279769459833
1.7763209375E-07, -0.00179934028078757
1.77634046875E-07, -0.001837424831248


