File Format, WaveformXYValues
Format Version, 1
Instrument, N1045A,04F,LOJ
SwVersion, A.06.71.21
SerialNumber, MY56260108
Date, 11/29/2023 13:39:30 GMT+08:00

Source Name, Channel 1A

Points, 2048
Signal Type, Unspecified
Channel Bandwidth, 2E+10
Channel Noise, 6.66857143682292E-05
X Units, Second
Y Units, Volt
Data, 
1.73636E-07, -0.000777267884569441
1.73637953125E-07, -0.000914499656931752
1.7363990625E-07, -0.000626875627925043
1.73641859375E-07, -0.000706887648736816
1.736438125E-07, -0.000666860719201489
1.73645765625E-07, -0.00109802362478485
1.7364771875E-07, -0.000660189033202295
1.73649671875E-07, -0.000840240602344246
1.73651625E-07, -0.000485143723625211
1.73653578125E-07, -0.000945703263232883
1.7365553125E-07, -0.000648443196778868
1.73657484375E-07, -0.00120258404093538
1.736594375E-07, -0.000686388758926609
1.73661390625E-07, -0.000461459767654495
1.7366334375E-07, -0.00113838596230644
1.73665296875E-07, -0.000282985231267177
1.7366725E-07, -0.000787462066972816
1.73669203125E-07, -0.000997795954371424
1.7367115625E-07, -0.000448113857887851
1.73673109375E-07, -0.000681196636878052
1.736750625E-07, -0.00106825739644897
1.73677015625E-07, -0.000660092656558049
1.7367896875E-07, -0.00123363924639474
1.73680921875E-07, -0.00126860223594725
1.73682875E-07, -0.00105183164885729
1.73684828125E-07, -0.00074521582626768
1.7368678125E-07, -0.00119600488355634
1.73688734375E-07, -0.00121282142476901
1.736906875E-07, -0.00122053143280878
1.73692640625E-07, -0.00106826438999672
1.7369459375E-07, -0.00116588149477553
1.73696546875E-07, -0.00062868655750511
1.736985E-07, -0.00148011042445482
1.73700453125E-07, -0.00128161113101411
1.7370240625E-07, -0.0012420360593893
1.73704359375E-07, -0.00097198993397263
1.737063125E-07, -0.000672211523998547
1.73708265625E-07, -0.00122045991480476
1.7371021875E-07, -0.00106252867314248
1.73712171875E-07, -0.00104361907463174
1.73714125E-07, -0.00116741547687807
1.73716078125E-07, -0.00127945440230776
1.7371803125E-07, -0.00110151716919474
1.73719984375E-07, -0.00117296017818173
1.737219375E-07, -0.000960302562343254
1.73723890625E-07, -0.000855375996855309
1.7372584375E-07, -0.00032417783835782
1.73727796875E-07, -0.00123673173944848
1.7372975E-07, -0.000736119582107155
1.73731703125E-07, -0.00133291808504534
1.7373365625E-07, -0.00128576669693213
1.73735609375E-07, -0.00097428296108369
1.737375625E-07, -0.000867728455067662
1.73739515625E-07, -0.00146980735103207
1.7374146875E-07, -0.00113487155965212
1.73743421875E-07, -0.00189451818909188
1.73745375E-07, -0.00074712026156906
1.73747328125E-07, -0.0012429220525469
1.7374928125E-07, -0.00154737213613637
1.73751234375E-07, -0.00142187899411773
1.737531875E-07, -0.00136160540645714
1.73755140625E-07, -0.000848972044308817
1.7375709375E-07, -0.000973789487984147
1.73759046875E-07, -0.00153403383803101
1.73761E-07, -0.00127849692253245
1.73762953125E-07, -0.000993549087397751
1.7376490625E-07, -0.00180562363540925
1.73766859375E-07, -0.00136550085606806
1.737688125E-07, -0.00150204461295974
1.73770765625E-07, -0.00159122599544621
1.7377271875E-07, -0.00163902377069798
1.73774671875E-07, -0.00138403860615007
1.73776625E-07, -0.0016302212401684
1.73778578125E-07, -0.00155572308368205
1.7378053125E-07, -0.00156929139099952
1.73782484375E-07, -0.00151930024090776
1.737844375E-07, -0.00151733203847941
1.73786390625E-07, -0.00155557184493345
1.7378834375E-07, -0.00162682645694346
1.73790296875E-07, -0.00144378506321603
1.7379225E-07, -0.00162972789805892
1.73794203125E-07, -0.00186534542664495
1.7379615625E-07, -0.00163926759533615
1.73798109375E-07, -0.00146598676017913
1.738000625E-07, -0.00157274148941362
1.73802015625E-07, -0.00130528421236708
1.7380396875E-07, -0.00123447132425352
1.73805921875E-07, -0.00159143371332849
1.73807875E-07, -0.00219606852662
1.73809828125E-07, -0.00205362635348774
1.7381178125E-07, -0.00174687674849072
1.73813734375E-07, -0.00187439582544324
1.738156875E-07, -0.00190921581054981
1.73817640625E-07, -0.0017661816577676
1.7381959375E-07, -0.00230331133684303
1.73821546875E-07, -0.00154409282730403
1.738235E-07, -0.00160309125497312
1.73825453125E-07, -0.00247276576734429
1.7382740625E-07, -0.00152506999239975
1.73829359375E-07, -0.0024282732206777
1.738313125E-07, -0.00187694362492151
1.73833265625E-07, -0.00271780273886147
1.7383521875E-07, -0.00241757964074048
1.73837171875E-07, -0.00189676554240298
1.73839125E-07, -0.00244697645450636
1.73841078125E-07, -0.00233119233105419
1.7384303125E-07, -0.00251749386912505
1.73844984375E-07, -0.00261198477920125
1.738469375E-07, -0.00280251761754819
1.73848890625E-07, -0.00223241837872558
1.7385084375E-07, -0.00214751586838739
1.73852796875E-07, -0.00232641207169481
1.7385475E-07, -0.00243878333548327
1.73856703125E-07, -0.00303938479161155
1.7385865625E-07, -0.00240746996269557
1.73860609375E-07, -0.00329328356885116
1.738625625E-07, -0.00303918723889473
1.73864515625E-07, -0.00244533998156858
1.7386646875E-07, -0.00326504184618929
1.73868421875E-07, -0.00252131679164122
1.73870375E-07, -0.00336192718093087
1.73872328125E-07, -0.00277820787959724
1.7387428125E-07, -0.00361936124310435
1.73876234375E-07, -0.00285863917990917
1.738781875E-07, -0.0028567140124325
1.73880140625E-07, -0.00286241832935428
1.7388209375E-07, -0.00314314742752474
1.73884046875E-07, -0.00344237054403697
1.73886E-07, -0.00328378486264835
1.73887953125E-07, -0.00320192590596862
1.7388990625E-07, -0.00361429289581976
1.73891859375E-07, -0.0038236088529963
1.738938125E-07, -0.00366829109583013
1.73895765625E-07, -0.00387534079297435
1.7389771875E-07, -0.00371727306198711
1.73899671875E-07, -0.00426308238306777
1.73901625E-07, -0.0043773834114958
1.73903578125E-07, -0.00401544815583944
1.7390553125E-07, -0.00432328858621929
1.73907484375E-07, -0.00371348111614526
1.739094375E-07, -0.00367402931297022
1.73911390625E-07, -0.00415774743102099
1.7391334375E-07, -0.00478490086628777
1.73915296875E-07, -0.00462168014262523
1.7391725E-07, -0.00509115194867444
1.73919203125E-07, -0.00506553318336133
1.7392115625E-07, -0.00508297997090773
1.73923109375E-07, -0.00467215659526248
1.739250625E-07, -0.00485688313214019
1.73927015625E-07, -0.00501954690530287
1.7392896875E-07, -0.00459231508836309
1.73930921875E-07, -0.00500129735531577
1.73932875E-07, -0.00501144785174987
1.73934828125E-07, -0.00468856677474802
1.7393678125E-07, -0.00539891805265623
1.73938734375E-07, -0.00504219617995545
1.739406875E-07, -0.00456318064002155
1.73942640625E-07, -0.00529298584648807
1.7394459375E-07, -0.00500954116217873
1.73946546875E-07, -0.00470330519980064
1.739485E-07, -0.0048353816066922
1.73950453125E-07, -0.00501809240033767
1.7395240625E-07, -0.00521872590456643
1.73954359375E-07, -0.00572241447257382
1.739563125E-07, -0.00557031636683271
1.73958265625E-07, -0.00506285124148142
1.7396021875E-07, -0.00501841638870095
1.73962171875E-07, -0.00569775046982824
1.73964125E-07, -0.00526411899971182
1.73966078125E-07, -0.00511291456961569
1.7396803125E-07, -0.00467781008957725
1.73969984375E-07, -0.00502034642282511
1.739719375E-07, -0.00513697312885402
1.73973890625E-07, -0.00472601059723468
1.7397584375E-07, -0.00339702104386141
1.73977796875E-07, -0.00458847976211428
1.7397975E-07, -0.00495165880728541
1.73981703125E-07, -0.00493892818987928
1.7398365625E-07, -0.00429794463071236
1.73985609375E-07, -0.00432902881425026
1.739875625E-07, -0.00390957519435191
1.73989515625E-07, -0.00388626432147894
1.7399146875E-07, -0.00464381312627967
1.73993421875E-07, -0.00400590602987035
1.73995375E-07, -0.00392737843787546
1.73997328125E-07, -0.00353096724678619
1.7399928125E-07, -0.00404339971000349
1.74001234375E-07, -0.00417269330181532
1.740031875E-07, -0.00339568220609777
1.74005140625E-07, -0.00287959100728646
1.7400709375E-07, -0.00286403664538266
1.74009046875E-07, -0.00139139014244748
1.74011E-07, -0.00231946170448348
1.74012953125E-07, -0.00216451940139045
1.7401490625E-07, -0.00267140413048861
1.74016859375E-07, -0.00246321957439972
1.740188125E-07, -0.000769445117092017
1.74020765625E-07, -0.00179138383306069
1.7402271875E-07, -0.00122676749802077
1.74024671875E-07, -0.000997762265170061
1.74026625E-07, 0.00114041650456966
1.74028578125E-07, -0.000929579910259722
1.7403053125E-07, 0.000547563946162357
1.74032484375E-07, -0.000214368964871657
1.740344375E-07, -0.000613718046572843
1.74036390625E-07, 0.00126190020208356
1.7403834375E-07, -7.3485782221342E-05
1.74040296875E-07, 0.00177581461570731
1.7404225E-07, 0.0019770893385936
1.74044203125E-07, 0.00201410806887214
1.7404615625E-07, 0.0013754487900084
1.74048109375E-07, 0.00044602771035718
1.740500625E-07, 0.00289312557532714
1.74052015625E-07, 0.00277760511142146
1.7405396875E-07, 0.00264571621692502
1.74055921875E-07, 0.0018648218923463
1.74057875E-07, 0.00476146460591627
1.74059828125E-07, 0.00341068587517841
1.7406178125E-07, 0.0042372152985712
1.74063734375E-07, 0.00571405848534391
1.740656875E-07, 0.00460437753937534
1.74067640625E-07, 0.00771280213459696
1.7406959375E-07, 0.00644753350650141
1.74071546875E-07, 0.00753955085688817
1.740735E-07, 0.00745388759986258
1.74075453125E-07, 0.00724445242455482
1.7407740625E-07, 0.00787797901980295
1.74079359375E-07, 0.00730007474766648
1.740813125E-07, 0.00754533671385359
1.74083265625E-07, 0.00870196017614666
1.7408521875E-07, 0.00896453548153179
1.74087171875E-07, 0.0107338050902643
1.74089125E-07, 0.0108393799556782
1.74091078125E-07, 0.0114444421787284
1.7409303125E-07, 0.0110849048851998
1.74094984375E-07, 0.011359154872311
1.740969375E-07, 0.0123374101356157
1.74098890625E-07, 0.0132624527685587
1.7410084375E-07, 0.0144788785786695
1.74102796875E-07, 0.0147502044859207
1.7410475E-07, 0.0162511447596769
1.74106703125E-07, 0.0140874508621689
1.7410865625E-07, 0.0161822877006598
1.74110609375E-07, 0.0167955178739315
1.741125625E-07, 0.0173632213947359
1.74114515625E-07, 0.0173194001750738
1.7411646875E-07, 0.0181523655580362
1.74118421875E-07, 0.0179108160883287
1.74120375E-07, 0.0213826783683742
1.74122328125E-07, 0.0191718079465601
1.7412428125E-07, 0.0191821117062947
1.74126234375E-07, 0.0214827984406753
1.741281875E-07, 0.0208992585496616
1.74130140625E-07, 0.0236337676652843
1.7413209375E-07, 0.0243371948087196
1.74134046875E-07, 0.0239156598261128
1.74136E-07, 0.0247869897304593
1.74137953125E-07, 0.0255477156330384
1.7413990625E-07, 0.0263346487353926
1.74141859375E-07, 0.0265134863875703
1.741438125E-07, 0.025346831078984
1.74145765625E-07, 0.0255485390738118
1.7414771875E-07, 0.0266911287662416
1.74149671875E-07, 0.0277801444941333
1.74151625E-07, 0.0277290987637976
1.74153578125E-07, 0.0283461505613394
1.7415553125E-07, 0.0292531149007853
1.74157484375E-07, 0.0313924042714271
1.741594375E-07, 0.0306786338036237
1.74161390625E-07, 0.0298429024982299
1.7416334375E-07, 0.0303952866023988
1.74165296875E-07, 0.0317113682517087
1.7416725E-07, 0.0322939559511787
1.74169203125E-07, 0.0307616414078242
1.7417115625E-07, 0.0321938911363294
1.74173109375E-07, 0.032325394724501
1.741750625E-07, 0.0313531118072143
1.74177015625E-07, 0.0319061228283287
1.7417896875E-07, 0.0345331470248514
1.74180921875E-07, 0.0325499657227178
1.74182875E-07, 0.0348404923915249
1.74184828125E-07, 0.0348301932797465
1.7418678125E-07, 0.0346008791171728
1.74188734375E-07, 0.03217987126227
1.741906875E-07, 0.0348800747737967
1.74192640625E-07, 0.0332359213934259
1.7419459375E-07, 0.0346781547619587
1.74196546875E-07, 0.0341252239105347
1.741985E-07, 0.0357547727072875
1.74200453125E-07, 0.0350558619958591
1.7420240625E-07, 0.0343027986432972
1.74204359375E-07, 0.0347247658465138
1.742063125E-07, 0.0353255518661412
1.74208265625E-07, 0.0345435900682184
1.7421021875E-07, 0.0345437390453459
1.74212171875E-07, 0.0294056658386196
1.74214125E-07, 0.0335896324160676
1.74216078125E-07, 0.0339918480205709
1.7421803125E-07, 0.0341441913121496
1.74219984375E-07, 0.031860161878447
1.742219375E-07, 0.0292173949056925
1.74223890625E-07, 0.0329016024355166
1.7422584375E-07, 0.0323340764077928
1.74227796875E-07, 0.0282163387055396
1.7422975E-07, 0.0283570348851596
1.74231703125E-07, 0.0291712178614083
1.7423365625E-07, 0.0298604200295285
1.74235609375E-07, 0.0281357194713028
1.742375625E-07, 0.0282556122053553
1.74239515625E-07, 0.0219103121942478
1.7424146875E-07, 0.0270380681685343
1.74243421875E-07, 0.0233643188068907
1.74245375E-07, 0.0250393748431699
1.74247328125E-07, 0.0223632682760533
1.7424928125E-07, 0.0209163285157273
1.74251234375E-07, 0.0204128966565317
1.742531875E-07, 0.0200475677997296
1.74255140625E-07, 0.019432029459432
1.7425709375E-07, 0.0158402257176562
1.74259046875E-07, 0.0177919250841438
1.74261E-07, 0.0187166096829036
1.74262953125E-07, 0.0115006240594978
1.7426490625E-07, 0.0134377918666375
1.74266859375E-07, 0.0135492338496126
1.742688125E-07, 0.0118227335617397
1.74270765625E-07, 0.00732957915454279
1.7427271875E-07, 0.00958721492160193
1.74274671875E-07, 0.00523072468499204
1.74276625E-07, 0.00743402863182009
1.74278578125E-07, 0.00417506937626975
1.7428053125E-07, -0.00427471875625111
1.74282484375E-07, -0.00251034540240955
1.742844375E-07, -0.00833386460807469
1.74286390625E-07, -0.00349932534560606
1.7428834375E-07, -0.00087931467387275
1.74290296875E-07, -0.00906607665172925
1.7429225E-07, -0.00620436318620383
1.74294203125E-07, -0.00893247853272563
1.7429615625E-07, -0.010265108321568
1.74298109375E-07, -0.0180973453329995
1.743000625E-07, -0.0175556455343144
1.74302015625E-07, -0.0153522937194091
1.7430396875E-07, -0.0218983579579147
1.74305921875E-07, -0.0266659318737199
1.74307875E-07, -0.023334896672386
1.74309828125E-07, -0.0217503598949162
1.7431178125E-07, -0.0289877798462275
1.74313734375E-07, -0.0303291921409806
1.743156875E-07, -0.0368392170311775
1.74317640625E-07, -0.0454221705356808
1.7431959375E-07, -0.0376885532827463
1.74321546875E-07, -0.0434427820701902
1.743235E-07, -0.0377555532495535
1.74325453125E-07, -0.0548358663751051
1.7432740625E-07, -0.0528720906050157
1.74329359375E-07, -0.0541098296311107
1.743313125E-07, -0.0568979571530728
1.74333265625E-07, -0.0578801724774672
1.7433521875E-07, -0.0612572426791654
1.74337171875E-07, -0.066513413370741
1.74339125E-07, -0.0608980891715367
1.74341078125E-07, -0.0688778883633224
1.7434303125E-07, -0.0631694008323448
1.74344984375E-07, -0.0691616791494284
1.743469375E-07, -0.0792919814690455
1.74348890625E-07, -0.0766751816119424
1.7435084375E-07, -0.0782549943616462
1.74352796875E-07, -0.0843930314610433
1.7435475E-07, -0.0754404822411975
1.74356703125E-07, -0.0878508197449004
1.7435865625E-07, -0.0868272216904558
1.74360609375E-07, -0.0936196969201403
1.743625625E-07, -0.0894500517744262
1.74364515625E-07, -0.0951685330246875
1.7436646875E-07, -0.0938031754569039
1.74368421875E-07, -0.09628806574682
1.74370375E-07, -0.102340035874305
1.74372328125E-07, -0.0962114715732375
1.7437428125E-07, -0.101381697665361
1.74376234375E-07, -0.102812926649171
1.743781875E-07, -0.109252721707456
1.74380140625E-07, -0.104924040390526
1.7438209375E-07, -0.107388314189985
1.74384046875E-07, -0.111808522663499
1.74386E-07, -0.11758785874351
1.74387953125E-07, -0.114093206517248
1.7438990625E-07, -0.109668442525245
1.74391859375E-07, -0.118413959699174
1.743938125E-07, -0.12017307946334
1.74395765625E-07, -0.119814381435198
1.7439771875E-07, -0.121890453325704
1.74399671875E-07, -0.120903854987969
1.74401625E-07, -0.117627250811826
1.74403578125E-07, -0.119040058525747
1.7440553125E-07, -0.125091004709103
1.74407484375E-07, -0.121016342434212
1.744094375E-07, -0.123390949097078
1.74411390625E-07, -0.121440394793938
1.7441334375E-07, -0.119805467879992
1.74415296875E-07, -0.116785593969408
1.7441725E-07, -0.11779029840169
1.74419203125E-07, -0.120224362473646
1.7442115625E-07, -0.112393720276413
1.74423109375E-07, -0.116132604763873
1.744250625E-07, -0.119227337985328
1.74427015625E-07, -0.114449259283729
1.7442896875E-07, -0.10836549184746
1.74430921875E-07, -0.111003409490701
1.74432875E-07, -0.111070508034824
1.74434828125E-07, -0.10165777997668
1.7443678125E-07, -0.103725337928368
1.74438734375E-07, -0.104892053512745
1.744406875E-07, -0.103018410890693
1.74442640625E-07, -0.101601881385364
1.7444459375E-07, -0.0931249080823569
1.74446546875E-07, -0.0896160514309992
1.744485E-07, -0.0899277127451417
1.74450453125E-07, -0.079375317819327
1.7445240625E-07, -0.0862747658364477
1.74454359375E-07, -0.07878474320723
1.744563125E-07, -0.080304756740555
1.74458265625E-07, -0.0804827238282518
1.7446021875E-07, -0.0597856858876827
1.74462171875E-07, -0.0676438606634708
1.74464125E-07, -0.0593295152957451
1.74466078125E-07, -0.0571834587994397
1.7446803125E-07, -0.0537694944014749
1.74469984375E-07, -0.0477512203528508
1.744719375E-07, -0.0542511833779493
1.74473890625E-07, -0.0385248583656147
1.7447584375E-07, -0.0351339955756786
1.74477796875E-07, -0.0399777680339194
1.7447975E-07, -0.0293134958293981
1.74481703125E-07, -0.0291204860250484
1.7448365625E-07, -0.0274991374172301
1.74485609375E-07, -0.0214929676075038
1.744875625E-07, -0.011492676929154
1.74489515625E-07, -0.010624516986489
1.7449146875E-07, -0.00100243242522184
1.74493421875E-07, 0.00726626801389126
1.74495375E-07, 0.012730235098676
1.74497328125E-07, 0.0122436751601477
1.7449928125E-07, 0.0126944609428346
1.74501234375E-07, 0.0181084942718049
1.745031875E-07, 0.0129240515053383
1.74505140625E-07, 0.0034425943285735
1.7450709375E-07, 0.0316683809533069
1.74509046875E-07, 0.0306212359159173
1.74511E-07, 0.02836163346177
1.74512953125E-07, 0.0367158854596087
1.7451490625E-07, 0.0518562049045207
1.74516859375E-07, 0.054452566018573
1.745188125E-07, 0.0475151976158302
1.74520765625E-07, 0.0698033675159301
1.7452271875E-07, 0.0632380031318533
1.74524671875E-07, 0.0688430314873629
1.74526625E-07, 0.0636600376006133
1.74528578125E-07, 0.0656369261111832
1.7453053125E-07, 0.0699160948761826
1.74532484375E-07, 0.0721579629185955
1.745344375E-07, 0.0821601721312984
1.74536390625E-07, 0.0817666866964283
1.7453834375E-07, 0.081666799278361
1.74540296875E-07, 0.0819773132677211
1.7454225E-07, 0.0908895756395668
1.74544203125E-07, 0.0855161916637514
1.7454615625E-07, 0.0879636382319448
1.74548109375E-07, 0.0948939835396706
1.745500625E-07, 0.0931240709995398
1.74552015625E-07, 0.085933567900196
1.7455396875E-07, 0.0968666728694277
1.74555921875E-07, 0.101454592599278
1.74557875E-07, 0.101927352440546
1.74559828125E-07, 0.100662187714545
1.7456178125E-07, 0.0972827973233265
1.74563734375E-07, 0.0989507792841529
1.745656875E-07, 0.100909000557719
1.74567640625E-07, 0.102411277087581
1.7456959375E-07, 0.101659075854748
1.74571546875E-07, 0.0998439665166728
1.745735E-07, 0.100815500531717
1.74575453125E-07, 0.0977891941079606
1.7457740625E-07, 0.0995521569198582
1.74579359375E-07, 0.0944468700027134
1.745813125E-07, 0.096195396863506
1.74583265625E-07, 0.0966978040964328
1.7458521875E-07, 0.0970805361534259
1.74587171875E-07, 0.0854663882778487
1.74589125E-07, 0.0891061230090505
1.74591078125E-07, 0.0854152262716694
1.7459303125E-07, 0.0859365084805819
1.74594984375E-07, 0.0907682962085292
1.745969375E-07, 0.087161674629172
1.74598890625E-07, 0.0874667559296327
1.7460084375E-07, 0.0800932718844477
1.74602796875E-07, 0.077422920957801
1.7460475E-07, 0.078703146552765
1.74606703125E-07, 0.0801090482871505
1.7460865625E-07, 0.0765778283328953
1.74610609375E-07, 0.0729267701865644
1.746125625E-07, 0.0722852663278848
1.74614515625E-07, 0.0679281804727604
1.7461646875E-07, 0.0681856686139082
1.74618421875E-07, 0.0537596592969971
1.74620375E-07, 0.0627187128402402
1.74622328125E-07, 0.0599294167046807
1.7462428125E-07, 0.0571678266279452
1.74626234375E-07, 0.05526720431972
1.746281875E-07, 0.0527909140163975
1.74630140625E-07, 0.0549950589491881
1.7463209375E-07, 0.0467234014455704
1.74634046875E-07, 0.0468212231981003
1.74636E-07, 0.0436721075417996
1.74637953125E-07, 0.0479831376041809
1.7463990625E-07, 0.0390173783317643
1.74641859375E-07, 0.0478122363335538
1.746438125E-07, 0.0446670571563696
1.74645765625E-07, 0.0352722469734005
1.7464771875E-07, 0.0361652922436116
1.74649671875E-07, 0.0365317153901609
1.74651625E-07, 0.0355733044619149
1.74653578125E-07, 0.0374076430942061
1.7465553125E-07, 0.0300991688336341
1.74657484375E-07, 0.0289589534688549
1.746594375E-07, 0.0314295291419806
1.74661390625E-07, 0.026379812816698
1.7466334375E-07, 0.0282608910781346
1.74665296875E-07, 0.0282327612870525
1.7466725E-07, 0.0246678286824625
1.74669203125E-07, 0.0275710757617728
1.7467115625E-07, 0.0267090387976205
1.74673109375E-07, 0.023473386443805
1.746750625E-07, 0.0227388380158227
1.74677015625E-07, 0.0200483041929879
1.7467896875E-07, 0.025930741921099
1.74680921875E-07, 0.0197239326691369
1.74682875E-07, 0.0197799050901421
1.74684828125E-07, 0.0198729911351017
1.7468678125E-07, 0.0194214077445591
1.74688734375E-07, 0.0202737422350267
1.746906875E-07, 0.0189824209631201
1.74692640625E-07, 0.0187735073010131
1.7469459375E-07, 0.0188138824502866
1.74696546875E-07, 0.0176505623534798
1.746985E-07, 0.022073242423611
1.74700453125E-07, 0.0187620149051457
1.7470240625E-07, 0.0187224845742178
1.74704359375E-07, 0.0183385161921639
1.747063125E-07, 0.0188927990659881
1.74708265625E-07, 0.0188457627432995
1.7471021875E-07, 0.0206225892761827
1.74712171875E-07, 0.0203963110796724
1.74714125E-07, 0.0189946017258347
1.74716078125E-07, 0.018760356577212
1.7471803125E-07, 0.0190434421554618
1.74719984375E-07, 0.0190418033242846
1.747219375E-07, 0.019084667616396
1.74723890625E-07, 0.0191454229831951
1.7472584375E-07, 0.0197001422786676
1.74727796875E-07, 0.0187763541724946
1.7472975E-07, 0.0195054152571803
1.74731703125E-07, 0.0191012312700813
1.7473365625E-07, 0.0191258906191433
1.74735609375E-07, 0.0193735356225142
1.747375625E-07, 0.0207248883730429
1.74739515625E-07, 0.0184429283509693
1.7474146875E-07, 0.0188697054434851
1.74743421875E-07, 0.0179839495474661
1.74745375E-07, 0.0179135884407048
1.74747328125E-07, 0.0174052025762551
1.7474928125E-07, 0.0180891809323829
1.74751234375E-07, 0.0172600300670703
1.747531875E-07, 0.0177652723298385
1.74755140625E-07, 0.0166899133205126
1.7475709375E-07, 0.0150822873317256
1.74759046875E-07, 0.0160276383379985
1.74761E-07, 0.0170547880979907
1.74762953125E-07, 0.0144762602736342
1.7476490625E-07, 0.0138769959147334
1.74766859375E-07, 0.0140593371278908
1.747688125E-07, 0.0145998243167472
1.74770765625E-07, 0.0127310061468185
1.7477271875E-07, 0.0134862455878653
1.74774671875E-07, 0.0119206691418885
1.74776625E-07, 0.0131212741229435
1.74778578125E-07, 0.0103237380020993
1.7478053125E-07, 0.0112824034853413
1.74782484375E-07, 0.0101200004360553
1.747844375E-07, 0.00943249231542594
1.74786390625E-07, 0.00711403238247005
1.7478834375E-07, 0.0087973538460268
1.74790296875E-07, 0.00621522080707167
1.7479225E-07, 0.00832826162163296
1.74794203125E-07, 0.0085367550015984
1.7479615625E-07, 0.00630532317273007
1.74798109375E-07, 0.00525098338966402
1.748000625E-07, 0.00257057110502414
1.74802015625E-07, 0.00422618018515383
1.7480396875E-07, 0.00349596843112002
1.74805921875E-07, 0.00174146897967595
1.74807875E-07, 0.00209141365470461
1.74809828125E-07, 0.00173983772597817
1.7481178125E-07, 0.000321881325092501
1.74813734375E-07, 0.00210038842722628
1.748156875E-07, -0.000945937194017466
1.74817640625E-07, 0.000166365524860583
1.7481959375E-07, -0.00286185151076983
1.74821546875E-07, -0.00264196857812725
1.748235E-07, -0.00314292216180658
1.74825453125E-07, -0.00274903425261109
1.7482740625E-07, -0.00277256359442795
1.74829359375E-07, -0.00342237181068541
1.748313125E-07, -0.0048543793453179
1.74833265625E-07, -0.00560913785832199
1.7483521875E-07, -0.00576859441296299
1.74837171875E-07, -0.0071528322030324
1.74839125E-07, -0.00477271259462783
1.74841078125E-07, -0.00701644370014694
1.7484303125E-07, -0.00557672853898686
1.74844984375E-07, -0.00812028293324353
1.748469375E-07, -0.00766637051738645
1.74848890625E-07, -0.00697789602110632
1.7485084375E-07, -0.00753054550630351
1.74852796875E-07, -0.00777812624851492
1.7485475E-07, -0.00874408731697616
1.74856703125E-07, -0.00791948264638619
1.7485865625E-07, -0.00540139586179411
1.74860609375E-07, -0.00841770336362719
1.748625625E-07, -0.008134024540004
1.74864515625E-07, -0.00778364427359125
1.7486646875E-07, -0.00856282517372017
1.74868421875E-07, -0.00772400109533901
1.74870375E-07, -0.00833690062208579
1.74872328125E-07, -0.00816329533961765
1.7487428125E-07, -0.00703242842753361
1.74876234375E-07, -0.00791228189169695
1.748781875E-07, -0.00728991077637728
1.74880140625E-07, -0.00788702565299402
1.7488209375E-07, -0.00816668380808968
1.74884046875E-07, -0.00742395976809174
1.74886E-07, -0.00744768040972419
1.74887953125E-07, -0.0056856446275319
1.7488990625E-07, -0.00625127723445469
1.74891859375E-07, -0.00657608961235908
1.748938125E-07, -0.00622687246515885
1.74895765625E-07, -0.00604666129372898
1.7489771875E-07, -0.00519575158506586
1.74899671875E-07, -0.00523021007276164
1.74901625E-07, -0.00484194994401411
1.74903578125E-07, -0.00467862586668986
1.7490553125E-07, -0.00454179799202166
1.74907484375E-07, -0.0045073225266754
1.749094375E-07, -0.00424016802754659
1.74911390625E-07, -0.0032862171289715
1.7491334375E-07, -0.00402950910090182
1.74915296875E-07, -0.0037900862396631
1.7491725E-07, -0.00255038656397151
1.74919203125E-07, -0.00291512242925955
1.7492115625E-07, -0.00181531612685721
1.74923109375E-07, -0.00259135051227552
1.749250625E-07, -0.0019520123611067
1.74927015625E-07, -0.00206590752120648
1.7492896875E-07, -0.00277478696056984
1.74930921875E-07, -0.00156687745124718
1.74932875E-07, -0.00079966488319318
1.74934828125E-07, -0.00119821818161805
1.7493678125E-07, -0.00036174444048442
1.74938734375E-07, -0.00130993800904978
1.749406875E-07, 8.06790294823923E-05
1.74942640625E-07, -0.000325413775783465
1.7494459375E-07, 0.000157365118165564
1.74946546875E-07, 0.00052922754157482
1.749485E-07, 0.000585891159175235
1.74950453125E-07, 0.00096913138709327
1.7495240625E-07, 0.000816737631295587
1.74954359375E-07, 0.000532900340695545
1.749563125E-07, 0.000922930598793269
1.74958265625E-07, 0.00118252552189249
1.7496021875E-07, 0.00172401665740888
1.74962171875E-07, 0.000918844109160675
1.74964125E-07, 0.0012188973996804
1.74966078125E-07, 0.00158670215201043
1.7496803125E-07, 0.00163935335945229
1.74969984375E-07, 0.00123069108734126
1.749719375E-07, 0.00191596099921239
1.74973890625E-07, 0.00185846041291659
1.7497584375E-07, 0.00157100462741455
1.74977796875E-07, 0.00134188670362913
1.7497975E-07, 0.00154349989440193
1.74981703125E-07, 0.0015408628443486
1.7498365625E-07, 0.00136876810784511
1.74985609375E-07, 0.0014339887083826
1.749875625E-07, 0.000840999242725925
1.74989515625E-07, 0.0013666015431678
1.7499146875E-07, 0.000824728286994576
1.74993421875E-07, 0.00107308935537639
1.74995375E-07, 0.000859921269616715
1.74997328125E-07, 0.000742678836924318
1.7499928125E-07, 0.00105595278936701
1.75001234375E-07, 0.000144052249456399
1.750031875E-07, 0.000820000532661815
1.75005140625E-07, 0.00020751914718926
1.7500709375E-07, 8.77982493716324E-05
1.75009046875E-07, 9.15209242907455E-05
1.75011E-07, -0.000371133674700869
1.75012953125E-07, -0.00127942544163531
1.7501490625E-07, -0.000981676236589057
1.75016859375E-07, -0.0010840121369388
1.750188125E-07, -0.000882747027265066
1.75020765625E-07, -0.00143115722543715
1.7502271875E-07, -0.00287593183484166
1.75024671875E-07, -0.00206733704353825
1.75026625E-07, -0.00225460215093456
1.75028578125E-07, -0.00218159660515902
1.7503053125E-07, -0.00203731695319211
1.75032484375E-07, -0.00400656951956619
1.750344375E-07, -0.00319327974868004
1.75036390625E-07, -0.0040026146700606
1.7503834375E-07, -0.00424065574063934
1.75040296875E-07, -0.00345728806904483
1.7504225E-07, -0.00432875867563167
1.75044203125E-07, -0.00459849184040078
1.7504615625E-07, -0.0070405811705233
1.75048109375E-07, -0.00727026734758836
1.750500625E-07, -0.00668574706009649
1.75052015625E-07, -0.00661024339405858
1.7505396875E-07, -0.00744547686702677
1.75055921875E-07, -0.00660133318557512
1.75057875E-07, -0.00888687392653831
1.75059828125E-07, -0.00842521500526177
1.7506178125E-07, -0.0102123761335539
1.75063734375E-07, -0.00792795909271747
1.750656875E-07, -0.00933255471331222
1.75067640625E-07, -0.0105922929802526
1.7506959375E-07, -0.0106966801760877
1.75071546875E-07, -0.0112408052491326
1.750735E-07, -0.0124044739328416
1.75075453125E-07, -0.0122844178138992
1.7507740625E-07, -0.0126034439031914
1.75079359375E-07, -0.0145077656335254
1.750813125E-07, -0.0145803268002529
1.75083265625E-07, -0.014945475671658
1.7508521875E-07, -0.0141844333301463
1.75087171875E-07, -0.0158004277140594
1.75089125E-07, -0.0145677119181428
1.75091078125E-07, -0.0162678471342384
1.7509303125E-07, -0.0181901183483652
1.75094984375E-07, -0.0170904814372134
1.750969375E-07, -0.0175841666601434
1.75098890625E-07, -0.0198450686112566
1.7510084375E-07, -0.019561327269082
1.75102796875E-07, -0.0214001297033109
1.7510475E-07, -0.0195362054887445
1.75106703125E-07, -0.0215333391907626
1.7510865625E-07, -0.0217431173376708
1.75110609375E-07, -0.0226816458135927
1.751125625E-07, -0.0225904083821557
1.75114515625E-07, -0.0244980108662747
1.7511646875E-07, -0.0227262469522283
1.75118421875E-07, -0.0239458963309993
1.75120375E-07, -0.025610060267198
1.75122328125E-07, -0.0234960247231656
1.7512428125E-07, -0.0245351056938868
1.75126234375E-07, -0.0266701554919103
1.751281875E-07, -0.0253015485694931
1.75130140625E-07, -0.0280878631276412
1.7513209375E-07, -0.0276372944386976
1.75134046875E-07, -0.026629986141453
1.75136E-07, -0.0287549980707891
1.75137953125E-07, -0.0281381149875791
1.7513990625E-07, -0.0275547695928916
1.75141859375E-07, -0.0294546781729931
1.751438125E-07, -0.0290353120010152
1.75145765625E-07, -0.0298953286827543
1.7514771875E-07, -0.0306643821724386
1.75149671875E-07, -0.0311027974168349
1.75151625E-07, -0.0303250188057853
1.75153578125E-07, -0.0305651785891582
1.7515553125E-07, -0.0308297738544365
1.75157484375E-07, -0.0316135082115473
1.751594375E-07, -0.0314503725713161
1.75161390625E-07, -0.0325780073349443
1.7516334375E-07, -0.0324868418179842
1.75165296875E-07, -0.0302510314701352
1.7516725E-07, -0.0323918126077059
1.75169203125E-07, -0.0319005431612616
1.7517115625E-07, -0.0321804836629889
1.75173109375E-07, -0.0325315994943607
1.751750625E-07, -0.0333684891448774
1.75177015625E-07, -0.0328360676958669
1.7517896875E-07, -0.0326841513391269
1.75180921875E-07, -0.0331372323374091
1.75182875E-07, -0.0316474777427785
1.75184828125E-07, -0.0322444569282486
1.7518678125E-07, -0.0318537054973737
1.75188734375E-07, -0.0328321789889155
1.751906875E-07, -0.0330121346002474
1.75192640625E-07, -0.0324199842851806
1.7519459375E-07, -0.0319166358808639
1.75196546875E-07, -0.0318033109092819
1.751985E-07, -0.0318984517298361
1.75200453125E-07, -0.0309376910262165
1.7520240625E-07, -0.0317182239282713
1.75204359375E-07, -0.0320477179639961
1.752063125E-07, -0.0312451687274229
1.75208265625E-07, -0.0308406677005251
1.7521021875E-07, -0.0314824899159324
1.75212171875E-07, -0.0299266381233432
1.75214125E-07, -0.0316619666843709
1.75216078125E-07, -0.0293054279170527
1.7521803125E-07, -0.0303689595449305
1.75219984375E-07, -0.0303191951733747
1.752219375E-07, -0.0285283083464108
1.75223890625E-07, -0.0285937301933593
1.7522584375E-07, -0.0286669184375755
1.75227796875E-07, -0.0278950690645154
1.7522975E-07, -0.0281954224742151
1.75231703125E-07, -0.0270163127965798
1.7523365625E-07, -0.0264033724093816
1.75235609375E-07, -0.0268097970201062
1.752375625E-07, -0.0267079699160053
1.75239515625E-07, -0.0268699358973612
1.7524146875E-07, -0.0254968435421484
1.75243421875E-07, -0.0268215880530419
1.75245375E-07, -0.0254519899259615
1.75247328125E-07, -0.0248166492583528
1.7524928125E-07, -0.0246179712026826
1.75251234375E-07, -0.0256193796244626
1.752531875E-07, -0.0235262091385977
1.75255140625E-07, -0.0239758055592552
1.7525709375E-07, -0.0229508186461094
1.75259046875E-07, -0.0232456853559084
1.75261E-07, -0.0222624206628119
1.75262953125E-07, -0.0214661587460817
1.7526490625E-07, -0.0225379181200903
1.75266859375E-07, -0.022962381040343
1.752688125E-07, -0.021221587452044
1.75270765625E-07, -0.0206726443028243
1.7527271875E-07, -0.0205587616606148
1.75274671875E-07, -0.0202341636435211
1.75276625E-07, -0.0185069004311742
1.75278578125E-07, -0.0198339804870047
1.7528053125E-07, -0.0196894405548394
1.75282484375E-07, -0.019291565540037
1.752844375E-07, -0.0175661195273046
1.75286390625E-07, -0.0170684075590985
1.7528834375E-07, -0.0176588402094382
1.75290296875E-07, -0.0155948742101906
1.7529225E-07, -0.0174286301583847
1.75294203125E-07, -0.0173734265477257
1.7529615625E-07, -0.0158135021946927
1.75298109375E-07, -0.014480740675693
1.753000625E-07, -0.0147564984420961
1.75302015625E-07, -0.0145937369354406
1.7530396875E-07, -0.0140797646197612
1.75305921875E-07, -0.0124622352645683
1.75307875E-07, -0.0118085058651812
1.75309828125E-07, -0.0135866927131751
1.7531178125E-07, -0.0126769887073091
1.75313734375E-07, -0.0126923028019665
1.753156875E-07, -0.011017625669386
1.75317640625E-07, -0.0111479644994816
1.7531959375E-07, -0.0109909609509277
1.75321546875E-07, -0.00964316698911019
1.753235E-07, -0.00920735823000631
1.75325453125E-07, -0.00892598639221119
1.7532740625E-07, -0.00898445545101985
1.75329359375E-07, -0.00888052466925263
1.753313125E-07, -0.0084902617096798
1.75333265625E-07, -0.00783793603245572
1.7533521875E-07, -0.00778102730018468
1.75337171875E-07, -0.00776085439036333
1.75339125E-07, -0.00747063211470151
1.75341078125E-07, -0.00482101590988721
1.7534303125E-07, -0.00503881591377848
1.75344984375E-07, -0.00496581356815675
1.753469375E-07, -0.005339847539204
1.75348890625E-07, -0.00552633359920273
1.7535084375E-07, -0.0043186953722044
1.75352796875E-07, -0.00208429117847501
1.7535475E-07, -0.00431511082292536
1.75356703125E-07, -0.00421359974720187
1.7535865625E-07, -0.00197941572920865
1.75360609375E-07, -0.00449516943888665
1.753625625E-07, -0.0023922171730999
1.75364515625E-07, -0.00170230536336657
1.7536646875E-07, -0.00203022901623355
1.75368421875E-07, -0.000927740659288788
1.75370375E-07, -0.00198474779085934
1.75372328125E-07, -0.00115669277070542
1.7537428125E-07, -0.000919334208673067
1.75376234375E-07, 0.000441266970320477
1.753781875E-07, 0.00111311333679288
1.75380140625E-07, 0.000159721437038982
1.7538209375E-07, -2.59535386440924E-05
1.75384046875E-07, 0.00150941621734354
1.75386E-07, 0.00155060124885804
1.75387953125E-07, 0.00030076168876675
1.7538990625E-07, 0.000923535869663751
1.75391859375E-07, 0.00159923062855409
1.753938125E-07, 0.00145040684197396
1.75395765625E-07, 0.00275151932999901
1.7539771875E-07, 0.00207635065714796
1.75399671875E-07, 0.00207977641464153
1.75401625E-07, 0.00311774973271011
1.75403578125E-07, 0.00385588392087838
1.7540553125E-07, 0.00343904827743868
1.75407484375E-07, 0.00275399535327381
1.754094375E-07, 0.00406704725915496
1.75411390625E-07, 0.00332956053903717
1.7541334375E-07, 0.00382721254219267
1.75415296875E-07, 0.00376205292710895
1.7541725E-07, 0.00370959885312032
1.75419203125E-07, 0.00460711017139636
1.7542115625E-07, 0.00483858206014742
1.75423109375E-07, 0.00526523266160136
1.754250625E-07, 0.0049461516684347
1.75427015625E-07, 0.0045587116232244
1.7542896875E-07, 0.0054450469005514
1.75430921875E-07, 0.00563046281830509
1.75432875E-07, 0.0051122873356629
1.75434828125E-07, 0.00484440185930723
1.7543678125E-07, 0.00576392809714336
1.75438734375E-07, 0.00641584957119277
1.754406875E-07, 0.00642192769393006
1.75442640625E-07, 0.0058520345396797
1.7544459375E-07, 0.00631166117660989
1.75446546875E-07, 0.00754582927095617
1.754485E-07, 0.00719229810965827
1.75450453125E-07, 0.00712151275866102
1.7545240625E-07, 0.0065768434465646
1.75454359375E-07, 0.00800019188330398
1.754563125E-07, 0.00758925422889725
1.75458265625E-07, 0.00788731529046201
1.7546021875E-07, 0.00738835847801448
1.75462171875E-07, 0.00839498749111802
1.75464125E-07, 0.00856271351358531
1.75466078125E-07, 0.00948779000348811
1.7546803125E-07, 0.00846782616994717
1.75469984375E-07, 0.00911300764941587
1.754719375E-07, 0.00940872023578278
1.75473890625E-07, 0.00950638864166936
1.7547584375E-07, 0.0100474474975478
1.75477796875E-07, 0.010328778847674
1.7547975E-07, 0.0100593345150831
1.75481703125E-07, 0.0105392022088438
1.7548365625E-07, 0.0105145643526367
1.75485609375E-07, 0.012098277901455
1.754875625E-07, 0.0112249917450599
1.75489515625E-07, 0.0105161093273219
1.7549146875E-07, 0.0120228773382567
1.75493421875E-07, 0.0114077177706798
1.75495375E-07, 0.0122976378989341
1.75497328125E-07, 0.0125425336127571
1.7549928125E-07, 0.0121852388579348
1.75501234375E-07, 0.0128293225993141
1.755031875E-07, 0.0125961578417697
1.75505140625E-07, 0.012890295347409
1.7550709375E-07, 0.0130364878224082
1.75509046875E-07, 0.012955175197242
1.75511E-07, 0.0133583048531927
1.75512953125E-07, 0.0136466810332485
1.7551490625E-07, 0.0144615725842121
1.75516859375E-07, 0.013605757478165
1.755188125E-07, 0.0134345098672799
1.75520765625E-07, 0.0139533191737309
1.7552271875E-07, 0.0134439242363615
1.75524671875E-07, 0.014194961999992
1.75526625E-07, 0.014484587621743
1.75528578125E-07, 0.0144205162382721
1.7553053125E-07, 0.0144995624146008
1.75532484375E-07, 0.0142783951131547
1.755344375E-07, 0.0143201214274185
1.75536390625E-07, 0.0143975309666527
1.7553834375E-07, 0.0146146406986758
1.75540296875E-07, 0.0147379346467056
1.7554225E-07, 0.0143776367859938
1.75544203125E-07, 0.0144642459448495
1.7554615625E-07, 0.0144050817743196
1.75548109375E-07, 0.0140450963771525
1.755500625E-07, 0.0140353197892249
1.75552015625E-07, 0.013674446474997
1.7555396875E-07, 0.0135766805784293
1.75555921875E-07, 0.0137324762782485
1.75557875E-07, 0.0138846674167894
1.75559828125E-07, 0.0133627990736948
1.7556178125E-07, 0.0134171928422056
1.75563734375E-07, 0.0125989755087308
1.755656875E-07, 0.0124102931391415
1.75567640625E-07, 0.0132373101602507
1.7556959375E-07, 0.0130726024125084
1.75571546875E-07, 0.0118448783497541
1.755735E-07, 0.0123651780789833
1.75575453125E-07, 0.011739183103063
1.7557740625E-07, 0.0119942870817944
1.75579359375E-07, 0.0111272358173151
1.755813125E-07, 0.0114705567746919
1.75583265625E-07, 0.0110467406643513
1.7558521875E-07, 0.0106647171003613
1.75587171875E-07, 0.00994059670428131
1.75589125E-07, 0.00984221186241457
1.75591078125E-07, 0.00957163425566959
1.7559303125E-07, 0.00924104385289805
1.75594984375E-07, 0.00909067917421243
1.755969375E-07, 0.00842373144978284
1.75598890625E-07, 0.00840098365978211
1.7560084375E-07, 0.00855401025381047
1.75602796875E-07, 0.00879612802410695
1.7560475E-07, 0.00857003356281246
1.75606703125E-07, 0.00739018566007073
1.7560865625E-07, 0.00747486755634678
1.75610609375E-07, 0.00712137212334091
1.756125625E-07, 0.0068875057375117
1.75614515625E-07, 0.00686072622506453
1.7561646875E-07, 0.00560615359686216
1.75618421875E-07, 0.00624804192421884
1.75620375E-07, 0.00593821904855751
1.75622328125E-07, 0.00544069071903223
1.7562428125E-07, 0.00531453709377733
1.75626234375E-07, 0.0047604031173704
1.756281875E-07, 0.00474950882601728
1.75630140625E-07, 0.00452660083138457
1.7563209375E-07, 0.00478950937947774
1.75634046875E-07, 0.00427012571777788
1.75636E-07, 0.00378104298195534
1.75637953125E-07, 0.0041300603257361
1.7563990625E-07, 0.00409845899591653
1.75641859375E-07, 0.00335924189962439
1.756438125E-07, 0.00370561430872293
1.75645765625E-07, 0.00327303590058171
1.7564771875E-07, 0.0031920188541704
1.75649671875E-07, 0.00371330386261809
1.75651625E-07, 0.00322757877569225
1.75653578125E-07, 0.00334773259551466
1.7565553125E-07, 0.0035255103630798
1.75657484375E-07, 0.00290100120942648
1.756594375E-07, 0.00313111531681909
1.75661390625E-07, 0.00333171444777308
1.7566334375E-07, 0.00265926603924418
1.75665296875E-07, 0.0028162443723359
1.7566725E-07, 0.00265769289809053
1.75669203125E-07, 0.00287526084548581
1.7567115625E-07, 0.00285554199934059
1.75673109375E-07, 0.00306418809017665
1.756750625E-07, 0.00299307497971652
1.75677015625E-07, 0.00307688813726492
1.7567896875E-07, 0.00333437025579672
1.75680921875E-07, 0.00396960305621177
1.75682875E-07, 0.00377415124802173
1.75684828125E-07, 0.00362916288967855
1.7568678125E-07, 0.00433787565052816
1.75688734375E-07, 0.00376056520942218
1.756906875E-07, 0.00391032316329333
1.75692640625E-07, 0.00438390848799555
1.7569459375E-07, 0.00477337115977106
1.75696546875E-07, 0.00458966305522822
1.756985E-07, 0.00447597272007772
1.75700453125E-07, 0.00425546204904425
1.7570240625E-07, 0.00476464623543317
1.75704359375E-07, 0.00509856062579596
1.757063125E-07, 0.00470714238587677
1.75708265625E-07, 0.00515435944000549
1.7571021875E-07, 0.00543602636351456
1.75712171875E-07, 0.0050373496051564
1.75714125E-07, 0.00540747248385113
1.75716078125E-07, 0.00517784278743057
1.7571803125E-07, 0.00577210444320372
1.75719984375E-07, 0.00590510829671616
1.757219375E-07, 0.0058149119326764
1.75723890625E-07, 0.00640987609844127
1.7572584375E-07, 0.00655227546735249
1.75727796875E-07, 0.00663219738934674
1.7572975E-07, 0.00599443590145481
1.75731703125E-07, 0.00667790697084463
1.7573365625E-07, 0.00718019688941143
1.75735609375E-07, 0.00759032656385081
1.757375625E-07, 0.00705384180800866
1.75739515625E-07, 0.00726787159599172
1.7574146875E-07, 0.0073146851924031
1.75743421875E-07, 0.0072967846058178
1.75745375E-07, 0.0074146943645108
1.75747328125E-07, 0.00757541899210333
1.7574928125E-07, 0.00795855646227608
1.75751234375E-07, 0.00801264661735935
1.757531875E-07, 0.00759470771285505
1.75755140625E-07, 0.00790383200113149
1.7575709375E-07, 0.00844875834927488
1.75759046875E-07, 0.00843825941024284
1.75761E-07, 0.00792266429009292
1.75762953125E-07, 0.00822667498080837
1.7576490625E-07, 0.00842495969401438
1.75766859375E-07, 0.00861931205642864
1.757688125E-07, 0.0085523932825393
1.75770765625E-07, 0.00881549201936919
1.7577271875E-07, 0.00886055237615415
1.75774671875E-07, 0.00889868939002171
1.75776625E-07, 0.00913053995192853
1.75778578125E-07, 0.00877583805252379
1.7578053125E-07, 0.00899116267753367
1.75782484375E-07, 0.00948613743484953
1.757844375E-07, 0.0093725489777845
1.75786390625E-07, 0.00943171513860963
1.7578834375E-07, 0.00924642691596279
1.75790296875E-07, 0.00931144384876786
1.7579225E-07, 0.00976843585344023
1.75794203125E-07, 0.00956466250098021
1.7579615625E-07, 0.00955143602848107
1.75798109375E-07, 0.00958664938251532
1.758000625E-07, 0.00959226332760087
1.75802015625E-07, 0.00991780127481867
1.7580396875E-07, 0.00992346868439494
1.75805921875E-07, 0.00981479049050351
1.75807875E-07, 0.0102959555886334
1.75809828125E-07, 0.0101553602115944
1.7581178125E-07, 0.00990365591773442
1.75813734375E-07, 0.0100377129539964
1.758156875E-07, 0.00994302927353941
1.75817640625E-07, 0.0102226987857477
1.7581959375E-07, 0.0102401292249666
1.75821546875E-07, 0.0107893471338504
1.758235E-07, 0.0104228032433398
1.75825453125E-07, 0.0110357001449349
1.7582740625E-07, 0.0108455843223775
1.75829359375E-07, 0.0106257143735479
1.758313125E-07, 0.0107075557206447
1.75833265625E-07, 0.0107353915180948
1.7583521875E-07, 0.0108462880826599
1.75837171875E-07, 0.0111572215233601
1.75839125E-07, 0.0112225428356566
1.75841078125E-07, 0.0100433462303572
1.7584303125E-07, 0.0111287794800426
1.75844984375E-07, 0.0111759776618769
1.758469375E-07, 0.0114186465675678
1.75848890625E-07, 0.0111511441096606
1.7585084375E-07, 0.0115512670530268
1.75852796875E-07, 0.0119397534080384
1.7585475E-07, 0.012041175311912
1.75856703125E-07, 0.0109970691234381
1.7585865625E-07, 0.0116220357589281
1.75860609375E-07, 0.0119765708565712
1.758625625E-07, 0.0118732296276683
1.75864515625E-07, 0.0120062037318976
1.7586646875E-07, 0.0123003776152724
1.75868421875E-07, 0.0123838708872541
1.75870375E-07, 0.0122624692144094
1.75872328125E-07, 0.0124647453898608
1.7587428125E-07, 0.0118699451774108
1.75876234375E-07, 0.0123123153725585
1.758781875E-07, 0.0121227562539432
1.75880140625E-07, 0.0119039163327441
1.7588209375E-07, 0.012358568112108
1.75884046875E-07, 0.0126222292190222
1.75886E-07, 0.0121879122939657
1.75887953125E-07, 0.0124018695706288
1.7588990625E-07, 0.0127790641071664
1.75891859375E-07, 0.0125338814106464
1.758938125E-07, 0.0126810056813686
1.75895765625E-07, 0.0122385523043748
1.7589771875E-07, 0.0123340638435233
1.75899671875E-07, 0.0126060572490568
1.75901625E-07, 0.0124874520942832
1.75903578125E-07, 0.0128888765435111
1.7590553125E-07, 0.0125530196009987
1.75907484375E-07, 0.0126978125335617
1.759094375E-07, 0.0127934432045008
1.75911390625E-07, 0.0123195529308488
1.7591334375E-07, 0.0122698979008877
1.75915296875E-07, 0.012277826263495
1.7591725E-07, 0.0123446507314535
1.75919203125E-07, 0.0124134097851933
1.7592115625E-07, 0.011625614871378
1.75923109375E-07, 0.0119948604385324
1.759250625E-07, 0.0117608523569954
1.75927015625E-07, 0.0120999273809838
1.7592896875E-07, 0.0112752437420539
1.75930921875E-07, 0.0112374192822171
1.75932875E-07, 0.0113280054131663
1.75934828125E-07, 0.0111745519278053
1.7593678125E-07, 0.0105636034887509
1.75938734375E-07, 0.0110132319474702
1.759406875E-07, 0.0113038648850876
1.75942640625E-07, 0.0102926906265944
1.7594459375E-07, 0.0100145999396931
1.75946546875E-07, 0.00934825725820674
1.759485E-07, 0.00912875701900855
1.75950453125E-07, 0.0098373320494814
1.7595240625E-07, 0.00977016778209222
1.75954359375E-07, 0.00949489474032058
1.759563125E-07, 0.00857177017482863
1.75958265625E-07, 0.00803877587646441
1.7596021875E-07, 0.0082818634877677
1.75962171875E-07, 0.00753335452226365
1.75964125E-07, 0.0077575124059011
1.75966078125E-07, 0.00695808088791728
1.7596803125E-07, 0.00606120482846522
1.75969984375E-07, 0.00735486432542498
1.759719375E-07, 0.0063697631595184
1.75973890625E-07, 0.00610094209748832
1.7597584375E-07, 0.00576473406302069
1.75977796875E-07, 0.00466334662268951
1.7597975E-07, 0.00563344910028157
1.75981703125E-07, 0.00434094431340539
1.7598365625E-07, 0.00334971079478429
1.75985609375E-07, 0.00302497588963628
1.759875625E-07, 0.00211216777510943
1.75989515625E-07, 0.0033852425159199
1.7599146875E-07, 0.00151175366414929
1.75993421875E-07, 0.000586792734112541
1.75995375E-07, 0.00176548593311272
1.75997328125E-07, -0.00055868128652572
1.7599928125E-07, 0.000615978213805852
1.76001234375E-07, 0.000399792226619508
1.760031875E-07, -0.000973516939161797
1.76005140625E-07, 0.000735815250454304
1.7600709375E-07, 0.000849810241830143
1.76009046875E-07, -0.00240493590510414
1.76011E-07, -0.000605941213030226
1.76012953125E-07, -0.00207116896803493
1.7601490625E-07, -0.00164304391676831
1.76016859375E-07, -0.00359049398058496
1.760188125E-07, -0.00274631011932869
1.76020765625E-07, -0.00344903600323271
1.7602271875E-07, -0.00396039159015536
1.76024671875E-07, -0.00499132171152524
1.76026625E-07, -0.00518473614948267
1.76028578125E-07, -0.00636301600607654
1.7603053125E-07, -0.0063697625060972
1.76032484375E-07, -0.00801683225189381
1.760344375E-07, -0.00751072807120365
1.76036390625E-07, -0.00796714147117689
1.7603834375E-07, -0.00881896273616699
1.76040296875E-07, -0.00934331250747048
1.7604225E-07, -0.0111416248449415
1.76044203125E-07, -0.0100397732297859
1.7604615625E-07, -0.00904586746589876
1.76048109375E-07, -0.0111122953610684
1.760500625E-07, -0.0109757280661095
1.76052015625E-07, -0.0118865315549362
1.7605396875E-07, -0.0119481062168463
1.76055921875E-07, -0.0118071130857536
1.76057875E-07, -0.0123196237387435
1.76059828125E-07, -0.0138537905475167
1.7606178125E-07, -0.0125278177842621
1.76063734375E-07, -0.0136457017130488
1.760656875E-07, -0.0134762486106384
1.76067640625E-07, -0.0145019489248406
1.7606959375E-07, -0.0148886470453963
1.76071546875E-07, -0.0152215119676618
1.760735E-07, -0.0141689376971469
1.76075453125E-07, -0.0142100311802093
1.7607740625E-07, -0.0138333694785957
1.76079359375E-07, -0.0160419834253562
1.760813125E-07, -0.0160473086909431
1.76083265625E-07, -0.0146536060939629
1.7608521875E-07, -0.0151449856649353
1.76087171875E-07, -0.0161575780561457
1.76089125E-07, -0.0159483279142525
1.76091078125E-07, -0.0160510304573274
1.7609303125E-07, -0.0163109080444542
1.76094984375E-07, -0.0162195033461506
1.760969375E-07, -0.0161465051993039
1.76098890625E-07, -0.0156953700215691
1.7610084375E-07, -0.0165944019625599
1.76102796875E-07, -0.0160003412274333
1.7610475E-07, -0.0154285203927992
1.76106703125E-07, -0.0155823942000307
1.7610865625E-07, -0.0157011850722341
1.76110609375E-07, -0.0156930965875919
1.761125625E-07, -0.0155847372264612
1.76114515625E-07, -0.0155920541790753
1.7611646875E-07, -0.0159309024350205
1.76118421875E-07, -0.0153077479329823
1.76120375E-07, -0.0151458402988836
1.76122328125E-07, -0.0144711746599774
1.7612428125E-07, -0.0143135417021828
1.76126234375E-07, -0.0136424042435499
1.761281875E-07, -0.0133030631938516
1.76130140625E-07, -0.0136963325959382
1.7613209375E-07, -0.0127187247769352
1.76134046875E-07, -0.0132477224244351
1.76136E-07, -0.0127869471733869
1.76137953125E-07, -0.0123129974161789
1.7613990625E-07, -0.0116186026250796
1.76141859375E-07, -0.0112278331888804
1.761438125E-07, -0.0110829400287755
1.76145765625E-07, -0.0110238907747939
1.7614771875E-07, -0.0104771169595672
1.76149671875E-07, -0.010805387187947
1.76151625E-07, -0.0102662160838938
1.76153578125E-07, -0.00981691088585448
1.7615553125E-07, -0.0093262669163574
1.76157484375E-07, -0.00856652809773603
1.761594375E-07, -0.00936815391524958
1.76161390625E-07, -0.0087385037449607
1.7616334375E-07, -0.00871523280252674
1.76165296875E-07, -0.00879439670674459
1.7616725E-07, -0.00805986138824603
1.76169203125E-07, -0.00757092513761324
1.7617115625E-07, -0.00780399983890044
1.76173109375E-07, -0.00728863637399023
1.761750625E-07, -0.00691432786062638
1.76177015625E-07, -0.00624134900754193
1.7617896875E-07, -0.00629982449146283
1.76180921875E-07, -0.00663465082323942
1.76182875E-07, -0.00596440002071813
1.76184828125E-07, -0.00637643091606765
1.7618678125E-07, -0.00531798407017127
1.76188734375E-07, -0.00580448330412258
1.761906875E-07, -0.0054658343270299
1.76192640625E-07, -0.00547787187479402
1.7619459375E-07, -0.00546333095173173
1.76196546875E-07, -0.00574133575280122
1.761985E-07, -0.00587039652473364
1.76200453125E-07, -0.00552260506813365
1.7620240625E-07, -0.00515090693988029
1.76204359375E-07, -0.0055914066302897
1.762063125E-07, -0.00602056711231519
1.76208265625E-07, -0.00518793932903413
1.7621021875E-07, -0.00573903179182622
1.76212171875E-07, -0.00524800736691889
1.76214125E-07, -0.00584817086222459
1.76216078125E-07, -0.00565642612298325
1.7621803125E-07, -0.00536443285710873
1.76219984375E-07, -0.00611530246580492
1.762219375E-07, -0.00595049480941586
1.76223890625E-07, -0.00567535023055512
1.7622584375E-07, -0.00557326414358844
1.76227796875E-07, -0.00624226346641563
1.7622975E-07, -0.00655062553810742
1.76231703125E-07, -0.00663040756538971
1.7623365625E-07, -0.00681113718859841
1.76235609375E-07, -0.00747789967017332
1.762375625E-07, -0.00666372923372688
1.76239515625E-07, -0.00721371547608128
1.7624146875E-07, -0.00756407792228488
1.76243421875E-07, -0.00738343290951029
1.76245375E-07, -0.0077799548682947
1.76247328125E-07, -0.00837566102080602
1.7624928125E-07, -0.00843698403396483
1.76251234375E-07, -0.0080401395837637
1.762531875E-07, -0.0080138302389932
1.76255140625E-07, -0.00862309853201551
1.7625709375E-07, -0.00886299471213051
1.76259046875E-07, -0.00932585380368262
1.76261E-07, -0.00869112328499462
1.76262953125E-07, -0.00958132809660027
1.7626490625E-07, -0.00936033705760413
1.76266859375E-07, -0.00979888251128413
1.762688125E-07, -0.00988220257512873
1.76270765625E-07, -0.00996867874850785
1.7627271875E-07, -0.0102216047504666
1.76274671875E-07, -0.0101913791193471
1.76276625E-07, -0.0101048383200955
1.76278578125E-07, -0.0107218927127826
1.7628053125E-07, -0.0104243813797698
1.76282484375E-07, -0.0103321407234549
1.762844375E-07, -0.0103778217263409
1.76286390625E-07, -0.0106842639726611
1.7628834375E-07, -0.0105963311473199
1.76290296875E-07, -0.0102826466662021
1.7629225E-07, -0.010994930995867
1.76294203125E-07, -0.0108874954742541
1.7629615625E-07, -0.0107515779191094
1.76298109375E-07, -0.0107091233882655
1.763000625E-07, -0.0111540522188618
1.76302015625E-07, -0.0109937016342424
1.7630396875E-07, -0.0102122208464051
1.76305921875E-07, -0.0105422835219279
1.76307875E-07, -0.0106384615952959
1.76309828125E-07, -0.010423027809862
1.7631178125E-07, -0.0102099057264275
1.76313734375E-07, -0.0104285963157468
1.763156875E-07, -0.0106667393329889
1.76317640625E-07, -0.0103035285845047
1.7631959375E-07, -0.0105793157928172
1.76321546875E-07, -0.010225621001196
1.763235E-07, -0.0100696742828531
1.76325453125E-07, -0.0103092831114931
1.7632740625E-07, -0.00980674648307824
1.76329359375E-07, -0.0101158605084256
1.763313125E-07, -0.00950796978687358
1.76333265625E-07, -0.00916418030980189
1.7633521875E-07, -0.00942096160150903
1.76337171875E-07, -0.00969062126357387
1.76339125E-07, -0.00991407096501862
1.76341078125E-07, -0.00914733478534285
1.7634303125E-07, -0.00864132784785166
1.76344984375E-07, -0.009053110281041
1.763469375E-07, -0.00846817726002011
1.76348890625E-07, -0.00850101925175589
1.7635084375E-07, -0.00840312108583344
1.76352796875E-07, -0.00820260067709532
1.7635475E-07, -0.00829664580061936
1.76356703125E-07, -0.00793200761549491
1.7635865625E-07, -0.00740022422659029
1.76360609375E-07, -0.0074159369168087
1.763625625E-07, -0.00696283477649071
1.76364515625E-07, -0.00733442445115434
1.7636646875E-07, -0.00689894356611244
1.76368421875E-07, -0.00721305149067444
1.76370375E-07, -0.00670888650985971
1.76372328125E-07, -0.00687629859963551
1.7637428125E-07, -0.00653988762314805
1.76376234375E-07, -0.00690794253173128
1.763781875E-07, -0.00628993906029736
1.76380140625E-07, -0.0061161308314992
1.7638209375E-07, -0.00691928582203639
1.76384046875E-07, -0.00608944094363108
1.76386E-07, -0.00523370552606813
1.76387953125E-07, -0.00696861359775008
1.7638990625E-07, -0.00581253528047216
1.76391859375E-07, -0.00498267805136954
1.763938125E-07, -0.00528123762716546
1.76395765625E-07, -0.00516397000319044
1.7639771875E-07, -0.00631320113470605
1.76399671875E-07, -0.00450236325935119
1.76401625E-07, -0.00501424615091795
1.76403578125E-07, -0.00504437369614878
1.7640553125E-07, -0.00452655052665576
1.76407484375E-07, -0.00499973089214751
1.764094375E-07, -0.00502699001291815
1.76411390625E-07, -0.0046155016298333
1.7641334375E-07, -0.00451617421981983
1.76415296875E-07, -0.00480818330859638
1.7641725E-07, -0.00499009822719103
1.76419203125E-07, -0.00549236199385295
1.7642115625E-07, -0.00542958233036476
1.76423109375E-07, -0.00445375416475649
1.764250625E-07, -0.00519691503929144
1.76427015625E-07, -0.00435234396540243
1.7642896875E-07, -0.00513861915373301
1.76430921875E-07, -0.00419177045621811
1.76432875E-07, -0.00490853710327563
1.76434828125E-07, -0.00488401819297586
1.7643678125E-07, -0.00486354017087979
1.76438734375E-07, -0.00414418075890928
1.764406875E-07, -0.00451729293553103
1.76442640625E-07, -0.00476132064191777
1.7644459375E-07, -0.00515001932809397
1.76446546875E-07, -0.00511036119807709
1.764485E-07, -0.00490254910299947
1.76450453125E-07, -0.00485876760676496
1.7645240625E-07, -0.00489444188121656
1.76454359375E-07, -0.00472345684519583
1.764563125E-07, -0.00502894136536157
1.76458265625E-07, -0.00422763361204182
1.7646021875E-07, -0.00512634867220389
1.76462171875E-07, -0.00471988578211784
1.76464125E-07, -0.00483540783693458
1.76466078125E-07, -0.00478877756696899
1.7646803125E-07, -0.00492811364505381
1.76469984375E-07, -0.00474819964489521
1.764719375E-07, -0.00482655747166225
1.76473890625E-07, -0.0050906950037889
1.7647584375E-07, -0.00481978676668534
1.76477796875E-07, -0.00469895994307331
1.7647975E-07, -0.00481836286244147
1.76481703125E-07, -0.00528167747495919
1.7648365625E-07, -0.00493151642354085
1.76485609375E-07, -0.00461116955931982
1.764875625E-07, -0.00492241519498336
1.76489515625E-07, -0.00492618863440194
1.7649146875E-07, -0.00506385438323048
1.76493421875E-07, -0.00487531884412591
1.76495375E-07, -0.00478887122728312
1.76497328125E-07, -0.00460052487428848
1.7649928125E-07, -0.00470057373106187
1.76501234375E-07, -0.0047406093495632
1.765031875E-07, -0.00474936921528297
1.76505140625E-07, -0.00482331037921012
1.7650709375E-07, -0.00459243855643816
1.76509046875E-07, -0.00482641511959257
1.76511E-07, -0.00440432967653691
1.76512953125E-07, -0.00446930568630373
1.7651490625E-07, -0.00454497213542866
1.76516859375E-07, -0.00488435052422549
1.765188125E-07, -0.00423301703587717
1.76520765625E-07, -0.00458131220217247
1.7652271875E-07, -0.00431828406453286
1.76524671875E-07, -0.00399577624764301
1.76526625E-07, -0.00443951694209131
1.76528578125E-07, -0.00416964991013382
1.7653053125E-07, -0.00433138080759139
1.76532484375E-07, -0.00394173889485392
1.765344375E-07, -0.0040732559730352
1.76536390625E-07, -0.00414133316671196
1.7653834375E-07, -0.00396487424303077
1.76540296875E-07, -0.00396454477312459
1.7654225E-07, -0.00409621326674057
1.76544203125E-07, -0.004354868017341
1.7654615625E-07, -0.00405945229262633
1.76548109375E-07, -0.00410305776348897
1.765500625E-07, -0.00370908108932221
1.76552015625E-07, -0.00389910958227957
1.7655396875E-07, -0.00385752499689427
1.76555921875E-07, -0.00378736662774138
1.76557875E-07, -0.00384732526655978
1.76559828125E-07, -0.00386271238538904
1.7656178125E-07, -0.0036851263651643
1.76563734375E-07, -0.0033835520042695
1.765656875E-07, -0.00379472041052076
1.76567640625E-07, -0.00368653744016597
1.7656959375E-07, -0.00352578731099498
1.76571546875E-07, -0.00369192975128049
1.765735E-07, -0.00377048315525426
1.76575453125E-07, -0.00376839252515939
1.7657740625E-07, -0.00395238578950439
1.76579359375E-07, -0.00398575934803831
1.765813125E-07, -0.00361184542535756
1.76583265625E-07, -0.00397777511524462
1.7658521875E-07, -0.00378672102874915
1.76587171875E-07, -0.00397286768618796
1.76589125E-07, -0.00412560166608331
1.76591078125E-07, -0.00358485395946559
1.7659303125E-07, -0.00349211756517537
1.76594984375E-07, -0.00363575802197936
1.765969375E-07, -0.00393038942835209
1.76598890625E-07, -0.00376564615001915
1.7660084375E-07, -0.00415205234260498
1.76602796875E-07, -0.00423167478231615
1.7660475E-07, -0.00402792314002436
1.76606703125E-07, -0.00394493797009153
1.7660865625E-07, -0.00386150389557103
1.76610609375E-07, -0.00385162324953043
1.766125625E-07, -0.00383648026912016
1.76614515625E-07, -0.00360097607322007
1.7661646875E-07, -0.00374308364483361
1.76618421875E-07, -0.00384029541228945
1.76620375E-07, -0.00366614165532949
1.76622328125E-07, -0.00394919847804478
1.7662428125E-07, -0.0035561862870418
1.76626234375E-07, -0.00455167890469645
1.766281875E-07, -0.00376036314948929
1.76630140625E-07, -0.00366460405049008
1.7663209375E-07, -0.0036320831981923
1.76634046875E-07, -0.00454789706977744
1.76636E-07, -0.00309555998361165
1.76637953125E-07, -0.00364146942815871
1.7663990625E-07, -0.00368727003674731
1.76641859375E-07, -0.00347904679573556
1.766438125E-07, -0.0037782856445169
1.76645765625E-07, -0.00344083844564836
1.7664771875E-07, -0.00341209057640242
1.76649671875E-07, -0.00359297324227496
1.76651625E-07, -0.0035811726246095
1.76653578125E-07, -0.00365925032566902
1.7665553125E-07, -0.00328693319854164
1.76657484375E-07, -0.00281761533063839
1.766594375E-07, -0.00313643397933506
1.76661390625E-07, -0.00353189722557338
1.7666334375E-07, -0.00303745780642225
1.76665296875E-07, -0.00307973954264596
1.7666725E-07, -0.0032928148968891
1.76669203125E-07, -0.00302966083339896
1.7667115625E-07, -0.00295755207957358
1.76673109375E-07, -0.00230565145128199
1.766750625E-07, -0.0021288368216684
1.76677015625E-07, -0.00292335221542178
1.7667896875E-07, -0.00245612915788982
1.76680921875E-07, -0.00248386496583789
1.76682875E-07, -0.00294860088832227
1.76684828125E-07, -0.00215240932519788
1.7668678125E-07, -0.00252259637990166
1.76688734375E-07, -0.00227361381605153
1.766906875E-07, -0.00263459785915233
1.76692640625E-07, -0.00304653401579919
1.7669459375E-07, -0.00255348155527694
1.76696546875E-07, -0.00283752923318365
1.766985E-07, -0.00243642394514237
1.76700453125E-07, -0.00268117402065441
1.7670240625E-07, -0.00199450157177758
1.76704359375E-07, -0.00277772001608101
1.767063125E-07, -0.00234935329547428
1.76708265625E-07, -0.00216155406277376
1.7671021875E-07, -0.00286412265468804
1.76712171875E-07, -0.00154073597400566
1.76714125E-07, -0.00185842557663576
1.76716078125E-07, -0.00238238875994412
1.7671803125E-07, -0.00239405693157496
1.76719984375E-07, -0.00239669094723186
1.767219375E-07, -0.00235385531078921
1.76723890625E-07, -0.00214863785266633
1.7672584375E-07, -0.00181559579111117
1.76727796875E-07, -0.00205678243896814
1.7672975E-07, -0.00207391877811357
1.76731703125E-07, -0.00222930968494893
1.7673365625E-07, -0.00238561396297542
1.76735609375E-07, -0.002395245871467
1.767375625E-07, -0.00275283578534436
1.76739515625E-07, -0.00182256165054205
1.7674146875E-07, -0.00209750051047116
1.76743421875E-07, -0.00263472211643249
1.76745375E-07, -0.00273814242321513
1.76747328125E-07, -0.00245929073306192
1.7674928125E-07, -0.00253186256189019
1.76751234375E-07, -0.00284550960740397
1.767531875E-07, -0.00243653247902605
1.76755140625E-07, -0.00274677768509925
1.7675709375E-07, -0.00279463321668078
1.76759046875E-07, -0.0023133684632831
1.76761E-07, -0.00287955555627724
1.76762953125E-07, -0.00249566604864075
1.7676490625E-07, -0.00245607280438141
1.76766859375E-07, -0.00242755446973871
1.767688125E-07, -0.00256850092717517
1.76770765625E-07, -0.00275272846009835
1.7677271875E-07, -0.00200212860869377
1.76774671875E-07, -0.00251089558331926
1.76776625E-07, -0.00228421947385307
1.76778578125E-07, -0.00201333823648031
1.7678053125E-07, -0.00246201214727213
1.76782484375E-07, -0.00222189399881739
1.767844375E-07, -0.00175961294957117
1.76786390625E-07, -0.0022687670229025
1.7678834375E-07, -0.00126353886762845
1.76790296875E-07, -0.00177613044250141
1.7679225E-07, -0.00118078231369369
1.76794203125E-07, -0.00125954268159767
1.7679615625E-07, -0.00103073148799506
1.76798109375E-07, -0.00131400124949305
1.768000625E-07, -0.00152048690470573
1.76802015625E-07, -0.000520527711416295
1.7680396875E-07, -0.000796547831812131
1.76805921875E-07, -0.00055393209611496
1.76807875E-07, 0.00033585044647087
1.76809828125E-07, -0.000447481858424508
1.7681178125E-07, 0.000290683659454295
1.76813734375E-07, 0.000969275725098838
1.768156875E-07, 0.000807359728607344
1.76817640625E-07, 0.0012668394638148
1.7681959375E-07, 0.00189541106537512
1.76821546875E-07, 0.0018692008611299
1.768235E-07, 0.00210407122093379
1.76825453125E-07, 0.00209797933415628
1.7682740625E-07, 0.00223466432512103
1.76829359375E-07, 0.00272717405116082
1.768313125E-07, 0.00260570105487521
1.76833265625E-07, 0.00382606512330462
1.7683521875E-07, 0.00371856088520571
1.76837171875E-07, 0.00408290578919807
1.76839125E-07, 0.00472943451049707
1.76841078125E-07, 0.00422080783339893
1.7684303125E-07, 0.00366928567189982
1.76844984375E-07, 0.00532035903325879
1.768469375E-07, 0.00495134352233202
1.76848890625E-07, 0.00540319669447797
1.7685084375E-07, 0.00520190437428782
1.76852796875E-07, 0.00601634379922045
1.7685475E-07, 0.00609388821983372
1.76856703125E-07, 0.00582142268563085
1.7685865625E-07, 0.00661379588275274
1.76860609375E-07, 0.00659059618667937
1.768625625E-07, 0.00664059452582928
1.76864515625E-07, 0.00641389601542712
1.7686646875E-07, 0.00643153841331948
1.76868421875E-07, 0.00657636654804427
1.76870375E-07, 0.00567709598247211
1.76872328125E-07, 0.00685310454691522
1.7687428125E-07, 0.00657119929004323
1.76876234375E-07, 0.00601194703783575
1.768781875E-07, 0.00712991090201086
1.76880140625E-07, 0.00627278850256633
1.7688209375E-07, 0.00730707053391125
1.76884046875E-07, 0.00536814147658339
1.76886E-07, 0.00668502960936893
1.76887953125E-07, 0.00577784462204501
1.7688990625E-07, 0.00672917666970871
1.76891859375E-07, 0.00616601121691399
1.768938125E-07, 0.00565681956056134
1.76895765625E-07, 0.00434121515958944
1.7689771875E-07, 0.00573816066232649
1.76899671875E-07, 0.00528517802975388
1.76901625E-07, 0.00551098677946529
1.76903578125E-07, 0.00502231082965023
1.7690553125E-07, 0.00448599622117838
1.76907484375E-07, 0.00368116541908344
1.769094375E-07, 0.00468221196350952
1.76911390625E-07, 0.0039574360165212
1.7691334375E-07, 0.00316713369241711
1.76915296875E-07, 0.00354513049999291
1.7691725E-07, 0.00348250128614154
1.76919203125E-07, 0.00248384462383401
1.7692115625E-07, 0.00254497645156336
1.76923109375E-07, 0.0026818343056774
1.769250625E-07, 0.00265191009194898
1.76927015625E-07, 0.00112768569917973
1.7692896875E-07, 0.00190325753753983
1.76930921875E-07, 0.00205752786537128
1.76932875E-07, 0.00182880729475381
1.76934828125E-07, 0.00156772664669891
1.7693678125E-07, 0.000846719358167803
1.76938734375E-07, 0.00091491464516538
1.769406875E-07, 0.000159029617855572
1.76942640625E-07, 0.000282387587053002
1.7694459375E-07, -1.7444125745612E-05
1.76946546875E-07, -0.000166585050695692
1.769485E-07, 0.00039604755309987
1.76950453125E-07, 0.00149069091833316
1.7695240625E-07, -0.000443378149806035
1.76954359375E-07, -0.000218411626525424
1.769563125E-07, 2.61960935129025E-05
1.76958265625E-07, -0.000642588709292991
1.7696021875E-07, -0.000543434451860827
1.76962171875E-07, -7.80157368062399E-05
1.76964125E-07, 7.17488556226814E-05
1.76966078125E-07, -2.74034462063164E-05
1.7696803125E-07, 0.000814287709730458
1.76969984375E-07, -6.45391912236884E-05
1.769719375E-07, 0.000455573641264845
1.76973890625E-07, -0.000121143690352487
1.7697584375E-07, 0.000530772024604127
1.76977796875E-07, 0.000216394783904044
1.7697975E-07, 0.000607465600076472
1.76981703125E-07, 0.000581679229745123
1.7698365625E-07, 3.1986373525437E-05
1.76985609375E-07, 0.000899354025331788
1.769875625E-07, 0.000509020414487277
1.76989515625E-07, 0.000509005568158523
1.7699146875E-07, 7.74213686572923E-05
1.76993421875E-07, 0.00157054619703025
1.76995375E-07, 0.00109075846610212
1.76997328125E-07, 0.00061194117944675
1.7699928125E-07, 0.00147132459037683
1.77001234375E-07, 0.00115759041271062
1.770031875E-07, 0.00150788528949416
1.77005140625E-07, 0.00189252964304011
1.7700709375E-07, 0.00159992410553826
1.77009046875E-07, 0.00203737910915516
1.77011E-07, 0.00181447987418217
1.77012953125E-07, 0.00197689897827551
1.7701490625E-07, 0.0021101624538154
1.77016859375E-07, 0.00154066795025927
1.770188125E-07, 0.00222029827448365
1.77020765625E-07, 0.00202638188521259
1.7702271875E-07, 0.00169256846584516
1.77024671875E-07, 0.00227853901968385
1.77026625E-07, 0.00222682788993664
1.77028578125E-07, 0.00233558518404078
1.7703053125E-07, 0.00216900683960143
1.77032484375E-07, 0.00203199753958169
1.770344375E-07, 0.00208211352611015
1.77036390625E-07, 0.00237307961757824
1.7703834375E-07, 0.00143439212255466
1.77040296875E-07, 0.00176697034492892
1.7704225E-07, 0.00233564546717248
1.77044203125E-07, 0.00205085254528623
1.7704615625E-07, 0.00229961507600695
1.77048109375E-07, 0.00223390663227573
1.770500625E-07, 0.00219425410594256
1.77052015625E-07, 0.00140370987062031
1.7705396875E-07, 0.00159582480583108
1.77055921875E-07, 0.00127776822723331
1.77057875E-07, 0.00193841052683692
1.77059828125E-07, 0.00143154307249295
1.7706178125E-07, 0.00164929501223649
1.77063734375E-07, 0.00201024026779345
1.770656875E-07, 0.00141578113551101
1.77067640625E-07, 0.001470446403153
1.7706959375E-07, 0.000899401718325215
1.77071546875E-07, 0.00118507095611457
1.770735E-07, 0.00138396433236288
1.77075453125E-07, 0.00128730912223104
1.7707740625E-07, 0.00103951432688261
1.77079359375E-07, 0.00128531534282292
1.770813125E-07, 0.00108142291971049
1.77083265625E-07, 0.00153915933139188
1.7708521875E-07, 0.0011568514824027
1.77087171875E-07, 0.0011477105891461
1.77089125E-07, 0.00184614370836137
1.77091078125E-07, 0.000922048041336291
1.7709303125E-07, 0.00114341451435777
1.77094984375E-07, 0.00151904467599318
1.770969375E-07, 0.00097171651139139
1.77098890625E-07, 0.00100526209657438
1.7710084375E-07, 0.00156684024227108
1.77102796875E-07, 0.00115451781228407
1.7710475E-07, 0.00123867031645501
1.77106703125E-07, 0.00153368787305021
1.7710865625E-07, 0.00164272056842657
1.77110609375E-07, 0.00134004069657101
1.771125625E-07, 0.00184452440197164
1.77114515625E-07, 0.00178055360745202
1.7711646875E-07, 0.00216163124236374
1.77118421875E-07, 0.00184508830015863
1.77120375E-07, 0.00226858385669372
1.77122328125E-07, 0.00190150517233431
1.7712428125E-07, 0.00219940981054118
1.77126234375E-07, 0.0024498462236188
1.771281875E-07, 0.00321325113903344
1.77130140625E-07, 0.00212145995152222
1.7713209375E-07, 0.00292404820814884
1.77134046875E-07, 0.00327618363496739
1.77136E-07, 0.00379741741541547
1.77137953125E-07, 0.00324141735000778
1.7713990625E-07, 0.00392002624115918
1.77141859375E-07, 0.00360730350623468
1.771438125E-07, 0.00386820491577825
1.77145765625E-07, 0.00394193810580435
1.7714771875E-07, 0.00431882675819381
1.77149671875E-07, 0.00408645279338923
1.77151625E-07, 0.00367710466727207
1.77153578125E-07, 0.00466502647244262
1.7715553125E-07, 0.00448575338020368
1.77157484375E-07, 0.00481784238840911
1.771594375E-07, 0.00464292644534287
1.77161390625E-07, 0.00424619369326291
1.7716334375E-07, 0.00550068676273426
1.77165296875E-07, 0.00522912308491147
1.7716725E-07, 0.00536172792799102
1.77169203125E-07, 0.00476091010517059
1.7717115625E-07, 0.00523027483623635
1.77173109375E-07, 0.00540015946754163
1.771750625E-07, 0.00535909418892528
1.77177015625E-07, 0.00522524551255673
1.7717896875E-07, 0.00586020566030623
1.77180921875E-07, 0.00506831536112849
1.77182875E-07, 0.00493147834077553
1.77184828125E-07, 0.00538227408033722
1.7718678125E-07, 0.00504278566348526
1.77188734375E-07, 0.00594938696685897
1.771906875E-07, 0.0054459544780341
1.77192640625E-07, 0.00588623979057205
1.7719459375E-07, 0.00600015146995326
1.77196546875E-07, 0.00532462072141578
1.771985E-07, 0.0053621544143823
1.77200453125E-07, 0.00539211632931201
1.7720240625E-07, 0.00518637767910229
1.77204359375E-07, 0.0053162862542048
1.772063125E-07, 0.005824260040849
1.77208265625E-07, 0.00527188880267233
1.7721021875E-07, 0.00520917763707731
1.77212171875E-07, 0.00521324594724009
1.77214125E-07, 0.00597671177826767
1.77216078125E-07, 0.00490844240682639
1.7721803125E-07, 0.00486786874013774
1.77219984375E-07, 0.00529853145067622
1.772219375E-07, 0.00483640387206929
1.77223890625E-07, 0.00493264912235275
1.7722584375E-07, 0.00354253821762794
1.77227796875E-07, 0.00531721335380161
1.7722975E-07, 0.00507093834608784
1.77231703125E-07, 0.0039669998677091
1.7723365625E-07, 0.00465614909979333
1.77235609375E-07, 0.00381833498329377
1.772375625E-07, 0.00410374069339585
1.77239515625E-07, 0.00391875047398779
1.7724146875E-07, 0.00445390178568679
1.77243421875E-07, 0.00405900002046092
1.77245375E-07, 0.00372787130215715
1.77247328125E-07, 0.00338837199997222
1.7724928125E-07, 0.00301849301798179
1.77251234375E-07, 0.00304673565567882
1.772531875E-07, 0.00263814803300154
1.77255140625E-07, 0.00279564218071816
1.7725709375E-07, 0.00289648860049494
1.77259046875E-07, 0.00253385654896462
1.77261E-07, 0.00277626738427105
1.77262953125E-07, 0.00236467702339857
1.7726490625E-07, 0.0019763222028729
1.77266859375E-07, 0.00197249412856914
1.772688125E-07, 0.00143113532952252
1.77270765625E-07, 0.00207876527102331
1.7727271875E-07, 0.00234296602153708
1.77274671875E-07, 0.00146795629633935
1.77276625E-07, 0.00175057418412006
1.77278578125E-07, 0.00201236988521727
1.7728053125E-07, 0.00180884690702331
1.77282484375E-07, 0.00138891137078826
1.772844375E-07, 0.000801883781329816
1.77286390625E-07, 0.00146021528343469
1.7728834375E-07, 0.00105556076178183
1.77290296875E-07, 0.00109516358717456
1.7729225E-07, 0.00104398183475829
1.77294203125E-07, 0.00140319414663621
1.7729615625E-07, 0.000809964509370899
1.77298109375E-07, 0.000746860331897571
1.773000625E-07, 0.000721664063580738
1.77302015625E-07, 0.000992835306019211
1.7730396875E-07, 0.000746003555078518
1.77305921875E-07, 0.000183605638020993
1.77307875E-07, 0.000853657367165141
1.77309828125E-07, 0.000375971715652517
1.7731178125E-07, 0.000886832157281995
1.77313734375E-07, 0.000235264361782794
1.773156875E-07, 0.000385240262153833
1.77317640625E-07, 0.000194968318153736
1.7731959375E-07, 0.000195057279942227
1.77321546875E-07, 0.000641911322710272
1.773235E-07, 0.00020443701429629
1.77325453125E-07, 0.000233271249654742
1.7732740625E-07, 0.000220834691226854
1.77329359375E-07, 0.000320886014370095
1.773313125E-07, 0.000201618715650037
1.77333265625E-07, -7.91467788445005E-05
1.7733521875E-07, 7.95176411592933E-05
1.77337171875E-07, 0.00037109928476025
1.77339125E-07, -0.000244817907386481
1.77341078125E-07, 6.84435081455284E-05
1.7734303125E-07, -0.000119773616392752
1.77344984375E-07, -2.04286733356432E-05
1.773469375E-07, 8.51052562078923E-05
1.77348890625E-07, 0.00010948647029268
1.7735084375E-07, -0.00026451148646877
1.77352796875E-07, 9.39058555120826E-05
1.7735475E-07, 7.68889730766743E-05
1.77356703125E-07, 0.000204886742815298
1.7735865625E-07, 0.000425396572581689
1.77360609375E-07, 0.000226627569663925
1.773625625E-07, 0.000409867771785085
1.77364515625E-07, 0.000391067195340729
1.7736646875E-07, 0.00030724927109118
1.77368421875E-07, 0.000434591297714742
1.77370375E-07, 0.000298112585637531
1.77372328125E-07, 0.000490810557717508
1.7737428125E-07, 0.000589562556495771
1.77376234375E-07, 0.00052522893067291
1.773781875E-07, 0.000368076645003453
1.77380140625E-07, 0.000409551568719305
1.7738209375E-07, 0.000626456173632926
1.77384046875E-07, 0.000582366121347086
1.77386E-07, 7.13716690467116E-05
1.77387953125E-07, 0.000410683262832355
1.7738990625E-07, 0.000780652503917557
1.77391859375E-07, 0.000507134456583139
1.773938125E-07, 0.000542401025928197
1.77395765625E-07, 0.00036019614511706
1.7739771875E-07, 0.000551469257791139
1.77399671875E-07, 0.000695774878009218
1.77401625E-07, 0.000429099970954936
1.77403578125E-07, 0.000737042343699448
1.7740553125E-07, -4.0228958382316E-05
1.77407484375E-07, 0.000242881461246741
1.774094375E-07, 0.000576751980377899
1.77411390625E-07, 0.000551573957056168
1.7741334375E-07, 0.000677619180443194
1.77415296875E-07, 0.000668363685143871
1.7741725E-07, 0.000230191451200001
1.77419203125E-07, -3.09598649962384E-05
1.7742115625E-07, 0.000574225238864469
1.77423109375E-07, 0.000398680758995599
1.774250625E-07, 0.000255221990594976
1.77427015625E-07, 0.000849838534946623
1.7742896875E-07, 0.000443336851874135
1.77430921875E-07, 0.000147728812001481
1.77432875E-07, 0.000252276879312932
1.77434828125E-07, 0.000216273916568391
1.7743678125E-07, 0.000254398933778781
1.77438734375E-07, 0.00017931118905741
1.774406875E-07, -9.61014696825791E-05
1.77442640625E-07, -0.000413052889366971
1.7744459375E-07, -0.000192195396077517
1.77446546875E-07, -0.000468347735467411
1.774485E-07, -0.000292886044896321
1.77450453125E-07, -0.000686339554319747
1.7745240625E-07, -0.00105767268727251
1.77454359375E-07, -0.000519630832314259
1.774563125E-07, 5.16495669398872E-05
1.77458265625E-07, -0.000677761479479804
1.7746021875E-07, -0.000636524723654363
1.77462171875E-07, -0.000614165665830451
1.77464125E-07, -0.000862952864377509
1.77466078125E-07, -0.000313741272278281
1.7746803125E-07, 1.1799137923592E-05
1.77469984375E-07, -0.00163928959837919
1.774719375E-07, -0.00158756210187774
1.77473890625E-07, -0.00117019175177862
1.7747584375E-07, -0.00168420476212691
1.77477796875E-07, -0.00192188573199203
1.7747975E-07, -0.00122748013720413
1.77481703125E-07, -0.00157063450004955
1.7748365625E-07, -0.00228075947833362
1.77485609375E-07, -0.00205354378199295
1.774875625E-07, -0.00149357778251789
1.77489515625E-07, -0.0011535057791486
1.7749146875E-07, -0.00144706413769242
1.77493421875E-07, -0.0017982224144594
1.77495375E-07, -0.00200762627168073
1.77497328125E-07, -0.00182582142367619
1.7749928125E-07, -0.00224156232506463
1.77501234375E-07, -0.00225383901120576
1.775031875E-07, -0.00215855177473137
1.77505140625E-07, -0.0021797625901388
1.7750709375E-07, -0.00182618475866497
1.77509046875E-07, -0.00268400800218371
1.77511E-07, -0.00213980175258105
1.77512953125E-07, -0.00228017002711548
1.7751490625E-07, -0.00267057594595948
1.77516859375E-07, -0.00152650674601272
1.775188125E-07, -0.00246721373181578
1.77520765625E-07, -0.00266475778608548
1.7752271875E-07, -0.00185375867427832
1.77524671875E-07, -0.00217579991242914
1.77526625E-07, -0.00234002451096212
1.77528578125E-07, -0.00144419698778136
1.7753053125E-07, -0.00334975115103442
1.77532484375E-07, -0.00254443314395496
1.775344375E-07, -0.00238518212588299
1.77536390625E-07, -0.00298215218856451
1.7753834375E-07, -0.00283002001239444
1.77540296875E-07, -0.00267158376441969
1.7754225E-07, -0.00338172489195012
1.77544203125E-07, -0.00250250198084458
1.7754615625E-07, -0.00287270165551015
1.77548109375E-07, -0.00313237139490227
1.775500625E-07, -0.00227493999913213
1.77552015625E-07, -0.00247240427091401
1.7755396875E-07, -0.00242004767051618
1.77555921875E-07, -0.0024345948801179
1.77557875E-07, -0.00269126750634461
1.77559828125E-07, -0.00249107518815155
1.7756178125E-07, -0.00253518214559702
1.77563734375E-07, -0.00266341604148645
1.775656875E-07, -0.00232020623787902
1.77567640625E-07, -0.00253652525784369
1.7756959375E-07, -0.00267621523510239
1.77571546875E-07, -0.0027272627731192
1.775735E-07, -0.00244157245236429
1.77575453125E-07, -0.00209873081662324
1.7757740625E-07, -0.0022150879929106
1.77579359375E-07, -0.00248993982037235
1.775813125E-07, -0.00311722792722853
1.77583265625E-07, -0.00267806934035992
1.7758521875E-07, -0.00239615397525356
1.77587171875E-07, -0.00215381965478705
1.77589125E-07, -0.00203398755731841
1.77591078125E-07, -0.00266578511963826
1.7759303125E-07, -0.00247767908758635
1.77594984375E-07, -0.00192483180449678
1.775969375E-07, -0.00234979383561326
1.77598890625E-07, -0.00243508411300663
1.7760084375E-07, -0.00195411322817429
1.77602796875E-07, -0.00248205177369439
1.7760475E-07, -0.0020983214726564
1.77606703125E-07, -0.00230498297484882
1.7760865625E-07, -0.00218785431549293
1.77610609375E-07, -0.00244580468718926
1.776125625E-07, -0.00176692204936992
1.77614515625E-07, -0.00189696471631625
1.7761646875E-07, -0.00236122942164917
1.77618421875E-07, -0.00236388754442895
1.77620375E-07, -0.00232844111228316
1.77622328125E-07, -0.00230026587586049
1.7762428125E-07, -0.00232301916924712
1.77626234375E-07, -0.00205979718569472
1.776281875E-07, -0.00220274925762749
1.77630140625E-07, -0.00208750905618635
1.7763209375E-07, -0.00214457234977065
1.77634046875E-07, -0.0021368179243077


