File Format, WaveformXYValues
Format Version, 1
Instrument, N1045A,04F,LOJ
SwVersion, A.06.71.21
SerialNumber, MY56260108
Date, 11/19/2023 02:28:18 GMT+08:00

Source Name, Channel 1A

Points, 2048
Signal Type, Unspecified
Channel Bandwidth, 2E+10
Channel Noise, 6.66857143682292E-05
X Units, Second
Y Units, Volt
Data, 
1.73636E-07, -0.000597079790655134
1.73637953125E-07, -0.000966849959380145
1.7363990625E-07, -0.000744758478892901
1.73641859375E-07, -0.000603568723819066
1.736438125E-07, -0.000609701245425839
1.73645765625E-07, -0.00113385755898546
1.7364771875E-07, -0.000213729190217543
1.73649671875E-07, -0.000433002093029676
1.73651625E-07, -0.000869587230644832
1.73653578125E-07, -0.000591176274511765
1.7365553125E-07, -0.00108680470651534
1.73657484375E-07, -0.000669349330208109
1.736594375E-07, -0.00024476770519343
1.73661390625E-07, -0.000660815883230623
1.7366334375E-07, -0.000772973034028034
1.73665296875E-07, -0.000653321937838686
1.7366725E-07, -0.000811322356156351
1.73669203125E-07, -0.000976711735374578
1.7367115625E-07, -0.000635814564201737
1.73673109375E-07, -0.000794970778042289
1.736750625E-07, -0.000575759231403153
1.73677015625E-07, -0.000450650063592089
1.7367896875E-07, -0.000122060070682107
1.73680921875E-07, -0.00107819839048869
1.73682875E-07, -0.00105721955744016
1.73684828125E-07, -0.00104100983360494
1.7368678125E-07, -0.000882999510087919
1.73688734375E-07, -0.000402468976532202
1.736906875E-07, -0.000587741729753777
1.73692640625E-07, -0.000700246043721109
1.7369459375E-07, -0.00116576032352805
1.73696546875E-07, -0.00139437042121482
1.736985E-07, -0.0010726896331026
1.73700453125E-07, -0.000541800394427215
1.7370240625E-07, -0.000473613286720726
1.73704359375E-07, -0.000898051893556942
1.737063125E-07, -0.00082334400008372
1.73708265625E-07, -0.00135727465973323
1.7371021875E-07, -0.000571181505638986
1.73712171875E-07, -0.00115405283459716
1.73714125E-07, -0.000289362651071537
1.73716078125E-07, -0.00111800984720296
1.7371803125E-07, -0.000787264106037426
1.73719984375E-07, -0.000894754355694853
1.737219375E-07, -0.000638462759050868
1.73723890625E-07, -0.000897013423627534
1.7372584375E-07, -0.00120930420068842
1.73727796875E-07, -0.00124037615483418
1.7372975E-07, -0.00164088283686896
1.73731703125E-07, -0.0011564416229951
1.7373365625E-07, -0.00142746904496371
1.73735609375E-07, -0.00107286603225285
1.737375625E-07, -0.00128199061292801
1.73739515625E-07, -0.00128799803992753
1.7374146875E-07, -0.00069929423845637
1.73743421875E-07, -0.00119863653116153
1.73745375E-07, -0.00151962233185509
1.73747328125E-07, -0.00175576991175666
1.7374928125E-07, -0.000894535738932296
1.73751234375E-07, -0.00107400441372791
1.737531875E-07, -0.00151136343534016
1.73755140625E-07, -0.00166397435348597
1.7375709375E-07, -0.00182991268488884
1.73759046875E-07, -0.00183111264642591
1.73761E-07, -0.0021053728848784
1.73762953125E-07, -0.00195805120223895
1.7376490625E-07, -0.00187678101152018
1.73766859375E-07, -0.00188725006127518
1.737688125E-07, -0.00160870002237074
1.73770765625E-07, -0.00184454579457529
1.7377271875E-07, -0.001889276250162
1.73774671875E-07, -0.00208388706067226
1.73776625E-07, -0.00225561122275162
1.73778578125E-07, -0.00193438014181044
1.7378053125E-07, -0.00225380009761955
1.73782484375E-07, -0.00210775165701064
1.737844375E-07, -0.00203001633776878
1.73786390625E-07, -0.00226134761723189
1.7378834375E-07, -0.00263228175537938
1.73790296875E-07, -0.00251329330636631
1.7379225E-07, -0.00284395414740524
1.73794203125E-07, -0.00259534257704197
1.7379615625E-07, -0.00286677756043389
1.73798109375E-07, -0.00287642632502206
1.738000625E-07, -0.00290607847781813
1.73802015625E-07, -0.0028634702177809
1.7380396875E-07, -0.00258625050155525
1.73805921875E-07, -0.00306065286367559
1.73807875E-07, -0.00311768382492574
1.73809828125E-07, -0.00299973640943799
1.7381178125E-07, -0.00318373671940124
1.73813734375E-07, -0.00312596530886173
1.738156875E-07, -0.00301548509838616
1.73817640625E-07, -0.00317544516271005
1.7381959375E-07, -0.00360713631819638
1.73821546875E-07, -0.00350048838348899
1.738235E-07, -0.00374196856520769
1.73825453125E-07, -0.00340264621854466
1.7382740625E-07, -0.00371517120044421
1.73829359375E-07, -0.00376471076941868
1.738313125E-07, -0.00353658968883036
1.73833265625E-07, -0.00362103871898397
1.7383521875E-07, -0.00387909775779101
1.73837171875E-07, -0.00413864197685546
1.73839125E-07, -0.00386084128458854
1.73841078125E-07, -0.00372547669322646
1.7384303125E-07, -0.00365429791416028
1.73844984375E-07, -0.00405552827104801
1.738469375E-07, -0.00380318835715083
1.73848890625E-07, -0.0040594434764312
1.7385084375E-07, -0.00408049396743463
1.73852796875E-07, -0.00418873804517322
1.7385475E-07, -0.00380866091848752
1.73856703125E-07, -0.00414175395400809
1.7385865625E-07, -0.00361369158743427
1.73860609375E-07, -0.00425669861980566
1.738625625E-07, -0.0040220567743329
1.73864515625E-07, -0.00428318357181256
1.7386646875E-07, -0.00375587831855706
1.73868421875E-07, -0.00401615002462079
1.73870375E-07, -0.00406016087469599
1.73872328125E-07, -0.00425027027442377
1.7387428125E-07, -0.00399156478914645
1.73876234375E-07, -0.00389129513741251
1.738781875E-07, -0.00408534449800486
1.73880140625E-07, -0.00392891016909761
1.7388209375E-07, -0.00391250938117372
1.73884046875E-07, -0.00331920415608881
1.73886E-07, -0.00389528191640139
1.73887953125E-07, -0.00334120852913927
1.7388990625E-07, -0.00339187274568895
1.73891859375E-07, -0.00340361372305705
1.738938125E-07, -0.00352950103782363
1.73895765625E-07, -0.00327144532688332
1.7389771875E-07, -0.00323749457577387
1.73899671875E-07, -0.00296269984704682
1.73901625E-07, -0.00296911293465088
1.73903578125E-07, -0.00295941500755968
1.7390553125E-07, -0.00212373083192752
1.73907484375E-07, -0.00189605256462564
1.739094375E-07, -0.00235825447932264
1.73911390625E-07, -0.002201349387966
1.7391334375E-07, -0.00192157372009667
1.73915296875E-07, -0.00120207707201211
1.7391725E-07, -0.00120127000280753
1.73919203125E-07, -0.0011575103771556
1.7392115625E-07, -0.00120569356742167
1.73923109375E-07, 0.000426928752939634
1.739250625E-07, -0.00112184187048365
1.73927015625E-07, -1.21072092377687E-05
1.7392896875E-07, 0.000998382739822915
1.73930921875E-07, 0.000992182102916267
1.73932875E-07, 8.18428363194094E-05
1.73934828125E-07, 0.000606039447835167
1.7393678125E-07, -3.11938842941526E-07
1.73938734375E-07, 0.00109024535422529
1.739406875E-07, 0.000559242680067409
1.73942640625E-07, 0.00180854411854114
1.7394459375E-07, 0.00133976699553169
1.73946546875E-07, 0.00242615815104273
1.739485E-07, 0.00316311210961659
1.73950453125E-07, 0.00340954128794678
1.7395240625E-07, 0.00306777866190532
1.73954359375E-07, 0.00439043619910679
1.739563125E-07, 0.00378193830662096
1.73958265625E-07, 0.00388672127474898
1.7396021875E-07, 0.00428621010700958
1.73962171875E-07, 0.00457465147701986
1.73964125E-07, 0.00459679191935898
1.73966078125E-07, 0.00539682448153066
1.7396803125E-07, 0.00673934864171409
1.73969984375E-07, 0.00642956521226948
1.739719375E-07, 0.00647890778401316
1.73973890625E-07, 0.00667112206314607
1.7397584375E-07, 0.00817851915073542
1.73977796875E-07, 0.00875406726087701
1.7397975E-07, 0.00893086078318856
1.73981703125E-07, 0.00865839955586138
1.7398365625E-07, 0.010544456030731
1.73985609375E-07, 0.011204224883755
1.739875625E-07, 0.00969618663481137
1.73989515625E-07, 0.0101600510112143
1.7399146875E-07, 0.0110098465964689
1.73993421875E-07, 0.012680155483493
1.73995375E-07, 0.0114331618745898
1.73997328125E-07, 0.0124718882838238
1.7399928125E-07, 0.0142236256535825
1.74001234375E-07, 0.0132560137741754
1.740031875E-07, 0.0147234136120404
1.74005140625E-07, 0.0138543357115012
1.7400709375E-07, 0.0167515066075722
1.74009046875E-07, 0.0157637673756914
1.74011E-07, 0.0175267873965231
1.74012953125E-07, 0.0171283078765988
1.7401490625E-07, 0.0165877511507204
1.74016859375E-07, 0.0189097681849679
1.740188125E-07, 0.0183077594924023
1.74020765625E-07, 0.0205766046323428
1.7402271875E-07, 0.0205636717246609
1.74024671875E-07, 0.0198126732467608
1.74026625E-07, 0.0213899434205934
1.74028578125E-07, 0.0222685885853957
1.7403053125E-07, 0.0218678954233879
1.74032484375E-07, 0.0225165573582035
1.740344375E-07, 0.0236160209889999
1.74036390625E-07, 0.0239069076162253
1.7403834375E-07, 0.0244852103497773
1.74040296875E-07, 0.0259496772982214
1.7404225E-07, 0.0247456859696591
1.74044203125E-07, 0.0262042485769611
1.7404615625E-07, 0.0262084369184151
1.74048109375E-07, 0.0285667319175019
1.740500625E-07, 0.0275251992669768
1.74052015625E-07, 0.0289209898017603
1.7405396875E-07, 0.0298235329265451
1.74055921875E-07, 0.0289401728649507
1.74057875E-07, 0.0305973346354087
1.74059828125E-07, 0.0293483191340496
1.7406178125E-07, 0.0302702035404756
1.74063734375E-07, 0.0322306350222542
1.740656875E-07, 0.0320917839904748
1.74067640625E-07, 0.0326410746926557
1.7406959375E-07, 0.0323585480856067
1.74071546875E-07, 0.0331094888968181
1.740735E-07, 0.0341546927569677
1.74075453125E-07, 0.0332589743422111
1.7407740625E-07, 0.0343236530512066
1.74079359375E-07, 0.0347493619649373
1.740813125E-07, 0.0348220041690444
1.74083265625E-07, 0.0354793668494909
1.7408521875E-07, 0.0349127567193224
1.74087171875E-07, 0.0357251003297252
1.74089125E-07, 0.0359732384137971
1.74091078125E-07, 0.0354496089498935
1.7409303125E-07, 0.0361266905311999
1.74094984375E-07, 0.0362205401524781
1.740969375E-07, 0.0338001168216123
1.74098890625E-07, 0.0363916763945981
1.7410084375E-07, 0.0356824675354719
1.74102796875E-07, 0.0363971667769346
1.7410475E-07, 0.0354002355927341
1.74106703125E-07, 0.0356008808403749
1.7410865625E-07, 0.0364344971825518
1.74110609375E-07, 0.0352201349344127
1.741125625E-07, 0.0361098093386562
1.74114515625E-07, 0.0341061060308921
1.7411646875E-07, 0.0361122346362501
1.74118421875E-07, 0.0348307079456084
1.74120375E-07, 0.0338724979848819
1.74122328125E-07, 0.0343647636693907
1.7412428125E-07, 0.0339699141092787
1.74126234375E-07, 0.0344272569155397
1.741281875E-07, 0.0325276888286233
1.74130140625E-07, 0.0326679722507291
1.7413209375E-07, 0.0327081032609742
1.74134046875E-07, 0.0317408355595234
1.74136E-07, 0.0297365782294464
1.74137953125E-07, 0.0299488881000055
1.7413990625E-07, 0.0298678855170194
1.74141859375E-07, 0.0288007594732942
1.741438125E-07, 0.0278584402439008
1.74145765625E-07, 0.0281797047963683
1.7414771875E-07, 0.0274624818630641
1.74149671875E-07, 0.0277834079094219
1.74151625E-07, 0.0254552326254616
1.74153578125E-07, 0.0238867380975663
1.7415553125E-07, 0.0230423655502806
1.74157484375E-07, 0.0200227229771175
1.741594375E-07, 0.0217327848553111
1.74161390625E-07, 0.0197306319707321
1.7416334375E-07, 0.0184567398383882
1.74165296875E-07, 0.0176262512710459
1.7416725E-07, 0.0121201589731058
1.74169203125E-07, 0.0161045173049948
1.7417115625E-07, 0.0132008167837198
1.74173109375E-07, 0.0115788034685819
1.741750625E-07, 0.0125442187073664
1.74177015625E-07, 0.00918509958878022
1.7417896875E-07, 0.00770044010574648
1.74180921875E-07, 0.00452392845345739
1.74182875E-07, 0.00144716597993826
1.74184828125E-07, 0.00602170698445787
1.7418678125E-07, 0.00277300043860081
1.74188734375E-07, -0.00187899932712581
1.741906875E-07, -0.00126822003206903
1.74192640625E-07, -0.00600019341434797
1.7419459375E-07, -0.00282400567288008
1.74196546875E-07, -0.0119991987028373
1.741985E-07, -0.0122071432043238
1.74200453125E-07, -0.0134646901363026
1.7420240625E-07, -0.0180915154106155
1.74204359375E-07, -0.0136941875227668
1.742063125E-07, -0.0159598952196121
1.74208265625E-07, -0.0199114437821775
1.7421021875E-07, -0.0189454778005656
1.74212171875E-07, -0.0292619070072774
1.74214125E-07, -0.0273244505631091
1.74216078125E-07, -0.03072313244036
1.7421803125E-07, -0.0344848693314936
1.74219984375E-07, -0.0306387260469344
1.742219375E-07, -0.0378320174369533
1.74223890625E-07, -0.0407141704547172
1.7422584375E-07, -0.0433092863095224
1.74227796875E-07, -0.0483257889192083
1.7422975E-07, -0.0465005790639101
1.74231703125E-07, -0.0461534245416337
1.7423365625E-07, -0.0542119097334769
1.74235609375E-07, -0.0522855320294934
1.742375625E-07, -0.0588792066111632
1.74239515625E-07, -0.0582263179060145
1.7424146875E-07, -0.0585121691229422
1.74243421875E-07, -0.068638927295026
1.74245375E-07, -0.0633977352844045
1.74247328125E-07, -0.0657787318538024
1.7424928125E-07, -0.0718986442915968
1.74251234375E-07, -0.0681919408085025
1.742531875E-07, -0.0752567469849718
1.74255140625E-07, -0.0799387444715724
1.7425709375E-07, -0.0793121266575796
1.74259046875E-07, -0.0864771689929034
1.74261E-07, -0.0836879782639528
1.74262953125E-07, -0.0929836324741885
1.7426490625E-07, -0.0870836360522631
1.74266859375E-07, -0.0902295438994994
1.742688125E-07, -0.0982527682204004
1.74270765625E-07, -0.0997120476157286
1.7427271875E-07, -0.0959590683931353
1.74274671875E-07, -0.102680333047279
1.74276625E-07, -0.0956252547581145
1.74278578125E-07, -0.102164672716011
1.7428053125E-07, -0.104242642133346
1.74282484375E-07, -0.110502661109499
1.742844375E-07, -0.107646875995301
1.74286390625E-07, -0.10820352784316
1.7428834375E-07, -0.114409503476681
1.74290296875E-07, -0.117649733264376
1.7429225E-07, -0.114910002139603
1.74294203125E-07, -0.115487612413121
1.7429615625E-07, -0.119833824082914
1.74298109375E-07, -0.11654137162088
1.743000625E-07, -0.117025432704695
1.74302015625E-07, -0.114356733046555
1.7430396875E-07, -0.120424926472052
1.74305921875E-07, -0.119236444586761
1.74307875E-07, -0.120543073019535
1.74309828125E-07, -0.122365757718213
1.7431178125E-07, -0.125436759868878
1.74313734375E-07, -0.120415605706777
1.743156875E-07, -0.123412124998496
1.74317640625E-07, -0.11316032638812
1.7431959375E-07, -0.124382275504306
1.74321546875E-07, -0.118093391833736
1.743235E-07, -0.121725729335386
1.74325453125E-07, -0.121111158525349
1.7432740625E-07, -0.119077377203882
1.74329359375E-07, -0.1150396187679
1.743313125E-07, -0.108684829211479
1.74333265625E-07, -0.111876635053184
1.7433521875E-07, -0.114509271567065
1.74337171875E-07, -0.110496817445402
1.74339125E-07, -0.108277351925454
1.74341078125E-07, -0.108708177266866
1.7434303125E-07, -0.098599033933073
1.74344984375E-07, -0.108955220544957
1.743469375E-07, -0.0996200232210743
1.74348890625E-07, -0.0988735150453187
1.7435084375E-07, -0.098635740208592
1.74352796875E-07, -0.0824880792133331
1.7435475E-07, -0.0936861024121258
1.74356703125E-07, -0.0791174048501919
1.7435865625E-07, -0.0765284836309689
1.74360609375E-07, -0.0850496683251421
1.743625625E-07, -0.067238592080796
1.74364515625E-07, -0.0783457918050072
1.7436646875E-07, -0.0663852012873822
1.74368421875E-07, -0.0672776847409181
1.74370375E-07, -0.0600359369403959
1.74372328125E-07, -0.0554931158878388
1.7437428125E-07, -0.0520713089169078
1.74376234375E-07, -0.0448746654230068
1.743781875E-07, -0.0405047090193139
1.74380140625E-07, -0.0454122474159099
1.7438209375E-07, -0.0312984196717726
1.74384046875E-07, -0.0272506330151889
1.74386E-07, -0.0187044378334933
1.74387953125E-07, -0.021078958612375
1.7438990625E-07, -0.0110499809936359
1.74391859375E-07, -0.0257460621189945
1.743938125E-07, -0.00649001372867786
1.74395765625E-07, -0.00700783089963088
1.7439771875E-07, -0.00407690906045515
1.74399671875E-07, 0.000368950161725085
1.74401625E-07, 0.00539840504474584
1.74403578125E-07, 0.0176882850274401
1.7440553125E-07, 0.0244133351466968
1.74407484375E-07, 0.0106118102854706
1.744094375E-07, 0.0335500858596693
1.74411390625E-07, 0.0146341398315973
1.7441334375E-07, 0.035446454626226
1.74415296875E-07, 0.0300354543312502
1.7441725E-07, 0.0477599786580877
1.74419203125E-07, 0.0483709406719802
1.7442115625E-07, 0.0455562927610148
1.74423109375E-07, 0.0592407505448151
1.744250625E-07, 0.0496189629591607
1.74427015625E-07, 0.0553778912837877
1.7442896875E-07, 0.0727828287035964
1.74430921875E-07, 0.0685365624613909
1.74432875E-07, 0.0728687261748334
1.74434828125E-07, 0.0758162738818412
1.7443678125E-07, 0.069740403319485
1.74438734375E-07, 0.0793621749469092
1.744406875E-07, 0.0825357524975731
1.74442640625E-07, 0.0888551446656466
1.7444459375E-07, 0.0736108406324513
1.74446546875E-07, 0.0882303099700111
1.744485E-07, 0.0869175009010287
1.74450453125E-07, 0.0943168713945229
1.7445240625E-07, 0.0941006677273249
1.74454359375E-07, 0.0921001909612457
1.744563125E-07, 0.0935808351979048
1.74458265625E-07, 0.0948655916264676
1.7446021875E-07, 0.0958297876926086
1.74462171875E-07, 0.0961164836395025
1.74464125E-07, 0.0962616166226981
1.74466078125E-07, 0.0996301993220697
1.7446803125E-07, 0.097044584912953
1.74469984375E-07, 0.0983218806308389
1.744719375E-07, 0.0982784869181825
1.74473890625E-07, 0.100765752047982
1.7447584375E-07, 0.100033458881227
1.74477796875E-07, 0.100219346404067
1.7447975E-07, 0.0982019293028759
1.74481703125E-07, 0.100181095917189
1.7448365625E-07, 0.0950713842383002
1.74485609375E-07, 0.092208421290824
1.744875625E-07, 0.0947909327987316
1.74489515625E-07, 0.095340132763827
1.7449146875E-07, 0.0933562790342423
1.74493421875E-07, 0.0915292910640718
1.74495375E-07, 0.0885189658412255
1.74497328125E-07, 0.0887216995761876
1.7449928125E-07, 0.0869551775809084
1.74501234375E-07, 0.0906768887376152
1.745031875E-07, 0.0831018485203241
1.74505140625E-07, 0.0841374763975811
1.7450709375E-07, 0.078362288169711
1.74509046875E-07, 0.0730277239715186
1.74511E-07, 0.0780648900333914
1.74512953125E-07, 0.0735850803290621
1.7451490625E-07, 0.0759516799383013
1.74516859375E-07, 0.0732623058966591
1.745188125E-07, 0.072801272969097
1.74520765625E-07, 0.070712924025948
1.7452271875E-07, 0.0635577895266049
1.74524671875E-07, 0.0673213874824519
1.74526625E-07, 0.0580626099380057
1.74528578125E-07, 0.0615510983194017
1.7453053125E-07, 0.0593628029356622
1.74532484375E-07, 0.0548307573693417
1.745344375E-07, 0.0583300607406003
1.74536390625E-07, 0.0525643939569998
1.7453834375E-07, 0.0517046015348376
1.74540296875E-07, 0.0486158066234613
1.7454225E-07, 0.0500776603492703
1.74544203125E-07, 0.0451788676514538
1.7454615625E-07, 0.0486172404219233
1.74548109375E-07, 0.0433683402058681
1.745500625E-07, 0.0441671915608817
1.74552015625E-07, 0.0423118741084714
1.7455396875E-07, 0.0375676923356687
1.74555921875E-07, 0.0389611351698088
1.74557875E-07, 0.03810189196655
1.74559828125E-07, 0.0367511336204631
1.7456178125E-07, 0.0384005419403882
1.74563734375E-07, 0.0348065400071863
1.745656875E-07, 0.0331487190502421
1.74567640625E-07, 0.0294982168696158
1.7456959375E-07, 0.0313987820510219
1.74571546875E-07, 0.0313796726462392
1.745735E-07, 0.0300122261320344
1.74575453125E-07, 0.0292396737844138
1.7457740625E-07, 0.0279886663938688
1.74579359375E-07, 0.0279498850303176
1.745813125E-07, 0.0279907321229261
1.74583265625E-07, 0.0265632017409868
1.7458521875E-07, 0.026716168558462
1.74587171875E-07, 0.0257637182134998
1.74589125E-07, 0.025638928298643
1.74591078125E-07, 0.0268886015891254
1.7459303125E-07, 0.0252357025838037
1.74594984375E-07, 0.0270864814488432
1.745969375E-07, 0.0262665305072052
1.74598890625E-07, 0.0255801879892076
1.7460084375E-07, 0.0266895152253345
1.74602796875E-07, 0.024747204654521
1.7460475E-07, 0.0246452688073985
1.74606703125E-07, 0.0241245806813045
1.7460865625E-07, 0.0243375355862228
1.74610609375E-07, 0.0238264978314872
1.746125625E-07, 0.0244594535368873
1.74614515625E-07, 0.0239348272508552
1.7461646875E-07, 0.0242802419105014
1.74618421875E-07, 0.0237667761035448
1.74620375E-07, 0.0239159007666921
1.74622328125E-07, 0.0237349965051529
1.7462428125E-07, 0.0235822958213913
1.74626234375E-07, 0.0234276394004994
1.746281875E-07, 0.0239252605302491
1.74630140625E-07, 0.0220904250928952
1.7463209375E-07, 0.0233973247405845
1.74634046875E-07, 0.0226343232848463
1.74636E-07, 0.0233222784534733
1.74637953125E-07, 0.0225044348095304
1.7463990625E-07, 0.0222214204509967
1.74641859375E-07, 0.0220545172961043
1.746438125E-07, 0.0220162133057926
1.74645765625E-07, 0.0226003614367473
1.7464771875E-07, 0.0201954616468391
1.74649671875E-07, 0.0204027128490249
1.74651625E-07, 0.0203369628631935
1.74653578125E-07, 0.0194554869498873
1.7465553125E-07, 0.0182319485289
1.74657484375E-07, 0.018389563017852
1.746594375E-07, 0.0175071400087799
1.74661390625E-07, 0.0189446332094801
1.7466334375E-07, 0.0153670535271828
1.74665296875E-07, 0.0181575299770877
1.7466725E-07, 0.0142572486669787
1.74669203125E-07, 0.015399565090103
1.7467115625E-07, 0.0140206098267934
1.74673109375E-07, 0.0129193717391922
1.746750625E-07, 0.0113071156609453
1.74677015625E-07, 0.0121690008160271
1.7467896875E-07, 0.0102623959827477
1.74680921875E-07, 0.00949982227176857
1.74682875E-07, 0.00951876563533059
1.74684828125E-07, 0.0107369939310859
1.7468678125E-07, 0.00740164819096634
1.74688734375E-07, 0.00617334663508518
1.746906875E-07, 0.00742145630200445
1.74692640625E-07, 0.00623312474562919
1.7469459375E-07, 0.00503306831625775
1.74696546875E-07, 0.00323844624806773
1.746985E-07, 0.00294203105832758
1.74700453125E-07, 0.00247467541631904
1.7470240625E-07, 0.00229540603137583
1.74704359375E-07, 0.000879079497366258
1.747063125E-07, 0.000896888220122544
1.74708265625E-07, -0.000679795606416828
1.7471021875E-07, -0.00187945374471958
1.74712171875E-07, 0.000574390630826882
1.74714125E-07, -0.00278946537655932
1.74716078125E-07, -0.00320453766429449
1.7471803125E-07, -0.00477869987689974
1.74719984375E-07, -0.00443802626258194
1.747219375E-07, -0.00429080902681849
1.74723890625E-07, -0.00581713265589754
1.7472584375E-07, -0.00549847163271205
1.74727796875E-07, -0.00438280879678727
1.7472975E-07, -0.00746223982204318
1.74731703125E-07, -0.00658425526184734
1.7473365625E-07, -0.00796883592848785
1.74735609375E-07, -0.00742270679557948
1.747375625E-07, -0.00895737263046583
1.74739515625E-07, -0.00829319784721381
1.7474146875E-07, -0.00763211670950413
1.74743421875E-07, -0.0094933889036716
1.74745375E-07, -0.00894765755662736
1.74747328125E-07, -0.00929399132329719
1.7474928125E-07, -0.00981289912824566
1.74751234375E-07, -0.0102079041673611
1.747531875E-07, -0.00998422170815225
1.74755140625E-07, -0.0103501232430064
1.7475709375E-07, -0.0100240490234156
1.74759046875E-07, -0.00952938638820144
1.74761E-07, -0.00989160842245135
1.74762953125E-07, -0.00986182258946508
1.7476490625E-07, -0.00946597813414658
1.74766859375E-07, -0.00979121463710055
1.747688125E-07, -0.00954064656950977
1.74770765625E-07, -0.00787519571223103
1.7477271875E-07, -0.00863765021095149
1.74774671875E-07, -0.00950020969546778
1.74776625E-07, -0.008269849370746
1.74778578125E-07, -0.00838339994378078
1.7478053125E-07, -0.00805792165684634
1.74782484375E-07, -0.00793115173384852
1.747844375E-07, -0.00770720464507779
1.74786390625E-07, -0.00663544039351491
1.7478834375E-07, -0.00686429385320607
1.74790296875E-07, -0.00485342040659329
1.7479225E-07, -0.00518145523829241
1.74794203125E-07, -0.00615727999533311
1.7479615625E-07, -0.00469336785708941
1.74798109375E-07, -0.00533940445197192
1.748000625E-07, -0.00419978892658962
1.74802015625E-07, -0.00264654505767694
1.7480396875E-07, -0.00377271451298443
1.74805921875E-07, -0.00356611128074266
1.74807875E-07, -0.00324103361324014
1.74809828125E-07, -0.00178244934433914
1.7481178125E-07, -0.00167019113315407
1.74813734375E-07, -0.0010549421309215
1.748156875E-07, 0.000342336492582783
1.74817640625E-07, 0.000640227607608994
1.7481959375E-07, 0.000758788094059044
1.74821546875E-07, 0.000278657452329929
1.748235E-07, 0.00134060382216834
1.74825453125E-07, 0.000999014012508388
1.7482740625E-07, 0.00101284694635029
1.74829359375E-07, 0.00202145588624326
1.748313125E-07, 0.00253191459187354
1.74833265625E-07, 0.00291976072757958
1.7483521875E-07, 0.00212865256491736
1.74837171875E-07, 0.00363532763105432
1.74839125E-07, 0.0027308436316648
1.74841078125E-07, 0.00382044450207292
1.7484303125E-07, 0.00366965181261786
1.74844984375E-07, 0.00376249038836067
1.748469375E-07, 0.00483172227512585
1.74848890625E-07, 0.00483907918192197
1.7485084375E-07, 0.00447280508465534
1.74852796875E-07, 0.00500462785012372
1.7485475E-07, 0.0045747141527324
1.74856703125E-07, 0.00527566493881521
1.7485865625E-07, 0.00531162445059134
1.74860609375E-07, 0.00531850961891045
1.748625625E-07, 0.00596333832014306
1.74864515625E-07, 0.00550732901055379
1.7486646875E-07, 0.00570626768367938
1.74868421875E-07, 0.00589208930129407
1.74870375E-07, 0.0056168127489598
1.74872328125E-07, 0.00598251876820593
1.7487428125E-07, 0.00516879660177452
1.74876234375E-07, 0.00539996026176272
1.748781875E-07, 0.00556253430123965
1.74880140625E-07, 0.00518779888258375
1.7488209375E-07, 0.00558079575201716
1.74884046875E-07, 0.00536646745854123
1.74886E-07, 0.00503494345738712
1.74887953125E-07, 0.00496369509106191
1.7488990625E-07, 0.00465933328513419
1.74891859375E-07, 0.00500471579700843
1.748938125E-07, 0.00422028261348658
1.74895765625E-07, 0.00446658498622354
1.7489771875E-07, 0.0034002159730344
1.74899671875E-07, 0.00387614411697099
1.74901625E-07, 0.00382137303703906
1.74903578125E-07, 0.00208526364690615
1.7490553125E-07, 0.0022431073012386
1.74907484375E-07, 0.00266567170163272
1.749094375E-07, 0.000820806345705066
1.74911390625E-07, 0.00249217772164241
1.7491334375E-07, 0.0017502262804281
1.74915296875E-07, 0.00093056668719889
1.7491725E-07, 0.0011577475063458
1.74919203125E-07, 0.00106553817509532
1.7492115625E-07, 2.61550078840848E-06
1.74923109375E-07, -0.00036296050212615
1.749250625E-07, -0.000904231975759212
1.74927015625E-07, -0.000693745299989833
1.7492896875E-07, -0.00211245226857285
1.74930921875E-07, -0.00169174466720439
1.74932875E-07, -0.00220570508623726
1.74934828125E-07, -0.00271064125562405
1.7493678125E-07, -0.0034499451656653
1.74938734375E-07, -0.00374709663739472
1.749406875E-07, -0.00452075915891127
1.74942640625E-07, -0.0049735684754747
1.7494459375E-07, -0.00571876002559615
1.74946546875E-07, -0.00511099482629069
1.749485E-07, -0.00711455866560017
1.74950453125E-07, -0.00555324084695972
1.7495240625E-07, -0.00619159839648302
1.74954359375E-07, -0.00753122514376304
1.749563125E-07, -0.00750771036878263
1.74958265625E-07, -0.00844484915696216
1.7496021875E-07, -0.00856004400646
1.74962171875E-07, -0.00881819088148756
1.74964125E-07, -0.00920226818516973
1.74966078125E-07, -0.0101289542502188
1.7496803125E-07, -0.0107280217040856
1.74969984375E-07, -0.0123751464258151
1.749719375E-07, -0.012744309311873
1.74973890625E-07, -0.011348578553171
1.7497584375E-07, -0.0119708596062875
1.74977796875E-07, -0.0135083340866641
1.7497975E-07, -0.014572911987935
1.74981703125E-07, -0.0124453053248858
1.7498365625E-07, -0.0143475530338607
1.74985609375E-07, -0.0160214790394069
1.749875625E-07, -0.0170512462236481
1.74989515625E-07, -0.0175912752752465
1.7499146875E-07, -0.0171746524782009
1.74993421875E-07, -0.0178303313153143
1.74995375E-07, -0.0182640651223891
1.74997328125E-07, -0.0188208361812351
1.7499928125E-07, -0.018806189269663
1.75001234375E-07, -0.0192648172373499
1.750031875E-07, -0.0205363565621606
1.75005140625E-07, -0.0201258167600096
1.7500709375E-07, -0.0219833311728397
1.75009046875E-07, -0.0201500738564571
1.75011E-07, -0.0214922093475012
1.75012953125E-07, -0.0221367716220392
1.7501490625E-07, -0.0239648690308443
1.75016859375E-07, -0.0243707497238283
1.750188125E-07, -0.0222816205765
1.75020765625E-07, -0.0236762194863933
1.7502271875E-07, -0.0239433445864903
1.75024671875E-07, -0.0242766818456768
1.75026625E-07, -0.0256572307951796
1.75028578125E-07, -0.0257422429317744
1.7503053125E-07, -0.0264840014119047
1.75032484375E-07, -0.0271984679199362
1.750344375E-07, -0.0262845856657161
1.75036390625E-07, -0.0272042805598363
1.7503834375E-07, -0.0284388328932562
1.75040296875E-07, -0.0281860101789441
1.7504225E-07, -0.0286368544198536
1.75044203125E-07, -0.0280593703179782
1.7504615625E-07, -0.0290633729754198
1.75048109375E-07, -0.0287988966939473
1.750500625E-07, -0.0294630451964151
1.75052015625E-07, -0.0299923494816906
1.7505396875E-07, -0.0297006522119866
1.75055921875E-07, -0.0296221577773995
1.75057875E-07, -0.029867576495304
1.75059828125E-07, -0.0299310212436003
1.7506178125E-07, -0.0296964235697479
1.75063734375E-07, -0.0302746543298463
1.750656875E-07, -0.0305086143213884
1.75067640625E-07, -0.0304160152010712
1.7506959375E-07, -0.0306206306793609
1.75071546875E-07, -0.0303944481525397
1.750735E-07, -0.0306573611194609
1.75075453125E-07, -0.0300629293083004
1.7507740625E-07, -0.0308352517986928
1.75079359375E-07, -0.0298649237384078
1.750813125E-07, -0.0307445839397645
1.75083265625E-07, -0.0305524698548066
1.7508521875E-07, -0.030565398020174
1.75087171875E-07, -0.0303741905807508
1.75089125E-07, -0.030156121774055
1.75091078125E-07, -0.030539114133361
1.7509303125E-07, -0.0297825353466335
1.75094984375E-07, -0.0298121813523726
1.750969375E-07, -0.0285218692219981
1.75098890625E-07, -0.0296065450933698
1.7510084375E-07, -0.0287643652554437
1.75102796875E-07, -0.0293109422346189
1.7510475E-07, -0.0289519982716941
1.75106703125E-07, -0.0291970669419152
1.7510865625E-07, -0.0279859545199154
1.75110609375E-07, -0.0280871102984853
1.751125625E-07, -0.0285755483222526
1.75114515625E-07, -0.0271039923347905
1.7511646875E-07, -0.028024747627354
1.75118421875E-07, -0.0272212926732823
1.75120375E-07, -0.0273480344079757
1.75122328125E-07, -0.027136594985714
1.7512428125E-07, -0.0267886563716254
1.75126234375E-07, -0.0264953665404928
1.751281875E-07, -0.0264767707466802
1.75130140625E-07, -0.0263009382453098
1.7513209375E-07, -0.026166435887685
1.75134046875E-07, -0.0256373366639401
1.75136E-07, -0.0257921165959634
1.75137953125E-07, -0.0254938584935435
1.7513990625E-07, -0.024007271326601
1.75141859375E-07, -0.0248241697855663
1.751438125E-07, -0.0242736191584955
1.75145765625E-07, -0.0246868800166966
1.7514771875E-07, -0.0239551120418761
1.75149671875E-07, -0.0238866753117949
1.75151625E-07, -0.0230704741455646
1.75153578125E-07, -0.0229142506674844
1.7515553125E-07, -0.0229978896843914
1.75157484375E-07, -0.021721841636675
1.751594375E-07, -0.0220345688006511
1.75161390625E-07, -0.0226760705950243
1.7516334375E-07, -0.0216646671486402
1.75165296875E-07, -0.0218008877776196
1.7516725E-07, -0.0209021745390899
1.75169203125E-07, -0.0210483749714897
1.7517115625E-07, -0.0206360455743286
1.75173109375E-07, -0.0204318124418581
1.751750625E-07, -0.0201466280791286
1.75177015625E-07, -0.0194651120488638
1.7517896875E-07, -0.0191826272948702
1.75180921875E-07, -0.0192425713069576
1.75182875E-07, -0.0193946098040157
1.75184828125E-07, -0.0192532744457248
1.7518678125E-07, -0.0168129919090617
1.75188734375E-07, -0.0179138127287742
1.751906875E-07, -0.0183835490583914
1.75192640625E-07, -0.0172679741555733
1.7519459375E-07, -0.0173940165255532
1.75196546875E-07, -0.0166042906346223
1.751985E-07, -0.0170200941322087
1.75200453125E-07, -0.0169222783820179
1.7520240625E-07, -0.0162032557857426
1.75204359375E-07, -0.0154048281663362
1.752063125E-07, -0.0145476959628533
1.75208265625E-07, -0.01540003801669
1.7521021875E-07, -0.0143443342112695
1.75212171875E-07, -0.0142351184496535
1.75214125E-07, -0.0140008964079144
1.75216078125E-07, -0.0143479906443258
1.7521803125E-07, -0.0111119070203662
1.75219984375E-07, -0.012760341556632
1.752219375E-07, -0.0126625400539005
1.75223890625E-07, -0.0113121410361758
1.7522584375E-07, -0.0121067396084825
1.75227796875E-07, -0.0110426169472887
1.7522975E-07, -0.0105383197170592
1.75231703125E-07, -0.0108556137085557
1.7523365625E-07, -0.00976443977014331
1.75235609375E-07, -0.0104428642303566
1.752375625E-07, -0.00906139632770041
1.75239515625E-07, -0.00892236657811866
1.7524146875E-07, -0.0089538837751524
1.75243421875E-07, -0.00710841537989544
1.75245375E-07, -0.00763037714132851
1.75247328125E-07, -0.00683112054780663
1.7524928125E-07, -0.00593585517798844
1.75251234375E-07, -0.00675498812881383
1.752531875E-07, -0.00574851499105771
1.75255140625E-07, -0.00641065392574847
1.7525709375E-07, -0.00467497680105084
1.75259046875E-07, -0.0053377727800508
1.75261E-07, -0.00545425931374956
1.75262953125E-07, -0.00408868221784699
1.7526490625E-07, -0.0042423187561965
1.75266859375E-07, -0.0032291522118535
1.752688125E-07, -0.00292492201470802
1.75270765625E-07, -0.0028909505185088
1.7527271875E-07, -0.00256617410340033
1.75274671875E-07, -0.00176234847089028
1.75276625E-07, -0.00132318976141122
1.75278578125E-07, -0.00147818282717649
1.7528053125E-07, -0.000705439948445467
1.75282484375E-07, -0.0015193630807555
1.752844375E-07, -0.000220381139498987
1.75286390625E-07, -0.000493415180159768
1.7528834375E-07, 0.000714426234048639
1.75290296875E-07, 0.00131619552387166
1.7529225E-07, 0.000971274126713394
1.75294203125E-07, 0.00119124848139851
1.7529615625E-07, 0.00186752830771202
1.75298109375E-07, 0.00102185299218341
1.753000625E-07, 0.00190744805696504
1.75302015625E-07, 0.00255206682769383
1.7530396875E-07, 0.00266299791103968
1.75305921875E-07, 0.00350881074318455
1.75307875E-07, 0.00235688354170308
1.75309828125E-07, 0.00372697557963823
1.7531178125E-07, 0.00344763539729368
1.75313734375E-07, 0.00416675472768711
1.753156875E-07, 0.00384744743945786
1.75317640625E-07, 0.00427288927302897
1.7531959375E-07, 0.00504925623916136
1.75321546875E-07, 0.00430862789126556
1.753235E-07, 0.0048936075221042
1.75325453125E-07, 0.00491320879064287
1.7532740625E-07, 0.00572497869563301
1.75329359375E-07, 0.0055611121576161
1.753313125E-07, 0.00609757163603138
1.75333265625E-07, 0.00616107891350325
1.7533521875E-07, 0.00467835143888611
1.75337171875E-07, 0.00744768055183596
1.75339125E-07, 0.00728782745425292
1.75341078125E-07, 0.00709357613983296
1.7534303125E-07, 0.0068464758899455
1.75344984375E-07, 0.00753281349460689
1.753469375E-07, 0.00814084225539271
1.75348890625E-07, 0.00826825330350306
1.7535084375E-07, 0.00805601906701451
1.75352796875E-07, 0.0085140202176739
1.7535475E-07, 0.0069718788622389
1.75356703125E-07, 0.00848953194343746
1.7535865625E-07, 0.00881125861201699
1.75360609375E-07, 0.00966314781698084
1.753625625E-07, 0.00963602555347207
1.75364515625E-07, 0.00968839942966929
1.7536646875E-07, 0.00973898853133713
1.75368421875E-07, 0.0104527849400974
1.75370375E-07, 0.0114499306900927
1.75372328125E-07, 0.0106058098101986
1.7537428125E-07, 0.010789888974578
1.75376234375E-07, 0.0113609748672014
1.753781875E-07, 0.0116613487453748
1.75380140625E-07, 0.0117953193703096
1.7538209375E-07, 0.0116005066083197
1.75384046875E-07, 0.012305335002956
1.75386E-07, 0.0120883184500899
1.75387953125E-07, 0.0124304425387881
1.7538990625E-07, 0.0125174245984664
1.75391859375E-07, 0.013318234045905
1.753938125E-07, 0.0136086415701332
1.75395765625E-07, 0.0130463877083544
1.7539771875E-07, 0.0131789288482956
1.75399671875E-07, 0.0137963056452239
1.75401625E-07, 0.0137570925266148
1.75403578125E-07, 0.0144972869045056
1.7540553125E-07, 0.0144905768172602
1.75407484375E-07, 0.0144548551587232
1.754094375E-07, 0.0151482698389395
1.75411390625E-07, 0.0140481973356006
1.7541334375E-07, 0.0152809997509579
1.75415296875E-07, 0.0148425905150533
1.7541725E-07, 0.0153387505465218
1.75419203125E-07, 0.0155394252741608
1.7542115625E-07, 0.0152007769525217
1.75423109375E-07, 0.0157094120521359
1.754250625E-07, 0.015799692868005
1.75427015625E-07, 0.0161004390979757
1.7542896875E-07, 0.0163375427516796
1.75430921875E-07, 0.0160977467736082
1.75432875E-07, 0.0158307520372855
1.75434828125E-07, 0.015807043088978
1.7543678125E-07, 0.01592203586407
1.75438734375E-07, 0.0157657041363873
1.754406875E-07, 0.0157790183251429
1.75442640625E-07, 0.0161699901352064
1.7544459375E-07, 0.0157112786698459
1.75446546875E-07, 0.0165068201472046
1.754485E-07, 0.0156936924183971
1.75450453125E-07, 0.0153988294718234
1.7545240625E-07, 0.015678911066176
1.75454359375E-07, 0.0154389735147234
1.754563125E-07, 0.0145891523561719
1.75458265625E-07, 0.0155469740729262
1.7546021875E-07, 0.0149575267396252
1.75462171875E-07, 0.0147237754437646
1.75464125E-07, 0.0142579373496606
1.75466078125E-07, 0.013524927680997
1.7546803125E-07, 0.0144474222885954
1.75469984375E-07, 0.0139092551743943
1.754719375E-07, 0.0137127006712366
1.75473890625E-07, 0.0132395478717059
1.7547584375E-07, 0.0131722013590593
1.75477796875E-07, 0.0134591919134764
1.7547975E-07, 0.0119882509603902
1.75481703125E-07, 0.0118355560168636
1.7548365625E-07, 0.0116048161553878
1.75485609375E-07, 0.0111596457769658
1.754875625E-07, 0.0112538555329865
1.75489515625E-07, 0.0110419418661252
1.7549146875E-07, 0.0107406422260299
1.75493421875E-07, 0.0105380071620667
1.75495375E-07, 0.0100486914385879
1.75497328125E-07, 0.0100954805422244
1.7549928125E-07, 0.00965030773444159
1.75501234375E-07, 0.0089837692403574
1.755031875E-07, 0.00894600582737513
1.75505140625E-07, 0.00894049040054351
1.7550709375E-07, 0.00771378257833492
1.75509046875E-07, 0.00810964363099827
1.75511E-07, 0.00849717340395785
1.75512953125E-07, 0.00817411078406947
1.7551490625E-07, 0.00683827977653502
1.75516859375E-07, 0.00635041150502379
1.755188125E-07, 0.00672344795216911
1.75520765625E-07, 0.00660543319483465
1.7552271875E-07, 0.0052571249963955
1.75524671875E-07, 0.00613679132031388
1.75526625E-07, 0.0057144142247279
1.75528578125E-07, 0.00504169092985286
1.7553053125E-07, 0.00472433977698146
1.75532484375E-07, 0.00423858678179901
1.755344375E-07, 0.00538366955450647
1.75536390625E-07, 0.00505105506805342
1.7553834375E-07, 0.00438751999615619
1.75540296875E-07, 0.00359231078880041
1.7554225E-07, 0.00420019410794198
1.75544203125E-07, 0.00473691670540161
1.7554615625E-07, 0.00391932979663297
1.75548109375E-07, 0.00373414675024287
1.755500625E-07, 0.0035331781690585
1.75552015625E-07, 0.00358505921993685
1.7555396875E-07, 0.00345622271731732
1.75555921875E-07, 0.003898511951418
1.75557875E-07, 0.00388922700351134
1.75559828125E-07, 0.00302503547186057
1.7556178125E-07, 0.00367211082577254
1.75563734375E-07, 0.00367303222964228
1.755656875E-07, 0.00372492797186214
1.75567640625E-07, 0.00375079829434742
1.7556959375E-07, 0.00354230541274392
1.75571546875E-07, 0.00384907744660652
1.755735E-07, 0.00407684344068015
1.75575453125E-07, 0.00349384521727661
1.7557740625E-07, 0.00448945205039679
1.75579359375E-07, 0.00381788812255355
1.755813125E-07, 0.00404254718933744
1.75583265625E-07, 0.00431790563449238
1.7558521875E-07, 0.00418523033359362
1.75587171875E-07, 0.00427024162208586
1.75589125E-07, 0.00501815004025731
1.75591078125E-07, 0.00439082138089488
1.7559303125E-07, 0.00476730477445867
1.75594984375E-07, 0.00472031438525556
1.755969375E-07, 0.00487163589532366
1.75598890625E-07, 0.0054273009619023
1.7560084375E-07, 0.0053117550671342
1.75602796875E-07, 0.00545422425062994
1.7560475E-07, 0.00593791240244313
1.75606703125E-07, 0.00623253865412902
1.7560865625E-07, 0.00601379018557597
1.75610609375E-07, 0.00613330033021611
1.756125625E-07, 0.00622199487533676
1.75614515625E-07, 0.00671993086459521
1.7561646875E-07, 0.00678333138460121
1.75618421875E-07, 0.00695233007011285
1.75620375E-07, 0.00721227437808315
1.75622328125E-07, 0.00734808203275587
1.7562428125E-07, 0.00729254539188614
1.75626234375E-07, 0.00706809267858056
1.756281875E-07, 0.00708714545815525
1.75630140625E-07, 0.00759398073521867
1.7563209375E-07, 0.00743426059707497
1.75634046875E-07, 0.0078860530354722
1.75636E-07, 0.00770527022071387
1.75637953125E-07, 0.00832683656947862
1.7563990625E-07, 0.00810197715895595
1.75641859375E-07, 0.00857080993803441
1.756438125E-07, 0.00859021688453897
1.75645765625E-07, 0.00859095242103607
1.7564771875E-07, 0.00865673490158396
1.75649671875E-07, 0.00896489469379584
1.75651625E-07, 0.00878654128636326
1.75653578125E-07, 0.00900941223291486
1.7565553125E-07, 0.00916929376079409
1.75657484375E-07, 0.00906184907469748
1.756594375E-07, 0.00899401508946715
1.75661390625E-07, 0.00944697628418947
1.7566334375E-07, 0.00931816805130447
1.75665296875E-07, 0.00939289416632173
1.7566725E-07, 0.00915444171721306
1.75669203125E-07, 0.00947286906307037
1.7567115625E-07, 0.00913985234804928
1.75673109375E-07, 0.00929132574855591
1.756750625E-07, 0.00949404583813314
1.75677015625E-07, 0.00942550781110899
1.7567896875E-07, 0.00988086915652703
1.75680921875E-07, 0.00966810612150752
1.75682875E-07, 0.00927068552342672
1.75684828125E-07, 0.00909298592240768
1.7568678125E-07, 0.00953533765428041
1.75688734375E-07, 0.00969127786293817
1.756906875E-07, 0.00965006451790885
1.75692640625E-07, 0.00937549764127846
1.7569459375E-07, 0.00943607543945035
1.75696546875E-07, 0.00955055279780751
1.756985E-07, 0.00928270288436813
1.75700453125E-07, 0.00950439047608722
1.7570240625E-07, 0.00969282183655403
1.75704359375E-07, 0.00941948713704334
1.757063125E-07, 0.00965080940634658
1.75708265625E-07, 0.00956202135975275
1.7571021875E-07, 0.0093291262396423
1.75712171875E-07, 0.00952744770837679
1.75714125E-07, 0.00997267014582589
1.75716078125E-07, 0.00961025606663084
1.7571803125E-07, 0.00964649317018501
1.75719984375E-07, 0.00957412032261706
1.757219375E-07, 0.009510085960972
1.75723890625E-07, 0.00966545436002503
1.7572584375E-07, 0.00925251055900469
1.75727796875E-07, 0.00970015249691257
1.7572975E-07, 0.00965124841667226
1.75731703125E-07, 0.00951312378327452
1.7573365625E-07, 0.00975875009228056
1.75735609375E-07, 0.00947458923385864
1.757375625E-07, 0.00943417696673476
1.75739515625E-07, 0.00967955785731875
1.7574146875E-07, 0.00964828129245669
1.75743421875E-07, 0.00970865896364043
1.75745375E-07, 0.0100052169417664
1.75747328125E-07, 0.0100931597363734
1.7574928125E-07, 0.00993595310655693
1.75751234375E-07, 0.00993121051570523
1.757531875E-07, 0.0099467572572629
1.75755140625E-07, 0.0100086441865916
1.7575709375E-07, 0.0100010552295549
1.75759046875E-07, 0.0104425311334395
1.75761E-07, 0.00985433716117816
1.75762953125E-07, 0.0100996026418195
1.7576490625E-07, 0.0104823995118211
1.75766859375E-07, 0.0100858590147174
1.757688125E-07, 0.010406712777532
1.75770765625E-07, 0.0104109566604231
1.7577271875E-07, 0.0102949538423702
1.75774671875E-07, 0.0102471182995765
1.75776625E-07, 0.0105554244764467
1.75778578125E-07, 0.0103464595742344
1.7578053125E-07, 0.0103391454401401
1.75782484375E-07, 0.0104716995383254
1.757844375E-07, 0.0106346165921638
1.75786390625E-07, 0.0106572401912834
1.7578834375E-07, 0.0102123175882183
1.75790296875E-07, 0.0105044622814904
1.7579225E-07, 0.0105541199542493
1.75794203125E-07, 0.0109159751218455
1.7579615625E-07, 0.0106642986206
1.75798109375E-07, 0.0109246176564144
1.758000625E-07, 0.0106851174264523
1.75802015625E-07, 0.0102664339258162
1.7580396875E-07, 0.0104200396820178
1.75805921875E-07, 0.010589303175127
1.75807875E-07, 0.0107815900008259
1.75809828125E-07, 0.0103302125036955
1.7581178125E-07, 0.0106736288842137
1.75813734375E-07, 0.0103292667560749
1.758156875E-07, 0.0106391867849305
1.75817640625E-07, 0.0108008360351766
1.7581959375E-07, 0.0101236818290853
1.75821546875E-07, 0.0102856581309951
1.758235E-07, 0.0102816712176985
1.75825453125E-07, 0.0105128036613032
1.7582740625E-07, 0.0100781740352957
1.75829359375E-07, 0.0101867909382372
1.758313125E-07, 0.0100495026824637
1.75833265625E-07, 0.00996110879864081
1.7583521875E-07, 0.0100249850074178
1.75837171875E-07, 0.00930664752317823
1.75839125E-07, 0.00930380827294519
1.75841078125E-07, 0.00896767747071642
1.7584303125E-07, 0.00938156759107775
1.75844984375E-07, 0.00937011020887463
1.758469375E-07, 0.00884561262352775
1.75848890625E-07, 0.00864986277688707
1.7585084375E-07, 0.00929127864994645
1.75852796875E-07, 0.00866984599870201
1.7585475E-07, 0.00784388983816319
1.75856703125E-07, 0.0077135447509788
1.7585865625E-07, 0.0081359278608789
1.75860609375E-07, 0.00639844338131001
1.758625625E-07, 0.00743713743546787
1.75864515625E-07, 0.00702248401645505
1.7586646875E-07, 0.00660138059005311
1.75868421875E-07, 0.00610567222390183
1.75870375E-07, 0.00575740809147967
1.75872328125E-07, 0.00492720379947889
1.7587428125E-07, 0.00567107392911019
1.75876234375E-07, 0.00505020867775869
1.758781875E-07, 0.00524588100778406
1.75880140625E-07, 0.0036853436511583
1.7588209375E-07, 0.00398987122652911
1.75884046875E-07, 0.00388552028998545
1.75886E-07, 0.00387185239821124
1.75887953125E-07, 0.00276251936439468
1.7588990625E-07, 0.00318433516112985
1.75891859375E-07, 0.00281632901679227
1.758938125E-07, 0.000175498558264458
1.75895765625E-07, 0.00125087160775438
1.7589771875E-07, 0.00145784537985555
1.75899671875E-07, 0.00100795709054021
1.75901625E-07, 0.00095617369916145
1.75903578125E-07, -8.94921611660708E-05
1.7590553125E-07, -0.00146269984402135
1.75907484375E-07, -0.000945178957843166
1.759094375E-07, -0.00233196561010743
1.75911390625E-07, -0.00159932759969926
1.7591334375E-07, -0.00322006180721515
1.75915296875E-07, -0.00336765098372839
1.7591725E-07, -0.00351059480998926
1.75919203125E-07, -0.00611231314538668
1.7592115625E-07, -0.00544074939813852
1.75923109375E-07, -0.00599840096862157
1.759250625E-07, -0.00680566113813231
1.75927015625E-07, -0.00681836561303309
1.7592896875E-07, -0.00772774553263827
1.75930921875E-07, -0.00707810990050016
1.75932875E-07, -0.00737562390982647
1.75934828125E-07, -0.00867582921863025
1.7593678125E-07, -0.00821285443752548
1.75938734375E-07, -0.00996988666203364
1.759406875E-07, -0.0112883054010357
1.75942640625E-07, -0.0104710830842401
1.7594459375E-07, -0.0104407332935338
1.75946546875E-07, -0.0115395696823412
1.759485E-07, -0.0116048867386886
1.75950453125E-07, -0.0132206859215534
1.7595240625E-07, -0.0126366366065404
1.75954359375E-07, -0.0130177724846259
1.759563125E-07, -0.012714813907439
1.75958265625E-07, -0.0136271953742093
1.7596021875E-07, -0.0147597792805308
1.75962171875E-07, -0.0141191888025192
1.75964125E-07, -0.0137254915883365
1.75966078125E-07, -0.0146516390870094
1.7596803125E-07, -0.0155635597582691
1.75969984375E-07, -0.0155770177105878
1.759719375E-07, -0.0159469371062142
1.75973890625E-07, -0.0167492020032012
1.7597584375E-07, -0.0167071034839115
1.75977796875E-07, -0.0163482628434378
1.7597975E-07, -0.0171648782103076
1.75981703125E-07, -0.0170834427010911
1.7598365625E-07, -0.0180195025756063
1.75985609375E-07, -0.0184118499894999
1.759875625E-07, -0.0176435118127937
1.75989515625E-07, -0.0177231715542779
1.7599146875E-07, -0.0183605947581697
1.75993421875E-07, -0.0183146131521956
1.75995375E-07, -0.0174253756501468
1.75997328125E-07, -0.0171912046455816
1.7599928125E-07, -0.0181091950765185
1.76001234375E-07, -0.0179433495435622
1.760031875E-07, -0.017194963154885
1.76005140625E-07, -0.0174838326141473
1.7600709375E-07, -0.0181460117900529
1.76009046875E-07, -0.0175714539356041
1.76011E-07, -0.0179657724157101
1.76012953125E-07, -0.0181423737994096
1.7601490625E-07, -0.016274022309272
1.76016859375E-07, -0.0166770767819085
1.760188125E-07, -0.01751406240372
1.76020765625E-07, -0.0175024897390311
1.7602271875E-07, -0.0175266600792211
1.76024671875E-07, -0.0175317490778538
1.76026625E-07, -0.0165708134126205
1.76028578125E-07, -0.0163747621014125
1.7603053125E-07, -0.0162630789802765
1.76032484375E-07, -0.0161768919783814
1.760344375E-07, -0.0159727337826174
1.76036390625E-07, -0.0146933475527142
1.7603834375E-07, -0.0151081345554245
1.76040296875E-07, -0.0143699293952589
1.7604225E-07, -0.0146722341275061
1.76044203125E-07, -0.0138677772693132
1.7604615625E-07, -0.0128113651545833
1.76048109375E-07, -0.0134677652633839
1.760500625E-07, -0.0131513523890993
1.76052015625E-07, -0.0126988121617317
1.7605396875E-07, -0.012287461007677
1.76055921875E-07, -0.0119939435492258
1.76057875E-07, -0.0115118582224438
1.76059828125E-07, -0.0110930692360513
1.7606178125E-07, -0.0107126106611747
1.76063734375E-07, -0.00988199548343839
1.760656875E-07, -0.0103989470530577
1.76067640625E-07, -0.0101010292994575
1.7606959375E-07, -0.00907046350537812
1.76071546875E-07, -0.0094470996546071
1.760735E-07, -0.00859560699444951
1.76075453125E-07, -0.00817820468994413
1.7607740625E-07, -0.0084406655336581
1.76079359375E-07, -0.00896376647820468
1.760813125E-07, -0.00899502242241682
1.76083265625E-07, -0.00750041353644262
1.7608521875E-07, -0.00749507231362006
1.76087171875E-07, -0.00803113627011535
1.76089125E-07, -0.00655510185406004
1.76091078125E-07, -0.00714542385268011
1.7609303125E-07, -0.00652141988328606
1.76094984375E-07, -0.00680169199158094
1.760969375E-07, -0.00651635302395315
1.76098890625E-07, -0.00671627678010932
1.7610084375E-07, -0.00660787441880046
1.76102796875E-07, -0.00649132214273293
1.7610475E-07, -0.00598418321442067
1.76106703125E-07, -0.00556412918939982
1.7610865625E-07, -0.00569401066326161
1.76110609375E-07, -0.00573676595221884
1.761125625E-07, -0.00555250959847124
1.76114515625E-07, -0.0057512530858438
1.7611646875E-07, -0.00566751512612256
1.76118421875E-07, -0.00549800140195745
1.76120375E-07, -0.00562177017955127
1.76122328125E-07, -0.00579013339364389
1.7612428125E-07, -0.00580395045137996
1.76126234375E-07, -0.00610788539814591
1.761281875E-07, -0.00546443930061821
1.76130140625E-07, -0.00592717627055183
1.7613209375E-07, -0.00544612303289245
1.76134046875E-07, -0.0055385890335735
1.76136E-07, -0.00623782883854327
1.76137953125E-07, -0.0059929850274636
1.7613990625E-07, -0.0064740137862089
1.76141859375E-07, -0.00678025892452657
1.761438125E-07, -0.0064278652014754
1.76145765625E-07, -0.00651301122170044
1.7614771875E-07, -0.00638410409685336
1.76149671875E-07, -0.00693874712905051
1.76151625E-07, -0.00689726763774636
1.76153578125E-07, -0.00713609670965581
1.7615553125E-07, -0.0072325521245833
1.76157484375E-07, -0.00727320336300903
1.761594375E-07, -0.00727358918809848
1.76161390625E-07, -0.00739156417745163
1.7616334375E-07, -0.0070964271545504
1.76165296875E-07, -0.00765545603665996
1.7616725E-07, -0.00793368175111252
1.76169203125E-07, -0.00825193090945231
1.7617115625E-07, -0.0077020386384845
1.76173109375E-07, -0.00841244672852792
1.761750625E-07, -0.00812275071319424
1.76177015625E-07, -0.00823481673396419
1.7617896875E-07, -0.00862956013131656
1.76180921875E-07, -0.00871185985621463
1.76182875E-07, -0.00874538152734738
1.76184828125E-07, -0.00882357205279451
1.7618678125E-07, -0.00897208777598357
1.76188734375E-07, -0.00873558179199266
1.761906875E-07, -0.0090527867072071
1.76192640625E-07, -0.00894621746545177
1.7619459375E-07, -0.00924360314718646
1.76196546875E-07, -0.00923982505296735
1.761985E-07, -0.00917508798625119
1.76200453125E-07, -0.0090084830420233
1.7620240625E-07, -0.0091102557894441
1.76204359375E-07, -0.00920387365076473
1.762063125E-07, -0.00879686349924316
1.76208265625E-07, -0.0096019425296918
1.7621021875E-07, -0.00893458492167393
1.76212171875E-07, -0.00893984551335595
1.76214125E-07, -0.00853360216356629
1.76216078125E-07, -0.00913117872911432
1.7621803125E-07, -0.00939842043998869
1.76219984375E-07, -0.00836458883234729
1.762219375E-07, -0.00851999364323361
1.76223890625E-07, -0.00820767158208762
1.7622584375E-07, -0.00824789971728269
1.76227796875E-07, -0.00791693230834297
1.7622975E-07, -0.00845463454877641
1.76231703125E-07, -0.00775413623960867
1.7623365625E-07, -0.00763548568097862
1.76235609375E-07, -0.00802066371026403
1.762375625E-07, -0.00818515513206212
1.76239515625E-07, -0.00725843246686805
1.7624146875E-07, -0.00719366320061573
1.76243421875E-07, -0.00618237391985164
1.76245375E-07, -0.00719274702335232
1.76247328125E-07, -0.00706244627958778
1.7624928125E-07, -0.00639853212380196
1.76251234375E-07, -0.00671610073397104
1.762531875E-07, -0.00580896457443313
1.76255140625E-07, -0.0060594448006541
1.7625709375E-07, -0.00703196712101535
1.76259046875E-07, -0.00520615409560255
1.76261E-07, -0.00543220131311133
1.76262953125E-07, -0.00489323722122853
1.7626490625E-07, -0.00548919220934762
1.76266859375E-07, -0.00497955381157986
1.762688125E-07, -0.00477903611518367
1.76270765625E-07, -0.00495511568741794
1.7627271875E-07, -0.00484124258502836
1.76274671875E-07, -0.00328049871496319
1.76276625E-07, -0.00365089800213781
1.76278578125E-07, -0.00429860387389479
1.7628053125E-07, -0.00371636681091301
1.76282484375E-07, -0.00326142157575717
1.762844375E-07, -0.00279042196314121
1.76286390625E-07, -0.00337603313326031
1.7628834375E-07, -0.00355013600684316
1.76290296875E-07, -0.00299764707705683
1.7629225E-07, -0.00283748459907118
1.76294203125E-07, -0.00311443181932012
1.7629615625E-07, -0.00230813351870644
1.76298109375E-07, -0.00261814025971335
1.763000625E-07, -0.00307630647248868
1.76302015625E-07, -0.00341171979558203
1.7630396875E-07, -0.00365486744251999
1.76305921875E-07, -0.00282247436143324
1.76307875E-07, -0.00261952319070282
1.76309828125E-07, -0.00209999115405577
1.7631178125E-07, -0.00225512365147034
1.76313734375E-07, -0.00215177598247351
1.763156875E-07, -0.00222714414380905
1.76317640625E-07, -0.00256174477522885
1.7631959375E-07, -0.00201626522546546
1.76321546875E-07, -0.00232455306667446
1.763235E-07, -0.00205516578497091
1.76325453125E-07, -0.0020143187960899
1.7632740625E-07, -0.00231823232268429
1.76329359375E-07, -0.00200706687922543
1.763313125E-07, -0.00167684000564195
1.76333265625E-07, -0.00198999653859251
1.7633521875E-07, -0.00214576279122429
1.76337171875E-07, -0.00223561578530179
1.76339125E-07, -0.00193734438476976
1.76341078125E-07, -0.00196466347145596
1.7634303125E-07, -0.002145294376188
1.76344984375E-07, -0.00248795269527449
1.763469375E-07, -0.00188560508640453
1.76348890625E-07, -0.00229767292822854
1.7635084375E-07, -0.00228961126396299
1.76352796875E-07, -0.00214374457321344
1.7635475E-07, -0.00229703551296096
1.76356703125E-07, -0.00232490025551319
1.7635865625E-07, -0.00216143056059833
1.76360609375E-07, -0.00227285338152705
1.763625625E-07, -0.00214522145204913
1.76364515625E-07, -0.00272636622154372
1.7636646875E-07, -0.00264430512105092
1.76368421875E-07, -0.00277859878377827
1.76370375E-07, -0.00253127252581432
1.76372328125E-07, -0.00260090546209205
1.7637428125E-07, -0.0026679742328589
1.76376234375E-07, -0.00293851595530256
1.763781875E-07, -0.00281154800650958
1.76380140625E-07, -0.00266610115338195
1.7638209375E-07, -0.00263116997729664
1.76384046875E-07, -0.00306918259593136
1.76386E-07, -0.00290792402431082
1.76387953125E-07, -0.00314672089283971
1.7638990625E-07, -0.00310089291827635
1.76391859375E-07, -0.00324514189057061
1.763938125E-07, -0.00334316993383611
1.76395765625E-07, -0.00307630613221851
1.7639771875E-07, -0.00301559119014948
1.76399671875E-07, -0.00320874459773149
1.76401625E-07, -0.00317763169234864
1.76403578125E-07, -0.00333633487288649
1.7640553125E-07, -0.00315694501410916
1.76407484375E-07, -0.00297570884175929
1.764094375E-07, -0.00313829929871515
1.76411390625E-07, -0.00344096334837842
1.7641334375E-07, -0.00331900523518673
1.76415296875E-07, -0.00308845274351813
1.7641725E-07, -0.0032759573968302
1.76419203125E-07, -0.0030287592185952
1.7642115625E-07, -0.00308944134050399
1.76423109375E-07, -0.00345263087411493
1.764250625E-07, -0.002925132999477
1.76427015625E-07, -0.00325053074750202
1.7642896875E-07, -0.00328091454757874
1.76430921875E-07, -0.00302724709397626
1.76432875E-07, -0.00272208515341836
1.76434828125E-07, -0.00296084481103653
1.7643678125E-07, -0.00318189235117273
1.76438734375E-07, -0.00283902599847339
1.764406875E-07, -0.0028781475680202
1.76442640625E-07, -0.00218548631687186
1.7644459375E-07, -0.00264289622257914
1.76446546875E-07, -0.0020418613060675
1.764485E-07, -0.00180687225586159
1.76450453125E-07, -0.00202638146151877
1.7645240625E-07, -0.0017682634749684
1.76454359375E-07, -0.00178088281858053
1.764563125E-07, -0.00135173169615357
1.76458265625E-07, -0.0020184630081384
1.7646021875E-07, -0.00173012679836312
1.76462171875E-07, -0.00164218050138799
1.76464125E-07, -0.00133412849362681
1.76466078125E-07, -0.00114338634087708
1.7646803125E-07, -0.00178609057706635
1.76469984375E-07, -0.00102337140226767
1.764719375E-07, -0.0010462307003803
1.76473890625E-07, -0.000940727171515912
1.7647584375E-07, -0.000508843459001163
1.76477796875E-07, -0.000332539670883345
1.7647975E-07, -0.00042742253830766
1.76481703125E-07, 0.000102475893456445
1.7648365625E-07, -0.000182181229152591
1.76485609375E-07, 0.000197218097514908
1.764875625E-07, -0.000204234475744592
1.76489515625E-07, 0.000431223183426178
1.7649146875E-07, -0.000145626544076593
1.76493421875E-07, 0.000487062281827977
1.76495375E-07, 0.000450585674635915
1.76497328125E-07, 0.000672230904092847
1.7649928125E-07, 0.000501140739193134
1.76501234375E-07, 0.000957671596893032
1.765031875E-07, 0.000551389357662728
1.76505140625E-07, 0.00122245646373915
1.7650709375E-07, 0.00057682219943807
1.76509046875E-07, 0.00149445291652104
1.76511E-07, 0.00131021471757549
1.76512953125E-07, 0.000525238600770927
1.7651490625E-07, 0.00149332808292486
1.76516859375E-07, 0.00147114601484713
1.765188125E-07, 0.00169399841342696
1.76520765625E-07, 0.00254049103465635
1.7652271875E-07, 0.00136184947432901
1.76524671875E-07, 0.00216951948713617
1.76526625E-07, 0.00176121039612783
1.76528578125E-07, 0.00249640891855449
1.7653053125E-07, 0.00201350571350371
1.76532484375E-07, 0.00214373455297906
1.765344375E-07, 0.0014595161257962
1.76536390625E-07, 0.00227475464886255
1.7653834375E-07, 0.00227368924764108
1.76540296875E-07, 0.00138054072098062
1.7654225E-07, 0.00153869919474109
1.76544203125E-07, 0.00236016211396857
1.7654615625E-07, 0.00177524242827885
1.76548109375E-07, 0.00217636075458042
1.765500625E-07, 0.00253429425729979
1.76552015625E-07, 0.00259417637663162
1.7655396875E-07, 0.00177567100583327
1.76555921875E-07, 0.00198135135389323
1.76557875E-07, 0.00266629436102676
1.76559828125E-07, 0.00211760194836382
1.7656178125E-07, 0.00290668052327429
1.76563734375E-07, 0.00300694369390099
1.765656875E-07, 0.0023184228516537
1.76567640625E-07, 0.0023267517180615
1.7656959375E-07, 0.00284742244048613
1.76571546875E-07, 0.00269342137026858
1.765735E-07, 0.00205389498030749
1.76575453125E-07, 0.00299054276517745
1.7657740625E-07, 0.00264857966065427
1.76579359375E-07, 0.00243570185752984
1.765813125E-07, 0.00253653772727956
1.76583265625E-07, 0.00260615082583763
1.7658521875E-07, 0.002925286039665
1.76587171875E-07, 0.00334746917342725
1.76589125E-07, 0.00329537381505267
1.76591078125E-07, 0.00268580819924529
1.7659303125E-07, 0.00227099226902806
1.76594984375E-07, 0.00239841697780958
1.765969375E-07, 0.00294519590812516
1.76598890625E-07, 0.00292991806847903
1.7660084375E-07, 0.0032765873358798
1.76602796875E-07, 0.00322255609922794
1.7660475E-07, 0.0028653768756397
1.76606703125E-07, 0.00291959532150982
1.7660865625E-07, 0.00294330932723042
1.76610609375E-07, 0.00242822116613769
1.766125625E-07, 0.00305727460861216
1.76614515625E-07, 0.00312102022340946
1.7661646875E-07, 0.0027120735872602
1.76618421875E-07, 0.00284850854555326
1.76620375E-07, 0.00233255343109001
1.76622328125E-07, 0.00279114543193224
1.7662428125E-07, 0.0024202641621378
1.76626234375E-07, 0.00258484088893774
1.766281875E-07, 0.0024730726200927
1.76630140625E-07, 0.00246187956076109
1.7663209375E-07, 0.0023772355378542
1.76634046875E-07, 0.0024882085639342
1.76636E-07, 0.00213487766863797
1.76637953125E-07, 0.00229524022147333
1.7663990625E-07, 0.00220116358895115
1.76641859375E-07, 0.00198204682517812
1.766438125E-07, 0.00200050017639745
1.76645765625E-07, 0.00221783438221844
1.7664771875E-07, 0.00201014287611135
1.76649671875E-07, 0.00175335560913335
1.76651625E-07, 0.00248359031108257
1.76653578125E-07, 0.00149267422077467
1.7665553125E-07, 0.00120663659198769
1.76657484375E-07, 0.00179587519977009
1.766594375E-07, 0.00177107022095654
1.76661390625E-07, 0.00191422686899822
1.7666334375E-07, 0.00105878563766428
1.76665296875E-07, 0.0016798864922927
1.7666725E-07, 0.00146207069622404
1.76669203125E-07, 0.00169912754016422
1.7667115625E-07, 0.00128102189097856
1.76673109375E-07, 0.00129582104583732
1.766750625E-07, 0.00151823641716271
1.76677015625E-07, 0.00153416084240369
1.7667896875E-07, 0.00151260596887512
1.76680921875E-07, 0.0022757648319018
1.76682875E-07, 0.00084662688913561
1.76684828125E-07, 0.00145462762604874
1.7668678125E-07, 0.00150756602364869
1.76688734375E-07, 0.0017269261862589
1.766906875E-07, 0.00185498355837794
1.76692640625E-07, 0.00168724124069885
1.7669459375E-07, 0.00123851553604328
1.76696546875E-07, 0.00229455679356652
1.766985E-07, 0.00227204914025114
1.76700453125E-07, 0.00229788047258877
1.7670240625E-07, 0.00196056889313674
1.76704359375E-07, 0.00225649697984387
1.767063125E-07, 0.0026453327335546
1.76708265625E-07, 0.00246345508256432
1.7671021875E-07, 0.00252071028533508
1.76712171875E-07, 0.0029807731011238
1.76714125E-07, 0.00313857889076605
1.76716078125E-07, 0.00351990126697027
1.7671803125E-07, 0.00423885076331978
1.76719984375E-07, 0.00449258043443891
1.767219375E-07, 0.00324407641292595
1.76723890625E-07, 0.00462330168073637
1.7672584375E-07, 0.00457872327645266
1.76727796875E-07, 0.00532990767764192
1.7672975E-07, 0.00510053318639491
1.76731703125E-07, 0.00509461736412106
1.7673365625E-07, 0.00547424002017972
1.76735609375E-07, 0.00523839372338168
1.767375625E-07, 0.00640741670625829
1.76739515625E-07, 0.00636251257186952
1.7674146875E-07, 0.0066692970683603
1.76743421875E-07, 0.00725335546028568
1.76745375E-07, 0.00748278944098691
1.76747328125E-07, 0.00693153793962152
1.7674928125E-07, 0.00693775005281204
1.76751234375E-07, 0.00806690177252174
1.767531875E-07, 0.00790555236609485
1.76755140625E-07, 0.00805076156904626
1.7675709375E-07, 0.00860491903790955
1.76759046875E-07, 0.00784793668462088
1.76761E-07, 0.008442538842706
1.76762953125E-07, 0.00822116778161239
1.7676490625E-07, 0.00829834484694939
1.76766859375E-07, 0.00803492828075929
1.767688125E-07, 0.00821174873447598
1.76770765625E-07, 0.00889500133738517
1.7677271875E-07, 0.00838070289856232
1.76774671875E-07, 0.00863985607338726
1.76776625E-07, 0.00851502454826134
1.76778578125E-07, 0.00859567447808129
1.7678053125E-07, 0.00837227645925727
1.76782484375E-07, 0.00893227384587022
1.767844375E-07, 0.00818393604752298
1.76786390625E-07, 0.0085230634742759
1.7678834375E-07, 0.00870897190902494
1.76790296875E-07, 0.00825266272000914
1.7679225E-07, 0.00797115602723321
1.76794203125E-07, 0.00722775673044701
1.7679615625E-07, 0.0069052354772785
1.76798109375E-07, 0.00729541991116429
1.768000625E-07, 0.0067947271299296
1.76802015625E-07, 0.00674397404018259
1.7680396875E-07, 0.00558443363865531
1.76805921875E-07, 0.00621706914808814
1.76807875E-07, 0.00614625567470756
1.76809828125E-07, 0.0048880411700265
1.7681178125E-07, 0.00574706948604032
1.76813734375E-07, 0.00455659552820579
1.768156875E-07, 0.00442575723316507
1.76817640625E-07, 0.00523862288665487
1.7681959375E-07, 0.00351826610579222
1.76821546875E-07, 0.0039181517957644
1.768235E-07, 0.00288550276850129
1.76825453125E-07, 0.00342793763230978
1.7682740625E-07, 0.00389039239419508
1.76829359375E-07, 0.00171248747907245
1.768313125E-07, 0.0028339959202858
1.76833265625E-07, 0.0011378589722791
1.7683521875E-07, 0.00132784783871709
1.76837171875E-07, 0.000895903205016106
1.76839125E-07, 0.00042755510533414
1.76841078125E-07, 0.000879051149157391
1.7684303125E-07, 0.000584764416158184
1.76844984375E-07, -0.000228215983472378
1.768469375E-07, -0.000967260709046796
1.76848890625E-07, -0.000779197701988865
1.7685084375E-07, -0.000649157194392116
1.76852796875E-07, -0.00116765193514284
1.7685475E-07, -0.00125518476906059
1.76856703125E-07, -0.00110177430387211
1.7685865625E-07, -0.000731415230499757
1.76860609375E-07, -0.0012931643464312
1.768625625E-07, -0.00191756238591859
1.76864515625E-07, -0.00159654529427293
1.7686646875E-07, -0.00230119003189017
1.76868421875E-07, -0.002046817522156
1.76870375E-07, -0.0022321711332388
1.76872328125E-07, -0.00219282777293721
1.7687428125E-07, -0.00177716773363215
1.76876234375E-07, -0.00208571883321409
1.768781875E-07, -0.00219241109576504
1.76880140625E-07, -0.00187056527983259
1.7688209375E-07, -0.00191617034197863
1.76884046875E-07, -0.00189640076713859
1.76886E-07, -0.00180767492475671
1.76887953125E-07, -0.00176962561931303
1.7688990625E-07, -0.00185257995455226
1.76891859375E-07, -0.00169273412300222
1.768938125E-07, -0.00143053074760592
1.76895765625E-07, -0.00168922267411125
1.7689771875E-07, -0.00154658224791146
1.76899671875E-07, -0.00136923022265423
1.76901625E-07, -0.00118116319951326
1.76903578125E-07, -0.000873249032472671
1.7690553125E-07, -0.00112995304603241
1.76907484375E-07, -0.000911479145713371
1.769094375E-07, -0.000778976256542685
1.76911390625E-07, -0.000872934563358344
1.7691334375E-07, -0.000405084433177172
1.76915296875E-07, -0.0001929280891896
1.7691725E-07, -0.000475382910428842
1.76919203125E-07, -9.69469964363188E-05
1.7692115625E-07, -0.000209382795942731
1.76923109375E-07, 0.000494956644096248
1.769250625E-07, -4.39111410328624E-05
1.76927015625E-07, 5.6578648215271E-05
1.7692896875E-07, 0.000410021153791436
1.76930921875E-07, 0.000472067978969014
1.76932875E-07, 0.00064464116551842
1.76934828125E-07, 0.00083563634970852
1.7693678125E-07, 0.000878960343587903
1.76938734375E-07, 0.000791103620140611
1.769406875E-07, 0.000924297776454923
1.76942640625E-07, 0.00107167927610283
1.7694459375E-07, 0.000830370484395977
1.76946546875E-07, 0.00109712738124199
1.769485E-07, 0.00133682279364588
1.76950453125E-07, 0.000887416255311042
1.7695240625E-07, 0.00151624992500088
1.76954359375E-07, 0.00138788261570379
1.769563125E-07, 0.00147928323872826
1.76958265625E-07, 0.0014757939087559
1.7696021875E-07, 0.00159557730342835
1.76962171875E-07, 0.00127888668765749
1.76964125E-07, 0.00140175960792028
1.76966078125E-07, 0.00208325374808922
1.7696803125E-07, 0.00169019100227182
1.76969984375E-07, 0.00159692687451305
1.769719375E-07, 0.00162537610576231
1.76973890625E-07, 0.0015112574188481
1.7697584375E-07, 0.00201637045031959
1.76977796875E-07, 0.00187011492018629
1.7697975E-07, 0.00193680418189167
1.76981703125E-07, 0.00188926285322978
1.7698365625E-07, 0.00234251560100843
1.76985609375E-07, 0.00178010926992207
1.769875625E-07, 0.00229489196291319
1.76989515625E-07, 0.00229572873122312
1.7699146875E-07, 0.00245098802754926
1.76993421875E-07, 0.0022428257572758
1.76995375E-07, 0.00237004647871789
1.76997328125E-07, 0.00245216518762833
1.7699928125E-07, 0.0023297609006281
1.77001234375E-07, 0.00274865369035322
1.770031875E-07, 0.0018854602168744
1.77005140625E-07, 0.00277801551381384
1.7700709375E-07, 0.00231221007559146
1.77009046875E-07, 0.00328271858800357
1.77011E-07, 0.00245936010797396
1.77012953125E-07, 0.0031392439021528
1.7701490625E-07, 0.00354152609474783
1.77016859375E-07, 0.00291360595960689
1.770188125E-07, 0.00305586464488937
1.77020765625E-07, 0.00312165937317261
1.7702271875E-07, 0.00323310592490985
1.77024671875E-07, 0.00325500495435399
1.77026625E-07, 0.00381432823209935
1.77028578125E-07, 0.00358167367698422
1.7703053125E-07, 0.00346570272455921
1.77032484375E-07, 0.00337211144680676
1.770344375E-07, 0.00364072171154333
1.77036390625E-07, 0.00386551923648791
1.7703834375E-07, 0.00354538248698064
1.77040296875E-07, 0.00390989279300604
1.7704225E-07, 0.00413675705436659
1.77044203125E-07, 0.00381419292969185
1.7704615625E-07, 0.00325487412042796
1.77048109375E-07, 0.00335181033395499
1.770500625E-07, 0.00422290246846512
1.77052015625E-07, 0.00395999187495755
1.7705396875E-07, 0.00439563911387783
1.77055921875E-07, 0.00372019540160926
1.77057875E-07, 0.00402319184561645
1.77059828125E-07, 0.00398534457348783
1.7706178125E-07, 0.00406933146873345
1.77063734375E-07, 0.00429468550427169
1.770656875E-07, 0.00448055575436924
1.77067640625E-07, 0.00408817039356208
1.7706959375E-07, 0.00443646534928883
1.77071546875E-07, 0.00422745321778142
1.770735E-07, 0.00436000419208038
1.77075453125E-07, 0.00491926222725736
1.7707740625E-07, 0.00452489223713567
1.77079359375E-07, 0.00457446903512068
1.770813125E-07, 0.00422881853106176
1.77083265625E-07, 0.00481067286499633
1.7708521875E-07, 0.00441164195686167
1.77087171875E-07, 0.00482169391261888
1.77089125E-07, 0.00454730276446182
1.77091078125E-07, 0.00481638439792546
1.7709303125E-07, 0.00480827276138492
1.77094984375E-07, 0.00480616615422599
1.770969375E-07, 0.00507021799188491
1.77098890625E-07, 0.00477266129607724
1.7710084375E-07, 0.00475979550046656
1.77102796875E-07, 0.0050440896505075
1.7710475E-07, 0.00479474545710978
1.77106703125E-07, 0.00491046717806531
1.7710865625E-07, 0.00495160211584242
1.77110609375E-07, 0.00467208513748249
1.771125625E-07, 0.00491012841236031
1.77114515625E-07, 0.00480419952120887
1.7711646875E-07, 0.00503527293362737
1.77118421875E-07, 0.00492339388969071
1.77120375E-07, 0.00513308967432968
1.77122328125E-07, 0.00478054551517512
1.7712428125E-07, 0.00442616287250703
1.77126234375E-07, 0.00488602921974037
1.771281875E-07, 0.00498515597530569
1.77130140625E-07, 0.00461444189496874
1.7713209375E-07, 0.00480351469890902
1.77134046875E-07, 0.00489875243214336
1.77136E-07, 0.00446451346486138
1.77137953125E-07, 0.00506743657145598
1.7713990625E-07, 0.00433167934490868
1.77141859375E-07, 0.00449394268295813
1.771438125E-07, 0.0047707619625859
1.77145765625E-07, 0.00436581200580353
1.7714771875E-07, 0.00443917054050868
1.77149671875E-07, 0.00329749800148305
1.77151625E-07, 0.00368787210636239
1.77153578125E-07, 0.00391967530876658
1.7715553125E-07, 0.00365598326896098
1.77157484375E-07, 0.00402473545349942
1.771594375E-07, 0.00377985790509746
1.77161390625E-07, 0.00337515956842545
1.7716334375E-07, 0.00387171719165138
1.77165296875E-07, 0.00266722797051201
1.7716725E-07, 0.00336379242398634
1.77169203125E-07, 0.00330635194755788
1.7717115625E-07, 0.00269685939856696
1.77173109375E-07, 0.00307594707835028
1.771750625E-07, 0.00249202468830116
1.77177015625E-07, 0.00226622502303317
1.7717896875E-07, 0.00237189729592371
1.77180921875E-07, 0.00214742733758457
1.77182875E-07, 0.00227931973556403
1.77184828125E-07, 0.00169178602414778
1.7718678125E-07, 0.00144175513934186
1.77188734375E-07, 0.00189495738544171
1.771906875E-07, 0.00103473891268526
1.77192640625E-07, 0.00134225275224201
1.7719459375E-07, 0.00139124318539676
1.77196546875E-07, 0.00137664998339408
1.771985E-07, 0.000668974960602767
1.77200453125E-07, 0.000679294717261982
1.7720240625E-07, 0.000597832438907624
1.77204359375E-07, 0.00146097448526567
1.772063125E-07, 0.000393488305435256
1.77208265625E-07, 0.000777549679333262
1.7721021875E-07, 0.000813582364166054
1.77212171875E-07, 0.000274503638724832
1.77214125E-07, 5.57635381946199E-05
1.77216078125E-07, -1.9018710089396E-05
1.7721803125E-07, -0.000391498042578839
1.77219984375E-07, 0.000123331298750472
1.772219375E-07, -3.49461535570164E-05
1.77223890625E-07, 2.31621161078892E-05
1.7722584375E-07, -0.000289541574176079
1.77227796875E-07, -0.00050343024317555
1.7722975E-07, -0.000505928329717384
1.77231703125E-07, -0.000277813132381993
1.7723365625E-07, -0.000105346880954484
1.77235609375E-07, -0.000406887528466055
1.772375625E-07, -0.00030319458333409
1.77239515625E-07, -0.000747634590186999
1.7724146875E-07, -0.000326849007021393
1.77243421875E-07, -0.000361986071993899
1.77245375E-07, -0.000437815838915876
1.77247328125E-07, -0.00115358127888382
1.7724928125E-07, -0.000810915040431775
1.77251234375E-07, -0.000522993487882936
1.772531875E-07, -0.000905280165311358
1.77255140625E-07, -0.000345628560515265
1.7725709375E-07, -0.000632890566553812
1.77259046875E-07, -0.00079138467140458
1.77261E-07, -0.000603246194175565
1.77262953125E-07, -0.000687565313367068
1.7726490625E-07, -0.000651170848776793
1.77266859375E-07, -0.000227876178091247
1.772688125E-07, -0.000350383920804437
1.77270765625E-07, -0.00107019579786863
1.7727271875E-07, -0.000891510632028323
1.77274671875E-07, -0.000906642335707831
1.77276625E-07, -0.000346897073342684
1.77278578125E-07, -0.000538207413319939
1.7728053125E-07, -0.000375061168800257
1.77282484375E-07, -0.000323087377299005
1.772844375E-07, -0.000553002677315995
1.77286390625E-07, -0.000737780830771658
1.7728834375E-07, -9.94472927816392E-05
1.77290296875E-07, -0.000735900016966416
1.7729225E-07, -0.000232235826651272
1.77294203125E-07, -0.000759742736571962
1.7729615625E-07, -0.000274250957773649
1.77298109375E-07, -0.00067910141718078
1.773000625E-07, -0.000568732297163015
1.77302015625E-07, -0.00114799800294137
1.7730396875E-07, -0.00041002193014576
1.77305921875E-07, -0.000714873764863684
1.77307875E-07, -0.0012543232814406
1.77309828125E-07, -0.000543534752075991
1.7731178125E-07, -0.00134957355841915
1.77313734375E-07, -0.00093918872556505
1.773156875E-07, -0.00104507413783049
1.77317640625E-07, -0.000477932344054306
1.7731959375E-07, -0.00119636216196186
1.77321546875E-07, -0.000696220795933053
1.773235E-07, -0.00106223867825372
1.77325453125E-07, -0.00116431436578684
1.7732740625E-07, -0.000619396931882614
1.77329359375E-07, -0.00147578967553645
1.773313125E-07, -0.00114689319850421
1.77333265625E-07, -0.00193005833605211
1.7733521875E-07, -0.00110499344107319
1.77337171875E-07, -0.0016019709592265
1.77339125E-07, -0.00125283423921061
1.77341078125E-07, -0.00172015526894762
1.7734303125E-07, -0.0017052279067956
1.77344984375E-07, -0.0018613326806408
1.773469375E-07, -0.00216252539284986
1.77348890625E-07, -0.00202139335240059
1.7735084375E-07, -0.00222524505782891
1.77352796875E-07, -0.00269663616550614
1.7735475E-07, -0.00220514161485771
1.77356703125E-07, -0.00260377766177485
1.7735865625E-07, -0.00239696148020802
1.77360609375E-07, -0.00262560917637728
1.773625625E-07, -0.00258766551300109
1.77364515625E-07, -0.00250318678841369
1.7736646875E-07, -0.00303628630805509
1.77368421875E-07, -0.00300343756775227
1.77370375E-07, -0.00362816442072924
1.77372328125E-07, -0.00308411431876158
1.7737428125E-07, -0.0032788450315869
1.77376234375E-07, -0.00361027893394536
1.773781875E-07, -0.00335131112016515
1.77380140625E-07, -0.00350147767515087
1.7738209375E-07, -0.00382156627505725
1.77384046875E-07, -0.00374220629824603
1.77386E-07, -0.0038222040561725
1.77387953125E-07, -0.00377573211463329
1.7738990625E-07, -0.00436680439163101
1.77391859375E-07, -0.00417155229725609
1.773938125E-07, -0.00434735161671613
1.77395765625E-07, -0.00487208659726988
1.7739771875E-07, -0.0044610543369199
1.77399671875E-07, -0.0050159665496253
1.77401625E-07, -0.00489055091771291
1.77403578125E-07, -0.00482565299666986
1.7740553125E-07, -0.00513742414950607
1.77407484375E-07, -0.00517505252550008
1.774094375E-07, -0.00538035169217327
1.77411390625E-07, -0.00565747580368403
1.7741334375E-07, -0.00556125343208336
1.77415296875E-07, -0.00586071823621463
1.7741725E-07, -0.00544054745515848
1.77419203125E-07, -0.00581265520640098
1.7742115625E-07, -0.00578295665277904
1.77423109375E-07, -0.00589556039696941
1.774250625E-07, -0.00602536689597897
1.77427015625E-07, -0.00628508159601843
1.7742896875E-07, -0.00632008080295323
1.77430921875E-07, -0.00614569060613895
1.77432875E-07, -0.0064909002550593
1.77434828125E-07, -0.00657910592019527
1.7743678125E-07, -0.00666282763073333
1.77438734375E-07, -0.00608684882934053
1.774406875E-07, -0.00642265933726771
1.77442640625E-07, -0.00634271540442688
1.7744459375E-07, -0.00665826351459294
1.77446546875E-07, -0.00628974584624867
1.774485E-07, -0.00648339706588869
1.77450453125E-07, -0.00656966314495444
1.7745240625E-07, -0.00644895753918155
1.77454359375E-07, -0.00653116055439967
1.774563125E-07, -0.0069047379010676
1.77458265625E-07, -0.00716118902784943
1.7746021875E-07, -0.00654957177942799
1.77462171875E-07, -0.00641703759841171
1.77464125E-07, -0.00666769363600655
1.77466078125E-07, -0.00665061676634462
1.7746803125E-07, -0.00629790757266347
1.77469984375E-07, -0.00683269232694439
1.774719375E-07, -0.00620440770216744
1.77473890625E-07, -0.00674801103084721
1.7747584375E-07, -0.0067445309147875
1.77477796875E-07, -0.00653136409853588
1.7747975E-07, -0.00623049432564964
1.77481703125E-07, -0.0064553417502346
1.7748365625E-07, -0.00654068226539616
1.77485609375E-07, -0.00636516108948111
1.774875625E-07, -0.00630242871670865
1.77489515625E-07, -0.00622171949434426
1.7749146875E-07, -0.00588319460596452
1.77493421875E-07, -0.00619925719593164
1.77495375E-07, -0.0060610891649948
1.77497328125E-07, -0.00660633587549196
1.7749928125E-07, -0.00613288397213614
1.77501234375E-07, -0.00615830370914721
1.775031875E-07, -0.00649151491893567
1.77505140625E-07, -0.00596005723921177
1.7750709375E-07, -0.00598678570447492
1.77509046875E-07, -0.00612252357385713
1.77511E-07, -0.00632894201832057
1.77512953125E-07, -0.00584263182307024
1.7751490625E-07, -0.00579992797483758
1.77516859375E-07, -0.00573297725920206
1.775188125E-07, -0.00574484494290894
1.77520765625E-07, -0.00567865496783014
1.7752271875E-07, -0.00580893229860968
1.77524671875E-07, -0.00547462141787898
1.77526625E-07, -0.00527572252793292
1.77528578125E-07, -0.00548467144150907
1.7753053125E-07, -0.00602137722022016
1.77532484375E-07, -0.00538893223746481
1.775344375E-07, -0.00568556813959171
1.77536390625E-07, -0.00507476203200834
1.7753834375E-07, -0.00491937632965986
1.77540296875E-07, -0.00561072521691938
1.7754225E-07, -0.00439278997990291
1.77544203125E-07, -0.00517057233312896
1.7754615625E-07, -0.00537565043366814
1.77548109375E-07, -0.00512842913373374
1.775500625E-07, -0.00479398606203756
1.77552015625E-07, -0.00448309706287763
1.7755396875E-07, -0.00488965418591865
1.77555921875E-07, -0.00385415413477984
1.77557875E-07, -0.0044440656972266
1.77559828125E-07, -0.00463436008518949
1.7756178125E-07, -0.00454976187021474
1.77563734375E-07, -0.00454767335659004
1.775656875E-07, -0.00482546585883021
1.77567640625E-07, -0.00473095497300015
1.7756959375E-07, -0.00465900997333609
1.77571546875E-07, -0.00478611581320559
1.775735E-07, -0.0041512269465257
1.77575453125E-07, -0.00535851709151818
1.7757740625E-07, -0.00469109982984716
1.77579359375E-07, -0.0045904980258455
1.775813125E-07, -0.00507145217986373
1.77583265625E-07, -0.0049084588616087
1.7758521875E-07, -0.00482590479970155
1.77587171875E-07, -0.005280077508279
1.77589125E-07, -0.00511287851645775
1.77591078125E-07, -0.00464594562761117
1.7759303125E-07, -0.00465640793709517
1.77594984375E-07, -0.00580428015007395
1.775969375E-07, -0.00470018959793675
1.77598890625E-07, -0.00507702102023567
1.7760084375E-07, -0.00531640152064017
1.77602796875E-07, -0.00577863752269554
1.7760475E-07, -0.00532305973917867
1.77606703125E-07, -0.00587476301538309
1.7760865625E-07, -0.00545472062975364
1.77610609375E-07, -0.00587823569186597
1.776125625E-07, -0.00554314147971619
1.77614515625E-07, -0.00607600878849232
1.7761646875E-07, -0.00634957706722494
1.77618421875E-07, -0.00591818653253604
1.77620375E-07, -0.00639868666254563
1.77622328125E-07, -0.00632060447699048
1.7762428125E-07, -0.00667451629941014
1.77626234375E-07, -0.00661801628045332
1.776281875E-07, -0.00625233643270814
1.77630140625E-07, -0.00683361619357158
1.7763209375E-07, -0.00650902038761699
1.77634046875E-07, -0.00664475047114922


