File Format, WaveformXYValues
Format Version, 1
Instrument, N1045A,04F,LOJ
SwVersion, A.06.71.21
SerialNumber, MY56260108
Date, 11/19/2023 02:31:33 GMT+08:00

Source Name, Channel 1A

Points, 2048
Signal Type, Unspecified
Channel Bandwidth, 2E+10
Channel Noise, 6.66857143682292E-05
X Units, Second
Y Units, Volt
Data, 
1.73636E-07, -0.00023113838973743
1.73637953125E-07, -0.0007023214003187
1.7363990625E-07, -0.000538128125045831
1.73641859375E-07, -0.000581949166918747
1.736438125E-07, -0.000832835484550173
1.73645765625E-07, -0.000292029843171783
1.7364771875E-07, 0.000262257698346685
1.73649671875E-07, -0.000419657902309477
1.73651625E-07, -0.000711141534781778
1.73653578125E-07, -0.00068292733349389
1.7365553125E-07, -0.000585186062228762
1.73657484375E-07, 0.000358355443496687
1.736594375E-07, -0.000855622419431651
1.73661390625E-07, -0.000566074337842405
1.7366334375E-07, -0.00050304024349512
1.73665296875E-07, -0.000605379778334019
1.7366725E-07, -0.00043763943748453
1.73669203125E-07, -0.000593983258217391
1.7367115625E-07, -0.000458731578760841
1.73673109375E-07, -0.000857302326178512
1.736750625E-07, -0.00070784182199337
1.73677015625E-07, -0.000739516475060847
1.7367896875E-07, 9.00914174903877E-05
1.73680921875E-07, -0.000448900014471699
1.73682875E-07, -0.000591655235914132
1.73684828125E-07, -0.000430770075570322
1.7368678125E-07, -0.000255839176845046
1.73688734375E-07, -0.000812575081261615
1.736906875E-07, -0.000740260095189139
1.73692640625E-07, -0.000899645840375918
1.7369459375E-07, -0.000446631480090728
1.73696546875E-07, -0.00104223093823829
1.736985E-07, -0.00113688482851567
1.73700453125E-07, -0.000752674679407007
1.7370240625E-07, -0.000869261729558736
1.73704359375E-07, -0.000752217224551692
1.737063125E-07, -0.0004078063406086
1.73708265625E-07, -0.000307071953408424
1.7371021875E-07, -0.000937094945359273
1.73712171875E-07, -0.000734570484646133
1.73714125E-07, -0.000907178971705964
1.73716078125E-07, -0.00117963802654194
1.7371803125E-07, -0.00140329270162442
1.73719984375E-07, -0.000864640023526705
1.737219375E-07, -0.000974493633516782
1.73723890625E-07, -0.00116499471684641
1.7372584375E-07, -0.000405532301490936
1.73727796875E-07, -0.000875817465907229
1.7372975E-07, -0.00114809934683427
1.73731703125E-07, -0.000580767787949411
1.7373365625E-07, -0.000850197561643836
1.73735609375E-07, -0.00132462503759317
1.737375625E-07, -0.0011133128622721
1.73739515625E-07, -0.00127378521590184
1.7374146875E-07, -0.00119703408807021
1.73743421875E-07, -0.00132760994692337
1.73745375E-07, -0.00152166087302439
1.73747328125E-07, -0.00120722133085001
1.7374928125E-07, -0.00157958316632153
1.73751234375E-07, -0.00169938028419719
1.737531875E-07, -0.00148131568467142
1.73755140625E-07, -0.0015819709347812
1.7375709375E-07, -0.00159999132610391
1.73759046875E-07, -0.00188089690343991
1.73761E-07, -0.00190698226644684
1.73762953125E-07, -0.00211286533197499
1.7376490625E-07, -0.00180772403985161
1.73766859375E-07, -0.00204664220287382
1.737688125E-07, -0.0020306575419369
1.73770765625E-07, -0.00201111270448483
1.7377271875E-07, -0.00221234121386336
1.73774671875E-07, -0.00190268644575125
1.73776625E-07, -0.0024038048906681
1.73778578125E-07, -0.00224240185465101
1.7378053125E-07, -0.00232517097254673
1.73782484375E-07, -0.0023098002998903
1.737844375E-07, -0.00240841613951885
1.73786390625E-07, -0.00260949561619144
1.7378834375E-07, -0.00259392293305741
1.73790296875E-07, -0.00264590023391756
1.7379225E-07, -0.00277553770810693
1.73794203125E-07, -0.00305345533917688
1.7379615625E-07, -0.00278836559552405
1.73798109375E-07, -0.00318880993693532
1.738000625E-07, -0.00261580799737303
1.73802015625E-07, -0.00314832377615898
1.7380396875E-07, -0.00302625638294821
1.73805921875E-07, -0.0030570699955839
1.73807875E-07, -0.00308714448387808
1.73809828125E-07, -0.003252201881096
1.7381178125E-07, -0.00353195579355727
1.73813734375E-07, -0.00338690083469351
1.738156875E-07, -0.00330763438597564
1.73817640625E-07, -0.00354285326375816
1.7381959375E-07, -0.00324262453072739
1.73821546875E-07, -0.00341048811954228
1.738235E-07, -0.00344243520651613
1.73825453125E-07, -0.00329295087122175
1.7382740625E-07, -0.00351479528045996
1.73829359375E-07, -0.00371080801719588
1.738313125E-07, -0.00346490661177275
1.73833265625E-07, -0.00416807635137223
1.7383521875E-07, -0.00379377091727209
1.73837171875E-07, -0.00409159426825593
1.73839125E-07, -0.00476087504011873
1.73841078125E-07, -0.00469708666217237
1.7384303125E-07, -0.00473765238098877
1.73844984375E-07, -0.00411084046007846
1.738469375E-07, -0.0042509246803385
1.73848890625E-07, -0.00380612242800064
1.7385084375E-07, -0.00374284508615381
1.73852796875E-07, -0.00401120229021669
1.7385475E-07, -0.00409476980651419
1.73856703125E-07, -0.00425720874490986
1.7385865625E-07, -0.0039667769034968
1.73860609375E-07, -0.00414011284449511
1.738625625E-07, -0.00486701901708248
1.73864515625E-07, -0.00409781307552714
1.7386646875E-07, -0.00451573202684044
1.73868421875E-07, -0.00432486871402927
1.73870375E-07, -0.00533587290630636
1.73872328125E-07, -0.00494480704785173
1.7387428125E-07, -0.00428431101614585
1.73876234375E-07, -0.00402233658488015
1.738781875E-07, -0.00399880875094468
1.73880140625E-07, -0.0042611130330441
1.7388209375E-07, -0.00367492319821612
1.73884046875E-07, -0.00364746813129507
1.73886E-07, -0.00381742763563175
1.73887953125E-07, -0.00330260959361351
1.7388990625E-07, -0.00352436231824595
1.73891859375E-07, -0.00282097750925391
1.738938125E-07, -0.00386148669075357
1.73895765625E-07, -0.00286647394132511
1.7389771875E-07, -0.00343285789195333
1.73899671875E-07, -0.00260049080601552
1.73901625E-07, -0.00299915665595961
1.73903578125E-07, -0.00243189562640575
1.7390553125E-07, -0.002979189626508
1.73907484375E-07, -0.00270691977879061
1.739094375E-07, -0.00215242575355237
1.73911390625E-07, -0.00151030422344927
1.7391334375E-07, -0.00159305248207794
1.73915296875E-07, -0.00152353957880449
1.7391725E-07, -0.00236781722242428
1.73919203125E-07, -0.0022180662744097
1.7392115625E-07, -0.00158885870984138
1.73923109375E-07, 0.000452979780012359
1.739250625E-07, -0.0019555233822575
1.73927015625E-07, -0.00132831878236165
1.7392896875E-07, -0.000730336593230441
1.73930921875E-07, 4.30409469729402E-05
1.73932875E-07, 0.000312492439628318
1.73934828125E-07, 0.00124932660893342
1.7393678125E-07, 0.000203669094802953
1.73938734375E-07, 0.000443335898553541
1.739406875E-07, 0.00154504898749019
1.73942640625E-07, 0.00140349103419988
1.7394459375E-07, 0.00144751078478264
1.73946546875E-07, 0.00256193472392888
1.739485E-07, 0.0025580877430195
1.73950453125E-07, 0.00332525797554498
1.7395240625E-07, 0.00445588658593099
1.73954359375E-07, 0.00348434441915091
1.739563125E-07, 0.00378847790786163
1.73958265625E-07, 0.00443174680175904
1.7396021875E-07, 0.00560242510742853
1.73962171875E-07, 0.00521760217373321
1.73964125E-07, 0.00552582104281224
1.73966078125E-07, 0.00648875655140862
1.7396803125E-07, 0.00603306133531462
1.73969984375E-07, 0.00698429603697511
1.739719375E-07, 0.0056639918072668
1.73973890625E-07, 0.00973956401347432
1.7397584375E-07, 0.00797754165481841
1.73977796875E-07, 0.00779803808812189
1.7397975E-07, 0.0108578882101364
1.73981703125E-07, 0.00947898937481561
1.7398365625E-07, 0.00823684895545163
1.73985609375E-07, 0.0107962342956429
1.739875625E-07, 0.00997356471111656
1.73989515625E-07, 0.0119635381824214
1.7399146875E-07, 0.00999036325313318
1.73993421875E-07, 0.0132829828511051
1.73995375E-07, 0.0124137580824145
1.73997328125E-07, 0.0124342388099549
1.7399928125E-07, 0.0141246371103973
1.74001234375E-07, 0.0149327669567263
1.740031875E-07, 0.0149459691981892
1.74005140625E-07, 0.0151265207199015
1.7400709375E-07, 0.015504807253643
1.74009046875E-07, 0.016511265930818
1.74011E-07, 0.0163361455736369
1.74012953125E-07, 0.0179759616928734
1.7401490625E-07, 0.0170294469544598
1.74016859375E-07, 0.0191944130481614
1.740188125E-07, 0.0185581908794655
1.74020765625E-07, 0.0207230767615466
1.7402271875E-07, 0.0199938856301775
1.74024671875E-07, 0.02130840664095
1.74026625E-07, 0.0226758278458578
1.74028578125E-07, 0.0209149625897979
1.7403053125E-07, 0.0228614297157227
1.74032484375E-07, 0.0231693854515649
1.740344375E-07, 0.024348505074814
1.74036390625E-07, 0.0250109497292161
1.7403834375E-07, 0.0238827015469904
1.74040296875E-07, 0.0263727600525369
1.7404225E-07, 0.0250172099798246
1.74044203125E-07, 0.0270565792250443
1.7404615625E-07, 0.0275198329247979
1.74048109375E-07, 0.0284300282473931
1.740500625E-07, 0.0296599000766817
1.74052015625E-07, 0.0281026184307436
1.7405396875E-07, 0.029416012038591
1.74055921875E-07, 0.0301202908507172
1.74057875E-07, 0.0310360188317231
1.74059828125E-07, 0.0317686829589088
1.7406178125E-07, 0.0328323052078656
1.74063734375E-07, 0.0321446897496535
1.740656875E-07, 0.0320238516451917
1.74067640625E-07, 0.0325388709253077
1.7406959375E-07, 0.0330991457526652
1.74071546875E-07, 0.0332436980167671
1.740735E-07, 0.0342335379386156
1.74075453125E-07, 0.0342538657486118
1.7407740625E-07, 0.0346145699033705
1.74079359375E-07, 0.0356227338085009
1.740813125E-07, 0.0358915856416701
1.74083265625E-07, 0.0352123471141838
1.7408521875E-07, 0.0362224904283204
1.74087171875E-07, 0.0358681046230984
1.74089125E-07, 0.0360774719488339
1.74091078125E-07, 0.0357868805985936
1.7409303125E-07, 0.03707492123455
1.74094984375E-07, 0.0362983184581771
1.740969375E-07, 0.0363824057186584
1.74098890625E-07, 0.0332434395574291
1.7410084375E-07, 0.0363999757585413
1.74102796875E-07, 0.0315032039874273
1.7410475E-07, 0.0363458155430084
1.74106703125E-07, 0.0363070628445626
1.7410865625E-07, 0.0359059400516396
1.74110609375E-07, 0.035678630273386
1.741125625E-07, 0.0358527909073917
1.74114515625E-07, 0.0356566113430166
1.7411646875E-07, 0.0358731128988
1.74118421875E-07, 0.0353235415546068
1.74120375E-07, 0.0347150440462249
1.74122328125E-07, 0.0318644231806718
1.7412428125E-07, 0.0319340791655186
1.74126234375E-07, 0.0337571743316222
1.741281875E-07, 0.0334396602733016
1.74130140625E-07, 0.0323016860871724
1.7413209375E-07, 0.0322263261589591
1.74134046875E-07, 0.0294734823663913
1.74136E-07, 0.0306978651510654
1.74137953125E-07, 0.0300387165990689
1.7413990625E-07, 0.0280282064619995
1.74141859375E-07, 0.0286153421473663
1.741438125E-07, 0.0264437992185928
1.74145765625E-07, 0.026392345601238
1.7414771875E-07, 0.0219321062357822
1.74149671875E-07, 0.0254276522373245
1.74151625E-07, 0.0252207622446133
1.74153578125E-07, 0.0243520230864668
1.7415553125E-07, 0.0210933707352111
1.74157484375E-07, 0.0188271091016951
1.741594375E-07, 0.0183146773304791
1.74161390625E-07, 0.0177713070682827
1.7416334375E-07, 0.0140541916084921
1.74165296875E-07, 0.0154245053474788
1.7416725E-07, 0.0110493935796038
1.74169203125E-07, 0.0135273192761712
1.7417115625E-07, 0.013239383557916
1.74173109375E-07, 0.0068515206676683
1.741750625E-07, 0.0105274968371081
1.74177015625E-07, 0.00394760579072404
1.7417896875E-07, 0.0054430317307139
1.74180921875E-07, 0.0011655467516548
1.74182875E-07, -0.00187386725318234
1.74184828125E-07, -0.00111582055908284
1.7418678125E-07, -0.000697885353780249
1.74188734375E-07, -0.00311916966671195
1.741906875E-07, -0.0082686082101373
1.74192640625E-07, -0.0049597166824301
1.7419459375E-07, -0.013971965918651
1.74196546875E-07, -0.00946815594862659
1.741985E-07, -0.0110876094881525
1.74200453125E-07, -0.0141727180054574
1.7420240625E-07, -0.0166955721709751
1.74204359375E-07, -0.0212999450312428
1.742063125E-07, -0.0215871754386519
1.74208265625E-07, -0.0249573473226652
1.7421021875E-07, -0.034004388779373
1.74212171875E-07, -0.0276474604223763
1.74214125E-07, -0.034138078831716
1.74216078125E-07, -0.0385610714577461
1.7421803125E-07, -0.0351891431732807
1.74219984375E-07, -0.040236744434082
1.742219375E-07, -0.0408747284556831
1.74223890625E-07, -0.0447691459694906
1.7422584375E-07, -0.0485933707000226
1.74227796875E-07, -0.0421299068657045
1.7422975E-07, -0.0570646157092614
1.74231703125E-07, -0.0459300926692096
1.7423365625E-07, -0.0586708555073215
1.74235609375E-07, -0.0583324081249316
1.742375625E-07, -0.065419755873031
1.74239515625E-07, -0.0635801044830891
1.7424146875E-07, -0.0614994088052003
1.74243421875E-07, -0.0675893405388002
1.74245375E-07, -0.0743074615187939
1.74247328125E-07, -0.0734492013435708
1.7424928125E-07, -0.071969660812728
1.74251234375E-07, -0.075060764863642
1.742531875E-07, -0.0858231185628844
1.74255140625E-07, -0.0834764248405729
1.7425709375E-07, -0.085568081807619
1.74259046875E-07, -0.0849253315621189
1.74261E-07, -0.0910389984094621
1.74262953125E-07, -0.0904867805681757
1.7426490625E-07, -0.0939655552026522
1.74266859375E-07, -0.0954074021501562
1.742688125E-07, -0.101971789748008
1.74270765625E-07, -0.104029444138291
1.7427271875E-07, -0.104918607286976
1.74274671875E-07, -0.105548687426979
1.74276625E-07, -0.104581572946738
1.74278578125E-07, -0.107628184283752
1.7428053125E-07, -0.113771375136961
1.74282484375E-07, -0.112977219391917
1.742844375E-07, -0.112705429761518
1.74286390625E-07, -0.107158876831996
1.7428834375E-07, -0.11387817833738
1.74290296875E-07, -0.117605821391889
1.7429225E-07, -0.119105075132473
1.74294203125E-07, -0.116915812373368
1.7429615625E-07, -0.122425828288289
1.74298109375E-07, -0.124327279198365
1.743000625E-07, -0.117929367131576
1.74302015625E-07, -0.121580696299258
1.7430396875E-07, -0.123779959752106
1.74305921875E-07, -0.123630173779451
1.74307875E-07, -0.125011357732162
1.74309828125E-07, -0.120821214346024
1.7431178125E-07, -0.126422034612884
1.74313734375E-07, -0.124457084333722
1.743156875E-07, -0.124148033791346
1.74317640625E-07, -0.121353860717038
1.7431959375E-07, -0.122192707576523
1.74321546875E-07, -0.124660586699834
1.743235E-07, -0.117410115031666
1.74325453125E-07, -0.122315293622254
1.7432740625E-07, -0.116315139685021
1.74329359375E-07, -0.117187031704028
1.743313125E-07, -0.117293087635919
1.74333265625E-07, -0.111689331668245
1.7433521875E-07, -0.111328402023289
1.74337171875E-07, -0.10084736585077
1.74339125E-07, -0.114402295988491
1.74341078125E-07, -0.104764006710295
1.7434303125E-07, -0.10130955476614
1.74344984375E-07, -0.102720602888244
1.743469375E-07, -0.0993011999694784
1.74348890625E-07, -0.0940828904714491
1.7435084375E-07, -0.0917994573600409
1.74352796875E-07, -0.0881219718805908
1.7435475E-07, -0.0810772309812933
1.74356703125E-07, -0.0854200537541912
1.7435865625E-07, -0.0778955923444245
1.74360609375E-07, -0.0781442543895794
1.743625625E-07, -0.056645840461169
1.74364515625E-07, -0.0671878720935311
1.7436646875E-07, -0.059736617877669
1.74368421875E-07, -0.0668709390564729
1.74370375E-07, -0.0502967319784225
1.74372328125E-07, -0.0441117593780097
1.7437428125E-07, -0.0415886592367185
1.74376234375E-07, -0.0388825444588965
1.743781875E-07, -0.0411947507607577
1.74380140625E-07, -0.0246326004902939
1.7438209375E-07, -0.0318894984859839
1.74384046875E-07, -0.0262169769983568
1.74386E-07, -0.013218611083811
1.74387953125E-07, -0.013542888167553
1.7438990625E-07, 0.00221841885086316
1.74391859375E-07, -0.00962657988194196
1.743938125E-07, 0.0102086753456676
1.74395765625E-07, 0.00436268402206787
1.7439771875E-07, 0.0108523056790216
1.74399671875E-07, 0.0151485691264986
1.74401625E-07, 0.0187635281435622
1.74403578125E-07, 0.0127589885597162
1.7440553125E-07, 0.0194544574857484
1.74407484375E-07, 0.0313218097663339
1.744094375E-07, 0.0300136168372195
1.74411390625E-07, 0.0404602220586767
1.7441334375E-07, 0.0440971849309687
1.74415296875E-07, 0.0538920392762316
1.7441725E-07, 0.0496751673893297
1.74419203125E-07, 0.0446039609868091
1.7442115625E-07, 0.0547394822118223
1.74423109375E-07, 0.0647337479688633
1.744250625E-07, 0.0692104232067831
1.74427015625E-07, 0.0678170435584497
1.7442896875E-07, 0.0610719589731193
1.74430921875E-07, 0.0806880944366502
1.74432875E-07, 0.081168242854239
1.74434828125E-07, 0.0731852908220961
1.7443678125E-07, 0.0788791210486117
1.74438734375E-07, 0.0848289901380337
1.744406875E-07, 0.0825684538507711
1.74442640625E-07, 0.0802746077596029
1.7444459375E-07, 0.0880940461208947
1.74446546875E-07, 0.0957065943683645
1.744485E-07, 0.0953618509672998
1.74450453125E-07, 0.0998275438208353
1.7445240625E-07, 0.100088357822723
1.74454359375E-07, 0.103138926600748
1.744563125E-07, 0.0965690386725101
1.74458265625E-07, 0.10413351545455
1.7446021875E-07, 0.10265562970838
1.74462171875E-07, 0.100888581436585
1.74464125E-07, 0.100915224952725
1.74466078125E-07, 0.104109963933954
1.7446803125E-07, 0.105920332578046
1.74469984375E-07, 0.102836443488761
1.744719375E-07, 0.100744918212444
1.74473890625E-07, 0.101434579428531
1.7447584375E-07, 0.105271299486472
1.74477796875E-07, 0.102688269806978
1.7447975E-07, 0.103349755361695
1.74481703125E-07, 0.103111843144142
1.7448365625E-07, 0.0996519754815144
1.74485609375E-07, 0.0975659826254777
1.744875625E-07, 0.0959032045498329
1.74489515625E-07, 0.0940599160206275
1.7449146875E-07, 0.0965039648592186
1.74493421875E-07, 0.093311214164868
1.74495375E-07, 0.0910601963157615
1.74497328125E-07, 0.0886777910922048
1.7449928125E-07, 0.0885630552642267
1.74501234375E-07, 0.083183370273503
1.745031875E-07, 0.0790829572681916
1.74505140625E-07, 0.083129989188009
1.7450709375E-07, 0.0813421094272343
1.74509046875E-07, 0.0802132145450762
1.74511E-07, 0.0746419205403499
1.74512953125E-07, 0.0737580689268606
1.7451490625E-07, 0.0751513720475783
1.74516859375E-07, 0.0738837176043721
1.745188125E-07, 0.0669324064358801
1.74520765625E-07, 0.0644683314581393
1.7452271875E-07, 0.0676577711399358
1.74524671875E-07, 0.0647724740739637
1.74526625E-07, 0.0591457100567707
1.74528578125E-07, 0.0575509865182839
1.7453053125E-07, 0.0519969953840065
1.74532484375E-07, 0.0550674813082916
1.745344375E-07, 0.0515279049700452
1.74536390625E-07, 0.0547025472484932
1.7453834375E-07, 0.0472834423871622
1.74540296875E-07, 0.0416664429945111
1.7454225E-07, 0.0458683434672552
1.74544203125E-07, 0.0445064420845466
1.7454615625E-07, 0.0385803614203234
1.74548109375E-07, 0.041663836500152
1.745500625E-07, 0.0390223092007004
1.74552015625E-07, 0.0359937708661926
1.7455396875E-07, 0.0397240391677409
1.74555921875E-07, 0.0313351952012804
1.74557875E-07, 0.0303281352521682
1.74559828125E-07, 0.030337977216666
1.7456178125E-07, 0.0332268845154119
1.74563734375E-07, 0.0290892357972015
1.745656875E-07, 0.0266831318425825
1.74567640625E-07, 0.0255994953725064
1.7456959375E-07, 0.0259370434773882
1.74571546875E-07, 0.0251266215817635
1.745735E-07, 0.0249838824861096
1.74575453125E-07, 0.0236626853788001
1.7457740625E-07, 0.0232505170138662
1.74579359375E-07, 0.0225024814988075
1.745813125E-07, 0.0222284468855193
1.74583265625E-07, 0.0215048047799806
1.7458521875E-07, 0.02125193446261
1.74587171875E-07, 0.0212312006633688
1.74589125E-07, 0.0263291927367511
1.74591078125E-07, 0.0199795326455966
1.7459303125E-07, 0.0201533630941624
1.74594984375E-07, 0.0202571698921466
1.745969375E-07, 0.0207760663252839
1.74598890625E-07, 0.0199523223633809
1.7460084375E-07, 0.0200964015243001
1.74602796875E-07, 0.0195689193519513
1.7460475E-07, 0.020018682721638
1.74606703125E-07, 0.0205012691265172
1.7460865625E-07, 0.0216398724679148
1.74610609375E-07, 0.0201704207275058
1.746125625E-07, 0.0199474263901388
1.74614515625E-07, 0.0197531176897472
1.7461646875E-07, 0.0201080134626412
1.74618421875E-07, 0.0203083540419105
1.74620375E-07, 0.020585327461408
1.74622328125E-07, 0.0205269441024126
1.7462428125E-07, 0.0205928965811973
1.74626234375E-07, 0.021872927332094
1.746281875E-07, 0.0205535622969078
1.74630140625E-07, 0.020497338869396
1.7463209375E-07, 0.0203440980239641
1.74634046875E-07, 0.0205620253482641
1.74636E-07, 0.0203299201961663
1.74637953125E-07, 0.0208170788852287
1.7463990625E-07, 0.0200169118562349
1.74641859375E-07, 0.0201506980067584
1.746438125E-07, 0.0206588722915061
1.74645765625E-07, 0.0205802517939675
1.7464771875E-07, 0.0185997894898817
1.74649671875E-07, 0.0189401554500808
1.74651625E-07, 0.0199364787836631
1.74653578125E-07, 0.0191120189678319
1.7465553125E-07, 0.0184121361995519
1.74657484375E-07, 0.0165816520325931
1.746594375E-07, 0.0185326759251978
1.74661390625E-07, 0.0189151333548164
1.7466334375E-07, 0.0167057192888209
1.74665296875E-07, 0.0158832830986753
1.7466725E-07, 0.0167541646018668
1.74669203125E-07, 0.0160696792196382
1.7467115625E-07, 0.0157047124397914
1.74673109375E-07, 0.0150695312464994
1.746750625E-07, 0.0146526229423358
1.74677015625E-07, 0.0134330236619102
1.7467896875E-07, 0.0123951137302262
1.74680921875E-07, 0.0132972409645671
1.74682875E-07, 0.0115155818820771
1.74684828125E-07, 0.0119326200003081
1.7468678125E-07, 0.0104666921528272
1.74688734375E-07, 0.0103508162023087
1.746906875E-07, 0.00984191235541265
1.74692640625E-07, 0.00935415751209716
1.7469459375E-07, 0.00829405683930735
1.74696546875E-07, 0.00683518801551109
1.746985E-07, 0.00556710436958641
1.74700453125E-07, 0.00566337021705808
1.7470240625E-07, 0.00535098177490831
1.74704359375E-07, 0.00470830822222389
1.747063125E-07, 0.00205168344974821
1.74708265625E-07, 0.00369334411604533
1.7471021875E-07, 0.00139770624390896
1.74712171875E-07, 0.00364547690217012
1.74714125E-07, 0.00122962582513599
1.74716078125E-07, -0.00091735166796992
1.7471803125E-07, -0.00045067228404178
1.74719984375E-07, -0.00224646355544998
1.747219375E-07, -0.00102866656090299
1.74723890625E-07, -0.0022614993482868
1.7472584375E-07, -0.00184625245185845
1.74727796875E-07, -0.00358877871386527
1.7472975E-07, -0.00178697525986161
1.74731703125E-07, -0.00252229282276756
1.7473365625E-07, -0.00381654838591647
1.74735609375E-07, -0.00434214980646261
1.747375625E-07, -0.00421225460255332
1.74739515625E-07, -0.0048590084836934
1.7474146875E-07, -0.00431982320992859
1.74743421875E-07, -0.00610120639066507
1.74745375E-07, -0.00579532937398734
1.74747328125E-07, -0.00696924536232762
1.7474928125E-07, -0.00642351272147624
1.74751234375E-07, -0.00666351278937419
1.747531875E-07, -0.00733174908520409
1.74755140625E-07, -0.00679069801103324
1.7475709375E-07, -0.00712203480356214
1.74759046875E-07, -0.00726071223812
1.74761E-07, -0.00736622137680789
1.74762953125E-07, -0.0073719770214388
1.7476490625E-07, -0.00770915487624369
1.74766859375E-07, -0.00701221941774857
1.747688125E-07, -0.00772202026127441
1.74770765625E-07, -0.00676361374268237
1.7477271875E-07, -0.00701442674528983
1.74774671875E-07, -0.00683363016355755
1.74776625E-07, -0.00584622047680471
1.74778578125E-07, -0.00731336196253967
1.7478053125E-07, -0.00707152932877861
1.74782484375E-07, -0.00658374245028224
1.747844375E-07, -0.00617217765397138
1.74786390625E-07, -0.00539167340102697
1.7478834375E-07, -0.00634884738346854
1.74790296875E-07, -0.00558666200611718
1.7479225E-07, -0.00548393379316675
1.74794203125E-07, -0.00479272945217555
1.7479615625E-07, -0.00492932825438962
1.74798109375E-07, -0.0041772216268229
1.748000625E-07, -0.0044039186112278
1.74802015625E-07, -0.00432208382490946
1.7480396875E-07, -0.00354298714814818
1.74805921875E-07, -0.00309893532867119
1.74807875E-07, -0.00307658708018306
1.74809828125E-07, -0.0024202227132308
1.7481178125E-07, -0.00296320026811715
1.74813734375E-07, -0.0019531165611317
1.748156875E-07, -0.00233410979085156
1.74817640625E-07, -0.00172814739195649
1.7481959375E-07, -0.00109006892077632
1.74821546875E-07, -0.000410304925931998
1.748235E-07, -0.000388652695760074
1.74825453125E-07, -0.00142558541922868
1.7482740625E-07, -0.000423033206437796
1.74829359375E-07, 0.000330371372025539
1.748313125E-07, 0.00043331669370952
1.74833265625E-07, 0.00085807182377629
1.7483521875E-07, 0.000586649305627017
1.74837171875E-07, 0.000801970838339805
1.74839125E-07, 0.00152949625292731
1.74841078125E-07, 0.00147954670759117
1.7484303125E-07, 0.00210964368302458
1.74844984375E-07, 0.00143013467497761
1.748469375E-07, 0.00207615540305754
1.74848890625E-07, 0.00215445467036425
1.7485084375E-07, 0.00290683143746761
1.74852796875E-07, 0.00274808366015649
1.7485475E-07, 0.00289157794474454
1.74856703125E-07, 0.00301521738181561
1.7485865625E-07, 0.00267708663650058
1.74860609375E-07, 0.00338115312853987
1.748625625E-07, 0.00331427942455556
1.74864515625E-07, 0.00343820182541109
1.7486646875E-07, 0.0036512787300038
1.74868421875E-07, 0.00322454439224805
1.74870375E-07, 0.00371059490419461
1.74872328125E-07, 0.0034424095272429
1.7487428125E-07, 0.00400827880166561
1.74876234375E-07, 0.00373715636950906
1.748781875E-07, 0.00345679598876639
1.74880140625E-07, 0.00365994554151359
1.7488209375E-07, 0.00336706318194177
1.74884046875E-07, 0.00343656335062189
1.74886E-07, 0.00326025529109942
1.74887953125E-07, 0.00358811067326154
1.7488990625E-07, 0.00330332895998427
1.74891859375E-07, 0.00344137380513656
1.748938125E-07, 0.00303548369870522
1.74895765625E-07, 0.00252314920424739
1.7489771875E-07, 0.00309580235131231
1.74899671875E-07, 0.00209119650467415
1.74901625E-07, 0.00294890205824582
1.74903578125E-07, 0.00234141564059254
1.7490553125E-07, 0.0017598409997017
1.74907484375E-07, 0.000769536258505201
1.749094375E-07, 0.00100172931119773
1.74911390625E-07, 0.00212544694892715
1.7491334375E-07, 0.00122595132854272
1.74915296875E-07, 0.00111838729868956
1.7491725E-07, 0.000802613523410677
1.74919203125E-07, 0.00135440893467348
1.7492115625E-07, 0.000334661864701228
1.74923109375E-07, 5.64676838556177E-06
1.749250625E-07, 0.000240048767624255
1.74927015625E-07, -5.69594833101237E-05
1.7492896875E-07, 0.000489295087922917
1.74930921875E-07, -0.00162249512552679
1.74932875E-07, -0.00144633599326219
1.74934828125E-07, -0.00176824232597979
1.7493678125E-07, -0.00228652914969998
1.74938734375E-07, -0.00216371128234225
1.749406875E-07, -0.00305723299181368
1.74942640625E-07, -0.00421322949908746
1.7494459375E-07, -0.00296683749124329
1.74946546875E-07, -0.00446167254925434
1.749485E-07, -0.0028934035058071
1.74950453125E-07, -0.00571338384445439
1.7495240625E-07, -0.00393429127060635
1.74954359375E-07, -0.00611751267592672
1.749563125E-07, -0.00691137299995192
1.74958265625E-07, -0.00572643551813222
1.7496021875E-07, -0.00698268044545625
1.74962171875E-07, -0.00658524755571626
1.74964125E-07, -0.00747912142784403
1.74966078125E-07, -0.00883008026016191
1.7496803125E-07, -0.00798694128105497
1.74969984375E-07, -0.00939335646204147
1.749719375E-07, -0.00787807792384577
1.74973890625E-07, -0.0103368141935757
1.7497584375E-07, -0.00876845560553061
1.74977796875E-07, -0.0115079270749365
1.7497975E-07, -0.0118966695315525
1.74981703125E-07, -0.0121831660770803
1.7498365625E-07, -0.0128305912251373
1.74985609375E-07, -0.012553503463317
1.749875625E-07, -0.0135537159836235
1.74989515625E-07, -0.0155699009554976
1.7499146875E-07, -0.0142246492564083
1.74993421875E-07, -0.0154722244333494
1.74995375E-07, -0.0173235779178012
1.74997328125E-07, -0.017897963123246
1.7499928125E-07, -0.0183029961052309
1.75001234375E-07, -0.0195218996229065
1.750031875E-07, -0.0187000033225857
1.75005140625E-07, -0.0195036556327784
1.7500709375E-07, -0.0202385584721476
1.75009046875E-07, -0.02044147556328
1.75011E-07, -0.0223310363271707
1.75012953125E-07, -0.0204179894231027
1.7501490625E-07, -0.0212594236670974
1.75016859375E-07, -0.0215930565869091
1.750188125E-07, -0.0224003443072903
1.75020765625E-07, -0.0249562234366002
1.7502271875E-07, -0.0244788142095863
1.75024671875E-07, -0.0246219760126616
1.75026625E-07, -0.0252667709845141
1.75028578125E-07, -0.0247783789136451
1.7503053125E-07, -0.0253242293487912
1.75032484375E-07, -0.0262422443536032
1.750344375E-07, -0.027277714604411
1.75036390625E-07, -0.0275653700113137
1.7503834375E-07, -0.027445766664095
1.75040296875E-07, -0.0283038289494895
1.7504225E-07, -0.0285241543710312
1.75044203125E-07, -0.0284548883226553
1.7504615625E-07, -0.0300502000148822
1.75048109375E-07, -0.0293986984371731
1.750500625E-07, -0.029259137228685
1.75052015625E-07, -0.03022696279026
1.7505396875E-07, -0.0303236655693824
1.75055921875E-07, -0.0304659960923757
1.75057875E-07, -0.0302007040401684
1.75059828125E-07, -0.0310262194574275
1.7506178125E-07, -0.0309123898534538
1.75063734375E-07, -0.0309843310981681
1.750656875E-07, -0.0317560373830224
1.75067640625E-07, -0.031626346397414
1.7506959375E-07, -0.0316883696030752
1.75071546875E-07, -0.0317000501673866
1.750735E-07, -0.0320251706394444
1.75075453125E-07, -0.0323043095380423
1.7507740625E-07, -0.0313911016425633
1.75079359375E-07, -0.0317157516424955
1.750813125E-07, -0.0322650015513394
1.75083265625E-07, -0.0320523723728424
1.7508521875E-07, -0.0322333746097003
1.75087171875E-07, -0.0321317335635293
1.75089125E-07, -0.0319333331442314
1.75091078125E-07, -0.0318420230519883
1.7509303125E-07, -0.0319386555485979
1.75094984375E-07, -0.03109854719897
1.750969375E-07, -0.0313806479781975
1.75098890625E-07, -0.0316889682059062
1.7510084375E-07, -0.0308058486885319
1.75102796875E-07, -0.0311631347027038
1.7510475E-07, -0.0314565626514201
1.75106703125E-07, -0.0305310424849083
1.7510865625E-07, -0.0305498840434872
1.75110609375E-07, -0.0302302053264883
1.751125625E-07, -0.0301744787079987
1.75114515625E-07, -0.0298681365051964
1.7511646875E-07, -0.0294300960995011
1.75118421875E-07, -0.0298846721959787
1.75120375E-07, -0.0287981094045106
1.75122328125E-07, -0.0286474462209319
1.7512428125E-07, -0.0280369690209361
1.75126234375E-07, -0.028107900767426
1.751281875E-07, -0.0281286716477873
1.75130140625E-07, -0.0280902669633587
1.7513209375E-07, -0.0277422185502433
1.75134046875E-07, -0.0262701177821295
1.75136E-07, -0.025578520762174
1.75137953125E-07, -0.0263017140493895
1.7513990625E-07, -0.0262530989260069
1.75141859375E-07, -0.0244248793499574
1.751438125E-07, -0.0255657426377443
1.75145765625E-07, -0.0260303677852633
1.7514771875E-07, -0.0246401767659209
1.75149671875E-07, -0.0243371992148795
1.75151625E-07, -0.0234092520523289
1.75153578125E-07, -0.0239699011766922
1.7515553125E-07, -0.0228891995205826
1.75157484375E-07, -0.023529256517339
1.751594375E-07, -0.0212923491059301
1.75161390625E-07, -0.0217114830525853
1.7516334375E-07, -0.0222100781460657
1.75165296875E-07, -0.0203432095929399
1.7516725E-07, -0.0209204817636706
1.75169203125E-07, -0.0221263713522005
1.7517115625E-07, -0.019826966281645
1.75173109375E-07, -0.019349368572904
1.751750625E-07, -0.0206305056436077
1.75177015625E-07, -0.0192251786574905
1.7517896875E-07, -0.0178534946339275
1.75180921875E-07, -0.0192770749684816
1.75182875E-07, -0.0171846270601722
1.75184828125E-07, -0.0180064332173972
1.7518678125E-07, -0.018251272249548
1.75188734375E-07, -0.0163769216939472
1.751906875E-07, -0.0172655210103164
1.75192640625E-07, -0.0161075008329713
1.7519459375E-07, -0.0157715599127159
1.75196546875E-07, -0.0148039556010058
1.751985E-07, -0.0154716289985209
1.75200453125E-07, -0.0117546465507131
1.7520240625E-07, -0.0145994822631296
1.75204359375E-07, -0.0127470958358605
1.752063125E-07, -0.0129387533145239
1.75208265625E-07, -0.0131592335241718
1.7521021875E-07, -0.0118411675032457
1.75212171875E-07, -0.0123788864804154
1.75214125E-07, -0.0113569284989696
1.75216078125E-07, -0.0111086817629296
1.7521803125E-07, -0.0108177813967724
1.75219984375E-07, -0.0107285569013358
1.752219375E-07, -0.00835842187810977
1.75223890625E-07, -0.00952362235677426
1.7522584375E-07, -0.0078048090668502
1.75227796875E-07, -0.00812378322634024
1.7522975E-07, -0.0081334364481855
1.75231703125E-07, -0.00679966759431164
1.7523365625E-07, -0.00600066290682172
1.75235609375E-07, -0.00648798511007859
1.752375625E-07, -0.00736168566441369
1.75239515625E-07, -0.00615754862078579
1.7524146875E-07, -0.0041892600958721
1.75243421875E-07, -0.00437958523334524
1.75245375E-07, -0.00434719314110578
1.75247328125E-07, -0.00613428301191666
1.7524928125E-07, -0.00406663774688693
1.75251234375E-07, -0.00307059693449974
1.752531875E-07, -0.00292380521402554
1.75255140625E-07, -0.00284010750568838
1.7525709375E-07, -0.00223294027997266
1.75259046875E-07, -0.00240262672727503
1.75261E-07, 0.000105495789403315
1.75262953125E-07, -0.00120932620184583
1.7526490625E-07, -0.00128408533783527
1.75266859375E-07, -0.000413426110689471
1.752688125E-07, -0.000555092691626904
1.75270765625E-07, -0.000235326097375882
1.7527271875E-07, 0.000361988867939104
1.75274671875E-07, -0.000755866048699777
1.75276625E-07, 0.000951260483742473
1.75278578125E-07, 0.000139663727759223
1.7528053125E-07, 0.00176359332607366
1.75282484375E-07, 0.00169840959441478
1.752844375E-07, 0.00140585548120652
1.75286390625E-07, 0.00276219816811598
1.7528834375E-07, 0.0026213664810828
1.75290296875E-07, 0.00287494384123662
1.7529225E-07, 0.00350586294696862
1.75294203125E-07, 0.00246995762550931
1.7529615625E-07, 0.00322757394414368
1.75298109375E-07, 0.00369317793057224
1.753000625E-07, 0.00336664420339395
1.75302015625E-07, 0.003820142369393
1.7530396875E-07, 0.00431400779019809
1.75305921875E-07, 0.00471925215776418
1.75307875E-07, 0.00421576413736052
1.75309828125E-07, 0.00470128173400783
1.7531178125E-07, 0.00492311001933943
1.75313734375E-07, 0.00492170750970526
1.753156875E-07, 0.00483803797945032
1.75317640625E-07, 0.00509667453580998
1.7531959375E-07, 0.00559573712862188
1.75321546875E-07, 0.00630195024755775
1.753235E-07, 0.00518493995482102
1.75325453125E-07, 0.00612601110344381
1.7532740625E-07, 0.00591034235604054
1.75329359375E-07, 0.00632319224166982
1.753313125E-07, 0.00660417962727584
1.75333265625E-07, 0.00645220036941871
1.7533521875E-07, 0.00656765410051509
1.75337171875E-07, 0.00687927717763755
1.75339125E-07, 0.00697539900175929
1.75341078125E-07, 0.00718400167824227
1.7534303125E-07, 0.00717068575009078
1.75344984375E-07, 0.00758553766230012
1.753469375E-07, 0.00739638530848735
1.75348890625E-07, 0.00774544222792869
1.7535084375E-07, 0.00773641775445357
1.75352796875E-07, 0.00836032451475747
1.7535475E-07, 0.00815038526768964
1.75356703125E-07, 0.0098129152579557
1.7535865625E-07, 0.00892247421796514
1.75360609375E-07, 0.00888983874016369
1.753625625E-07, 0.00934924906233908
1.75364515625E-07, 0.00954469881276941
1.7536646875E-07, 0.00962535734867525
1.75368421875E-07, 0.00965389321785945
1.75370375E-07, 0.0102417059443769
1.75372328125E-07, 0.0102131105385993
1.7537428125E-07, 0.0104274058044242
1.75376234375E-07, 0.0109218705219824
1.753781875E-07, 0.010637478413058
1.75380140625E-07, 0.0114071307598994
1.7538209375E-07, 0.0115041800428034
1.75384046875E-07, 0.0122393464771054
1.75386E-07, 0.0122404667357573
1.75387953125E-07, 0.011797275150333
1.7538990625E-07, 0.0126769956357287
1.75391859375E-07, 0.0126762734490345
1.753938125E-07, 0.0127116104045224
1.75395765625E-07, 0.0128750343150173
1.7539771875E-07, 0.013264817852335
1.75399671875E-07, 0.0134961127840601
1.75401625E-07, 0.013602097072851
1.75403578125E-07, 0.0144982517574849
1.7540553125E-07, 0.0134829396425641
1.75407484375E-07, 0.0140754983593924
1.754094375E-07, 0.0142177545986438
1.75411390625E-07, 0.0149913115300501
1.7541334375E-07, 0.0152996978075162
1.75415296875E-07, 0.0151235421901872
1.7541725E-07, 0.0162776850005703
1.75419203125E-07, 0.0160724924582073
1.7542115625E-07, 0.0160446635581433
1.75423109375E-07, 0.0156987603329185
1.754250625E-07, 0.0162034171668179
1.75427015625E-07, 0.0163045496261366
1.7542896875E-07, 0.0163140554225085
1.75430921875E-07, 0.0157262066181679
1.75432875E-07, 0.0167092951945518
1.75434828125E-07, 0.0164879527925482
1.7543678125E-07, 0.0156425171875378
1.75438734375E-07, 0.0170310185385189
1.754406875E-07, 0.0168845031526698
1.75442640625E-07, 0.0153727589227895
1.7544459375E-07, 0.0173548511220587
1.75446546875E-07, 0.0167267005666756
1.754485E-07, 0.0167772200044439
1.75450453125E-07, 0.0164499537272153
1.7545240625E-07, 0.0160425821438683
1.75454359375E-07, 0.0164123547930277
1.754563125E-07, 0.0159617310478556
1.75458265625E-07, 0.0163480872904049
1.7546021875E-07, 0.0166029881698322
1.75462171875E-07, 0.0163847407064406
1.75464125E-07, 0.0166423166648601
1.75466078125E-07, 0.0155522596357636
1.7546803125E-07, 0.0151705626808931
1.75469984375E-07, 0.0153258165829927
1.754719375E-07, 0.0158101013139338
1.75473890625E-07, 0.0144203363424183
1.7547584375E-07, 0.0149320496828868
1.75477796875E-07, 0.0152047419750068
1.7547975E-07, 0.0136476203918146
1.75481703125E-07, 0.0128153440259119
1.7548365625E-07, 0.0145042859144935
1.75485609375E-07, 0.0144281872076068
1.754875625E-07, 0.0139456557446494
1.75489515625E-07, 0.0122576775295454
1.7549146875E-07, 0.013274291079918
1.75493421875E-07, 0.0118500469439318
1.75495375E-07, 0.0117815559173733
1.75497328125E-07, 0.0119285148524486
1.7549928125E-07, 0.0116430371416762
1.75501234375E-07, 0.0114016541840039
1.755031875E-07, 0.010422078073514
1.75505140625E-07, 0.0114291248179485
1.7550709375E-07, 0.0107132263161231
1.75509046875E-07, 0.00984437782650857
1.75511E-07, 0.00958807296045919
1.75512953125E-07, 0.00892374332345498
1.7551490625E-07, 0.00922992660937271
1.75516859375E-07, 0.00904682622430238
1.755188125E-07, 0.00857464982769927
1.75520765625E-07, 0.00849950186049559
1.7552271875E-07, 0.00789612961828877
1.75524671875E-07, 0.00773840796582186
1.75526625E-07, 0.00724596586499537
1.75528578125E-07, 0.00660321660857595
1.7553053125E-07, 0.00749486823937769
1.75532484375E-07, 0.00703221288194543
1.755344375E-07, 0.00728605654934817
1.75536390625E-07, 0.00639996894235201
1.7553834375E-07, 0.00665159032987147
1.75540296875E-07, 0.00600625324841136
1.7554225E-07, 0.00598268721366724
1.75544203125E-07, 0.00578656532268324
1.7554615625E-07, 0.00554597618390327
1.75548109375E-07, 0.00573525148404232
1.755500625E-07, 0.00535418999533743
1.75552015625E-07, 0.00556833907841537
1.7555396875E-07, 0.00521903262604462
1.75555921875E-07, 0.00575203286973731
1.75557875E-07, 0.00562745748565824
1.75559828125E-07, 0.00442868505621653
1.7556178125E-07, 0.00517407748550338
1.75563734375E-07, 0.00464441772166378
1.755656875E-07, 0.00455194646851022
1.75567640625E-07, 0.00498049292692451
1.7556959375E-07, 0.00492603016759206
1.75571546875E-07, 0.00427583900468512
1.755735E-07, 0.0053313596772974
1.75575453125E-07, 0.00479872785999496
1.7557740625E-07, 0.0053441891936207
1.75579359375E-07, 0.00547542636816707
1.755813125E-07, 0.0051743252188946
1.75583265625E-07, 0.00492719847495399
1.7558521875E-07, 0.00524730711251843
1.75587171875E-07, 0.0050723473227788
1.75589125E-07, 0.00529138311273559
1.75591078125E-07, 0.00553182153034627
1.7559303125E-07, 0.00545852546013033
1.75594984375E-07, 0.00531075147015762
1.755969375E-07, 0.00538972291231806
1.75598890625E-07, 0.00593707941735547
1.7560084375E-07, 0.00645002180460651
1.75602796875E-07, 0.0060849025383857
1.7560475E-07, 0.00574128648094845
1.75606703125E-07, 0.00642471432292628
1.7560865625E-07, 0.00566375125690409
1.75610609375E-07, 0.00684121487814586
1.756125625E-07, 0.00709145584095419
1.75614515625E-07, 0.00677985277338963
1.7561646875E-07, 0.00729921456297917
1.75618421875E-07, 0.006994386917897
1.75620375E-07, 0.00746864132833317
1.75622328125E-07, 0.00678065490440626
1.7562428125E-07, 0.00725094437148234
1.75626234375E-07, 0.00773475039003249
1.756281875E-07, 0.00724757121008663
1.75630140625E-07, 0.00789768954316751
1.7563209375E-07, 0.00802526392573292
1.75634046875E-07, 0.00739001719639007
1.75636E-07, 0.00820504492906743
1.75637953125E-07, 0.0081370432447492
1.7563990625E-07, 0.00876757819187279
1.75641859375E-07, 0.00825796663081368
1.756438125E-07, 0.00838291266446896
1.75645765625E-07, 0.00851756331275067
1.7564771875E-07, 0.00902537468162296
1.75649671875E-07, 0.00879424962261211
1.75651625E-07, 0.00840553123647746
1.75653578125E-07, 0.00885208002343328
1.7565553125E-07, 0.00890641855474645
1.75657484375E-07, 0.00916237362234982
1.756594375E-07, 0.00917373621202655
1.75661390625E-07, 0.00931108687125786
1.7566334375E-07, 0.00944372240909661
1.75665296875E-07, 0.00901398582271103
1.7566725E-07, 0.00926142429280343
1.75669203125E-07, 0.00920520230447796
1.7567115625E-07, 0.00938315649030806
1.75673109375E-07, 0.00940546334205621
1.756750625E-07, 0.00985192593852061
1.75677015625E-07, 0.0102317510647938
1.7567896875E-07, 0.00944995463696602
1.75680921875E-07, 0.00975270333684651
1.75682875E-07, 0.0103798889274557
1.75684828125E-07, 0.0100769643863937
1.7568678125E-07, 0.00957453667366931
1.75688734375E-07, 0.00945354565835221
1.756906875E-07, 0.00998547357324648
1.75692640625E-07, 0.0100279944512991
1.7569459375E-07, 0.00960234861855296
1.75696546875E-07, 0.0099863955061374
1.756985E-07, 0.00946708772475864
1.75700453125E-07, 0.00956199199803438
1.7570240625E-07, 0.0102311044876484
1.75704359375E-07, 0.0110247503213462
1.757063125E-07, 0.0107482906927506
1.75708265625E-07, 0.0101718290064944
1.7571021875E-07, 0.0104687749818394
1.75712171875E-07, 0.0100100670565804
1.75714125E-07, 0.0101420196216799
1.75716078125E-07, 0.0109493764051288
1.7571803125E-07, 0.00985139019513612
1.75719984375E-07, 0.0101596440162847
1.757219375E-07, 0.0105157093818501
1.75723890625E-07, 0.011007404466877
1.7572584375E-07, 0.0105863926283386
1.75727796875E-07, 0.0102142753581436
1.7572975E-07, 0.0103878066043476
1.75731703125E-07, 0.0106443397712108
1.7573365625E-07, 0.0106383938195082
1.75735609375E-07, 0.0100151940191831
1.757375625E-07, 0.0109655314817806
1.75739515625E-07, 0.0106686906804925
1.7574146875E-07, 0.0109830961423665
1.75743421875E-07, 0.00980507915762443
1.75745375E-07, 0.0110796942082789
1.75747328125E-07, 0.0107464693121552
1.7574928125E-07, 0.0110644546552869
1.75751234375E-07, 0.0107574115616649
1.757531875E-07, 0.0104050791423198
1.75755140625E-07, 0.0113669470256451
1.7575709375E-07, 0.0107696994802137
1.75759046875E-07, 0.0110429405021149
1.75761E-07, 0.0110945741196226
1.75762953125E-07, 0.0106075234766221
1.7576490625E-07, 0.0102484510736888
1.75766859375E-07, 0.0107629617420348
1.757688125E-07, 0.0113158104110977
1.75770765625E-07, 0.0116220833957159
1.7577271875E-07, 0.011119720475583
1.75774671875E-07, 0.0111764336192648
1.75776625E-07, 0.0109240492263749
1.75778578125E-07, 0.0112164518212476
1.7578053125E-07, 0.0114718711188756
1.75782484375E-07, 0.0113582576818374
1.757844375E-07, 0.0116017078355675
1.75786390625E-07, 0.0112019472895945
1.7578834375E-07, 0.0110372940135146
1.75790296875E-07, 0.0109272529215296
1.7579225E-07, 0.0110221487841249
1.75794203125E-07, 0.0111640244102285
1.7579615625E-07, 0.0106409459467484
1.75798109375E-07, 0.0112772213827608
1.758000625E-07, 0.0110820424738575
1.75802015625E-07, 0.0114593938114712
1.7580396875E-07, 0.011203439791886
1.75805921875E-07, 0.0111366151663773
1.75807875E-07, 0.0113310292779533
1.75809828125E-07, 0.011161755293154
1.7581178125E-07, 0.0113225402884647
1.75813734375E-07, 0.0110907337318062
1.758156875E-07, 0.010503242557612
1.75817640625E-07, 0.0104485043796007
1.7581959375E-07, 0.0105079455677684
1.75821546875E-07, 0.0106318808202563
1.758235E-07, 0.0106162559398696
1.75825453125E-07, 0.0106053528099662
1.7582740625E-07, 0.0104181724042829
1.75829359375E-07, 0.0098608315996246
1.758313125E-07, 0.00965826788833304
1.75833265625E-07, 0.0093168926472227
1.7583521875E-07, 0.01022552348304
1.75837171875E-07, 0.00892222480598612
1.75839125E-07, 0.0096029110991088
1.75841078125E-07, 0.0090681964061681
1.7584303125E-07, 0.00804683069376618
1.75844984375E-07, 0.0086006195552436
1.758469375E-07, 0.00856947226981201
1.75848890625E-07, 0.00800042305491425
1.7585084375E-07, 0.00815480376350743
1.75852796875E-07, 0.0078302944390299
1.7585475E-07, 0.00713863164175042
1.75856703125E-07, 0.00658760191151207
1.7585865625E-07, 0.00674465075242954
1.75860609375E-07, 0.00637557698884755
1.758625625E-07, 0.00624117977536308
1.75864515625E-07, 0.00507585076354645
1.7586646875E-07, 0.0055738271484925
1.75868421875E-07, 0.00603979332136038
1.75870375E-07, 0.00492386626300816
1.75872328125E-07, 0.00505443598126013
1.7587428125E-07, 0.00428563886838489
1.75876234375E-07, 0.00368055529628041
1.758781875E-07, 0.00395172386372461
1.75880140625E-07, 0.0032881471673303
1.7588209375E-07, 0.00274968131166778
1.75884046875E-07, 0.00220557450657286
1.75886E-07, 0.00240307955456536
1.75887953125E-07, 0.00191172013808938
1.7588990625E-07, 0.00132567768038346
1.75891859375E-07, 0.000103014740795946
1.758938125E-07, 0.000687815126981413
1.75895765625E-07, -0.000867176490977547
1.7589771875E-07, -0.000282773960755981
1.75899671875E-07, -0.00157593566985637
1.75901625E-07, -0.00187843328972781
1.75903578125E-07, -0.00229153554759901
1.7590553125E-07, -0.00103791922581005
1.75907484375E-07, -0.0038137748807341
1.759094375E-07, -0.00195480417199055
1.75911390625E-07, -0.00476454637816422
1.7591334375E-07, -0.00341726503473574
1.75915296875E-07, -0.00545020816590307
1.7591725E-07, -0.00679204725223823
1.75919203125E-07, -0.0068418981272983
1.7592115625E-07, -0.00667365823936392
1.75923109375E-07, -0.00813042046729611
1.759250625E-07, -0.00759700065938232
1.75927015625E-07, -0.00922202642069143
1.7592896875E-07, -0.00924290840647555
1.75930921875E-07, -0.00880764664295961
1.75932875E-07, -0.00919726187336767
1.75934828125E-07, -0.0107489370979773
1.7593678125E-07, -0.0116607180002487
1.75938734375E-07, -0.011066343405469
1.759406875E-07, -0.0118223874162225
1.75942640625E-07, -0.0114810812793707
1.7594459375E-07, -0.0120089418981149
1.75946546875E-07, -0.0128771144586558
1.759485E-07, -0.0129565093070683
1.75950453125E-07, -0.0128620009757015
1.7595240625E-07, -0.0141493891487677
1.75954359375E-07, -0.0146911562152697
1.759563125E-07, -0.0149752504072091
1.75958265625E-07, -0.0143691929423481
1.7596021875E-07, -0.0138287551440064
1.75962171875E-07, -0.0148030736131516
1.75964125E-07, -0.014490730803117
1.75966078125E-07, -0.0168634150315325
1.7596803125E-07, -0.017145092455153
1.75969984375E-07, -0.0158188226890997
1.759719375E-07, -0.0158574249755975
1.75973890625E-07, -0.0174858428002401
1.7597584375E-07, -0.0169044379556237
1.75977796875E-07, -0.0174339597627756
1.7597975E-07, -0.0164658502121801
1.75981703125E-07, -0.0173383112444691
1.7598365625E-07, -0.0181940429831647
1.75985609375E-07, -0.0175884471715801
1.759875625E-07, -0.0170285940703765
1.75989515625E-07, -0.0179178205796989
1.7599146875E-07, -0.0182063421262992
1.75993421875E-07, -0.0170917228307407
1.75995375E-07, -0.0177357439785762
1.75997328125E-07, -0.0176134366737863
1.7599928125E-07, -0.0173749398913582
1.76001234375E-07, -0.0178845356553051
1.760031875E-07, -0.017876361455835
1.76005140625E-07, -0.0166430423663664
1.7600709375E-07, -0.0169327808584051
1.76009046875E-07, -0.0174156513058845
1.76011E-07, -0.017370334577209
1.76012953125E-07, -0.0167071200507909
1.7601490625E-07, -0.0168656880069786
1.76016859375E-07, -0.0166139248300693
1.760188125E-07, -0.0159966862752305
1.76020765625E-07, -0.0163641655092075
1.7602271875E-07, -0.0159505214452107
1.76024671875E-07, -0.0150569930128553
1.76026625E-07, -0.0149418259869065
1.76028578125E-07, -0.0144755782467032
1.7603053125E-07, -0.0146682459760346
1.76032484375E-07, -0.0145484473882277
1.760344375E-07, -0.0139829101749193
1.76036390625E-07, -0.0131823779749589
1.7603834375E-07, -0.01376120134716
1.76040296875E-07, -0.0133596044600464
1.7604225E-07, -0.0135499368345476
1.76044203125E-07, -0.0125182462849051
1.7604615625E-07, -0.0113089890512076
1.76048109375E-07, -0.0119036468385931
1.760500625E-07, -0.0113238694663237
1.76052015625E-07, -0.0101477888666584
1.7605396875E-07, -0.0104620844032339
1.76055921875E-07, -0.0112376045283379
1.76057875E-07, -0.0105311871423087
1.76059828125E-07, -0.00915097845619059
1.7606178125E-07, -0.0091613122719041
1.76063734375E-07, -0.00997465607892885
1.760656875E-07, -0.00894918223303901
1.76067640625E-07, -0.00895435252203258
1.7606959375E-07, -0.0082370723472199
1.76071546875E-07, -0.00730080273608949
1.760735E-07, -0.00753307322656896
1.76075453125E-07, -0.00695237875529385
1.7607740625E-07, -0.00689466038573279
1.76079359375E-07, -0.00731666772511997
1.760813125E-07, -0.00580131353041961
1.76083265625E-07, -0.00593991825310229
1.7608521875E-07, -0.00624451925313235
1.76087171875E-07, -0.00507586892476593
1.76089125E-07, -0.00576402715734684
1.76091078125E-07, -0.00583666283668805
1.7609303125E-07, -0.0054559920924363
1.76094984375E-07, -0.00512922203801068
1.760969375E-07, -0.00438380327251081
1.76098890625E-07, -0.00421069544243863
1.7610084375E-07, -0.00457630270056877
1.76102796875E-07, -0.00468524927136433
1.7610475E-07, -0.00415301646127309
1.76106703125E-07, -0.00461683012531119
1.7610865625E-07, -0.00436214693601284
1.76110609375E-07, -0.00472801874694379
1.761125625E-07, -0.00403904737936045
1.76114515625E-07, -0.00428970931795331
1.7611646875E-07, -0.00416907391553652
1.76118421875E-07, -0.00429467645314517
1.76120375E-07, -0.00441906343706383
1.76122328125E-07, -0.00434823004247591
1.7612428125E-07, -0.00418875782979469
1.76126234375E-07, -0.00456199521497583
1.761281875E-07, -0.0048684247842507
1.76130140625E-07, -0.00432938840164385
1.7613209375E-07, -0.00493523897742729
1.76134046875E-07, -0.00486454877362304
1.76136E-07, -0.0047338090172658
1.76137953125E-07, -0.00544925980388164
1.7613990625E-07, -0.0053722993232703
1.76141859375E-07, -0.00568137229379605
1.761438125E-07, -0.00566965397470098
1.76145765625E-07, -0.0056959262927982
1.7614771875E-07, -0.00584432899431461
1.76149671875E-07, -0.00573200293986026
1.76151625E-07, -0.00624090692370155
1.76153578125E-07, -0.0063300402811714
1.7615553125E-07, -0.00605897228130953
1.76157484375E-07, -0.00700857552112105
1.761594375E-07, -0.0070165695260822
1.76161390625E-07, -0.00673605614463157
1.7616334375E-07, -0.00794049705980516
1.76165296875E-07, -0.00722480770697071
1.7616725E-07, -0.00769111909216997
1.76169203125E-07, -0.00777048721592374
1.7617115625E-07, -0.00756471992344224
1.76173109375E-07, -0.00765778803350664
1.761750625E-07, -0.00789130658446756
1.76177015625E-07, -0.00850931350722574
1.7617896875E-07, -0.00853048198216494
1.76180921875E-07, -0.00792456007325554
1.76182875E-07, -0.00864807625895978
1.76184828125E-07, -0.0085082956754103
1.7618678125E-07, -0.00869048964454809
1.76188734375E-07, -0.00897080423984948
1.761906875E-07, -0.00817371055882263
1.76192640625E-07, -0.00829081682069005
1.7619459375E-07, -0.00851380825803852
1.76196546875E-07, -0.00850042913198551
1.761985E-07, -0.00904298363285252
1.76200453125E-07, -0.00883348041689533
1.7620240625E-07, -0.00850627056918949
1.76204359375E-07, -0.00832089174626095
1.762063125E-07, -0.00890561770546239
1.76208265625E-07, -0.00887308207863939
1.7621021875E-07, -0.008348255568732
1.76212171875E-07, -0.00909844240740661
1.76214125E-07, -0.00870786426313752
1.76216078125E-07, -0.00826044607846488
1.7621803125E-07, -0.00852844934651694
1.76219984375E-07, -0.00873252815730103
1.762219375E-07, -0.00731150341275617
1.76223890625E-07, -0.00816888837998601
1.7622584375E-07, -0.00809867252388157
1.76227796875E-07, -0.00844968196093967
1.7622975E-07, -0.00769444348876889
1.76231703125E-07, -0.00846563449910413
1.7623365625E-07, -0.00798956370922278
1.76235609375E-07, -0.00665544342145532
1.762375625E-07, -0.00763287982319378
1.76239515625E-07, -0.007296774991708
1.7624146875E-07, -0.00771542935852661
1.76243421875E-07, -0.00740918672462232
1.76245375E-07, -0.0068534230239397
1.76247328125E-07, -0.00606393280985451
1.7624928125E-07, -0.00686435028533141
1.76251234375E-07, -0.00699880393713762
1.762531875E-07, -0.00615053351276901
1.76255140625E-07, -0.00592649891265393
1.7625709375E-07, -0.00597658395102108
1.76259046875E-07, -0.00501969324768944
1.76261E-07, -0.0049236779593176
1.76262953125E-07, -0.00566155804554245
1.7626490625E-07, -0.00526357059105481
1.76266859375E-07, -0.00460381333669071
1.762688125E-07, -0.00468829077925941
1.76270765625E-07, -0.00423923593869232
1.7627271875E-07, -0.00382201438968391
1.76274671875E-07, -0.0040692646965957
1.76276625E-07, -0.00386740948319774
1.76278578125E-07, -0.00333093726890118
1.7628053125E-07, -0.0047430471950873
1.76282484375E-07, -0.00338290744161884
1.762844375E-07, -0.00377698787591556
1.76286390625E-07, -0.00304458736872169
1.7628834375E-07, -0.00350904147016778
1.76290296875E-07, -0.00381731302762724
1.7629225E-07, -0.00359595239940187
1.76294203125E-07, -0.00279884827163584
1.7629615625E-07, -0.00235201853728454
1.76298109375E-07, -0.00233359180546285
1.763000625E-07, -0.00320357818041011
1.76302015625E-07, -0.00227931390002231
1.7630396875E-07, -0.00172586172032079
1.76305921875E-07, -0.00205490439577989
1.76307875E-07, -0.00297088928810131
1.76309828125E-07, -0.00255904401881321
1.7631178125E-07, -0.000615103057226562
1.76313734375E-07, -0.00200578629891955
1.763156875E-07, -0.00155371884258458
1.76317640625E-07, -0.00143774136586339
1.7631959375E-07, -0.00249345393064194
1.76321546875E-07, -0.00128065502150122
1.763235E-07, -0.00187071874825565
1.76325453125E-07, -0.00114196047943052
1.7632740625E-07, -0.00229175563147343
1.76329359375E-07, -0.00162909544197533
1.763313125E-07, -0.00251894439730711
1.76333265625E-07, -0.00162453557394513
1.7633521875E-07, -0.00174904597251916
1.76337171875E-07, -0.00167962456379271
1.76339125E-07, -0.00170981111586083
1.76341078125E-07, -0.00149573090265681
1.7634303125E-07, -0.00175483395520786
1.76344984375E-07, -0.00178591532603308
1.763469375E-07, -0.00166556319713224
1.76348890625E-07, -0.00152660485426086
1.7635084375E-07, -0.00163281363129218
1.76352796875E-07, -0.00174302853206639
1.7635475E-07, -0.00183510252586781
1.76356703125E-07, -0.00178860515226722
1.7635865625E-07, -0.00170321914399722
1.76360609375E-07, -0.00192848118811157
1.763625625E-07, -0.00189313883258584
1.76364515625E-07, -0.00162299117426236
1.7636646875E-07, -0.00209232072498138
1.76368421875E-07, -0.00221394535663093
1.76370375E-07, -0.0018130912882137
1.76372328125E-07, -0.00186762983388651
1.7637428125E-07, -0.00156180980562445
1.76376234375E-07, -0.0018981192974763
1.763781875E-07, -0.00177548696427498
1.76380140625E-07, -0.00188932191663416
1.7638209375E-07, -0.00202192410924912
1.76384046875E-07, -0.00219118722612385
1.76386E-07, -0.00171669485540724
1.76387953125E-07, -0.00199400703634659
1.7638990625E-07, -0.00198384806972388
1.76391859375E-07, -0.00199287653095805
1.763938125E-07, -0.00180274097235002
1.76395765625E-07, -0.00186864812690777
1.7639771875E-07, -0.00198820961183125
1.76399671875E-07, -0.00175970441664736
1.76401625E-07, -0.00160037649965154
1.76403578125E-07, -0.00153504397233803
1.7640553125E-07, -0.00206208917250968
1.76407484375E-07, -0.00191412833521084
1.764094375E-07, -0.0014625351349386
1.76411390625E-07, -0.00123694381310001
1.7641334375E-07, -0.00166768564494402
1.76415296875E-07, -0.00186764821260946
1.7641725E-07, -0.00184930798086542
1.76419203125E-07, -0.00107590279113629
1.7642115625E-07, -0.00150578674312456
1.76423109375E-07, -0.00123638552257215
1.764250625E-07, -0.00106047082629783
1.76427015625E-07, -0.00125747346917309
1.7642896875E-07, -0.00176809300025019
1.76430921875E-07, -0.00115287871187411
1.76432875E-07, -0.000720188995832547
1.76434828125E-07, -0.000669777134402632
1.7643678125E-07, -0.000610956920620766
1.76438734375E-07, -0.00103268488383042
1.764406875E-07, -0.00106726224948655
1.76442640625E-07, -0.000777964749389876
1.7644459375E-07, -0.00106835539458897
1.76446546875E-07, -0.000451207206038923
1.764485E-07, -0.000231977053637461
1.76450453125E-07, -0.00050139388608135
1.7645240625E-07, 2.79734834031496E-05
1.76454359375E-07, -0.000260321977071887
1.764563125E-07, -0.000517108405078738
1.76458265625E-07, 0.000205902835000007
1.7646021875E-07, -0.000248021107551022
1.76462171875E-07, 0.000114910619087488
1.76464125E-07, 9.42256077280068E-05
1.76466078125E-07, -5.74808261705525E-05
1.7646803125E-07, -0.000324343529684974
1.76469984375E-07, 0.000126351333103346
1.764719375E-07, 0.000517653409703912
1.76473890625E-07, 0.000242902697579155
1.7647584375E-07, -9.41419650001299E-06
1.76477796875E-07, 0.000185010733471203
1.7647975E-07, 0.000217541479808554
1.76481703125E-07, -0.00026921052182955
1.7648365625E-07, 0.000891447402692717
1.76485609375E-07, 0.000205668773099
1.764875625E-07, -1.94982635656361E-05
1.76489515625E-07, 0.00085729458513313
1.7649146875E-07, 0.0014258662035934
1.76493421875E-07, 0.00101473673727212
1.76495375E-07, 0.000656907264276769
1.76497328125E-07, 0.000825697121903119
1.7649928125E-07, 0.000755447778089709
1.76501234375E-07, 0.00107782825541481
1.765031875E-07, 0.000458814816743849
1.76505140625E-07, 0.00116335661226377
1.7650709375E-07, 0.00120404675692519
1.76509046875E-07, 0.000713500728416053
1.76511E-07, 0.000405380275617055
1.76512953125E-07, 0.000969585227464896
1.7651490625E-07, 0.0012393782228121
1.76516859375E-07, 0.00090590728121299
1.765188125E-07, 0.00129605077772852
1.76520765625E-07, 0.0012218490168083
1.7652271875E-07, 0.00149310879660344
1.76524671875E-07, 0.00149293228473517
1.76526625E-07, 0.00151771820767857
1.76528578125E-07, 0.00138390403184114
1.7653053125E-07, 0.00149318356221201
1.76532484375E-07, 0.00122307647238775
1.765344375E-07, 0.00151585340472654
1.76536390625E-07, 0.00179623388093489
1.7653834375E-07, 0.00156578621605916
1.76540296875E-07, 0.00203959401560594
1.7654225E-07, 0.00217651841998695
1.76544203125E-07, 0.00118079230141213
1.7654615625E-07, 0.00116761581306303
1.76548109375E-07, 0.00194440381146607
1.765500625E-07, 0.00224748965319276
1.76552015625E-07, 0.00209449177985726
1.7655396875E-07, 0.0027473846387897
1.76555921875E-07, 0.00152449325357204
1.76557875E-07, 0.00289448182704877
1.76559828125E-07, 0.00214475701317999
1.7656178125E-07, 0.00192343466530732
1.76563734375E-07, 0.00171598139280705
1.765656875E-07, 0.00146868508652334
1.76567640625E-07, 0.00294759397199978
1.7656959375E-07, 0.00244837618032574
1.76571546875E-07, 0.0019984354061151
1.765735E-07, 0.00179370490573865
1.76575453125E-07, 0.00261064560474277
1.7657740625E-07, 0.00205369472777519
1.76579359375E-07, 0.00300762744862151
1.765813125E-07, 0.00286668788635804
1.76583265625E-07, 0.0027236339647454
1.7658521875E-07, 0.00222544416253263
1.76587171875E-07, 0.00231609337904395
1.76589125E-07, 0.00300482962576071
1.76591078125E-07, 0.00307857524644164
1.7659303125E-07, 0.00247689880516532
1.76594984375E-07, 0.00237196434968735
1.765969375E-07, 0.00308213519497605
1.76598890625E-07, 0.00259957540369656
1.7660084375E-07, 0.00291326121566235
1.76602796875E-07, 0.00295487292162617
1.7660475E-07, 0.00304966378304533
1.76606703125E-07, 0.00329598976585184
1.7660865625E-07, 0.00285304091891509
1.76610609375E-07, 0.00307616037108866
1.766125625E-07, 0.00241416314918811
1.76614515625E-07, 0.00373557533130293
1.7661646875E-07, 0.00225982622874194
1.76618421875E-07, 0.00328863957407854
1.76620375E-07, 0.00268305681589141
1.76622328125E-07, 0.00271406123796196
1.7662428125E-07, 0.00248712586662868
1.76626234375E-07, 0.00337440589431451
1.766281875E-07, 0.00312630337423033
1.76630140625E-07, 0.00344101300827014
1.7663209375E-07, 0.00392493104760918
1.76634046875E-07, 0.00236916470674391
1.76636E-07, 0.00261853328699478
1.76637953125E-07, 0.00372381512927391
1.7663990625E-07, 0.0019541674948123
1.76641859375E-07, 0.00341483482598824
1.766438125E-07, 0.00199409119933215
1.76645765625E-07, 0.00288188631053083
1.7664771875E-07, 0.0027428035222022
1.76649671875E-07, 0.00341286952873653
1.76651625E-07, 0.00328028714012849
1.76653578125E-07, 0.00324156961231939
1.7665553125E-07, 0.00281503748067854
1.76657484375E-07, 0.00328022063714288
1.766594375E-07, 0.00329321949055528
1.76661390625E-07, 0.00313427459520921
1.7666334375E-07, 0.00383423831358045
1.76665296875E-07, 0.00327330338869174
1.7666725E-07, 0.00313384263118448
1.76669203125E-07, 0.00351071201190226
1.7667115625E-07, 0.00225743280988597
1.76673109375E-07, 0.00249794260015225
1.766750625E-07, 0.00356251003052625
1.76677015625E-07, 0.00331155113910204
1.7667896875E-07, 0.00423336195914003
1.76680921875E-07, 0.00431025219909837
1.76682875E-07, 0.00307449300561122
1.76684828125E-07, 0.00393821063319994
1.7668678125E-07, 0.00467415930041161
1.76688734375E-07, 0.00360351991527616
1.766906875E-07, 0.00372676327427848
1.76692640625E-07, 0.00500341354050066
1.7669459375E-07, 0.00485651792357508
1.76696546875E-07, 0.00527039910585842
1.766985E-07, 0.00422437042408485
1.76700453125E-07, 0.00536245587006434
1.7670240625E-07, 0.00513901705015996
1.76704359375E-07, 0.00541339685421369
1.767063125E-07, 0.00662387281084597
1.76708265625E-07, 0.00572317237749756
1.7671021875E-07, 0.00688969060137214
1.76712171875E-07, 0.00655031896479364
1.76714125E-07, 0.00662519585672661
1.76716078125E-07, 0.00694437355438739
1.7671803125E-07, 0.00759612603674666
1.76719984375E-07, 0.00788562152688763
1.767219375E-07, 0.00725602016377219
1.76723890625E-07, 0.00786614574084053
1.7672584375E-07, 0.00786081880156658
1.76727796875E-07, 0.00843153995031108
1.7672975E-07, 0.00923240081601069
1.76731703125E-07, 0.00831208148330354
1.7673365625E-07, 0.00936967877906901
1.76735609375E-07, 0.0095793117140671
1.767375625E-07, 0.0100706325945761
1.76739515625E-07, 0.0107161033056966
1.7674146875E-07, 0.0100858715707293
1.76743421875E-07, 0.00967773254782985
1.76745375E-07, 0.011326701791424
1.76747328125E-07, 0.0112945671283301
1.7674928125E-07, 0.00988168134568668
1.76751234375E-07, 0.0112987753219057
1.767531875E-07, 0.0104983559787114
1.76755140625E-07, 0.0111771943082107
1.7675709375E-07, 0.0106418134871062
1.76759046875E-07, 0.0111220751466308
1.76761E-07, 0.0104544886725961
1.76762953125E-07, 0.0100446114549181
1.7676490625E-07, 0.00971133195244668
1.76766859375E-07, 0.00924748163260992
1.767688125E-07, 0.00931526256927482
1.76770765625E-07, 0.00952197422332702
1.7677271875E-07, 0.00945725289202205
1.76774671875E-07, 0.00919607504367586
1.76776625E-07, 0.00944675633855173
1.76778578125E-07, 0.00925090938720488
1.7678053125E-07, 0.00848293478805926
1.76782484375E-07, 0.00806746311056354
1.767844375E-07, 0.00960636843847217
1.76786390625E-07, 0.00744159964781731
1.7678834375E-07, 0.00888688265051149
1.76790296875E-07, 0.00783243010162764
1.7679225E-07, 0.00624300104152141
1.76794203125E-07, 0.00657730213238258
1.7679615625E-07, 0.00627469735177087
1.76798109375E-07, 0.00615845952298425
1.768000625E-07, 0.0060968761579163
1.76802015625E-07, 0.00556264336033118
1.7680396875E-07, 0.00459921975990107
1.76805921875E-07, 0.00506627344501072
1.76807875E-07, 0.00435883524265124
1.76809828125E-07, 0.00452921448673042
1.7681178125E-07, 0.00420176426372245
1.76813734375E-07, 0.00201185247089081
1.768156875E-07, 0.00313492122911094
1.76817640625E-07, 0.00313517649812584
1.7681959375E-07, 0.00316486655605144
1.76821546875E-07, 0.00271848779401606
1.768235E-07, 0.00167565178414467
1.76825453125E-07, 0.00236769727492496
1.7682740625E-07, 0.001927313656325
1.76829359375E-07, 0.00155808004383706
1.768313125E-07, 0.00158072219727764
1.76833265625E-07, 0.00083103222728379
1.7683521875E-07, 0.00163540992358603
1.76837171875E-07, 0.000724823379827077
1.76839125E-07, 0.000745573995981727
1.76841078125E-07, 0.000489377435813587
1.7684303125E-07, 7.49589097577582E-06
1.76844984375E-07, 0.00108054417772633
1.768469375E-07, -0.000331138068377872
1.76848890625E-07, 2.60971057363564E-05
1.7685084375E-07, -0.000432710495158302
1.76852796875E-07, 0.000243315122437244
1.7685475E-07, 0.000227308795440026
1.76856703125E-07, -0.000446269187072945
1.7685865625E-07, -0.000700152350654659
1.76860609375E-07, 0.000180639097429194
1.768625625E-07, -0.000205964426681764
1.76864515625E-07, 0.000188033768974879
1.7686646875E-07, -0.000352137442713865
1.76868421875E-07, -0.000560587373155396
1.76870375E-07, -0.000952603952447898
1.76872328125E-07, -0.000685053866826519
1.7687428125E-07, -0.000652791788586772
1.76876234375E-07, 0.00025063616702075
1.768781875E-07, 0.000296021498625578
1.76880140625E-07, -0.000721057039747726
1.7688209375E-07, -1.81781576434994E-05
1.76884046875E-07, 0.000359876152290152
1.76886E-07, 0.000818977713159763
1.76887953125E-07, 0.000713820859635265
1.7688990625E-07, 0.000163276205509219
1.76891859375E-07, 0.000225354884107193
1.768938125E-07, 0.000346912761829166
1.76895765625E-07, 0.000271855913341464
1.7689771875E-07, 0.000688064209387168
1.76899671875E-07, 0.000987061599303192
1.76901625E-07, 0.000191775482382145
1.76903578125E-07, 0.000443138588968058
1.7690553125E-07, 0.000498307022431188
1.76907484375E-07, 0.00032843938653523
1.769094375E-07, 0.000466061957360507
1.76911390625E-07, 0.000586852205601457
1.7691334375E-07, 0.000562769557735859
1.76915296875E-07, 0.000372998113164512
1.7691725E-07, 0.000534986880727253
1.76919203125E-07, 0.00139346932762706
1.7692115625E-07, 0.000585673401833014
1.76923109375E-07, 0.000526792366171977
1.769250625E-07, 0.000191815066832198
1.76927015625E-07, 0.000133217309432784
1.7692896875E-07, 0.000563832720425442
1.76930921875E-07, 4.6753852519076E-05
1.76932875E-07, -0.000219076358409837
1.76934828125E-07, 0.000419541200213825
1.7693678125E-07, 3.55698294848957E-05
1.76938734375E-07, -0.000101726878695131
1.769406875E-07, -4.52570468988207E-05
1.76942640625E-07, -0.000355478228235854
1.7694459375E-07, 0.000342178223450474
1.76946546875E-07, 8.25415208824115E-05
1.769485E-07, -0.000403932383300497
1.76950453125E-07, -4.59939480732912E-05
1.7695240625E-07, -0.00167785292790885
1.76954359375E-07, -0.000202669302664131
1.769563125E-07, -0.000440414384638909
1.76958265625E-07, -0.000607987427544153
1.7696021875E-07, 0.000501422248448877
1.76962171875E-07, -0.000387943655908542
1.76964125E-07, -0.000654087747848834
1.76966078125E-07, -0.000390008526320621
1.7696803125E-07, -0.000514854536508604
1.76969984375E-07, -0.000349888077502355
1.769719375E-07, -0.000747304650206035
1.76973890625E-07, -0.000392065742149283
1.7697584375E-07, -0.000927758049379009
1.76977796875E-07, -0.000637316934303467
1.7697975E-07, -0.00130497375348244
1.76981703125E-07, -0.00109819850431689
1.7698365625E-07, -0.000283159609890256
1.76985609375E-07, -0.000309993287393848
1.769875625E-07, -0.000271536666607916
1.76989515625E-07, -4.13185527647381E-06
1.7699146875E-07, -0.000249416895029985
1.76993421875E-07, 0.000269754265517626
1.76995375E-07, -0.000408243774068282
1.76997328125E-07, 0.000896611047539406
1.7699928125E-07, -0.000176813925209029
1.77001234375E-07, 0.000907393337738976
1.770031875E-07, 0.000992146995223128
1.77005140625E-07, 0.00141625118451805
1.7700709375E-07, 0.00215123494621597
1.77009046875E-07, 0.00175797612258261
1.77011E-07, 0.00156244686781518
1.77012953125E-07, 0.00233438936946136
1.7701490625E-07, 0.00172189370619579
1.77016859375E-07, 0.00255894047614385
1.770188125E-07, 0.00243591245831693
1.77020765625E-07, 0.00154563548918595
1.7702271875E-07, 0.00280352178000015
1.77024671875E-07, 0.00305765698380655
1.77026625E-07, 0.00261634547340328
1.77028578125E-07, 0.00386078835614692
1.7703053125E-07, 0.00326516642625932
1.77032484375E-07, 0.00455346389436479
1.770344375E-07, 0.00387981337177499
1.77036390625E-07, 0.00408680694737973
1.7703834375E-07, 0.00477067538712927
1.77040296875E-07, 0.00422304226553458
1.7704225E-07, 0.00514588103600658
1.77044203125E-07, 0.00469749212516045
1.7704615625E-07, 0.00518828174563232
1.77048109375E-07, 0.00590210446720453
1.770500625E-07, 0.00527340637278555
1.77052015625E-07, 0.00587281189651123
1.7705396875E-07, 0.00616429301308319
1.77055921875E-07, 0.00629298335592366
1.77057875E-07, 0.0062597427067077
1.77059828125E-07, 0.00617597680600778
1.7706178125E-07, 0.0071476314755076
1.77063734375E-07, 0.00673612571430355
1.770656875E-07, 0.00711668606361088
1.77067640625E-07, 0.00722206221810994
1.7706959375E-07, 0.00723710036975472
1.77071546875E-07, 0.00708911955458204
1.770735E-07, 0.00760278217181077
1.77075453125E-07, 0.00717630815904442
1.7707740625E-07, 0.0078264118273984
1.77079359375E-07, 0.00772796264767983
1.770813125E-07, 0.0078740777422731
1.77083265625E-07, 0.00791468876942676
1.7708521875E-07, 0.00784954693928436
1.77087171875E-07, 0.00778577932682857
1.77089125E-07, 0.00787871552548671
1.77091078125E-07, 0.00756983546089746
1.7709303125E-07, 0.00801127143717622
1.77094984375E-07, 0.00776953286159447
1.770969375E-07, 0.0076580593457054
1.77098890625E-07, 0.00865048271489393
1.7710084375E-07, 0.00817323997267482
1.77102796875E-07, 0.00727141355326142
1.7710475E-07, 0.00854307923245132
1.77106703125E-07, 0.0084511878965116
1.7710865625E-07, 0.00689401042290427
1.77110609375E-07, 0.00695532911408594
1.771125625E-07, 0.00728945924752766
1.77114515625E-07, 0.00735071484390076
1.7711646875E-07, 0.00665400141970336
1.77118421875E-07, 0.00793140882908738
1.77120375E-07, 0.00663963360086677
1.77122328125E-07, 0.00645954539305585
1.7712428125E-07, 0.00604364236447307
1.77126234375E-07, 0.00582241087015078
1.771281875E-07, 0.00637300301181425
1.77130140625E-07, 0.00621309429960549
1.7713209375E-07, 0.00565321320131062
1.77134046875E-07, 0.00621150535369006
1.77136E-07, 0.00606473620652124
1.77137953125E-07, 0.00558172976303723
1.7713990625E-07, 0.00523780583290238
1.77141859375E-07, 0.00522670815730896
1.771438125E-07, 0.0049924583671807
1.77145765625E-07, 0.00489370275214638
1.7714771875E-07, 0.00493113494498989
1.77149671875E-07, 0.00405774570761869
1.77151625E-07, 0.0046006512084967
1.77153578125E-07, 0.00450025647456427
1.7715553125E-07, 0.0040424579866803
1.77157484375E-07, 0.00347754029777196
1.771594375E-07, 0.00393148738508667
1.77161390625E-07, 0.00385445532493642
1.7716334375E-07, 0.00360334574637694
1.77165296875E-07, 0.00361775062433256
1.7716725E-07, 0.00314605899391606
1.77169203125E-07, 0.00290955484122878
1.7717115625E-07, 0.00255539440539795
1.77173109375E-07, 0.00242970929859663
1.771750625E-07, 0.00271998452732063
1.77177015625E-07, 0.00276043745091629
1.7717896875E-07, 0.00275370350259024
1.77180921875E-07, 0.00259087151690036
1.77182875E-07, 0.0017314635983117
1.77184828125E-07, 0.00186302872237914
1.7718678125E-07, 0.00152445534371317
1.77188734375E-07, 0.00227107488931113
1.771906875E-07, 0.00173020808809349
1.77192640625E-07, 0.00159670977765749
1.7719459375E-07, 0.00169255872782278
1.77196546875E-07, 0.0012399736426246
1.771985E-07, 0.00163535004951171
1.77200453125E-07, 0.00191778898036634
1.7720240625E-07, 0.000836397929108863
1.77204359375E-07, 0.00133042821789813
1.772063125E-07, 0.00135695265882983
1.77208265625E-07, 0.000844837585785186
1.7721021875E-07, 0.00159366353957683
1.77212171875E-07, 0.00100409632289543
1.77214125E-07, 0.00111696562111338
1.77216078125E-07, 0.000941659974705289
1.7721803125E-07, 0.00053700289649322
1.77219984375E-07, 0.00102927899103039
1.772219375E-07, 0.000855827045309013
1.77223890625E-07, 0.00106199064636788
1.7722584375E-07, 0.00101337183846452
1.77227796875E-07, 0.00052514035700541
1.7722975E-07, 0.00105215968614682
1.77231703125E-07, 0.000658217473891149
1.7723365625E-07, 0.000909446763794356
1.77235609375E-07, 0.00051302270483366
1.772375625E-07, 0.00116773425302064
1.77239515625E-07, 0.000779568682150788
1.7724146875E-07, 0.00065752317969899
1.77243421875E-07, -0.000157298398468485
1.77245375E-07, 0.000586456468679554
1.77247328125E-07, 0.000349940166317646
1.7724928125E-07, 0.000280216505694056
1.77251234375E-07, 0.00101524811307411
1.772531875E-07, 0.000157275637479192
1.77255140625E-07, 0.000671045827184662
1.7725709375E-07, 0.00103562098632762
1.77259046875E-07, -7.86601214195029E-05
1.77261E-07, 0.000222455886370026
1.77262953125E-07, -0.000176365261303045
1.7726490625E-07, 0.000276634999122501
1.77266859375E-07, 0.000207447740846406
1.772688125E-07, 0.000106494664599225
1.77270765625E-07, -0.000752362537803339
1.7727271875E-07, -0.000247031938261705
1.77274671875E-07, -0.000231894514819302
1.77276625E-07, -0.000411535014498469
1.77278578125E-07, -0.000135399062130863
1.7728053125E-07, -0.00100436502509638
1.77282484375E-07, -0.000352551260011037
1.772844375E-07, -0.000525731263210902
1.77286390625E-07, -0.000562713982840405
1.7728834375E-07, -0.000792240729828329
1.77290296875E-07, -0.000497934190517086
1.7729225E-07, -0.000427853545668593
1.77294203125E-07, -0.00060036128587691
1.7729615625E-07, -0.00137516786974848
1.77298109375E-07, -0.00149312397421852
1.773000625E-07, -0.000956536045093667
1.77302015625E-07, -0.00137061724299475
1.7730396875E-07, -0.00111991029524644
1.77305921875E-07, -0.00166213608046737
1.77307875E-07, -0.0016028505504788
1.77309828125E-07, -0.00132252461096518
1.7731178125E-07, -0.00153451102719256
1.77313734375E-07, -0.00172566150304123
1.773156875E-07, -0.00196504911271535
1.77317640625E-07, -0.00198234489442284
1.7731959375E-07, -0.00215053497317819
1.77321546875E-07, -0.00179948480298554
1.773235E-07, -0.00219598950320789
1.77325453125E-07, -0.00269102787479362
1.7732740625E-07, -0.00332766159104306
1.77329359375E-07, -0.00305201110374295
1.773313125E-07, -0.00196658503699762
1.77333265625E-07, -0.00324076918009518
1.7733521875E-07, -0.00326246479567113
1.77337171875E-07, -0.00242769187394596
1.77339125E-07, -0.00381161022254853
1.77341078125E-07, -0.00281730351828369
1.7734303125E-07, -0.00208616425587996
1.77344984375E-07, -0.00269915520234408
1.773469375E-07, -0.00324277042138702
1.77348890625E-07, -0.00332268986964853
1.7735084375E-07, -0.00373480378036274
1.77352796875E-07, -0.00357524701703055
1.7735475E-07, -0.00348335710494642
1.77356703125E-07, -0.00261787837364418
1.7735865625E-07, -0.00350181389749045
1.77360609375E-07, -0.00402466108111913
1.773625625E-07, -0.00358814286527193
1.77364515625E-07, -0.00400701827493783
1.7736646875E-07, -0.00380210499548703
1.77368421875E-07, -0.00372875360571435
1.77370375E-07, -0.00375723674210872
1.77372328125E-07, -0.00425947096833978
1.7737428125E-07, -0.00379664653100301
1.77376234375E-07, -0.00392184029030786
1.773781875E-07, -0.00397456951677895
1.77380140625E-07, -0.00413640544118026
1.7738209375E-07, -0.00405991537950595
1.77384046875E-07, -0.00364829621132528
1.77386E-07, -0.00449392337227089
1.77387953125E-07, -0.00430513775156778
1.7738990625E-07, -0.00518860256166062
1.77391859375E-07, -0.00350045176514588
1.773938125E-07, -0.00445549122374597
1.77395765625E-07, -0.00494365718002234
1.7739771875E-07, -0.00499145129701881
1.77399671875E-07, -0.00525148209384521
1.77401625E-07, -0.00556061685039857
1.77403578125E-07, -0.00531760829569852
1.7740553125E-07, -0.00558905878766526
1.77407484375E-07, -0.00512281274240725
1.774094375E-07, -0.00496307341649366
1.77411390625E-07, -0.0051409847328267
1.7741334375E-07, -0.00545242900549715
1.77415296875E-07, -0.00531412742188099
1.7741725E-07, -0.00491378292197862
1.77419203125E-07, -0.00504757716164233
1.7742115625E-07, -0.00557907547617857
1.77423109375E-07, -0.00495966079994594
1.774250625E-07, -0.00627557758634767
1.77427015625E-07, -0.00534019060720798
1.7742896875E-07, -0.00557461840668252
1.77430921875E-07, -0.0048602349230742
1.77432875E-07, -0.00511845666267881
1.77434828125E-07, -0.00559658036207613
1.7743678125E-07, -0.00578080274576285
1.77438734375E-07, -0.00551014230462461
1.774406875E-07, -0.00573986773028214
1.77442640625E-07, -0.00560159734549251
1.7744459375E-07, -0.00520518810001787
1.77446546875E-07, -0.00598187873207065
1.774485E-07, -0.00568338626476543
1.77450453125E-07, -0.00579297306667357
1.7745240625E-07, -0.00512707785460908
1.77454359375E-07, -0.00554368436324909
1.774563125E-07, -0.00597249113821843
1.77458265625E-07, -0.00549525566994577
1.7746021875E-07, -0.00628150289984569
1.77462171875E-07, -0.00588453884942014
1.77464125E-07, -0.0069955633330688
1.77466078125E-07, -0.00642230569623456
1.7746803125E-07, -0.00606267497070003
1.77469984375E-07, -0.00649774673122071
1.774719375E-07, -0.00582283347030404
1.77473890625E-07, -0.00609408144890632
1.7747584375E-07, -0.0061756958986095
1.77477796875E-07, -0.00621012550652453
1.7747975E-07, -0.00639637035943954
1.77481703125E-07, -0.00640317092739313
1.7748365625E-07, -0.00538097678878906
1.77485609375E-07, -0.00611229628493929
1.774875625E-07, -0.00607014777155555
1.77489515625E-07, -0.0062843518983913
1.7749146875E-07, -0.00633605823714805
1.77493421875E-07, -0.00665703354682976
1.77495375E-07, -0.00626322655285224
1.77497328125E-07, -0.00580790520657808
1.7749928125E-07, -0.00622342971282146
1.77501234375E-07, -0.00629951904407805
1.775031875E-07, -0.00585752799625625
1.77505140625E-07, -0.0062930879259848
1.7750709375E-07, -0.0063873753355774
1.77509046875E-07, -0.00608750218836841
1.77511E-07, -0.00645295881203385
1.77512953125E-07, -0.00680062585028978
1.7751490625E-07, -0.00601693444737781
1.77516859375E-07, -0.0054473508041662
1.775188125E-07, -0.00611807469254397
1.77520765625E-07, -0.00614730645663017
1.7752271875E-07, -0.0061442131480463
1.77524671875E-07, -0.00576571561044469
1.77526625E-07, -0.0064318387466042
1.77528578125E-07, -0.0051268025976468
1.7753053125E-07, -0.00647160504218432
1.77532484375E-07, -0.00579748846867526
1.775344375E-07, -0.00570203374256157
1.77536390625E-07, -0.00583114775317639
1.7753834375E-07, -0.00584647318379029
1.77540296875E-07, -0.00548591809955354
1.7754225E-07, -0.00599630468494029
1.77544203125E-07, -0.00574395468007253
1.7754615625E-07, -0.00541815312094927
1.77548109375E-07, -0.00512100153750204
1.775500625E-07, -0.00599184359466733
1.77552015625E-07, -0.00585131291069148
1.7755396875E-07, -0.00645444999459162
1.77555921875E-07, -0.00574901534953766
1.77557875E-07, -0.00604340723917548
1.77559828125E-07, -0.00604181178358427
1.7756178125E-07, -0.00549308620866838
1.77563734375E-07, -0.00604758009798523
1.775656875E-07, -0.00598369866761893
1.77567640625E-07, -0.00560300460333157
1.7756959375E-07, -0.0057114593312411
1.77571546875E-07, -0.00549018153121383
1.775735E-07, -0.00662226867544981
1.77575453125E-07, -0.00576245261684605
1.7757740625E-07, -0.00653018832606548
1.77579359375E-07, -0.0058547169419352
1.775813125E-07, -0.00554371280327478
1.77583265625E-07, -0.00632864181286662
1.7758521875E-07, -0.00613957654681117
1.77587171875E-07, -0.00654269691718255
1.77589125E-07, -0.00713545984937593
1.77591078125E-07, -0.00685635422679516
1.7759303125E-07, -0.00604272568437477
1.77594984375E-07, -0.0067203727612376
1.775969375E-07, -0.00687851413818866
1.77598890625E-07, -0.00735238163824701
1.7760084375E-07, -0.00751632724470057
1.77602796875E-07, -0.00727775911925622
1.7760475E-07, -0.0074436981846485
1.77606703125E-07, -0.00843401292476005
1.7760865625E-07, -0.00739761279104681
1.77610609375E-07, -0.00776954024832703
1.776125625E-07, -0.00815840936128995
1.77614515625E-07, -0.00735795278199437
1.7761646875E-07, -0.00776815153029434
1.77618421875E-07, -0.00782502235288947
1.77620375E-07, -0.00805430512657947
1.77622328125E-07, -0.00796601614520655
1.7762428125E-07, -0.00809940846239749
1.77626234375E-07, -0.00821220555565247
1.776281875E-07, -0.00848475771065274
1.77630140625E-07, -0.00828067201879425
1.7763209375E-07, -0.00829466349189309
1.77634046875E-07, -0.00843825139599349


